/*--------------------------------*- C++ -*----------------------------------*\
| =========                 |                                                 |
| \\      /  F ield         | OpenFOAM: The Open Source CFD Toolbox           |
|  \\    /   O peration     | Version:  2.3.0                                 |
|   \\  /    A nd           | Web:      www.OpenFOAM.org                      |
|    \\/     M anipulation  |                                                 |
\*---------------------------------------------------------------------------*/
FoamFile
{
    version     2.0;
    format      ascii;
    class       surfaceScalarField;
    location    "2.2";
    object      phi;
}
// * * * * * * * * * * * * * * * * * * * * * * * * * * * * * * * * * * * * * //

dimensions      [0 3 -1 0 0 0 0];

internalField   nonuniform List<scalar> 
4432
(
2.60169e-06
-2.60169e-06
8.78927e-07
1.72276e-06
5.01406e-06
-4.13514e-06
9.48757e-06
-4.47351e-06
3.55765e-06
5.92991e-06
-3.04772e-06
6.60537e-06
-6.03227e-06
2.98455e-06
-9.48923e-06
3.45696e-06
-1.17396e-05
2.25039e-06
-1.3872e-05
2.1324e-06
-1.51625e-05
1.29049e-06
-1.47886e-05
-3.73906e-07
-1.24401e-05
-2.34853e-06
-9.05517e-06
-3.3849e-06
-7.29857e-06
-1.7566e-06
-9.08845e-06
1.78988e-06
-1.22549e-05
3.16648e-06
-1.32029e-05
9.47931e-07
-1.18416e-05
-1.36131e-06
-1.15155e-05
-3.26083e-07
-1.09901e-05
-5.25384e-07
-6.87515e-06
-4.11495e-06
-6.87515e-06
-3.30896e-06
7.07262e-07
-4.25737e-06
2.67117e-06
1.28189e-06
-9.67441e-06
7.62701e-06
-1.08186e-05
5.17585e-06
8.38108e-06
-2.91824e-06
1.46994e-05
-7.35506e-06
7.42138e-06
-1.05444e-05
6.64633e-06
-1.33052e-05
5.01116e-06
-1.5324e-05
4.1512e-06
-1.5599e-05
1.56554e-06
-1.45797e-05
-1.3932e-06
-1.25257e-05
-4.40257e-06
-1.01229e-05
-5.78767e-06
-9.17989e-06
-2.69964e-06
-1.06652e-05
3.27521e-06
-1.19174e-05
4.41866e-06
-1.13422e-05
3.72743e-07
-1.03445e-05
-2.35902e-06
-1.12661e-05
5.95505e-07
-1.11664e-05
-6.25045e-07
-6.76362e-06
-8.51775e-06
-1.36388e-05
-6.56146e-06
7.26872e-06
-6.51915e-06
2.62886e-06
-2.25526e-06
-1.39383e-05
3.73311e-06
-1.6807e-05
4.15334e-06
7.96085e-06
-2.18498e-06
2.10378e-05
-6.40341e-06
1.16398e-05
-9.78602e-06
1.00289e-05
-1.26281e-05
7.85327e-06
-1.37708e-05
5.29389e-06
-1.28822e-05
6.76913e-07
-1.10505e-05
-3.22485e-06
-9.24786e-06
-6.20525e-06
-8.09948e-06
-6.93604e-06
-7.26309e-06
-3.53602e-06
-7.15658e-06
3.1687e-06
-6.9216e-06
4.18368e-06
-6.39989e-06
-1.48949e-07
-7.13572e-06
-1.6232e-06
-9.3277e-06
2.7875e-06
-8.52422e-06
-1.42853e-06
-3.71481e-06
-1.33272e-05
-1.73536e-05
-7.66306e-06
1.49318e-05
-9.57468e-06
4.54047e-06
-7.33633e-06
-1.61767e-05
-8.84031e-07
-2.32593e-05
2.73281e-06
4.34401e-06
-1.41674e-06
2.51873e-05
-5.44668e-06
1.56698e-05
-9.1517e-06
1.3734e-05
-1.18084e-05
1.051e-05
-1.16494e-05
5.13489e-06
-9.14986e-06
-1.82261e-06
-6.29684e-06
-6.07785e-06
-4.10919e-06
-8.3929e-06
-3.53905e-06
-7.50618e-06
-3.633e-06
-3.44207e-06
-2.71564e-06
2.25134e-06
-1.38271e-06
2.85075e-06
-1.18007e-06
-3.51593e-07
-3.54029e-06
7.37014e-07
-5.94576e-06
5.19297e-06
-3.48145e-06
-3.89285e-06
1.22126e-06
-1.80299e-05
-1.61323e-05
-6.67832e-06
2.16101e-05
-9.15231e-06
7.01447e-06
-9.02449e-06
-1.63045e-05
-4.28146e-06
-2.80023e-05
1.41614e-06
-1.35359e-06
-1.59586e-07
2.6763e-05
-3.83961e-06
1.93498e-05
-7.50722e-06
1.74016e-05
-1.02755e-05
1.32783e-05
-9.11585e-06
3.97519e-06
-5.15968e-06
-5.77877e-06
-1.63531e-06
-9.60222e-06
4.46232e-07
-1.04744e-05
1.21022e-06
-8.27017e-06
6.74664e-07
-2.90652e-06
8.85246e-07
2.04076e-06
2.15734e-06
1.57866e-06
1.62081e-06
1.8494e-07
-9.63059e-07
3.32088e-06
-2.73031e-06
6.96021e-06
1.75817e-06
-8.38133e-06
5.00507e-06
-2.12768e-05
-1.11272e-05
-3.65166e-06
2.52617e-05
-4.20621e-06
7.56901e-06
-5.41731e-06
-1.50934e-05
-5.67767e-06
-2.7742e-05
6.44276e-07
-7.67553e-06
2.18689e-06
2.52204e-05
-2.07504e-07
2.17442e-05
-2.11378e-06
1.93079e-05
-3.79608e-06
1.49606e-05
-1.75287e-06
1.93198e-06
1.43174e-06
-8.96338e-06
3.4488e-06
-1.16193e-05
4.14612e-06
-1.11718e-05
4.39526e-06
-8.5193e-06
3.86073e-06
-2.37199e-06
3.24734e-06
2.65416e-06
3.32893e-06
1.49708e-06
2.14854e-06
1.36534e-06
1.66309e-07
5.30311e-06
1.26301e-06
5.8635e-06
6.20303e-06
-1.33214e-05
5.87202e-06
-2.09458e-05
-5.25522e-06
5.71883e-07
2.46899e-05
3.11464e-06
5.02626e-06
3.20149e-06
-1.51802e-05
-1.22536e-06
-2.33151e-05
1.71084e-06
-1.06117e-05
6.00131e-06
2.093e-05
5.58809e-06
2.21574e-05
6.06317e-06
1.88328e-05
6.88428e-06
1.41395e-05
8.73044e-06
8.58067e-08
9.73518e-06
-9.96812e-06
7.8868e-06
-9.7709e-06
5.80629e-06
-9.09124e-06
5.09699e-06
-7.81e-06
4.71346e-06
-1.98847e-06
3.81602e-06
3.5516e-06
2.60548e-06
2.70761e-06
7.36788e-07
3.23403e-06
-1.00521e-06
7.0451e-06
3.22397e-06
1.63432e-06
5.98088e-06
-1.60783e-05
2.92113e-06
-1.7886e-05
-2.3341e-06
7.04344e-06
1.76464e-05
1.05893e-05
1.4804e-06
1.2227e-05
-1.68179e-05
7.64339e-06
-1.87316e-05
6.64666e-06
-9.615e-06
1.1074e-05
1.65026e-05
1.43602e-05
1.88712e-05
1.64331e-05
1.67599e-05
1.81615e-05
1.2411e-05
1.74901e-05
7.57194e-07
1.34514e-05
-5.9294e-06
7.59209e-06
-3.91159e-06
3.16779e-06
-4.66695e-06
2.32562e-06
-6.96784e-06
2.94588e-06
-2.60874e-06
2.63635e-06
3.86114e-06
2.10254e-07
5.1337e-06
-1.92336e-06
5.36764e-06
-7.84075e-07
5.90582e-06
1.82421e-06
-9.73958e-07
-1.7317e-06
-1.25223e-05
-4.41188e-06
-1.52059e-05
-6.74598e-06
3.75156e-06
-3.75156e-06
-3.28245e-06
7.03401e-06
-1.16265e-05
8.34406e-06
-1.97759e-05
8.14938e-06
-3.07461e-05
1.09702e-05
-3.58014e-05
5.05532e-06
-2.70668e-05
-8.73459e-06
-1.25496e-05
-1.45171e-05
-2.55235e-06
-9.99731e-06
2.19692e-06
-4.74926e-06
4.37238e-06
-2.17546e-06
1.93257e-06
2.43981e-06
-4.71698e-06
6.64958e-06
-1.14434e-05
6.72641e-06
-1.60615e-05
4.61807e-06
-1.61e-05
3.85323e-08
-1.345e-05
-2.65e-06
-9.13912e-06
-4.31086e-06
-9.13911e-06
-4.39405e-06
6.42495e-07
-1.85502e-05
2.11902e-05
-3.08172e-05
2.06111e-05
-3.78051e-05
1.51372e-05
-3.94925e-05
1.26575e-05
-3.34417e-05
-9.95498e-07
-2.11042e-05
-2.10721e-05
-8.77974e-06
-2.68416e-05
-1.2891e-06
-1.74879e-05
1.0231e-06
-7.06143e-06
9.29006e-07
-2.08135e-06
-8.9124e-07
4.26003e-06
-6.07299e-06
1.18313e-05
-1.11912e-05
1.18446e-05
-1.17926e-05
5.21949e-06
-1.03713e-05
-1.38276e-06
-8.96313e-06
-4.05816e-06
-6.67885e-06
-6.59515e-06
-1.5818e-05
-8.90052e-06
9.54301e-06
-2.10862e-05
3.33759e-05
-3.07073e-05
3.02321e-05
-3.45811e-05
1.90111e-05
-3.24253e-05
1.05017e-05
-2.64209e-05
-6.99987e-06
-1.67378e-05
-3.07552e-05
-7.42576e-06
-3.61536e-05
-2.17953e-06
-2.27342e-05
-4.68683e-07
-8.77229e-06
-1.31372e-06
-1.2363e-06
-1.98134e-06
4.92764e-06
-2.05092e-06
1.19009e-05
-1.80558e-06
1.15993e-05
3.67211e-07
3.04672e-06
1.66736e-06
-2.68292e-06
-6.30223e-07
-1.76057e-06
-1.6915e-06
-5.53388e-06
-1.75094e-05
-8.96816e-06
1.85112e-05
-1.45454e-05
3.89531e-05
-1.67044e-05
3.23911e-05
-2.13804e-05
2.36871e-05
-2.41089e-05
1.32302e-05
-2.0934e-05
-1.01747e-05
-1.36661e-05
-3.80232e-05
-8.60169e-06
-4.12179e-05
-6.02914e-06
-2.53068e-05
-3.94201e-06
-1.08594e-05
-3.40272e-06
-1.77558e-06
-3.171e-06
4.69591e-06
-9.63159e-07
9.69312e-06
1.91896e-06
8.71711e-06
3.35911e-06
1.60659e-06
4.40407e-06
-3.72789e-06
4.42211e-06
-1.7786e-06
2.49711e-06
-3.60888e-06
-1.50123e-05
-7.15242e-06
2.56636e-05
-4.61341e-06
3.64141e-05
2.15986e-06
2.56179e-05
-3.03545e-06
2.88824e-05
-1.35796e-05
2.37744e-05
-1.54258e-05
-8.32855e-06
-1.13602e-05
-4.20888e-05
-1.09611e-05
-4.1617e-05
-1.10227e-05
-2.52451e-05
-8.90303e-06
-1.29791e-05
-7.02477e-06
-3.65383e-06
-5.28243e-06
2.95356e-06
-2.58175e-06
6.99246e-06
-3.28341e-07
6.46369e-06
-3.0169e-07
1.57996e-06
1.29295e-07
-4.15888e-06
1.81827e-06
-3.46757e-06
3.26287e-06
-5.05347e-06
-1.17495e-05
-5.01958e-06
3.06832e-05
5.67726e-06
2.57172e-05
1.80095e-05
1.32857e-05
1.39709e-05
3.29209e-05
-7.69028e-07
3.85143e-05
-8.75736e-06
-3.40225e-07
-9.58546e-06
-4.12607e-05
-1.37077e-05
-3.74948e-05
-1.65222e-05
-2.24306e-05
-1.59001e-05
-1.36012e-05
-1.37249e-05
-5.82904e-06
-1.06296e-05
-1.41769e-07
-6.60545e-06
2.96833e-06
-3.74132e-06
3.59954e-06
-3.33027e-06
1.16892e-06
-3.56125e-06
-3.92792e-06
-9.51338e-07
-6.07748e-06
2.5999e-06
-8.60471e-06
-9.14957e-06
-3.70735e-07
3.10539e-05
1.3834e-05
1.15125e-05
2.38027e-05
3.31694e-06
2.15068e-05
3.52169e-05
9.11662e-06
5.09044e-05
-2.21613e-06
1.09926e-05
-8.55425e-06
-3.49226e-05
-1.67422e-05
-2.93068e-05
-2.21096e-05
-1.70632e-05
-2.40313e-05
-1.16795e-05
-2.27025e-05
-7.15784e-06
-1.90147e-05
-3.82961e-06
-1.41729e-05
-1.87342e-06
-1.00852e-05
-4.88185e-07
-7.91438e-06
-1.00192e-06
-7.14398e-06
-4.69832e-06
-4.18662e-06
-9.03485e-06
3.98919e-07
-1.31903e-05
-8.75065e-06
4.80141e-06
2.62525e-05
1.74566e-05
-1.14271e-06
1.8243e-05
2.5306e-06
1.7631e-05
3.58289e-05
1.09219e-05
5.76135e-05
9.27028e-07
2.09875e-05
-9.18896e-06
-2.48066e-05
-1.99871e-05
-1.85087e-05
-2.7116e-05
-9.93424e-06
-3.12092e-05
-7.5864e-06
-3.15141e-05
-6.85286e-06
-2.83959e-05
-6.94783e-06
-2.34152e-05
-6.85419e-06
-1.81354e-05
-5.76797e-06
-1.4431e-05
-4.7063e-06
-1.24468e-05
-6.68252e-06
-9.10075e-06
-1.23809e-05
-2.82146e-06
-1.94695e-05
-1.15721e-05
2.73943e-05
-9.74783e-06
3.97205e-05
-1.08459e-05
3.71618e-05
-1.42592e-05
2.61322e-05
-7.70193e-06
1.52409e-05
1.27631e-06
2.3851e-05
7.89245e-06
4.2964e-05
-2.41816e-07
5.39586e-05
5.76531e-06
4.58809e-05
2.04888e-05
2.61523e-05
2.04858e-05
4.8512e-06
1.53717e-05
-9.92056e-06
1.08602e-05
-1.52389e-05
6.51406e-07
-1.30289e-05
-9.17789e-06
-6.44503e-06
-9.19255e-06
3.24955e-07
-2.90885e-06
1.91219e-06
3.54646e-06
-1.65013e-06
8.92995e-06
-9.45296e-06
1.37087e-05
-2.56553e-05
1.52284e-05
-4.04634e-05
2.28569e-06
-4.4153e-05
-1.15163e-05
-5.89357e-06
-4.50054e-05
2.28714e-05
-3.26192e-05
2.00078e-05
-7.98226e-06
8.04343e-06
-2.29483e-06
-3.53734e-06
3.87884e-06
-6.18789e-06
3.92685e-06
4.8559e-06
-3.15134e-06
7.5691e-06
-2.95502e-06
-3.77735e-06
1.71118e-05
-2.63313e-05
4.30428e-05
-4.64252e-05
4.05796e-05
-5.16451e-05
2.05916e-05
-4.99261e-05
9.14109e-06
-4.35857e-05
-5.6889e-06
-3.4574e-05
-1.81896e-05
-2.35999e-05
-2.01667e-05
-1.64503e-05
-1.00584e-05
-2.06128e-05
7.70894e-06
-3.80011e-05
2.63182e-05
-6.39262e-05
3.96338e-05
-8.39862e-05
3.52883e-05
-9.2892e-05
1.11915e-05
-9.81749e-05
-6.23342e-06
-7.94005e-06
-9.61284e-05
-9.22035e-06
-2.33989e-05
-5.77529e-05
4.05503e-05
-9.2261e-05
3.22133e-05
-8.28295e-05
-5.55261e-06
-7.71132e-05
-1.78955e-06
-7.0601e-05
-9.66356e-06
-7.45274e-05
9.71411e-07
-8.58361e-05
2.84205e-05
-0.000104808
6.20143e-05
-0.000115642
5.1414e-05
-0.000117413
2.23627e-05
-0.000109681
1.40905e-06
-9.21967e-05
-2.31732e-05
-7.13772e-05
-3.90091e-05
-5.51346e-05
-3.64093e-05
-5.45295e-05
-1.06635e-05
-6.3388e-05
1.65675e-05
-8.04035e-05
4.33336e-05
-0.000101557
6.07874e-05
-0.00011757
5.13011e-05
-0.00012438
1.80019e-05
-0.000112709
-1.79048e-05
-1.86707e-05
-0.000101978
1.96003e-06
-2.53589e-05
-8.05498e-05
0.00012306
-0.000109545
6.1208e-05
-0.000146925
3.18277e-05
-0.000179387
3.06731e-05
-0.000206685
1.76341e-05
-0.000224553
1.88393e-05
-0.00022259
2.64573e-05
-0.000196969
3.63941e-05
-0.000175885
3.03291e-05
-0.000165921
1.2399e-05
-0.000148658
-1.58532e-05
-0.000122402
-4.94291e-05
-0.000127399
-3.40126e-05
-8.93702e-05
-7.44378e-05
-7.50283e-05
-2.50054e-05
-7.78704e-05
1.94096e-05
-9.48761e-05
6.03394e-05
-0.000120411
8.63218e-05
-0.000135623
6.65134e-05
-0.000145144
2.75227e-05
-0.000130103
-3.29453e-05
-4.45569e-05
-0.000104217
-0.000116531
9.11721e-05
-0.000164382
0.000170912
-0.0001995
9.63259e-05
-0.000223339
5.56662e-05
-0.000231292
3.86268e-05
-0.000237292
2.36334e-05
-0.000240309
2.1857e-05
-0.000236064
2.22118e-05
-0.000219892
2.02222e-05
-0.000197317
7.75394e-06
-0.000170575
-1.43421e-05
-0.00013469
-5.17379e-05
-9.23855e-05
-9.17335e-05
-3.58626e-05
-9.05354e-05
-6.33939e-05
-4.69065e-05
-9.28395e-05
4.44008e-06
-8.94163e-05
1.59864e-05
-0.000112856
8.37793e-05
-0.000118751
9.22168e-05
-0.000114454
6.22162e-05
-0.000110689
2.3757e-05
-0.000123536
-2.00978e-05
-3.26749e-05
-0.000135418
-0.000106195
0.000197367
-0.000169777
0.000234494
-0.000208032
0.000134581
-0.000231079
7.87132e-05
-0.000239315
4.68629e-05
-0.000242212
2.653e-05
-0.000242393
2.20385e-05
-0.000236824
1.66425e-05
-0.000221871
5.27009e-06
-0.000199681
-1.44365e-05
-0.000170223
-4.37992e-05
-0.000139898
-8.2063e-05
-0.000105421
-0.00012621
-5.78157e-05
-0.000138141
-3.76023e-05
-6.71201e-05
-6.20618e-05
2.88995e-05
-0.000106953
6.08774e-05
-0.000111096
8.79233e-05
-9.68911e-05
7.80118e-05
-7.36209e-05
3.89458e-05
-5.1781e-05
1.9168e-06
-5.90091e-05
-1.28697e-05
-2.01179e-05
-7.1566e-05
-7.93228e-05
0.00027669
-0.000125473
0.000280644
-0.000166488
0.000175596
-0.000196552
0.000108777
-0.000216341
6.6652e-05
-0.000224946
3.5135e-05
-0.00021551
1.26017e-05
-0.000193967
-4.89998e-06
-0.000167615
-2.10819e-05
-0.00014199
-4.00613e-05
-0.000117799
-6.79898e-05
-9.82364e-05
-0.000101625
-8.90274e-05
-0.000135419
-7.07878e-05
-0.000156381
-2.98158e-05
-0.000108092
-4.14163e-05
4.04998e-05
-7.19915e-05
9.14522e-05
-7.8692e-05
9.46238e-05
-6.97871e-05
6.9107e-05
-5.87697e-05
2.79287e-05
-4.71364e-05
-9.71627e-06
-4.07247e-05
-1.92814e-05
6.47823e-06
-6.73203e-05
-5.00418e-05
0.000326732
-8.18687e-05
0.000312471
-0.000117294
0.000211021
-0.000147293
0.000138777
-0.000165786
8.5145e-05
-0.000168548
3.78963e-05
-0.000156197
2.51198e-07
-0.000137247
-2.38499e-05
-0.000118096
-4.02328e-05
-0.000100544
-5.76129e-05
-8.10226e-05
-8.75114e-05
-6.63852e-05
-0.000116262
-6.96484e-05
-0.000132155
-6.51021e-05
-0.000160927
-3.6462e-05
-0.000136732
-4.91973e-06
8.95772e-06
-2.8185e-05
0.000114717
-3.60205e-05
0.00010246
-2.55292e-05
5.86158e-05
-1.07428e-05
1.31424e-05
-1.34166e-05
-7.04234e-06
-2.0821e-05
-1.18772e-05
2.30677e-05
-3.74109e-05
-2.48099e-05
0.000351542
-4.47996e-05
0.000332461
-7.2126e-05
0.000238346
-9.68495e-05
0.0001635
-0.000112087
0.000100382
-0.000114119
3.99283e-05
-0.000104423
-9.44399e-06
-8.77111e-05
-4.05618e-05
-7.23819e-05
-5.55622e-05
-6.09826e-05
-6.9012e-05
-4.71668e-05
-0.000101327
-3.91911e-05
-0.000124238
-4.63265e-05
-0.00012502
-5.36525e-05
-0.000153601
-4.90589e-05
-0.000141325
-4.01473e-06
-3.60861e-05
1.08161e-05
9.98857e-05
6.30219e-06
0.000106974
1.57985e-05
4.91191e-05
2.56473e-05
3.29348e-06
2.18853e-05
-3.27968e-06
2.99692e-06
7.01148e-06
3.32086e-05
-7.14426e-06
-9.25918e-07
0.000352468
-1.07364e-05
0.000342271
-2.97647e-05
0.000257375
-5.01502e-05
0.000183886
-6.55727e-05
0.000115804
-7.11813e-05
4.55368e-05
-6.46676e-05
-1.59576e-05
-4.93065e-05
-5.59226e-05
-3.25548e-05
-7.2314e-05
-1.92043e-05
-8.23623e-05
-1.12569e-05
-0.000109274
-1.52088e-05
-0.000120286
-2.62375e-05
-0.000113991
-3.88557e-05
-0.000140983
-4.45102e-05
-0.000135671
-9.00594e-06
-7.15904e-05
2.93802e-05
6.14995e-05
2.60558e-05
0.000110298
2.57572e-05
4.94178e-05
3.56925e-05
-6.64189e-06
3.30476e-05
-6.35094e-07
8.86428e-06
3.11947e-05
4.4291e-05
-2.21759e-06
3.30877e-05
0.00031938
2.60305e-05
0.000349329
1.09018e-05
0.000272503
-6.13662e-06
0.000200925
-2.07241e-05
0.000130392
-2.90539e-05
5.38674e-05
-2.80698e-05
-1.69415e-05
-1.62048e-05
-6.77876e-05
6.9305e-07
-8.92118e-05
1.67893e-05
-9.84586e-05
1.87997e-05
-0.000111284
1.03932e-05
-0.000111879
-2.72799e-06
-0.000100869
-1.86507e-05
-0.00012506
-2.98894e-05
-0.000124433
-1.69175e-05
-8.4563e-05
3.96474e-05
4.93537e-06
4.46857e-05
0.00010526
3.06298e-05
6.34737e-05
3.27391e-05
-8.75107e-06
2.74524e-05
4.65141e-06
3.5077e-06
5.51391e-05
5.52674e-05
-7.46892e-06
6.75323e-05
0.000251848
7.63295e-05
0.000340532
6.05092e-05
0.000288324
4.44325e-05
0.000217001
3.1725e-05
0.0001431
2.33089e-05
6.22841e-05
2.27416e-05
-1.63739e-05
3.11758e-05
-7.6222e-05
4.34642e-05
-0.0001015
5.23675e-05
-0.000107361
5.05972e-05
-0.000109514
4.26486e-05
-0.000103931
3.03095e-05
-8.85306e-05
8.66218e-06
-0.000103412
-6.5871e-06
-0.000109183
-1.64778e-05
-7.46725e-05
2.37115e-05
-3.52544e-05
5.44886e-05
7.4483e-05
5.04367e-05
6.75254e-05
3.39164e-05
7.76924e-06
1.10677e-05
2.75003e-05
-2.59148e-06
6.87985e-05
6.27568e-05
-1.00808e-05
9.31173e-05
0.00015873
0.000136833
0.000296816
0.000133629
0.000291528
0.000118898
0.000231733
0.000107283
0.000154715
0.000100084
6.94836e-05
9.66856e-05
-1.29752e-05
9.60283e-05
-7.55649e-05
9.40176e-05
-9.94893e-05
8.98045e-05
-0.000103148
8.29652e-05
-0.000102674
7.31654e-05
-9.41303e-05
6.10361e-05
-7.64011e-05
4.01864e-05
-8.25626e-05
2.48281e-05
-9.38249e-05
5.77781e-06
-5.56223e-05
9.3918e-06
-3.88686e-05
5.30624e-05
3.08126e-05
5.92294e-05
6.13586e-05
3.10484e-05
3.595e-05
1.46083e-06
5.70877e-05
-8.28372e-06
7.85429e-05
8.56013e-05
-3.11283e-05
8.87755e-05
6.99553e-05
0.000169756
0.000215835
0.000202181
0.000259103
0.000205683
0.000228232
0.000199493
0.000160905
0.000190353
7.86232e-05
0.00017603
1.34738e-06
0.000158922
-5.84566e-05
0.00013917
-7.97366e-05
0.000122837
-8.68156e-05
0.000109597
-8.94343e-05
9.65553e-05
-8.10887e-05
8.67545e-05
-6.66005e-05
7.48856e-05
-7.06939e-05
6.10387e-05
-7.99781e-05
3.92941e-05
-3.38774e-05
6.79276e-06
-6.36724e-06
3.24819e-05
5.12349e-06
4.33907e-05
5.04497e-05
2.06843e-05
5.86563e-05
-3.62924e-06
8.14012e-05
-3.50879e-05
0.000110001
0.000126583
-7.60695e-05
5.30454e-05
1.691e-05
0.00014558
0.0001233
0.000212538
0.000192146
0.000245552
0.000195217
0.000253996
0.000152462
0.00024525
8.7369e-05
0.000224406
2.21918e-05
0.000191685
-2.57361e-05
0.000162361
-5.04122e-05
0.000140549
-6.50035e-05
0.000122592
-7.14766e-05
0.000107642
-6.61391e-05
0.000102398
-6.13561e-05
9.78869e-05
-6.6183e-05
8.44662e-05
-6.65575e-05
5.7668e-05
-7.07916e-06
1.08271e-05
4.04736e-05
1.5407e-05
5.4348e-07
2.06834e-05
4.51732e-05
-2.04495e-06
8.13846e-05
-2.94162e-05
0.000108772
-6.76031e-05
0.000148189
0.000166805
-0.000107825
1.47555e-05
2.15436e-06
8.40866e-05
5.39695e-05
0.000160265
0.000115968
0.000213209
0.000142273
0.000237429
0.000128242
0.000236227
8.85711e-05
0.00021574
4.2679e-05
0.000186137
3.86702e-06
0.000160308
-2.45834e-05
0.000138691
-4.33865e-05
0.000118737
-5.15227e-05
0.000107956
-5.53578e-05
0.00010476
-5.81602e-05
0.000101264
-6.26871e-05
8.22013e-05
-4.74948e-05
4.79967e-05
2.71252e-05
1.28301e-05
7.56401e-05
-1.25335e-07
1.34988e-05
-4.24665e-06
4.92945e-05
-2.57874e-05
0.000102925
-5.07802e-05
0.000133765
-7.56653e-05
0.000173074
0.000184409
-9.32692e-05
-1.14565e-05
1.36109e-05
2.28856e-05
1.96278e-05
8.84599e-05
5.03936e-05
0.000143321
8.7412e-05
0.000174009
9.75544e-05
0.000181812
8.07686e-05
0.000173985
5.05058e-05
0.000157533
2.03188e-05
0.000140778
-7.82836e-06
0.000119969
-2.25775e-05
0.000105045
-3.65984e-05
9.60718e-05
-4.63845e-05
9.45138e-05
-5.66022e-05
8.57645e-05
-5.3938e-05
5.72058e-05
-1.89364e-05
2.23042e-05
6.20267e-05
4.6377e-07
9.74807e-05
-1.73757e-05
3.13385e-05
-1.79103e-05
4.98292e-05
-2.9515e-05
0.00011453
-3.85308e-05
0.000142781
-3.92604e-05
0.000173803
0.000173539
-2.83899e-05
-1.91074e-05
3.27184e-05
1.41587e-06
-8.95244e-07
4.40543e-05
7.75495e-06
8.35694e-05
4.78972e-05
0.000109135
7.19891e-05
0.000122604
6.73005e-05
0.000125972
4.71369e-05
0.000117563
2.87284e-05
0.000106152
3.58192e-06
9.51432e-05
-1.15682e-05
8.46153e-05
-2.60705e-05
7.7569e-05
-3.93384e-05
6.88626e-05
-4.78958e-05
4.27014e-05
-2.77769e-05
1.63238e-05
7.44095e-06
4.41284e-07
7.79095e-05
-5.21387e-06
0.000103136
-2.09735e-05
4.70983e-05
-1.82564e-05
4.71123e-05
-9.53409e-06
0.000105808
5.19127e-06
0.000128056
2.95858e-05
0.000149409
0.000140871
6.22543e-05
2.27173e-06
3.04466e-05
2.11602e-05
-1.97838e-05
3.25248e-05
-3.60993e-06
4.04074e-05
4.00149e-05
4.87337e-05
6.36633e-05
5.59027e-05
6.01317e-05
6.42672e-05
3.87722e-05
6.15831e-05
3.14125e-05
5.72053e-05
7.96048e-06
6.58346e-05
-2.0197e-05
6.47457e-05
-2.49815e-05
4.78699e-05
-2.24624e-05
1.65636e-05
-1.65893e-05
-3.50353e-06
-7.70959e-06
-1.27039e-05
1.66415e-05
-9.14133e-06
7.43472e-05
5.8553e-07
9.34096e-05
-5.65979e-06
5.33438e-05
-8.17639e-06
4.96289e-05
1.60414e-05
8.15899e-05
4.95938e-05
9.45035e-05
9.17649e-05
0.000107237
9.88328e-05
0.000133803
1.20748e-05
1.83719e-05
1.07428e-05
-1.84522e-05
-7.95438e-06
1.50872e-05
-2.45255e-05
5.65864e-05
-2.27073e-05
6.18453e-05
-8.02348e-07
3.82264e-05
1.60165e-05
2.1953e-05
4.06855e-05
6.74349e-06
4.52171e-05
3.42921e-06
4.0221e-05
-1.52005e-05
1.68652e-05
-1.62531e-06
-5.73021e-06
1.33341e-07
-1.80429e-05
-4.27629e-06
-2.21278e-05
-3.62445e-06
-2.21268e-05
1.66406e-05
-3.74985e-06
5.59705e-05
1.74043e-05
7.22556e-05
1.87254e-05
5.20228e-05
2.16472e-05
4.6707e-05
4.45886e-05
5.86485e-05
7.72127e-05
6.18792e-05
0.000118739
6.5711e-05
5.68378e-05
0.000160734
5.68994e-06
1.26819e-05
-1.64609e-05
3.69851e-06
-4.81722e-05
4.67987e-05
-6.0441e-05
6.88553e-05
-3.17604e-05
3.31648e-05
6.93239e-06
-4.66559e-07
2.31127e-05
5.77264e-06
2.09078e-05
8.9483e-06
2.52455e-07
2.40847e-05
-1.91397e-05
4.19194e-06
-2.13685e-05
6.03798e-07
-2.04105e-05
-8.24585e-07
-2.49963e-05
3.09522e-07
-2.9569e-05
9.48233e-07
-2.42738e-05
1.13456e-05
-7.73769e-07
3.24706e-05
2.57981e-05
4.56838e-05
3.92827e-05
3.85384e-05
5.023e-05
3.57597e-05
7.07285e-05
3.815e-05
9.49645e-05
3.76433e-05
0.000125985
3.46908e-05
2.36513e-05
0.000159171
9.54866e-06
3.13312e-06
-1.77083e-05
3.09555e-05
-4.54155e-05
7.45062e-05
-4.25085e-05
6.59483e-05
-3.31951e-06
-6.02401e-06
4.33456e-06
-8.12057e-06
-2.00154e-05
3.01225e-05
-4.55205e-05
3.44534e-05
-3.6975e-05
1.55396e-05
-3.04935e-05
-2.2892e-06
-2.4107e-05
-5.78247e-06
-2.35629e-05
-1.36866e-06
-2.62095e-05
2.95618e-06
-2.78304e-05
2.56925e-06
-2.29482e-05
6.46351e-06
-5.11982e-06
1.46426e-05
1.88339e-05
2.17303e-05
3.64613e-05
2.09112e-05
5.22632e-05
1.99579e-05
7.04796e-05
1.99334e-05
9.03591e-05
1.77637e-05
0.000112599
1.24506e-05
1.19637e-06
0.000135054
3.06851e-05
-2.7552e-05
1.0204e-05
5.14367e-05
-1.75654e-05
0.000102276
-1.45304e-05
6.29132e-05
-5.88332e-06
-1.4671e-05
-4.2616e-05
2.86122e-05
-6.76701e-05
5.51764e-05
-6.5706e-05
3.24893e-05
-5.71681e-05
7.00177e-06
-5.74121e-05
-2.04492e-06
-5.76265e-05
-5.56795e-06
-5.17109e-05
-7.28401e-06
-4.09736e-05
-7.78069e-06
-2.96069e-05
-8.79711e-06
-1.80793e-05
-5.06365e-06
-4.12118e-06
6.84926e-07
1.31576e-05
4.45191e-06
2.7883e-05
6.18608e-06
4.10903e-05
6.75064e-06
5.49225e-05
6.10113e-06
6.98924e-05
2.7938e-06
8.55261e-05
-3.18318e-06
-1.40723e-05
0.000100795
1.84282e-05
-4.59802e-05
1.50649e-05
5.48003e-05
-2.42725e-06
0.000119768
-3.73368e-06
6.42196e-05
-2.70243e-05
8.61976e-06
-7.00753e-05
7.16633e-05
-7.99387e-05
6.50398e-05
-7.73173e-05
2.9868e-05
-8.54321e-05
1.51168e-05
-9.69002e-05
9.42352e-06
-9.93574e-05
-3.11054e-06
-8.86233e-05
-1.80178e-05
-6.61435e-05
-3.02601e-05
-4.03732e-05
-3.4567e-05
-1.52756e-05
-3.01607e-05
5.81407e-06
-2.04044e-05
2.27058e-05
-1.24397e-05
3.49672e-05
-6.0753e-06
4.4326e-05
-2.6082e-06
5.29586e-05
-2.53143e-06
6.17411e-05
-5.98875e-06
7.13052e-05
-1.27472e-05
-2.34543e-05
8.06872e-05
7.9005e-06
-5.38807e-05
5.79894e-06
5.69019e-05
-3.24338e-06
0.00012881
-4.92706e-06
6.59034e-05
-4.37886e-05
4.74813e-05
-7.71074e-05
0.000104982
-8.70553e-05
7.4988e-05
-9.88204e-05
4.16332e-05
-0.00011769
3.3987e-05
-0.000128988
2.07215e-05
-0.000124025
-8.07346e-06
-0.000104079
-3.79637e-05
-7.46764e-05
-5.96624e-05
-4.11908e-05
-6.80524e-05
-8.81926e-06
-6.25321e-05
1.75596e-05
-4.67831e-05
3.6489e-05
-3.13692e-05
4.82235e-05
-1.78099e-05
5.46734e-05
-9.05825e-06
5.84951e-05
-6.3531e-06
6.15151e-05
-9.00876e-06
6.45972e-05
-1.58291e-05
-2.62615e-05
6.74047e-05
-1.82959e-06
-5.20512e-05
-9.71172e-06
6.47838e-05
-8.65607e-06
0.000127754
-1.03258e-05
6.75734e-05
-5.01115e-05
8.72669e-05
-7.81971e-05
0.000133068
-9.36843e-05
9.04754e-05
-0.000112779
6.07277e-05
-0.000128987
5.01951e-05
-0.00013129
2.30253e-05
-0.00012
-1.93633e-05
-9.83811e-05
-5.95827e-05
-6.78646e-05
-9.01787e-05
-3.21498e-05
-0.000103767
2.25883e-06
-9.69407e-05
3.07409e-05
-7.52653e-05
4.98766e-05
-5.0505e-05
6.03582e-05
-2.82916e-05
6.41845e-05
-1.28847e-05
6.40604e-05
-6.22897e-06
6.2076e-05
-7.02426e-06
5.95401e-05
-1.3293e-05
-2.33298e-05
5.66085e-05
-8.53438e-06
-4.35169e-05
-2.02526e-05
7.65018e-05
-1.25932e-05
0.000120095
-1.56681e-05
7.06486e-05
-5.04775e-05
0.000122076
-7.35137e-05
0.000156104
-8.99139e-05
0.000106876
-0.000105182
7.59963e-05
-0.000112023
5.70357e-05
-0.000107433
1.84354e-05
-9.48375e-05
-3.19588e-05
-7.60484e-05
-7.83718e-05
-4.92088e-05
-0.000117018
-1.71983e-05
-0.000135778
1.46288e-05
-0.000128768
4.19945e-05
-0.000102631
6.06333e-05
-6.91439e-05
6.93617e-05
-3.702e-05
7.0153e-05
-1.3676e-05
6.63106e-05
-2.38648e-06
6.04234e-05
-1.13704e-06
5.4096e-05
-6.96569e-06
-1.692e-05
4.76862e-05
-8.97534e-06
-3.45416e-05
-2.26785e-05
9.0205e-05
-1.13222e-05
0.000108739
-1.5803e-05
7.51294e-05
-4.03194e-05
0.000146593
-5.75412e-05
0.000173326
-7.05062e-05
0.000119841
-7.70084e-05
8.24987e-05
-7.43954e-05
5.44227e-05
-6.44144e-05
8.45446e-06
-5.25293e-05
-4.38438e-05
-3.9348e-05
-9.1553e-05
-1.9856e-05
-0.00013651
2.90888e-06
-0.000158543
2.61757e-05
-0.000152035
4.80713e-05
-0.000124527
6.39719e-05
-8.50446e-05
7.10568e-05
-4.41051e-05
6.97494e-05
-1.23687e-05
6.32959e-05
4.06695e-06
5.50149e-05
7.14387e-06
4.70965e-05
9.52578e-07
-9.79717e-06
3.99735e-05
-5.94674e-06
-2.85948e-05
-2.13377e-05
0.000105596
-7.34319e-06
9.47445e-05
-6.32387e-06
7.41101e-05
-1.7051e-05
0.00015732
-2.79177e-05
0.000184193
-3.70853e-05
0.000129009
-3.66009e-05
8.20145e-05
-2.66419e-05
4.4464e-05
-1.47472e-05
-3.44002e-06
-4.85381e-06
-5.3737e-05
2.21684e-06
-9.86235e-05
1.05725e-05
-0.000144866
2.11713e-05
-0.000169142
3.39078e-05
-0.000164771
4.7043e-05
-0.000137662
5.72522e-05
-9.52537e-05
6.15961e-05
-4.84491e-05
5.94197e-05
-1.01924e-05
5.27385e-05
1.0748e-05
4.47749e-05
1.51073e-05
3.76609e-05
8.06647e-06
-4.05835e-06
3.1922e-05
-5.24374e-06
-2.3351e-05
-1.72912e-05
0.000117644
-8.16737e-06
8.56206e-05
1.60649e-06
6.43363e-05
8.61297e-06
0.000150314
1.13964e-05
0.00018141
9.3275e-06
0.000131078
1.33436e-05
7.79985e-05
2.42496e-05
3.35582e-05
3.22644e-05
-1.14546e-05
3.47782e-05
-5.62505e-05
3.32043e-05
-9.70493e-05
3.14744e-05
-0.000143136
3.13258e-05
-0.000168993
3.29446e-05
-0.00016639
3.64413e-05
-0.000141159
3.98594e-05
-9.86719e-05
4.08629e-05
-4.94526e-05
3.87461e-05
-8.07556e-06
3.44429e-05
1.50511e-05
2.97299e-05
1.98202e-05
2.58148e-05
1.19816e-05
-1.04795e-06
2.28045e-05
-4.46695e-06
-1.8884e-05
-5.23616e-06
0.000118413
-9.35724e-06
8.97416e-05
-2.31488e-06
5.72939e-05
2.18091e-05
0.00012619
4.44407e-05
0.000158779
5.53175e-05
0.000120201
6.33425e-05
6.99734e-05
7.00269e-05
2.68738e-05
6.9815e-05
-1.12426e-05
6.17644e-05
-4.81997e-05
5.1735e-05
-8.70197e-05
4.16243e-05
-0.000133025
3.11725e-05
-0.000158541
2.25222e-05
-0.000157739
1.73004e-05
-0.000135937
1.42447e-05
-9.56162e-05
1.25764e-05
-4.77844e-05
1.18235e-05
-7.32264e-06
1.18772e-05
1.49974e-05
1.23869e-05
1.93106e-05
1.3202e-05
1.11666e-05
-1.49153e-06
1.36458e-05
-5.6137e-06
-1.32704e-05
1.4447e-05
9.8352e-05
1.30047e-06
0.000102888
-6.38538e-06
6.49797e-05
1.81824e-05
0.000101622
5.33849e-05
0.000123576
7.78383e-05
9.57478e-05
9.09549e-05
5.68567e-05
9.38078e-05
2.40208e-05
8.68035e-05
-4.23835e-06
7.12444e-05
-3.26405e-05
5.66519e-05
-7.24272e-05
4.14674e-05
-0.00011784
2.27811e-05
-0.000139855
6.40278e-06
-0.000141361
-6.25873e-06
-0.000123275
-1.36593e-05
-8.82156e-05
-1.5926e-05
-4.55176e-05
-1.3813e-05
-9.43562e-06
-9.22665e-06
1.04112e-05
-3.63577e-06
1.37198e-05
2.19194e-06
5.33897e-06
-5.03464e-06
5.73509e-06
-8.00075e-06
-5.2698e-06
2.4938e-05
6.54131e-05
2.46675e-05
0.000103158
6.64372e-06
8.30034e-05
1.68333e-05
9.14324e-05
4.74151e-05
9.29941e-05
7.58236e-05
6.7339e-05
9.22475e-05
4.04325e-05
9.38293e-05
2.24388e-05
8.32066e-05
6.38431e-06
6.66259e-05
-1.60598e-05
5.28133e-05
-5.86145e-05
3.51638e-05
-0.00010019
1.172e-05
-0.000116411
-8.8998e-06
-0.000120741
-2.50092e-05
-0.000107166
-3.53113e-05
-7.79135e-05
-3.78422e-05
-4.29867e-05
-3.32201e-05
-1.40577e-05
-2.44683e-05
1.65939e-06
-1.3821e-05
3.07252e-06
-5.00658e-06
-3.47556e-06
-9.70271e-06
-3.3865e-07
-9.04969e-06
3.77986e-06
1.87042e-05
3.76592e-05
3.91316e-05
8.2731e-05
2.87568e-05
9.3378e-05
2.6915e-05
9.3274e-05
4.46653e-05
7.52436e-05
7.10104e-05
4.09935e-05
8.66302e-05
2.48125e-05
8.52568e-05
2.38121e-05
7.14523e-05
2.01887e-05
5.76491e-05
-2.25659e-06
4.6652e-05
-4.76174e-05
2.79106e-05
-8.1449e-05
3.72129e-06
-9.22215e-05
-1.75962e-05
-9.94239e-05
-3.49659e-05
-8.97961e-05
-4.51392e-05
-6.77402e-05
-4.66382e-05
-4.14878e-05
-4.03301e-05
-2.03659e-05
-2.90438e-05
-9.62696e-06
-1.70388e-05
-8.93258e-06
-8.4946e-06
-1.20199e-05
-1.41746e-05
-4.02295e-06
-6.75344e-06
1.05333e-05
7.06943e-06
2.38364e-05
2.72854e-05
6.2515e-05
3.41716e-05
8.64918e-05
3.12362e-05
9.62092e-05
3.93836e-05
6.70961e-05
5.95915e-05
2.07854e-05
7.4401e-05
1.00029e-05
6.93931e-05
2.882e-05
5.57975e-05
3.37844e-05
4.87411e-05
4.79979e-06
4.10724e-05
-3.99487e-05
2.31924e-05
-6.3569e-05
1.40933e-06
-7.04385e-05
-1.79111e-05
-8.01036e-05
-3.36635e-05
-7.40439e-05
-4.22143e-05
-5.91895e-05
-4.25349e-05
-4.11673e-05
-3.57585e-05
-2.71423e-05
-2.52325e-05
-2.01531e-05
-1.56345e-05
-1.85307e-05
-9.54623e-06
-1.81083e-05
-1.78961e-05
-5.82485e-06
1.01007e-05
4.32573e-07
8.31303e-06
2.56242e-05
1.60953e-05
5.47327e-05
2.17958e-05
8.07911e-05
2.73624e-05
9.06426e-05
3.16222e-05
6.28363e-05
3.70233e-05
1.53843e-05
4.82326e-05
-1.20633e-06
4.63081e-05
3.07445e-05
4.06449e-05
3.94477e-05
4.16745e-05
3.77027e-06
3.65087e-05
-3.47828e-05
2.17723e-05
-4.88326e-05
4.59484e-06
-5.32612e-05
-1.12681e-05
-6.42407e-05
-2.39811e-05
-6.1331e-05
-3.0699e-05
-5.24717e-05
-3.07045e-05
-4.11618e-05
-2.5602e-05
-3.22448e-05
-1.86513e-05
-2.71038e-05
-1.30449e-05
-2.41371e-05
-9.24048e-06
-2.19129e-05
-2.07828e-05
-6.35397e-06
2.12897e-05
-2.08571e-05
2.82787e-05
1.86352e-05
1.93999e-05
6.36114e-05
2.06673e-05
7.95237e-05
2.76781e-05
8.36319e-05
3.26252e-05
5.78893e-05
3.32145e-05
1.47951e-05
3.3475e-05
-1.46678e-06
2.80298e-05
3.61898e-05
3.12094e-05
3.62681e-05
3.6803e-05
-1.82325e-06
3.2606e-05
-3.05859e-05
2.18727e-05
-3.80992e-05
9.91555e-06
-4.13042e-05
-2.25674e-06
-5.20685e-05
-1.19799e-05
-5.16079e-05
-1.75341e-05
-4.69175e-05
-1.83689e-05
-4.0327e-05
-1.61779e-05
-3.44359e-05
-1.31738e-05
-3.01078e-05
-1.05739e-05
-2.67371e-05
-8.23192e-06
-2.4255e-05
-2.28729e-05
-6.14202e-06
2.58697e-05
-4.67269e-05
4.43478e-05
1.5676e-07
3.81074e-05
6.98517e-05
3.10096e-05
8.66216e-05
3.5243e-05
7.93986e-05
3.99586e-05
5.31738e-05
3.81012e-05
1.66526e-05
2.48112e-05
1.18234e-05
1.59743e-05
4.50268e-05
2.61088e-05
2.61338e-05
3.21766e-05
-7.8909e-06
2.79523e-05
-2.63616e-05
2.08357e-05
-3.09827e-05
1.36058e-05
-3.40742e-05
4.73561e-06
-4.31983e-05
-2.79472e-06
-4.40776e-05
-7.76503e-06
-4.19471e-05
-9.78008e-06
-3.83119e-05
-9.99207e-06
-3.42238e-05
-9.39578e-06
-3.0704e-05
-8.29744e-06
-2.78354e-05
-6.85454e-06
-2.56979e-05
-2.42588e-05
-5.46874e-06
2.51511e-05
-7.1878e-05
3.89373e-05
-1.36297e-05
4.58028e-05
6.29861e-05
3.7267e-05
9.51575e-05
3.86541e-05
7.80116e-05
4.246e-05
4.9368e-05
3.38889e-05
2.52237e-05
8.50743e-06
3.7205e-05
9.22093e-06
4.43134e-05
2.3319e-05
1.20358e-05
2.63277e-05
-1.08995e-05
2.17336e-05
-2.17676e-05
1.74159e-05
-2.6665e-05
1.34951e-05
-3.01534e-05
7.4101e-06
-3.71133e-05
1.69851e-06
-3.8366e-05
-2.51964e-06
-3.7729e-05
-5.03197e-06
-3.57995e-05
-6.23352e-06
-3.30222e-05
-6.48957e-06
-3.04479e-05
-6.04795e-06
-2.8277e-05
-5.25895e-06
-2.64869e-05
-2.50731e-05
-4.4448e-06
1.5952e-05
-8.78302e-05
1.89266e-05
-1.66044e-05
3.01279e-05
5.1785e-05
3.19485e-05
9.3337e-05
2.9932e-05
8.00283e-05
2.93706e-05
4.99294e-05
6.75676e-06
4.78376e-05
-7.43493e-06
5.13968e-05
9.09675e-06
2.77818e-05
1.86371e-05
2.49545e-06
1.80255e-05
-1.02881e-05
1.45396e-05
-1.82817e-05
1.20974e-05
-2.42228e-05
9.95955e-06
-2.80156e-05
6.17993e-06
-3.33336e-05
2.51849e-06
-3.47045e-05
-4.72011e-07
-3.47384e-05
-2.52741e-06
-3.3744e-05
-3.62986e-06
-3.19196e-05
-3.99296e-06
-3.00847e-05
-3.88613e-06
-2.83837e-05
-3.54916e-06
-2.68238e-05
-2.54676e-05
-3.15451e-06
3.66411e-06
-9.14944e-05
-4.35372e-06
-8.58653e-06
4.92433e-06
4.25071e-05
1.28277e-05
8.54338e-05
1.34226e-05
7.94335e-05
-2.63779e-06
6.59899e-05
-2.08555e-05
6.60555e-05
-1.14468e-05
4.19882e-05
8.69528e-06
7.6397e-06
1.16533e-05
-4.62644e-07
9.59564e-06
-8.23052e-06
7.92083e-06
-1.66069e-05
6.53575e-06
-2.28377e-05
5.34875e-06
-2.68285e-05
3.34304e-06
-3.13278e-05
1.47437e-06
-3.28357e-05
-6.34047e-08
-3.32005e-05
-1.17478e-06
-3.26325e-05
-1.77195e-06
-3.13223e-05
-2.00693e-06
-2.98496e-05
-2.02659e-06
-2.8364e-05
-1.9245e-06
-2.69258e-05
-2.56157e-05
-1.77635e-06
-7.24585e-06
-2.0294e-05
-1.55457e-05
-8.13586e-06
-7.48798e-06
-2.38607e-05
-3.43236e-05
-2.19621e-05
-4.5775e-06
-3.3278e-07
1.964e-06
2.25306e-06
1.86955e-06
1.64838e-06
9.01452e-07
3.51373e-07
-7.7314e-08
-3.90967e-07
-5.32083e-07
-5.80813e-07
-5.87361e-07
-5.62613e-07
-5.29208e-07
-4.52553e-05
2.49976e-07
-4.52791e-05
2.37564e-08
-4.48655e-05
-4.1357e-07
-3.55638e-07
-4.45099e-05
-9.17878e-05
-4.09057e-06
-8.72013e-05
-4.56281e-06
-8.33527e-05
-4.26214e-06
-3.5834e-06
-8.01249e-05
-0.000100682
-5.38643e-06
-0.000100905
-4.34055e-06
-0.000102318
-2.8483e-06
-1.10446e-06
-0.000104797
-0.000101645
-7.95855e-06
-0.000105234
-7.51465e-07
-0.000111766
3.68378e-06
7.01387e-06
-0.000119884
-0.000107712
-3.56643e-05
-8.38652e-05
-2.45983e-05
-7.50039e-05
-5.17747e-06
1.36356e-05
-8.16257e-05
-8.77688e-05
-1.94618e-05
-0.00010154
-1.08273e-05
-0.000112564
5.84671e-06
1.7053e-05
-0.000115982
-9.52549e-05
8.47325e-06
-0.000116952
1.08705e-05
-0.000126018
1.49129e-05
1.7612e-05
-0.000126577
-5.46262e-05
2.56888e-05
-6.81807e-05
2.44254e-05
-7.65097e-05
2.32423e-05
1.80116e-05
-7.69087e-05
-1.39064e-05
3.24508e-05
-1.91594e-05
2.96782e-05
-2.10524e-05
2.5135e-05
1.56397e-05
-1.86807e-05
1.26972e-06
2.89641e-05
5.02179e-06
2.59266e-05
7.38542e-06
2.27716e-05
1.56092e-05
7.4159e-06
3.64472e-07
2.11305e-05
4.78954e-06
2.15013e-05
6.64266e-06
2.09183e-05
2.16392e-05
6.1267e-07
-1.04762e-05
2.15259e-05
-1.78056e-05
2.88306e-05
-3.0761e-05
3.38738e-05
3.73052e-05
-4.64269e-05
-5.1716e-05
4.21138e-05
-7.20363e-05
4.91511e-05
-9.02668e-05
5.21045e-05
5.29612e-05
-0.000105923
-9.73067e-05
6.33512e-05
-0.00011315
6.49948e-05
-0.000124151
6.31055e-05
5.89591e-05
-0.000130149
-0.000121672
7.71979e-05
-0.000128881
7.22038e-05
-0.000129834
6.40585e-05
5.42957e-05
-0.000125171
-9.67755e-05
8.07043e-05
-9.50453e-05
7.04737e-05
-8.79745e-05
5.69876e-05
4.37598e-05
-7.74386e-05
-2.02878e-05
7.2602e-05
-1.11582e-05
6.1344e-05
-8.71867e-07
4.67013e-05
3.15026e-05
1.13854e-05
7.8307e-05
5.65493e-05
9.41529e-05
4.5498e-05
0.000108734
3.21206e-05
1.85169e-05
0.000121719
0.000152071
3.82808e-05
0.000168171
2.93982e-05
0.000181216
1.90763e-05
8.92142e-06
0.000190811
0.000178799
2.02158e-05
0.000194506
1.36909e-05
0.000207404
6.17818e-06
-1.33571e-06
0.000217661
0.00017409
5.29667e-06
0.000187645
1.3611e-07
0.000199535
-5.71205e-06
-1.17604e-05
0.00020996
0.000144876
-4.52543e-06
0.000153871
-8.85898e-06
0.000161953
-1.37937e-05
-1.90331e-05
0.000169226
0.000107991
-1.1722e-05
0.000114757
-1.56245e-05
0.000121024
-2.00606e-05
-2.49661e-05
0.000126957
8.4849e-05
-1.58835e-05
8.87892e-05
-1.95645e-05
9.25278e-05
-2.37991e-05
-2.86253e-05
9.61872e-05
6.83481e-05
-1.68266e-05
6.89785e-05
-2.01947e-05
6.92428e-05
-2.40632e-05
-2.84638e-05
6.90812e-05
5.48076e-05
-1.50255e-05
5.25634e-05
-1.79505e-05
4.97778e-05
-2.12776e-05
-2.50431e-05
4.63571e-05
4.44541e-05
-1.17935e-05
4.08287e-05
-1.43253e-05
3.66201e-05
-1.70691e-05
-2.01261e-05
3.17031e-05
3.67674e-05
-8.58751e-06
3.33448e-05
-1.09027e-05
2.94068e-05
-1.31312e-05
-1.55051e-05
2.47857e-05
2.9536e-05
-6.20157e-06
2.70487e-05
-8.41537e-06
2.42276e-05
-1.03101e-05
-1.22493e-05
2.09719e-05
2.14115e-05
-4.80847e-06
1.98481e-05
-6.85185e-06
1.80972e-05
-8.55908e-06
-1.02665e-05
1.61145e-05
1.32528e-05
-4.41544e-06
1.25339e-05
-6.13286e-06
1.16224e-05
-7.64758e-06
-9.12671e-06
1.04827e-05
6.2756e-06
-4.956e-06
6.41495e-06
-6.27227e-06
6.28249e-06
-7.51521e-06
-8.71399e-06
5.86977e-06
8.27785e-07
-6.12262e-06
1.58631e-06
-7.03096e-06
1.99045e-06
-7.91952e-06
-8.7792e-06
2.05552e-06
-2.66028e-06
-7.48553e-06
-1.68686e-06
-8.00458e-06
-1.05051e-06
-8.55602e-06
-9.11156e-06
-7.18291e-07
-4.5677e-06
-8.74286e-06
-3.61256e-06
-8.95989e-06
-2.93925e-06
-9.22949e-06
-9.52449e-06
-2.52641e-06
-5.31797e-06
-9.77908e-06
-4.49333e-06
-9.7847e-06
-3.87709e-06
-9.84592e-06
-9.94008e-06
-3.46163e-06
-5.35354e-06
-1.05677e-05
-4.69808e-06
-1.04403e-05
-4.18008e-06
-1.0364e-05
-1.03187e-05
-3.80156e-06
-4.91951e-06
-1.1117e-05
-4.44344e-06
-1.09165e-05
-4.05018e-06
-1.07573e-05
-1.06236e-05
-3.74529e-06
-4.10536e-06
-1.14565e-05
-3.80061e-06
-1.12213e-05
-3.54216e-06
-1.10158e-05
-1.0829e-05
-3.33671e-06
-2.97994e-06
-1.1631e-05
-2.81856e-06
-1.13826e-05
-2.68136e-06
-1.1153e-05
-1.09363e-05
-2.57412e-06
-1.70732e-06
-1.16999e-05
-1.64334e-06
-1.14466e-05
-1.59038e-06
-1.1206e-05
-1.09746e-05
-1.55212e-06
-5.14582e-07
-5.00176e-07
-4.88389e-07
-4.80038e-07
-1.62919e-05
-1.96556e-06
-8.38691e-06
-9.04763e-06
-8.75609e-06
2.89977e-06
-2.19986e-06
2.92726e-05
2.9209e-06
5.24927e-05
-5.91007e-06
2.98184e-05
-2.87027e-05
-2.01395e-06
-5.15701e-05
4.35864e-06
-6.68135e-05
5.30919e-06
-7.68833e-05
2.48338e-06
-8.10252e-05
-2.71093e-06
-7.80863e-05
-9.88676e-06
-7.09328e-05
-1.40077e-05
-6.222e-05
-1.44808e-05
-5.5523e-05
-1.14033e-05
-4.98018e-05
-1.24037e-05
-4.07235e-05
-2.14592e-05
-1.87678e-05
-4.14252e-05
-3.03399e-05
-7.3539e-05
-8.55143e-06
-7.03227e-05
-1.2264e-05
-6.38691e-05
-3.55383e-06
-5.17101e-05
1.71136e-05
-3.20276e-05
3.28103e-05
-2.68455e-05
2.46364e-05
-4.36046e-05
1.47451e-05
-5.69738e-05
1.77279e-05
-6.54475e-05
1.37829e-05
-7.27088e-05
9.74468e-06
-7.79465e-05
2.52671e-06
-7.4905e-05
-1.29282e-05
-6.86074e-05
-2.03052e-05
-6.34869e-05
-1.96013e-05
-6.87556e-05
-6.13455e-06
-7.34539e-05
-7.70535e-06
-6.90176e-05
-2.58956e-05
-4.00014e-05
-7.04414e-05
-7.03413e-05
-0.000109295
-4.05371e-06
-0.000109053
-1.25063e-05
-9.91037e-05
-1.35029e-05
-8.36728e-05
1.6827e-06
-6.43365e-05
1.3474e-05
-5.62928e-05
1.65926e-05
-5.04838e-05
8.93608e-06
-2.59986e-05
-6.7574e-06
7.35311e-06
-1.95687e-05
2.71649e-05
-1.00672e-05
-1.18646e-05
4.15562e-05
-4.75455e-05
2.27525e-05
-4.07705e-05
-2.70803e-05
1.37442e-05
-7.41161e-05
3.3285e-05
-2.56753e-05
-2.89936e-06
2.84792e-05
-3.51007e-05
6.30578e-06
-3.98839e-05
-6.56582e-05
-0.000110225
-0.000134697
1.07594e-05
-0.000134548
-1.26554e-05
-0.000117705
-3.0346e-05
-9.42794e-05
-2.17431e-05
-6.97816e-05
-1.10239e-05
-4.41993e-05
-8.98969e-06
-9.65388e-06
-2.56093e-05
1.94066e-05
-3.5818e-05
-3.40229e-05
3.38609e-05
-4.79276e-05
3.83758e-06
-2.24652e-05
1.6094e-05
-1.79567e-05
1.8244e-05
-4.56079e-06
-4.04762e-05
4.81957e-06
-8.34963e-05
4.75106e-05
-6.83663e-05
6.69163e-05
9.0735e-06
4.15497e-05
3.16723e-05
7.69214e-06
-3.18008e-05
-0.000102533
-8.61051e-05
1.52388e-05
-0.000108631
9.87056e-06
-9.54773e-05
-4.34996e-05
-7.74785e-05
-3.9742e-05
-7.28822e-05
-1.56204e-05
-6.72408e-05
-1.4631e-05
-7.89664e-05
-1.38836e-05
-9.0723e-05
-2.40614e-05
-6.40113e-05
7.14905e-06
-3.3962e-05
-2.62117e-05
5.98554e-06
-2.38536e-05
3.3753e-05
-9.52343e-06
3.98059e-05
-4.65291e-05
2.45578e-05
-6.82482e-05
2.93223e-05
-7.31308e-05
7.1729e-05
-3.33332e-05
9.08411e-05
1.25602e-05
5.08232e-05
8.21701e-06
-5.17103e-05
-0.000135382
3.46391e-05
-0.000115738
-9.77311e-06
-8.4033e-05
-7.52042e-05
-5.96037e-05
-6.41713e-05
-5.75827e-05
-1.76414e-05
-6.93371e-05
-2.87652e-06
-7.35844e-05
-9.6362e-06
-6.72449e-05
-3.04008e-05
-4.14621e-05
-1.86337e-05
-3.57899e-05
-3.18839e-05
-1.59737e-05
-4.36698e-05
2.61126e-05
-5.16098e-05
4.82187e-05
-6.86351e-05
5.29217e-05
-7.29512e-05
4.28558e-05
-6.30648e-05
5.10252e-05
-4.15026e-05
7.09128e-05
-7.32753e-06
5.9741e-05
1.93887e-05
8.03054e-06
-0.000113246
2.13079e-05
-8.23405e-05
-4.06792e-05
-6.69713e-05
-9.05734e-05
-6.84212e-05
-6.27212e-05
-7.54514e-05
-1.06111e-05
-9.0947e-05
1.26191e-05
-9.73889e-05
-3.19437e-06
-0.000111921
-1.5869e-05
-0.000104538
-2.60163e-05
-9.0095e-05
-4.63266e-05
-6.18706e-05
-7.18942e-05
-2.3041e-05
-9.04395e-05
1.01066e-05
-0.000101783
3.96014e-05
-0.000102446
5.00938e-05
-7.35572e-05
4.79737e-05
-3.93826e-05
5.04939e-05
-9.84779e-06
4.12494e-05
2.86331e-05
4.92799e-05
-6.10378e-05
5.43721e-06
-3.97953e-05
-6.19217e-05
-4.4849e-05
-8.55195e-05
-7.30138e-05
-3.45562e-05
-0.000103855
2.02299e-05
-0.000125842
3.46062e-05
-0.000135201
6.16503e-06
-0.000130398
-2.06717e-05
-0.000111977
-4.44376e-05
-9.04723e-05
-6.7831e-05
-6.85009e-05
-9.38656e-05
-4.24912e-05
-0.000116449
-1.68399e-05
-0.000127434
8.38977e-06
-0.000127676
3.27682e-05
-9.79358e-05
3.52465e-05
-4.1861e-05
2.86493e-05
-3.25059e-06
1.05555e-05
4.67268e-05
5.98355e-05
-8.68708e-06
-4.55642e-06
-9.3313e-06
-6.12773e-05
-5.18232e-05
-4.30274e-05
-0.000115149
2.87701e-05
-0.000158972
6.40526e-05
-0.000165476
4.11095e-05
-0.000157228
-2.08254e-06
-0.000138881
-3.90183e-05
-0.000116459
-6.68598e-05
-9.49657e-05
-8.93238e-05
-7.34398e-05
-0.000115392
-5.14126e-05
-0.000138476
-3.10876e-05
-0.000147759
-1.44446e-05
-0.000144319
3.84356e-06
-0.000116224
7.3194e-06
-4.53369e-05
-8.20198e-06
1.22707e-05
-1.92151e-05
5.77397e-05
4.06204e-05
7.96417e-06
-5.10457e-06
-3.16776e-05
-2.16354e-05
-0.000110462
3.57568e-05
-0.000172381
9.0689e-05
-0.000187249
7.89211e-05
-0.000177326
3.11867e-05
-0.000158859
-2.05502e-05
-0.000137198
-6.06792e-05
-0.000115762
-8.82957e-05
-9.45905e-05
-0.000110495
-7.50416e-05
-0.000134941
-5.64633e-05
-0.000157055
-3.99015e-05
-0.000164321
-2.74504e-05
-0.00015677
-1.22456e-05
-0.000131429
-3.00853e-06
-5.45739e-05
-1.45855e-05
2.38478e-05
-1.98359e-05
6.299e-05
2.07845e-05
-3.66614e-05
3.21698e-05
-0.000105078
4.6781e-05
-0.000167662
9.83415e-05
-0.000181577
0.000104604
-0.000171473
6.88173e-05
-0.000153123
1.28369e-05
-0.000135965
-3.77089e-05
-0.000119141
-7.75023e-05
-0.000100901
-0.000106536
-8.25536e-05
-0.000128843
-6.81502e-05
-0.000149344
-5.70886e-05
-0.000168116
-4.41763e-05
-0.000177233
-3.30644e-05
-0.000167881
-1.79368e-05
-0.000146556
-2.31486e-07
-7.22792e-05
-1.13489e-07
2.37299e-05
-2.97378e-06
6.58503e-05
1.78107e-05
-0.000100945
8.66883e-05
-0.000151312
9.71477e-05
-0.000162476
0.000109506
-0.000146396
8.85229e-05
-0.00012259
4.50112e-05
-0.000104315
-5.43731e-06
-9.1765e-05
-5.02591e-05
-8.05876e-05
-8.86796e-05
-6.86553e-05
-0.000118468
-5.71674e-05
-0.000140331
-4.98236e-05
-0.000156688
-4.64004e-05
-0.00017154
-4.02152e-05
-0.000183418
-2.93711e-05
-0.000178725
-1.48435e-05
-0.000161084
2.71516e-06
-8.98379e-05
1.7203e-05
9.24202e-06
1.51542e-05
6.78992e-05
3.29649e-05
-0.000136359
0.000117125
-0.000142719
0.000103508
-0.000119716
8.65022e-05
-8.53026e-05
5.41097e-05
-5.49593e-05
1.46678e-05
-3.71475e-05
-2.3249e-05
-2.89408e-05
-5.84657e-05
-2.56329e-05
-9.19875e-05
-2.34101e-05
-0.000120691
-2.15673e-05
-0.000142173
-2.07279e-05
-0.000157527
-2.35417e-05
-0.000168726
-2.66458e-05
-0.000180314
-2.41871e-05
-0.000181184
-1.13138e-05
-0.000173957
1.09672e-05
-0.000112119
3.30751e-05
-1.28659e-05
3.29517e-05
6.80226e-05
6.59167e-05
-0.000127961
0.000114937
-0.000101638
7.71846e-05
-6.00523e-05
4.49168e-05
-1.99164e-05
1.3974e-05
9.60924e-06
-1.48577e-05
2.77592e-05
-4.13987e-05
3.45994e-05
-6.53058e-05
3.2321e-05
-8.97089e-05
2.59288e-05
-0.000114299
1.9665e-05
-0.00013591
1.47674e-05
-0.000152629
7.97472e-06
-0.000161933
-3.70709e-06
-0.000168632
-1.04763e-05
-0.000174415
-1.70128e-07
-0.000184263
1.79677e-05
-0.000130257
3.62243e-05
-3.11226e-05
3.68521e-05
6.73947e-05
0.000102769
-0.000101483
9.12494e-05
-5.83702e-05
3.4072e-05
-9.9251e-06
-3.52833e-06
3.0943e-05
-2.68939e-05
5.89445e-05
-4.28591e-05
7.53502e-05
-5.78044e-05
8.28435e-05
-7.27989e-05
8.09611e-05
-8.78264e-05
7.24928e-05
-0.00010583
6.2475e-05
-0.000125892
5.28755e-05
-0.00014303
4.24756e-05
-0.000151533
2.77009e-05
-0.000153857
1.73124e-05
-0.000164026
1.96805e-05
-0.000186631
2.32532e-05
-0.000133829
3.4598e-05
-4.24673e-05
3.14925e-05
7.05001e-05
0.000134262
-3.56871e-05
4.9498e-05
9.66731e-06
-1.12823e-05
4.83954e-05
-4.22563e-05
7.71653e-05
-5.56635e-05
9.75701e-05
-6.32638e-05
0.000111392
-7.16259e-05
0.000119585
-8.09923e-05
0.000120161
-8.84025e-05
0.000113965
-9.96333e-05
0.000103202
-0.000115129
9.03358e-05
-0.000130163
7.65043e-05
-0.000137701
6.17269e-05
-0.00013908
4.93899e-05
-0.000151689
3.98471e-05
-0.000177089
3.24795e-05
-0.000126462
3.59395e-05
-4.59273e-05
2.83642e-05
7.80755e-05
0.000162626
4.73676e-05
1.35158e-05
7.6161e-05
-4.00756e-05
9.78744e-05
-6.39695e-05
0.000116646
-7.44353e-05
0.000132968
-7.95851e-05
0.000146024
-8.46817e-05
0.000154293
-8.9262e-05
0.000155844
-8.99527e-05
0.000150636
-9.44256e-05
0.000139731
-0.000104224
0.000124741
-0.000115173
0.000107671
-0.00012063
9.21227e-05
-0.000123531
7.88763e-05
-0.000138443
6.05554e-05
-0.000158768
4.48435e-05
-0.00011075
3.50429e-05
-3.61265e-05
2.6738e-05
8.63806e-05
0.000189364
0.000139155
-3.91935e-06
0.00014889
-4.98113e-05
0.000160517
-7.55958e-05
0.000174234
-8.81527e-05
0.00018712
-9.24706e-05
0.000196092
-9.36536e-05
0.000198794
-9.19643e-05
0.000195669
-8.68279e-05
0.000186378
-8.51334e-05
0.000171931
-8.97766e-05
0.000153393
-9.6635e-05
0.000132532
-9.97693e-05
0.000115472
-0.000106472
0.000101484
-0.000124455
7.90113e-05
-0.000136296
5.58921e-05
-8.76308e-05
3.77515e-05
-1.79858e-05
2.5389e-05
9.87433e-05
0.000214753
0.00020264
-1.57485e-05
0.000212642
-5.98122e-05
0.000226546
-8.95002e-05
0.000241144
-0.000102751
0.000251304
-0.00010263
0.000253196
-9.55462e-05
0.000246368
-8.5136e-05
0.000233795
-7.4255e-05
0.000216453
-6.77911e-05
0.000195849
-6.91726e-05
0.000172482
-7.32676e-05
0.000147934
-7.52213e-05
0.000130436
-8.89732e-05
0.0001168
-0.000110819
9.3358e-05
-0.000112854
6.5777e-05
-6.00498e-05
4.22949e-05
5.49639e-06
2.39738e-05
0.000117065
0.000238727
0.000236872
-3.49593e-05
0.000251217
-7.41571e-05
0.00026163
-9.99137e-05
0.000267772
-0.000108892
0.000269505
-0.000104364
0.000265794
-9.18345e-05
0.000256148
-7.54903e-05
0.000241195
-5.9302e-05
0.000222085
-4.86813e-05
0.000200417
-4.7504e-05
0.000176333
-4.91836e-05
0.000152956
-5.18447e-05
0.0001383
-7.43169e-05
0.000126698
-9.9217e-05
0.000102714
-8.88698e-05
6.87625e-05
-2.60986e-05
4.29648e-05
3.12942e-05
1.86042e-05
0.000141425
0.000257331
0.000227816
-5.28153e-05
0.000237937
-8.42789e-05
0.000241865
-0.000103841
0.000241388
-0.000108416
0.000237662
-0.000100637
0.000230994
-8.5167e-05
0.000221401
-6.58969e-05
0.00020914
-4.70409e-05
0.000194835
-3.43766e-05
0.000179206
-3.18747e-05
0.000162143
-3.21204e-05
0.00014991
-3.96123e-05
0.000143671
-6.80777e-05
0.000132093
-8.76382e-05
0.000103394
-6.01712e-05
6.334e-05
1.39554e-05
3.68485e-05
5.77856e-05
6.7599e-06
0.000171514
0.000264091
0.000182557
-6.61467e-05
0.000191474
-9.3196e-05
0.000195745
-0.000108112
0.000194632
-0.000107303
0.000188785
-9.47895e-05
0.000179698
-7.60799e-05
0.000168904
-5.51031e-05
0.000158038
-3.61748e-05
0.00014822
-2.45584e-05
0.000140419
-2.40733e-05
0.000136446
-2.81479e-05
0.000140144
-4.33104e-05
0.000142616
-7.0549e-05
0.000125062
-7.00843e-05
8.35766e-05
-1.86863e-05
4.4124e-05
5.3408e-05
2.04137e-05
8.14958e-05
-1.33364e-05
0.000205264
0.000250754
0.000139767
-7.89569e-05
0.000148481
-0.00010191
0.000151171
-0.000110802
0.000146304
-0.000102436
0.000135909
-8.43936e-05
0.000122933
-6.31043e-05
0.000110314
-4.24839e-05
0.000101754
-2.76149e-05
9.60142e-05
-1.88189e-05
9.85996e-05
-2.66588e-05
0.000111875
-4.14239e-05
0.000125526
-5.6961e-05
0.000122037
-6.70599e-05
9.07854e-05
-3.88326e-05
4.14214e-05
3.06776e-05
1.64002e-05
7.84291e-05
-3.24586e-06
0.000101142
-2.71896e-05
0.000229207
0.000223564
0.000102343
-8.51121e-05
0.000103934
-0.000103502
0.000100467
-0.000107334
9.02389e-05
-9.22076e-05
7.62706e-05
-7.04252e-05
6.19911e-05
-4.88248e-05
5.37687e-05
-3.42615e-05
5.32144e-05
-2.70608e-05
5.40778e-05
-1.96824e-05
7.03914e-05
-4.29723e-05
9.33647e-05
-6.43973e-05
9.83975e-05
-6.19939e-05
7.44319e-05
-4.30943e-05
3.03434e-05
5.25587e-06
2.10235e-06
5.89187e-05
-6.2629e-06
8.67943e-05
-2.3236e-05
0.000118115
-2.78613e-05
0.000233832
0.000195703
6.50885e-05
-8.11193e-05
5.87736e-05
-9.71867e-05
4.9392e-05
-9.79526e-05
3.57382e-05
-7.85538e-05
2.30509e-05
-5.77379e-05
1.61828e-05
-4.19567e-05
1.82259e-05
-3.63047e-05
2.45207e-05
-3.33557e-05
3.33565e-05
-2.85183e-05
5.57514e-05
-6.53672e-05
6.77301e-05
-7.63761e-05
4.73889e-05
-4.16528e-05
2.07978e-07
4.08666e-06
-3.29752e-05
3.84389e-05
-3.12432e-05
5.71866e-05
-2.25739e-05
7.81248e-05
-3.45311e-05
0.000130072
-2.41361e-05
0.000223437
0.000171567
3.51123e-05
-6.98745e-05
2.22426e-05
-8.4317e-05
9.12402e-06
-8.4834e-05
-1.31343e-06
-6.81164e-05
-6.2336e-06
-5.28178e-05
-4.91159e-06
-4.32787e-05
-1.40168e-06
-3.98146e-05
8.14476e-06
-4.29022e-05
2.32542e-05
-4.36279e-05
3.63148e-05
-7.84279e-05
2.4716e-05
-6.47773e-05
-2.00513e-05
3.11445e-06
-6.18317e-05
4.58671e-05
-6.88917e-05
4.54987e-05
-4.56242e-05
3.3919e-05
-3.07973e-05
6.32977e-05
-3.6385e-05
0.000135659
-2.21753e-05
0.000209227
0.000149392
1.7682e-05
-5.58535e-05
-2.99761e-07
-6.63353e-05
-1.56957e-05
-6.94381e-05
-2.46871e-05
-5.91252e-05
-2.73763e-05
-5.01285e-05
-2.38557e-05
-4.67994e-05
-1.38145e-05
-4.98558e-05
1.24149e-06
-5.79582e-05
1.26986e-05
-5.5085e-05
7.60609e-06
-7.33355e-05
-2.00664e-05
-3.71048e-05
-6.1967e-05
4.5015e-05
-8.37784e-05
6.76786e-05
-7.21328e-05
3.3853e-05
-4.32311e-05
5.01715e-06
-2.54891e-05
4.55556e-05
-2.89448e-05
0.000139115
-2.04799e-05
0.000200762
0.000128912
1.19816e-05
-4.30495e-05
-4.62912e-06
-4.97246e-05
-2.20151e-05
-5.20521e-05
-3.04486e-05
-5.06916e-05
-2.91075e-05
-5.14696e-05
-2.06301e-05
-5.52767e-05
-1.16866e-05
-5.87993e-05
-4.97783e-06
-6.46669e-05
-1.55927e-06
-5.85035e-05
-1.46885e-05
-6.02063e-05
-3.77352e-05
-1.40581e-05
-6.41702e-05
7.14499e-05
-7.66931e-05
8.02015e-05
-6.8499e-05
2.56588e-05
-4.71234e-05
-1.63587e-05
-1.94994e-05
1.79316e-05
-1.74687e-05
0.000137084
-1.51942e-05
0.000198488
0.000113717
1.21394e-05
-3.42171e-05
1.18642e-06
-3.87716e-05
-9.81678e-06
-4.10488e-05
-1.58966e-05
-4.46117e-05
-1.58612e-05
-5.15049e-05
-1.40356e-05
-5.71022e-05
-1.21968e-05
-6.0638e-05
-1.10768e-05
-6.57868e-05
-8.90587e-06
-6.06742e-05
-2.08465e-05
-4.82654e-05
-2.90371e-05
-5.8675e-06
-3.68245e-05
7.92373e-05
-4.88223e-05
9.21992e-05
-5.50555e-05
3.18921e-05
-5.22981e-05
-1.91162e-05
-2.16623e-05
-1.27042e-05
-6.55157e-06
0.000121974
-8.67507e-06
0.000200611
0.000105042
1.09973e-05
-2.90999e-05
5.2814e-06
-3.30557e-05
-7.45456e-07
-3.50219e-05
-5.7997e-06
-3.95574e-05
-8.63142e-06
-4.86731e-05
-1.05221e-05
-5.52114e-05
-1.24356e-05
-5.87244e-05
-1.39966e-05
-6.42257e-05
-1.16358e-05
-6.3035e-05
-1.40696e-05
-4.58315e-05
-8.59917e-06
-1.13378e-05
2.88255e-06
6.77556e-05
-4.39209e-06
9.94737e-05
-1.22911e-05
3.97911e-05
-2.30036e-05
-8.40369e-06
-1.54688e-05
-2.0239e-05
-1.97311e-07
0.000106702
-2.13024e-06
0.000202544
0.000102912
7.23907e-06
-2.58563e-05
4.10746e-06
-2.99241e-05
1.36793e-06
-3.22824e-05
-1.41809e-06
-3.67713e-05
-4.61563e-06
-4.54755e-05
-8.15041e-06
-5.16765e-05
-1.20258e-05
-5.48488e-05
-1.53454e-05
-6.0906e-05
-1.41629e-05
-6.42174e-05
-7.58459e-06
-5.24098e-05
3.61867e-06
-2.25411e-05
3.12723e-05
4.0102e-05
4.48964e-05
8.58496e-05
3.53269e-05
4.93606e-05
1.84895e-05
8.43374e-06
1.55274e-06
-3.30219e-06
4.23522e-06
0.00010402
1.0814e-06
0.000205698
0.000103994
4.16866e-06
-2.41552e-05
2.31866e-06
-2.80741e-05
1.06123e-06
-3.1025e-05
-4.93405e-07
-3.52167e-05
-3.65787e-06
-4.2311e-05
-7.74104e-06
-4.75932e-05
-1.21593e-05
-5.04304e-05
-1.70119e-05
-5.60532e-05
-1.87755e-05
-6.24536e-05
-1.14245e-05
-5.97607e-05
3.56624e-06
-3.75319e-05
3.43875e-05
9.28081e-06
6.2674e-05
5.75632e-05
6.34813e-05
4.85533e-05
4.43913e-05
2.75238e-05
1.23399e-05
2.87493e-05
-9.44622e-07
0.000117304
-4.46603e-06
0.00020922
9.95275e-05
1.35518e-06
-2.34549e-05
2.73184e-07
-2.69922e-05
-6.25012e-07
-3.01269e-05
-1.88276e-06
-3.39591e-05
-4.8497e-06
-3.9344e-05
-8.9431e-06
-4.34997e-05
-1.33756e-05
-4.59977e-05
-1.89e-05
-5.05288e-05
-2.36642e-05
-5.76894e-05
-2.20592e-05
-6.13655e-05
-8.99055e-06
-5.06005e-05
1.88528e-05
-1.85626e-05
5.12411e-05
2.51749e-05
5.87154e-05
4.10791e-05
3.87072e-05
4.75319e-05
-1.51658e-06
6.89731e-05
-2.53335e-05
0.000141121
-1.76393e-05
0.000201526
8.18882e-05
-7.9906e-07
-2.33743e-05
-1.57429e-06
-2.62171e-05
-2.56945e-06
-2.91318e-05
-4.05751e-06
-3.2471e-05
-7.00224e-06
-3.63993e-05
-1.10345e-05
-3.94674e-05
-1.54781e-05
-4.1554e-05
-2.11875e-05
-4.48193e-05
-2.82264e-05
-5.06504e-05
-3.29296e-05
-5.66622e-05
-2.91824e-05
-5.43477e-05
-1.36941e-05
-3.40509e-05
6.98663e-06
4.49417e-06
1.06719e-05
3.73938e-05
-8.18934e-06
6.63931e-05
-4.20148e-05
0.000102799
-5.72618e-05
0.000156368
-3.10962e-05
0.00017536
5.0792e-05
-2.33013e-06
-2.35708e-05
-2.96159e-06
-2.55858e-05
-4.19278e-06
-2.79007e-05
-6.11366e-06
-3.05501e-05
-9.15718e-06
-3.33558e-05
-1.31549e-05
-3.54697e-05
-1.78035e-05
-3.69052e-05
-2.38052e-05
-3.88176e-05
-3.23565e-05
-4.20991e-05
-4.26496e-05
-4.63691e-05
-5.03297e-05
-4.66675e-05
-5.136e-05
-3.30207e-05
-4.88856e-05
2.01971e-06
-5.33036e-05
4.18119e-05
-6.77906e-05
8.08801e-05
-8.36859e-05
0.000118694
-7.72345e-05
0.000149917
-3.16921e-05
0.000129818
1.90999e-05
-3.15679e-06
-2.38758e-05
-3.73536e-06
-2.50074e-05
-5.15375e-06
-2.64824e-05
-7.41923e-06
-2.82847e-05
-1.05974e-05
-3.01776e-05
-1.45595e-05
-3.15075e-05
-1.93538e-05
-3.21108e-05
-2.55726e-05
-3.25987e-05
-3.44625e-05
-3.32091e-05
-4.7352e-05
-3.34796e-05
-6.30588e-05
-3.09608e-05
-7.75414e-05
-1.85381e-05
-8.64524e-05
1.09307e-05
-9.49398e-05
5.02992e-05
-0.000102111
8.80518e-05
-9.99715e-05
0.000116554
-7.33033e-05
0.000123249
-2.27251e-05
7.92393e-05
-3.62522e-06
-3.44862e-06
-2.42289e-05
-3.92142e-06
-2.45347e-05
-5.31304e-06
-2.50909e-05
-7.66772e-06
-2.59301e-05
-1.09201e-05
-2.69253e-05
-1.48488e-05
-2.75788e-05
-1.95607e-05
-2.73989e-05
-2.56571e-05
-2.65023e-05
-3.38939e-05
-2.49724e-05
-4.54876e-05
-2.18859e-05
-6.12946e-05
-1.51538e-05
-7.84332e-05
-1.3995e-06
-9.16175e-05
2.4115e-05
-9.85544e-05
5.72361e-05
-9.76552e-05
8.71526e-05
-8.29501e-05
0.000101849
-4.98482e-05
9.01466e-05
-1.30892e-05
4.24803e-05
-1.67143e-05
-3.40374e-06
-2.45705e-05
-3.70779e-06
-2.42308e-05
-4.82682e-06
-2.39719e-05
-6.92322e-06
-2.38337e-05
-1.00229e-05
-2.38257e-05
-1.38813e-05
-2.37205e-05
-1.83718e-05
-2.29083e-05
-2.39371e-05
-2.0937e-05
-3.11166e-05
-1.77929e-05
-4.00881e-05
-1.29144e-05
-5.09765e-05
-4.26541e-06
-6.31985e-05
1.08224e-05
-7.20025e-05
3.2919e-05
-7.34731e-05
5.87067e-05
-6.56184e-05
7.92979e-05
-4.72502e-05
8.34807e-05
-2.11803e-05
6.40767e-05
-2.29757e-06
2.35976e-05
-1.90119e-05
-3.09159e-06
-2.48156e-05
-3.27524e-06
-2.40472e-05
-4.02686e-06
-2.32204e-05
-5.57119e-06
-2.22894e-05
-8.12073e-06
-2.12762e-05
-1.1644e-05
-2.01973e-05
-1.58687e-05
-1.86836e-05
-2.07805e-05
-1.60252e-05
-2.67766e-05
-1.17968e-05
-3.36878e-05
-6.00328e-06
-4.04471e-05
2.4939e-06
-4.5627e-05
1.60023e-05
-4.71609e-05
3.44528e-05
-4.25209e-05
5.40667e-05
-3.09945e-05
6.77715e-05
-1.49394e-05
6.74257e-05
-2.2782e-07
4.93651e-05
4.21765e-06
1.91522e-05
-1.47942e-05
-2.47185e-06
-2.49179e-05
-2.63196e-06
-2.38872e-05
-3.11174e-06
-2.27407e-05
-4.05691e-06
-2.13443e-05
-5.73351e-06
-1.95996e-05
-8.4136e-06
-1.75172e-05
-1.20982e-05
-1.49989e-05
-1.65029e-05
-1.16205e-05
-2.15191e-05
-6.78059e-06
-2.68844e-05
-6.38104e-07
-3.16006e-05
7.21016e-06
-3.32688e-05
1.76705e-05
-3.02758e-05
3.14598e-05
-2.21825e-05
4.59735e-05
-1.0176e-05
5.5765e-05
1.98585e-06
5.52639e-05
8.82182e-06
4.25292e-05
6.86172e-06
2.11124e-05
-7.93245e-06
-1.54952e-06
-2.49206e-05
-1.70065e-06
-2.37361e-05
-2.01958e-06
-2.24217e-05
-2.54115e-06
-2.08227e-05
-3.3893e-06
-1.87513e-05
-4.86049e-06
-1.6046e-05
-7.33349e-06
-1.25259e-05
-1.09901e-05
-7.96387e-06
-1.58559e-05
-1.91482e-06
-2.11022e-05
4.6082e-06
-2.52009e-05
1.13088e-05
-2.64747e-05
1.89443e-05
-2.31949e-05
2.81801e-05
-1.52422e-05
3.80209e-05
-4.64849e-06
4.51712e-05
4.77935e-06
4.5836e-05
8.95082e-06
3.83578e-05
6.7454e-06
2.33178e-05
-1.18703e-06
-4.90022e-07
-5.59003e-07
-6.92208e-07
-8.95481e-07
-1.17475e-06
-1.59914e-06
-2.40067e-06
-4.16624e-06
-7.28111e-06
-1.13124e-05
-1.51158e-05
-1.74182e-05
-1.6939e-05
-1.31189e-05
-6.9561e-06
-7.83561e-07
2.95794e-06
3.06276e-06
)
;

boundaryField
{
    leftWall
    {
        type            calculated;
        value           uniform 0;
    }
    rightWall
    {
        type            calculated;
        value           uniform 0;
    }
    lowerWall
    {
        type            calculated;
        value           uniform 0;
    }
    atmosphere
    {
        type            calculated;
        value           nonuniform List<scalar> 
46
(
-8.42486e-05
4.46171e-06
3.77589e-05
7.8024e-05
7.87856e-05
8.23627e-05
7.65184e-05
2.96268e-05
-9.74497e-06
-4.70743e-06
-1.05273e-05
-1.68959e-05
-2.24541e-05
-2.66073e-05
-3.05809e-05
-3.22856e-05
-3.27718e-05
-3.23187e-05
-3.1181e-05
-2.98008e-05
-2.83573e-05
-2.69506e-05
-2.56491e-05
-1.17145e-05
-1.14609e-05
-1.12177e-05
-1.09829e-05
-2.49106e-05
-2.36671e-05
-2.22886e-05
-2.06194e-05
-1.8472e-05
-1.56216e-05
-1.17244e-05
-6.19833e-06
1.20001e-06
8.63958e-06
1.51122e-05
2.12468e-05
2.77009e-05
3.42007e-05
3.90084e-05
3.96635e-05
3.46163e-05
2.3213e-05
1.87573e-06
)
;
    }
    defaultFaces
    {
        type            empty;
        value           nonuniform 0();
    }
}


// ************************************************************************* //
