/*--------------------------------*- C++ -*----------------------------------*\
| =========                 |                                                 |
| \\      /  F ield         | OpenFOAM: The Open Source CFD Toolbox           |
|  \\    /   O peration     | Version:  2.3.0                                 |
|   \\  /    A nd           | Web:      www.OpenFOAM.org                      |
|    \\/     M anipulation  |                                                 |
\*---------------------------------------------------------------------------*/
FoamFile
{
    version     2.0;
    format      ascii;
    class       volVectorField;
    location    "2.2";
    object      U;
}
// * * * * * * * * * * * * * * * * * * * * * * * * * * * * * * * * * * * * * //

dimensions      [0 1 -1 0 0 0 0];

internalField   nonuniform List<vector> 
2268
(
(0.02621 -0.0183608 0)
(0.0225762 -0.0046699 0)
(0.00611172 -0.00437338 0)
(0.0904652 -0.00259693 0)
(0.111262 0.0239489 0)
(-0.0139899 0.018323 0)
(-0.0610591 0.00742334 0)
(-0.0891478 0.00931633 0)
(-0.125078 0.00420413 0)
(-0.142736 0.00505477 0)
(-0.169169 0.00470908 0)
(-0.175578 0.00040949 0)
(-0.157427 -0.00675306 0)
(-0.120918 -0.0115661 0)
(-0.0841897 -0.0080771 0)
(-0.0837339 0.00466606 0)
(-0.128506 0.010187 0)
(-0.151513 0.00284748 0)
(-0.141989 -0.00503596 0)
(-0.136307 -0.00292308 0)
(-0.135834 -0.00289275 0)
(-0.10602 -0.0100346 0)
(-0.0419627 -0.015988 0)
(-0.026146 -0.0119413 0)
(-0.0621926 0.0201152 0)
(-0.0149402 -0.0366402 0)
(0.0333983 -0.0479558 0)
(0.130529 0.0362594 0)
(0.0069203 0.0572653 0)
(-0.0799435 0.0273724 0)
(-0.100763 0.0272968 0)
(-0.138037 0.0197724 0)
(-0.163754 0.0178428 0)
(-0.181087 0.00828702 0)
(-0.174437 -0.0053255 0)
(-0.154601 -0.020175 0)
(-0.126245 -0.0257433 0)
(-0.101184 -0.00996612 0)
(-0.107812 0.0156616 0)
(-0.142509 0.0214301 0)
(-0.133281 0.00493572 0)
(-0.114168 -0.0108258 0)
(-0.129509 -0.000906464 0)
(-0.138456 -0.00310951 0)
(-0.110493 -0.0345208 0)
(-0.033343 -0.0572757 0)
(-0.0769283 0.0220716 0)
(-0.0872986 0.0146727 0)
(-0.040479 -0.0658748 0)
(-0.0230294 -0.0764121 0)
(0.0992087 0.0430128 0)
(0.0142127 0.0957028 0)
(-0.0695556 0.0509986 0)
(-0.0887196 0.044956 0)
(-0.133912 0.0352316 0)
(-0.151099 0.0270437 0)
(-0.156384 0.00761436 0)
(-0.137671 -0.010719 0)
(-0.112471 -0.0283212 0)
(-0.0940471 -0.0355535 0)
(-0.0863608 -0.0168223 0)
(-0.0781461 0.0210557 0)
(-0.0929026 0.0244126 0)
(-0.0697952 -0.00129293 0)
(-0.0642849 -0.0135013 0)
(-0.104904 0.00836745 0)
(-0.12063 -0.00504726 0)
(-0.0755983 -0.063627 0)
(0.00191935 -0.0929547 0)
(-0.0913466 0.0588628 0)
(-0.0998173 0.0154313 0)
(-0.0988414 -0.0865783 0)
(-0.082942 -0.111014 0)
(0.0594068 0.0422923 0)
(0.0167789 0.125825 0)
(-0.0536695 0.072955 0)
(-0.0809871 0.0636004 0)
(-0.13012 0.0510278 0)
(-0.13428 0.0315169 0)
(-0.121309 0.000252374 0)
(-0.0874412 -0.02284 0)
(-0.0561745 -0.0375529 0)
(-0.0348516 -0.0371679 0)
(-0.043537 -0.0200245 0)
(-0.038405 0.0146833 0)
(-0.0279221 0.0226084 0)
(-0.00568079 -0.0007099 0)
(-0.0165569 -0.00278336 0)
(-0.0697376 0.0202802 0)
(-0.0779727 -0.0122999 0)
(-0.00557248 -0.0844999 0)
(0.0397763 -0.0963485 0)
(-0.0838656 0.0965246 0)
(-0.0892843 0.0261543 0)
(-0.103948 -0.0954999 0)
(-0.105564 -0.14323 0)
(0.0116641 0.0101905 0)
(0.0262077 0.143152 0)
(-0.0313802 0.0942166 0)
(-0.0634114 0.0818589 0)
(-0.115288 0.0599329 0)
(-0.112539 0.0245511 0)
(-0.0814328 -0.0213653 0)
(-0.0357457 -0.0428288 0)
(-0.00238441 -0.0517626 0)
(0.0159229 -0.0428346 0)
(0.0152129 -0.017184 0)
(0.00115962 0.00880992 0)
(0.0139426 0.0100402 0)
(0.0303802 -0.00245966 0)
(0.0158884 0.0103849 0)
(-0.040907 0.0336798 0)
(-0.0270224 -0.0289234 0)
(0.062188 -0.109439 0)
(0.064447 -0.0738459 0)
(-0.06081 0.126908 0)
(-0.0420188 0.0417427 0)
(-0.0448603 -0.0894542 0)
(-0.0696454 -0.154834 0)
(-0.0408708 -0.0210091 0)
(0.0481416 0.143895 0)
(-0.00295985 0.110247 0)
(-0.00267811 0.102576 0)
(-0.0535654 0.0771964 0)
(-0.0331317 0.0132189 0)
(0.000534657 -0.0448403 0)
(0.0299206 -0.0615804 0)
(0.0461344 -0.0619655 0)
(0.052086 -0.047607 0)
(0.0518368 -0.0150441 0)
(0.0368135 0.0115536 0)
(0.0330668 0.00661947 0)
(0.0366219 0.0034097 0)
(0.022345 0.0224287 0)
(-0.0216388 0.0332979 0)
(0.0521252 -0.0576846 0)
(0.0778664 -0.117619 0)
(0.0664108 -0.0440474 0)
(-0.0241549 0.141419 0)
(0.0277883 0.0317252 0)
(0.0509182 -0.0805152 0)
(0.0330213 -0.139195 0)
(-0.0490624 -0.0554215 0)
(0.0775827 0.135833 0)
(0.0517186 0.11943 0)
(0.065826 0.0984785 0)
(0.0628865 0.0779745 0)
(0.10248 0.00398276 0)
(0.119658 -0.0541992 0)
(0.101464 -0.0618104 0)
(0.0752285 -0.0577375 0)
(0.0590406 -0.0464831 0)
(0.0594218 -0.0122287 0)
(0.0509763 0.0158435 0)
(0.0337632 0.00921001 0)
(0.0192373 0.00986232 0)
(0.00365559 0.0339855 0)
(-0.0249077 0.0403955 0)
(0.0978536 -0.0828895 0)
(0.0290932 -0.106307 0)
(0.0345873 -0.00848598 0)
(0.0253053 0.131267 0)
(0.102374 0.0238884 0)
(0.150794 -0.0817966 0)
(0.147337 -0.11033 0)
(0.0412376 -0.0677149 0)
(0.102508 0.0990266 0)
(0.13864 0.12564 0)
(0.170294 0.111197 0)
(0.201429 0.0831987 0)
(0.22573 0.000495905 0)
(0.190096 -0.0480712 0)
(0.118713 -0.0403965 0)
(0.0527722 -0.0357042 0)
(0.0209921 -0.0387586 0)
(0.0314654 -0.0116131 0)
(0.0403574 0.0203271 0)
(0.0176015 0.0214995 0)
(-0.0162442 0.0269584 0)
(-0.0236193 0.0389531 0)
(0.00729445 -0.0311246 0)
(0.036872 -0.0931355 0)
(-0.0811302 -0.082281 0)
(-0.0348992 -0.0291105 0)
(0.0536572 -0.0227409 0)
(0.0358634 0.00884744 0)
(-0.109799 0.0217765 0)
(-0.16902 0.0177673 0)
(-0.289926 0.0364914 0)
(-0.42282 0.025891 0)
(-0.380803 -0.018337 0)
(-0.212535 -0.0403931 0)
(-0.0780557 -0.0292492 0)
(0.00404036 -0.0155026 0)
(0.0440684 -0.00703134 0)
(0.0543992 0.00684679 0)
(-0.00604165 0.0154081 0)
(-0.0977309 0.0192151 0)
(-0.17105 0.0191771 0)
(-0.196024 0.00626327 0)
(-0.173885 -0.00701592 0)
(-0.134183 -0.012585 0)
(-0.0530074 -0.0251745 0)
(0.0168411 -0.016707 0)
(-0.111582 0.0667884 0)
(-0.314548 0.0680667 0)
(-0.396767 0.0620311 0)
(-0.46935 0.0649927 0)
(-0.448486 0.0128956 0)
(-0.299374 -0.0738663 0)
(-0.15851 -0.105072 0)
(-0.0498869 -0.0721672 0)
(0.00794259 -0.0332231 0)
(0.0137699 -0.0139966 0)
(0.00975703 0.0167741 0)
(-0.0238337 0.048914 0)
(-0.116196 0.0432985 0)
(-0.14871 0.0194025 0)
(-0.120502 -0.007308 0)
(-0.112782 -0.0233907 0)
(-0.103511 -0.0373667 0)
(-0.0287291 -0.069557 0)
(-0.0331095 0.0264159 0)
(-0.17023 0.133505 0)
(-0.320829 0.119949 0)
(-0.375992 0.0798534 0)
(-0.416212 0.0526367 0)
(-0.347734 -0.0234254 0)
(-0.235377 -0.131203 0)
(-0.126423 -0.160674 0)
(-0.0527709 -0.104965 0)
(-0.00957615 -0.0415351 0)
(-0.00649448 -0.00813122 0)
(-0.0206355 0.0234557 0)
(-0.0158203 0.0625746 0)
(-0.0324175 0.0657447 0)
(-0.0151504 0.0273613 0)
(0.0248853 -0.00428207 0)
(0.0162154 -0.0113066 0)
(-0.0361092 -0.0322326 0)
(0.00805615 -0.0883606 0)
(-0.0569733 0.0704009 0)
(-0.153646 0.182611 0)
(-0.192942 0.165261 0)
(-0.177913 0.102466 0)
(-0.309643 0.0480409 0)
(-0.272498 -0.049416 0)
(-0.181221 -0.173667 0)
(-0.113496 -0.196084 0)
(-0.0935151 -0.122271 0)
(-0.0585707 -0.0493307 0)
(-0.0390976 -0.00656067 0)
(-0.0385141 0.0238702 0)
(-0.0243409 0.0519955 0)
(0.00463058 0.051617 0)
(0.035744 0.00879402 0)
(0.0400446 -0.017463 0)
(0.0650482 -0.00548476 0)
(0.0288168 -0.014128 0)
(0.0358652 -0.0789254 0)
(-0.0678216 0.107778 0)
(-0.101129 0.193655 0)
(-0.0169219 0.16055 0)
(0.0742156 0.141332 0)
(-0.143681 0.086161 0)
(-0.198147 -0.056322 0)
(-0.127612 -0.202245 0)
(-0.116291 -0.207479 0)
(-0.145837 -0.125114 0)
(-0.119575 -0.057791 0)
(-0.0913473 -0.0118861 0)
(-0.0694418 0.0210172 0)
(-0.042398 0.0423183 0)
(-0.0114438 0.0358674 0)
(0.000947567 0.00616868 0)
(-0.0102242 -0.0205786 0)
(0.0140955 -0.0104534 0)
(0.0286388 -0.0185237 0)
(0.0464157 -0.0631319 0)
(-0.0696868 0.138758 0)
(-0.0410836 0.167116 0)
(0.15113 0.102739 0)
(0.256058 0.15432 0)
(0.0790932 0.152984 0)
(-0.104315 -0.026103 0)
(-0.0743862 -0.208314 0)
(-0.129976 -0.19561 0)
(-0.196236 -0.116675 0)
(-0.19411 -0.0659681 0)
(-0.174368 -0.0238985 0)
(-0.139754 0.00734832 0)
(-0.0934866 0.025604 0)
(-0.0519035 0.0259663 0)
(-0.0362179 0.00899358 0)
(-0.0460392 -0.0180546 0)
(-0.0304111 -0.0228494 0)
(0.0121599 -0.0327523 0)
(0.0425779 -0.0498252 0)
(-0.0692169 0.147856 0)
(0.0640484 0.0885284 0)
(0.215675 0.0234443 0)
(0.305742 0.148073 0)
(0.214309 0.213866 0)
(-0.0136157 0.0292947 0)
(-0.0302691 -0.185141 0)
(-0.15278 -0.163236 0)
(-0.243422 -0.0978674 0)
(-0.275221 -0.064547 0)
(-0.276495 -0.0325843 0)
(-0.2401 -0.00852193 0)
(-0.186086 0.00395164 0)
(-0.132354 0.00910989 0)
(-0.0999209 0.00209023 0)
(-0.0895491 -0.0190015 0)
(-0.0681431 -0.0356787 0)
(-0.0212364 -0.0529228 0)
(0.0289483 -0.0425505 0)
(-0.0477495 0.162523 0)
(0.171421 0.0167895 0)
(0.176545 0.00206059 0)
(0.211041 0.168498 0)
(0.230089 0.271649 0)
(0.0349577 0.0975851 0)
(-0.0186286 -0.139339 0)
(-0.184462 -0.11458 0)
(-0.28695 -0.0658645 0)
(-0.346083 -0.0460625 0)
(-0.369276 -0.0311638 0)
(-0.346072 -0.0242587 0)
(-0.295537 -0.0195502 0)
(-0.234707 -0.0129293 0)
(-0.183341 -0.00990187 0)
(-0.153454 -0.0216959 0)
(-0.12726 -0.0445895 0)
(-0.0727528 -0.069865 0)
(0.00960976 -0.0457336 0)
(0.0753802 0.0343444 0)
(0.187153 -0.00979754 0)
(0.226737 -0.077567 0)
(0.191714 -0.0748783 0)
(0.0934418 -0.0227451 0)
(0.0824656 0.0600124 0)
(0.17035 0.0611254 0)
(0.261454 0.0477399 0)
(0.297645 0.0345906 0)
(0.219079 0.0201643 0)
(0.076061 0.0267735 0)
(-0.024253 0.0333781 0)
(-0.0794905 -0.00194088 0)
(-0.0847025 -0.0330596 0)
(-0.0561624 -0.0136141 0)
(-0.0118942 0.0288851 0)
(0.0128203 0.0407044 0)
(0.00168453 0.026316 0)
(-0.0197072 0.0267283 0)
(-0.0651856 0.0550928 0)
(-0.210036 0.0059722 0)
(-0.253852 -0.0706622 0)
(-0.235767 -0.0188341 0)
(0.0673176 -0.160002 0)
(0.135032 -0.134619 0)
(0.0873866 -0.0907169 0)
(0.0104902 -0.0211355 0)
(-0.0546771 0.0321091 0)
(-0.0034432 0.00925624 0)
(0.0632024 -0.0688573 0)
(0.00958588 0.0045219 0)
(-0.0657384 0.155319 0)
(-0.20372 0.157115 0)
(-0.271963 0.103624 0)
(-0.272458 0.063718 0)
(-0.251483 0.00736028 0)
(-0.211945 -0.0612866 0)
(-0.156264 -0.0930141 0)
(-0.104648 -0.0674544 0)
(-0.077497 -0.0111321 0)
(-0.135481 0.0687918 0)
(-0.27198 0.142528 0)
(-0.40361 0.138219 0)
(-0.497586 0.0371221 0)
(-0.52598 -0.0386968 0)
(-0.526642 -0.0428447 0)
(-0.105191 -0.164829 0)
(-0.0666019 0.0760995 0)
(-0.485828 0.0775804 0)
(-0.441867 0.0440883 0)
(-0.424255 -0.00203539 0)
(-0.407862 -0.0292269 0)
(-0.373165 0.0516538 0)
(-0.417683 0.163938 0)
(-0.514077 0.281008 0)
(-0.606527 0.211108 0)
(-0.634885 0.082627 0)
(-0.610837 -0.000870323 0)
(-0.534426 -0.0984098 0)
(-0.424475 -0.147749 0)
(-0.330211 -0.140672 0)
(-0.277211 -0.0671531 0)
(-0.300531 0.0711624 0)
(-0.365278 0.202271 0)
(-0.49504 0.258686 0)
(-0.619247 0.179056 0)
(-0.672367 0.0338905 0)
(-0.631581 -0.044546 0)
(-0.559627 -0.0498559 0)
(-0.311632 -0.0301656 0)
(0.177416 0.428972 0)
(-0.695008 0.258145 0)
(-0.602403 -0.0244309 0)
(-0.887871 0.0307427 0)
(-1.08653 -0.0192915 0)
(-1.19649 0.0319058 0)
(-1.257 0.245913 0)
(-1.08077 0.371567 0)
(-0.982517 0.300383 0)
(-0.924127 0.137697 0)
(-0.861843 -0.00894575 0)
(-0.765637 -0.199787 0)
(-0.666567 -0.239722 0)
(-0.503343 -0.179245 0)
(-0.419493 0.000741915 0)
(-0.389155 0.160798 0)
(-0.460497 0.310071 0)
(-0.589064 0.369079 0)
(-0.72488 0.274168 0)
(-0.809937 0.0679522 0)
(-0.692011 -0.164439 0)
(-0.590825 -0.138117 0)
(-0.541016 -0.0225605 0)
(-0.638449 0.796969 0)
(-1.0859 0.39851 0)
(-1.14602 0.246712 0)
(-1.24525 0.217181 0)
(-1.27555 0.143658 0)
(-1.28775 0.0782612 0)
(-1.28701 0.0402771 0)
(-1.22279 0.0930116 0)
(-1.11354 0.0936112 0)
(-0.996091 0.0138894 0)
(-0.844896 -0.123384 0)
(-0.604667 -0.293671 0)
(-0.281005 -0.217923 0)
(-0.220032 -0.468245 0)
(-0.454589 -0.140205 0)
(-0.491186 0.106787 0)
(-0.545231 0.41611 0)
(-0.646462 0.535287 0)
(-0.621357 0.430308 0)
(-0.554565 0.207606 0)
(-0.707584 -0.209013 0)
(-0.756318 -0.207002 0)
(-0.473115 0.670966 0)
(-0.762452 1.08944 0)
(-1.06478 0.588515 0)
(-1.19838 0.32131 0)
(-1.28505 0.184395 0)
(-1.30201 0.107042 0)
(-1.29698 0.115728 0)
(-1.2915 0.115679 0)
(-1.24215 0.0867158 0)
(-1.13932 -0.00649193 0)
(-0.9968 -0.178264 0)
(-0.83105 -0.419037 0)
(-0.654717 -0.661884 0)
(-0.469225 -0.645639 0)
(-0.166899 -0.194935 0)
(-0.209589 0.0840111 0)
(-0.522168 0.158976 0)
(-0.608575 0.466578 0)
(-0.580924 0.485919 0)
(-0.450559 0.313295 0)
(-0.309623 0.146204 0)
(-0.275371 -0.0131496 0)
(-0.3157 -0.268277 0)
(-0.359015 1.27825 0)
(-0.581876 1.39392 0)
(-0.804431 0.848892 0)
(-0.988217 0.520897 0)
(-1.12861 0.329687 0)
(-1.20333 0.199385 0)
(-1.19332 0.133895 0)
(-1.09971 0.0581839 0)
(-0.966896 -0.0333814 0)
(-0.8274 -0.142755 0)
(-0.690015 -0.289912 0)
(-0.570747 -0.490843 0)
(-0.505 -0.733979 0)
(-0.444095 -0.831798 0)
(-0.282104 -0.526951 0)
(-0.0528154 0.222946 0)
(-0.360482 0.34044 0)
(-0.455508 0.443645 0)
(-0.420643 0.36877 0)
(-0.326007 0.139895 0)
(-0.264107 -0.0768633 0)
(-0.200124 -0.087889 0)
(-0.237426 0.026956 0)
(-0.253238 1.65992 0)
(-0.366218 1.61684 0)
(-0.533992 1.06025 0)
(-0.727095 0.674906 0)
(-0.871061 0.400857 0)
(-0.914431 0.168164 0)
(-0.869669 -0.00053572 0)
(-0.778616 -0.111317 0)
(-0.680489 -0.191011 0)
(-0.588928 -0.280707 0)
(-0.479996 -0.422224 0)
(-0.372281 -0.582002 0)
(-0.370894 -0.721898 0)
(-0.390211 -0.871423 0)
(-0.292844 -0.687229 0)
(0.00588789 0.193697 0)
(-0.0973373 0.557209 0)
(-0.193883 0.51055 0)
(-0.222059 0.322688 0)
(-0.0635546 0.0958007 0)
(-0.0334662 -0.0544524 0)
(-0.0830459 -0.111322 0)
(-0.142161 0.0836132 0)
(-0.162593 1.85592 0)
(-0.177078 1.75829 0)
(-0.307496 1.21835 0)
(-0.47515 0.813936 0)
(-0.590463 0.498671 0)
(-0.615903 0.214129 0)
(-0.576667 -0.0105003 0)
(-0.50065 -0.165034 0)
(-0.421373 -0.252781 0)
(-0.372123 -0.344551 0)
(-0.279947 -0.52492 0)
(-0.193759 -0.660294 0)
(-0.244892 -0.691118 0)
(-0.292179 -0.856196 0)
(-0.251741 -0.752126 0)
(-0.19321 -0.091503 0)
(0.111415 0.630521 0)
(0.0446861 0.592935 0)
(0.00199571 0.33736 0)
(0.143524 0.0841756 0)
(0.177541 -0.0156338 0)
(0.0827893 -0.0166865 0)
(-0.0531691 0.139787 0)
(-0.0679108 1.94579 0)
(0.00548045 1.81692 0)
(-0.104043 1.34675 0)
(-0.230161 0.943431 0)
(-0.335101 0.586529 0)
(-0.368385 0.231271 0)
(-0.355304 -0.0724481 0)
(-0.294893 -0.257074 0)
(-0.212169 -0.335537 0)
(-0.160548 -0.399177 0)
(-0.0609575 -0.570078 0)
(-0.0296513 -0.661425 0)
(-0.134351 -0.642284 0)
(-0.187814 -0.800271 0)
(-0.19205 -0.76589 0)
(-0.28084 -0.330091 0)
(0.175719 0.484124 0)
(0.147115 0.603446 0)
(0.110245 0.263045 0)
(0.159713 -0.0125456 0)
(0.245876 -0.00525321 0)
(0.140526 0.102948 0)
(-0.0539338 0.228173 0)
(0.0510203 1.87353 0)
(0.198239 1.87426 0)
(0.0955726 1.42612 0)
(0.0109088 1.04025 0)
(-0.0906312 0.658515 0)
(-0.137682 0.247557 0)
(-0.152164 -0.1119 0)
(-0.113033 -0.351918 0)
(-0.0460371 -0.446791 0)
(0.0347407 -0.49726 0)
(0.122529 -0.592346 0)
(0.116815 -0.619943 0)
(0.00532209 -0.573802 0)
(-0.0509506 -0.721604 0)
(-0.115112 -0.703769 0)
(-0.244349 -0.44353 0)
(0.13084 0.200645 0)
(0.225122 0.599959 0)
(0.224271 0.260895 0)
(0.125798 -0.0680197 0)
(0.219497 -0.0338516 0)
(0.114171 0.217706 0)
(-0.0861538 0.28349 0)
(0.19059 1.6093 0)
(0.429023 1.91387 0)
(0.365265 1.50746 0)
(0.275926 1.10573 0)
(0.188633 0.712525 0)
(0.145428 0.281325 0)
(0.140902 -0.120829 0)
(0.163677 -0.41657 0)
(0.188687 -0.539445 0)
(0.256464 -0.567538 0)
(0.294038 -0.596951 0)
(0.272748 -0.581341 0)
(0.184693 -0.509391 0)
(0.10315 -0.609468 0)
(0.0209878 -0.626308 0)
(-0.107383 -0.433889 0)
(-0.0448563 -0.161191 0)
(0.251676 0.48586 0)
(0.34963 0.377598 0)
(0.213697 -0.0262031 0)
(0.129677 0.105645 0)
(-0.00821554 0.355484 0)
(-0.0332113 0.296969 0)
(0.290239 1.14381 0)
(0.664486 1.80608 0)
(0.741433 1.61647 0)
(0.675332 1.21889 0)
(0.592587 0.794496 0)
(0.554822 0.345901 0)
(0.553348 -0.0892269 0)
(0.542224 -0.425601 0)
(0.502558 -0.565659 0)
(0.489598 -0.57961 0)
(0.47334 -0.578689 0)
(0.428248 -0.538254 0)
(0.350524 -0.443392 0)
(0.272815 -0.49309 0)
(0.191114 -0.548266 0)
(0.12429 -0.31447 0)
(-0.0835071 -0.215286 0)
(0.194181 0.293456 0)
(0.386263 0.362271 0)
(0.244889 0.116408 0)
(0.0780982 0.233853 0)
(-0.0749252 0.423176 0)
(-0.0145528 0.367306 0)
(0.231435 0.548531 0)
(0.738606 1.41144 0)
(1.03147 1.56385 0)
(1.10867 1.31194 0)
(1.08599 0.903086 0)
(1.05434 0.437363 0)
(1.012 -0.0234713 0)
(0.920121 -0.362022 0)
(0.791781 -0.49068 0)
(0.693698 -0.518288 0)
(0.625454 -0.523482 0)
(0.555975 -0.476553 0)
(0.478108 -0.38708 0)
(0.434484 -0.401538 0)
(0.374368 -0.471867 0)
(0.341819 -0.261158 0)
(0.0248819 -0.145944 0)
(0.0548751 0.0864344 0)
(0.271669 0.287491 0)
(0.209608 0.252427 0)
(0.00242661 0.365393 0)
(-0.0772835 0.475713 0)
(-0.245942 0.571497 0)
(0.0335173 0.150568 0)
(0.552072 0.882325 0)
(1.00095 1.24756 0)
(1.25849 1.20242 0)
(1.35911 0.90448 0)
(1.36217 0.490623 0)
(1.29151 0.0732993 0)
(1.13106 -0.215597 0)
(0.935343 -0.334708 0)
(0.801989 -0.402195 0)
(0.705404 -0.434087 0)
(0.614624 -0.398429 0)
(0.549491 -0.340321 0)
(0.541763 -0.3632 0)
(0.49354 -0.399893 0)
(0.441623 -0.138259 0)
(0.15776 0.0785623 0)
(-0.0292783 -0.0130513 0)
(0.166579 0.247275 0)
(0.0797275 0.37229 0)
(-0.122259 0.510817 0)
(-0.205548 0.674329 0)
(-0.480616 0.797522 0)
(-0.0762285 0.0120904 0)
(0.238365 0.43308 0)
(0.68152 0.811569 0)
(1.0335 0.911993 0)
(1.23946 0.766141 0)
(1.30284 0.480867 0)
(1.23938 0.181983 0)
(1.08412 -0.0452243 0)
(0.922238 -0.192997 0)
(0.793325 -0.288072 0)
(0.690875 -0.336137 0)
(0.600147 -0.328903 0)
(0.553815 -0.314628 0)
(0.56495 -0.349389 0)
(0.492572 -0.319285 0)
(0.39308 0.0487296 0)
(0.178186 0.307784 0)
(-0.046738 0.0284424 0)
(0.0284466 0.267702 0)
(-0.0594623 0.506252 0)
(-0.232833 0.666424 0)
(-0.300656 0.886975 0)
(-0.486442 0.956688 0)
(-0.108388 0.0270555 0)
(-0.0226168 0.173582 0)
(0.298232 0.436514 0)
(0.641681 0.605444 0)
(0.881614 0.595677 0)
(0.986325 0.453676 0)
(0.972094 0.26233 0)
(0.895237 0.0785472 0)
(0.803161 -0.0721339 0)
(0.701488 -0.171719 0)
(0.600938 -0.234562 0)
(0.518681 -0.259191 0)
(0.503134 -0.311069 0)
(0.493575 -0.330024 0)
(0.383527 -0.210525 0)
(0.234451 0.240521 0)
(0.0740226 0.483114 0)
(-0.0839587 0.110982 0)
(-0.0802557 0.311358 0)
(-0.109627 0.619421 0)
(-0.214366 0.783233 0)
(-0.179685 0.974811 0)
(-0.229567 1.0006 0)
(-0.125725 0.120366 0)
(-0.0641073 0.0526473 0)
(0.0927581 0.12272 0)
(0.34214 0.319813 0)
(0.544162 0.424505 0)
(0.649368 0.385844 0)
(0.680848 0.263995 0)
(0.661894 0.130354 0)
(0.603419 -0.0322649 0)
(0.552668 -0.0906272 0)
(0.449219 -0.143904 0)
(0.437794 -0.223165 0)
(0.386667 -0.286914 0)
(0.323905 -0.248733 0)
(0.115605 -0.0132441 0)
(0.0551415 0.423365 0)
(-0.0204246 0.561783 0)
(-0.0723931 0.199022 0)
(-0.11256 0.271687 0)
(-0.0741477 0.653953 0)
(-0.0339875 0.785098 0)
(0.110828 0.921688 0)
(0.213424 0.897368 0)
(-0.081441 0.188775 0)
(0.105637 -0.0711526 0)
(0.114308 -0.0638694 0)
(0.190994 0.155102 0)
(0.2664 0.326012 0)
(0.298004 0.332972 0)
(0.307021 0.227879 0)
(0.375847 0.176685 0)
(0.274316 0.0829295 0)
(0.315512 -0.046055 0)
(0.36163 -0.13461 0)
(0.326691 -0.197124 0)
(0.190522 -0.190357 0)
(-0.000503049 -0.0517836 0)
(-0.0638712 0.113021 0)
(-0.0439793 0.464695 0)
(-0.0207208 0.561231 0)
(0.00802759 0.283956 0)
(-0.0603733 0.207333 0)
(-0.0118817 0.527449 0)
(0.158249 0.62267 0)
(0.390068 0.723888 0)
(0.597035 0.674325 0)
(0.00451626 0.147009 0)
(0.118092 -0.129183 0)
(-0.0274596 0.00950922 0)
(-0.0826493 0.274157 0)
(-0.134477 0.371071 0)
(-0.042184 0.3038 0)
(0.0126653 0.200219 0)
(0.152479 0.129675 0)
(0.258938 -0.0135304 0)
(0.222923 -0.158929 0)
(0.19612 -0.0942499 0)
(-0.00153804 -0.0125414 0)
(-0.0681082 -0.0220515 0)
(-0.120201 -0.0293872 0)
(-0.135892 0.10143 0)
(-0.0696942 0.370038 0)
(0.0389746 0.474715 0)
(0.113662 0.314686 0)
(0.111895 0.267092 0)
(0.145566 0.327914 0)
(0.313579 0.381897 0)
(0.525785 0.447491 0)
(0.748545 0.405448 0)
(0.0387799 0.0590366 0)
(0.0123797 -0.0535763 0)
(-0.219024 0.193107 0)
(-0.321123 0.378484 0)
(-0.269457 0.282365 0)
(-0.0520724 0.104315 0)
(0.105859 0.00833222 0)
(0.147909 -0.0605604 0)
(0.100063 0.0673165 0)
(-0.111779 0.0326551 0)
(-0.0986884 0.0591781 0)
(-0.106222 0.000523186 0)
(-0.121106 -0.0188181 0)
(-0.158819 -0.00772499 0)
(-0.158476 0.0695353 0)
(-0.0765498 0.225341 0)
(0.0729214 0.319032 0)
(0.18147 0.260802 0)
(0.243299 0.244861 0)
(0.315282 0.258157 0)
(0.437568 0.260455 0)
(0.58865 0.254333 0)
(0.762967 0.202598 0)
(0.0634989 0.0993357 0)
(0.0279483 0.113755 0)
(-0.22317 0.3369 0)
(-0.288773 0.352549 0)
(-0.122895 0.0581719 0)
(0.0639861 -0.11595 0)
(-0.0169932 0.0639415 0)
(-0.207589 0.175618 0)
(-0.229465 0.142163 0)
(-0.192748 -0.00654714 0)
(-0.146176 -0.0404102 0)
(-0.125557 0.000758249 0)
(-0.128041 0.0232942 0)
(-0.147889 0.0158119 0)
(-0.146261 0.0414147 0)
(-0.0851269 0.107797 0)
(0.0393804 0.161594 0)
(0.150191 0.150485 0)
(0.238824 0.146493 0)
(0.329093 0.154742 0)
(0.429853 0.144892 0)
(0.544202 0.117724 0)
(0.66547 0.0556724 0)
(0.0910926 -0.081295 0)
(0.206758 0.245778 0)
(-0.0832052 0.469909 0)
(-0.141318 0.329079 0)
(0.0174728 -0.116902 0)
(-0.10808 0.0498462 0)
(-0.321082 0.263039 0)
(-0.384606 0.195966 0)
(-0.322987 0.0426937 0)
(-0.307232 -0.0254969 0)
(-0.318929 -0.0376373 0)
(-0.298589 -0.0219239 0)
(-0.246886 0.00587709 0)
(-0.18633 0.00698832 0)
(-0.124835 0.0210257 0)
(-0.0621531 0.0422838 0)
(0.0221312 0.0614005 0)
(0.110069 0.0634809 0)
(0.185923 0.0627547 0)
(0.258764 0.0599621 0)
(0.335709 0.044276 0)
(0.41854 0.0113688 0)
(0.500876 -0.0466159 0)
(-0.023489 -0.212701 0)
(0.193315 0.252905 0)
(-0.00418627 0.592004 0)
(-0.0309856 0.352105 0)
(-0.0213897 -0.0290151 0)
(-0.287554 0.285553 0)
(-0.440887 0.338346 0)
(-0.41413 0.149805 0)
(-0.426943 0.0366199 0)
(-0.50225 0.0100926 0)
(-0.54348 -0.0132867 0)
(-0.516864 -0.0448973 0)
(-0.417102 -0.0801199 0)
(-0.283128 -0.091723 0)
(-0.14504 -0.0684047 0)
(-0.0213689 -0.0311249 0)
(0.0794905 -0.0111944 0)
(0.155794 0.00140966 0)
(0.214411 0.00623623 0)
(0.262802 0.00115806 0)
(0.309126 -0.0181886 0)
(0.358602 -0.0554278 0)
(0.409384 -0.114854 0)
(-0.0621575 -0.302267 0)
(0.125434 0.274605 0)
(-0.0366208 0.681264 0)
(-0.000949747 0.360671 0)
(-0.0749881 0.144154 0)
(-0.373343 0.480237 0)
(-0.458174 0.367897 0)
(-0.480387 0.175221 0)
(-0.589717 0.132958 0)
(-0.685502 0.0994281 0)
(-0.699975 -0.0106815 0)
(-0.620246 -0.138669 0)
(-0.479829 -0.232041 0)
(-0.307268 -0.264978 0)
(-0.129898 -0.238686 0)
(0.027054 -0.171868 0)
(0.150407 -0.111567 0)
(0.231846 -0.06158 0)
(0.280425 -0.0330429 0)
(0.30736 -0.0297152 0)
(0.324405 -0.0488551 0)
(0.340336 -0.0866223 0)
(0.356124 -0.144132 0)
(-0.0558288 -0.291721 0)
(0.0292776 0.343306 0)
(-0.101523 0.710452 0)
(-0.007785 0.353452 0)
(-0.125261 0.3599 0)
(-0.391681 0.642247 0)
(-0.460901 0.436506 0)
(-0.548426 0.274267 0)
(-0.671173 0.235152 0)
(-0.723035 0.12105 0)
(-0.688556 -0.0795185 0)
(-0.589957 -0.27331 0)
(-0.444933 -0.411814 0)
(-0.264651 -0.467668 0)
(-0.0744663 -0.431305 0)
(0.0945072 -0.326769 0)
(0.221704 -0.219144 0)
(0.301884 -0.125178 0)
(0.340778 -0.0617497 0)
(0.350019 -0.0377522 0)
(0.342155 -0.0483063 0)
(0.328505 -0.0844232 0)
(0.313634 -0.139797 0)
(-0.0348807 -0.227328 0)
(-0.0642644 0.41204 0)
(-0.127016 0.676546 0)
(-0.0220601 0.365805 0)
(-0.155445 0.567508 0)
(-0.372743 0.779178 0)
(-0.435116 0.525322 0)
(-0.529981 0.367465 0)
(-0.607214 0.286727 0)
(-0.608189 0.102679 0)
(-0.550378 -0.158995 0)
(-0.459343 -0.398083 0)
(-0.331082 -0.582618 0)
(-0.174338 -0.668155 0)
(-0.00559152 -0.625994 0)
(0.153126 -0.488605 0)
(0.280982 -0.325695 0)
(0.357312 -0.17819 0)
(0.38291 -0.0751147 0)
(0.37328 -0.0276738 0)
(0.344333 -0.0260396 0)
(0.30884 -0.0576046 0)
(0.274076 -0.110533 0)
(-0.00400394 -0.231073 0)
(-0.107802 0.458674 0)
(-0.114297 0.620617 0)
(-0.0188635 0.400878 0)
(-0.13421 0.738415 0)
(-0.299936 0.889026 0)
(-0.344236 0.608506 0)
(-0.407113 0.426929 0)
(-0.427489 0.297171 0)
(-0.385015 0.0679449 0)
(-0.31246 -0.220725 0)
(-0.246984 -0.481999 0)
(-0.147189 -0.709371 0)
(-0.0417018 -0.81872 0)
(0.074909 -0.779152 0)
(0.196087 -0.630877 0)
(0.302781 -0.428059 0)
(0.37125 -0.225957 0)
(0.388989 -0.0749809 0)
(0.365849 0.00137123 0)
(0.321554 0.01387 0)
(0.273539 -0.0170748 0)
(0.232409 -0.0715634 0)
(0.000580331 -0.165791 0)
(-0.0919129 0.510564 0)
(-0.0991011 0.551349 0)
(0.00402652 0.40876 0)
(-0.0457027 0.837269 0)
(-0.154957 0.973906 0)
(-0.178568 0.668184 0)
(-0.20773 0.440925 0)
(-0.185372 0.2641 0)
(-0.114755 0.010678 0)
(-0.0398778 -0.268085 0)
(-0.0130828 -0.52053 0)
(0.0442898 -0.774278 0)
(0.0881611 -0.902061 0)
(0.142169 -0.874429 0)
(0.210857 -0.726872 0)
(0.277369 -0.503181 0)
(0.325203 -0.262286 0)
(0.33746 -0.0678308 0)
(0.311806 0.0384457 0)
(0.265442 0.0602391 0)
(0.218268 0.0259322 0)
(0.183293 -0.0353606 0)
(-0.0463215 -0.130734 0)
(-0.0420046 0.588074 0)
(-0.0995264 0.473743 0)
(-0.00990797 0.376651 0)
(0.0438784 0.853662 0)
(0.0320441 1.01679 0)
(0.0514681 0.72298 0)
(0.0546296 0.444236 0)
(0.0937258 0.218034 0)
(0.157884 -0.0428825 0)
(0.197772 -0.294458 0)
(0.182405 -0.528441 0)
(0.18557 -0.781972 0)
(0.173425 -0.924491 0)
(0.164807 -0.909737 0)
(0.176405 -0.76945 0)
(0.197522 -0.539621 0)
(0.219703 -0.277896 0)
(0.226872 -0.0563627 0)
(0.208362 0.0696419 0)
(0.175293 0.0972161 0)
(0.143974 0.0583966 0)
(0.126168 -0.0106824 0)
(-0.114536 -0.119293 0)
(0.0439735 0.658145 0)
(-0.0810627 0.456078 0)
(-0.0415912 0.319518 0)
(0.0462432 0.768841 0)
(0.169413 0.956531 0)
(0.266472 0.72361 0)
(0.319704 0.433838 0)
(0.363287 0.183465 0)
(0.388883 -0.0556719 0)
(0.36905 -0.275087 0)
(0.302486 -0.492152 0)
(0.260309 -0.744859 0)
(0.201083 -0.891486 0)
(0.134414 -0.88451 0)
(0.0943525 -0.758258 0)
(0.0730723 -0.53542 0)
(0.0718913 -0.271223 0)
(0.0769808 -0.0430458 0)
(0.0738164 0.0850923 0)
(0.0667241 0.111313 0)
(0.0627297 0.0688181 0)
(0.0691784 -0.00344648 0)
(-0.150016 -0.098339 0)
(0.111085 0.628187 0)
(0.0101699 0.520548 0)
(-0.0100921 0.32151 0)
(-0.0239539 0.607188 0)
(0.196122 0.773121 0)
(0.358509 0.603345 0)
(0.461013 0.359893 0)
(0.508632 0.146393 0)
(0.503026 -0.041425 0)
(0.436573 -0.213151 0)
(0.33766 -0.423425 0)
(0.276578 -0.675634 0)
(0.177111 -0.80847 0)
(0.0683371 -0.809256 0)
(-0.0111154 -0.701701 0)
(-0.0651908 -0.496382 0)
(-0.0836527 -0.248783 0)
(-0.0764435 -0.037971 0)
(-0.0571869 0.0776329 0)
(-0.0341882 0.0979453 0)
(-0.00552575 0.0510414 0)
(0.0227851 -0.0157657 0)
(-0.0995664 -0.0450212 0)
(0.0590326 0.45275 0)
(0.147738 0.574389 0)
(0.107882 0.404769 0)
(-0.000491075 0.494052 0)
(0.170155 0.558148 0)
(0.335145 0.426162 0)
(0.459495 0.25648 0)
(0.515846 0.119146 0)
(0.497195 -0.000331894 0)
(0.408617 -0.129282 0)
(0.314442 -0.348211 0)
(0.256442 -0.588528 0)
(0.127377 -0.690723 0)
(-0.000342481 -0.704073 0)
(-0.105698 -0.617431 0)
(-0.177112 -0.439263 0)
(-0.201765 -0.226205 0)
(-0.18673 -0.0509721 0)
(-0.149481 0.0429345 0)
(-0.10328 0.0537127 0)
(-0.0486635 0.00782997 0)
(-0.011088 -0.0395234 0)
(-0.0394318 0.00366905 0)
(-0.025682 0.258127 0)
(0.196851 0.525116 0)
(0.212288 0.482873 0)
(0.11857 0.489281 0)
(0.179494 0.432823 0)
(0.306103 0.275653 0)
(0.428871 0.167762 0)
(0.48187 0.119664 0)
(0.443695 0.0665569 0)
(0.34183 -0.0454224 0)
(0.277963 -0.283344 0)
(0.224805 -0.490681 0)
(0.0821662 -0.559461 0)
(-0.0436047 -0.589428 0)
(-0.156904 -0.524203 0)
(-0.229376 -0.38271 0)
(-0.2533 -0.216171 0)
(-0.232312 -0.0834731 0)
(-0.183852 -0.0170377 0)
(-0.122996 -0.014151 0)
(-0.0644078 -0.0427682 0)
(-0.0321498 -0.0641658 0)
(-0.0263287 0.025685 0)
(-0.0276747 0.178012 0)
(0.105989 0.396315 0)
(0.189556 0.488084 0)
(0.172348 0.513565 0)
(0.178331 0.367731 0)
(0.252266 0.137209 0)
(0.358338 0.0732251 0)
(0.410977 0.13343 0)
(0.354936 0.144301 0)
(0.266792 0.0169267 0)
(0.247528 -0.235242 0)
(0.195773 -0.39052 0)
(0.0610132 -0.43499 0)
(-0.0472222 -0.480015 0)
(-0.152672 -0.436158 0)
(-0.21586 -0.33633 0)
(-0.235343 -0.217784 0)
(-0.211726 -0.126221 0)
(-0.162441 -0.0828285 0)
(-0.106765 -0.0779959 0)
(-0.0646471 -0.0831466 0)
(-0.0405697 -0.0864227 0)
(0.0528716 0.0568047 0)
(0.0377257 0.12542 0)
(0.0646524 0.319621 0)
(0.114953 0.458364 0)
(0.132137 0.50528 0)
(0.155076 0.351353 0)
(0.180632 0.105584 0)
(0.216793 0.0156929 0)
(0.276953 0.155707 0)
(0.238641 0.204309 0)
(0.21135 0.0309354 0)
(0.224027 -0.2039 0)
(0.172759 -0.301578 0)
(0.0653733 -0.330263 0)
(-0.0179126 -0.386448 0)
(-0.106538 -0.362591 0)
(-0.156046 -0.300819 0)
(-0.171887 -0.224446 0)
(-0.152776 -0.165519 0)
(-0.117349 -0.133999 0)
(-0.0826479 -0.119678 0)
(-0.0588377 -0.109302 0)
(-0.0412842 -0.104503 0)
(0.0623499 -0.0519241 0)
(0.164464 0.126578 0)
(0.112756 0.302542 0)
(0.112435 0.431577 0)
(0.125794 0.477158 0)
(0.159196 0.332063 0)
(0.188941 0.0782039 0)
(0.17761 -0.0225817 0)
(0.171069 0.16905 0)
(0.143751 0.213768 0)
(0.186131 0.00646104 0)
(0.201691 -0.178691 0)
(0.15346 -0.232204 0)
(0.0811134 -0.251446 0)
(0.0232809 -0.311936 0)
(-0.0480373 -0.304658 0)
(-0.0850954 -0.270908 0)
(-0.101581 -0.225407 0)
(-0.0936824 -0.187021 0)
(-0.0780447 -0.160284 0)
(-0.063195 -0.140102 0)
(-0.0503357 -0.125431 0)
(-0.0381099 -0.118176 0)
(0.0772337 -0.189686 0)
(0.205925 0.0510393 0)
(0.22929 0.346008 0)
(0.185262 0.449007 0)
(0.17219 0.442909 0)
(0.199805 0.304768 0)
(0.225686 0.0924075 0)
(0.181172 0.0159091 0)
(0.0891522 0.219724 0)
(0.0932486 0.176559 0)
(0.172484 -0.0301208 0)
(0.171356 -0.15634 0)
(0.130896 -0.183929 0)
(0.0910602 -0.199531 0)
(0.0534673 -0.254949 0)
(-0.00184108 -0.258528 0)
(-0.0316134 -0.242485 0)
(-0.0504853 -0.216542 0)
(-0.0540794 -0.189688 0)
(-0.0524362 -0.166949 0)
(-0.0479644 -0.148458 0)
(-0.0406077 -0.135473 0)
(-0.0327943 -0.12762 0)
(0.0814965 -0.333997 0)
(0.153139 -0.0606525 0)
(0.256277 0.362196 0)
(0.222828 0.480104 0)
(0.205155 0.439155 0)
(0.222704 0.292814 0)
(0.22217 0.119684 0)
(0.116643 0.110726 0)
(-0.00408569 0.272004 0)
(0.0913192 0.104317 0)
(0.151687 -0.0583284 0)
(0.13002 -0.130391 0)
(0.101526 -0.152898 0)
(0.084382 -0.170156 0)
(0.0594299 -0.214085 0)
(0.0208627 -0.221666 0)
(-0.00347764 -0.215754 0)
(-0.0223581 -0.201843 0)
(-0.0316474 -0.183107 0)
(-0.0350054 -0.166017 0)
(-0.0341032 -0.152154 0)
(-0.0303064 -0.141465 0)
(-0.0259133 -0.133555 0)
(0.0492813 -0.448675 0)
(0.0781329 -0.10415 0)
(0.149183 0.319145 0)
(0.178961 0.512937 0)
(0.166237 0.424926 0)
(0.176296 0.270142 0)
(0.117306 0.164668 0)
(-0.0454836 0.259671 0)
(-0.0160455 0.20027 0)
(0.0965364 0.0205045 0)
(0.106258 -0.0602298 0)
(0.0835734 -0.1039 0)
(0.0683511 -0.134564 0)
(0.0616346 -0.154703 0)
(0.0445067 -0.186904 0)
(0.0215043 -0.194627 0)
(0.00481069 -0.194048 0)
(-0.00916118 -0.187232 0)
(-0.0177465 -0.175319 0)
(-0.0210523 -0.16374 0)
(-0.0213522 -0.153513 0)
(-0.0199698 -0.14443 0)
(-0.0179701 -0.136785 0)
(0.012536 -0.488823 0)
(0.0026698 -0.0802782 0)
(-0.0252992 0.256483 0)
(0.0743042 0.499539 0)
(0.0748928 0.409975 0)
(0.0548337 0.260102 0)
(-0.0806046 0.308562 0)
(-0.127558 0.306966 0)
(0.0146588 0.120493 0)
(0.0649226 0.0118335 0)
(0.0558508 -0.0446199 0)
(0.0450576 -0.090578 0)
(0.0370532 -0.124431 0)
(0.0333833 -0.146084 0)
(0.0232474 -0.170783 0)
(0.0120462 -0.179067 0)
(0.00346002 -0.180923 0)
(-0.00371274 -0.177452 0)
(-0.00844068 -0.169883 0)
(-0.0103438 -0.161521 0)
(-0.0108821 -0.153179 0)
(-0.0106357 -0.145167 0)
(-0.00995733 -0.137952 0)
(-0.00939453 -0.459115 0)
(-0.070868 0.0186572 0)
(-0.129601 0.209997 0)
(-0.0458806 0.424478 0)
(-0.0293657 0.423968 0)
(-0.0675171 0.435521 0)
(-0.188971 0.410797 0)
(-0.168664 0.158283 0)
(-0.0467536 -0.0516885 0)
(-0.0130609 -0.023528 0)
(0.00971689 -0.0560512 0)
(0.0112301 -0.0911707 0)
(0.0107761 -0.121384 0)
(0.00961894 -0.143836 0)
(0.00665622 -0.165383 0)
(0.00321539 -0.174543 0)
(0.000675844 -0.177119 0)
(-0.00123415 -0.174626 0)
(-0.00246442 -0.168432 0)
(-0.00299435 -0.160933 0)
(-0.0031721 -0.153105 0)
(-0.00313992 -0.145484 0)
(-0.00297765 -0.138442 0)
(-0.229224 0.061158 0)
(-0.25013 0.0691665 0)
(-0.262506 0.0692085 0)
(-0.238818 0.0691823 0)
(-0.504975 -0.0488382 0)
(-0.481694 -0.0630472 0)
(-0.456903 -0.0700204 0)
(-0.431782 -0.06655 0)
(-0.540537 -0.054138 0)
(-0.54056 -0.0540657 0)
(-0.54321 -0.0443004 0)
(-0.554049 -0.0313539 0)
(-0.537338 -0.0642645 0)
(-0.54572 -0.0444961 0)
(-0.575245 -0.0129215 0)
(-0.626655 0.0141423 0)
(-0.599997 -0.0645982 0)
(-0.479299 0.0471463 0)
(-0.421414 0.120637 0)
(-0.426605 0.149574 0)
(-0.4091 -0.640181 0)
(-0.539295 -0.455415 0)
(-0.596206 -0.110994 0)
(-0.5742 0.183367 0)
(-0.434221 0.0438346 0)
(-0.590263 0.0722607 0)
(-0.663699 0.117952 0)
(-0.689351 0.181899 0)
(-0.237823 0.194607 0)
(-0.341665 0.201835 0)
(-0.398232 0.213628 0)
(-0.434741 0.197773 0)
(-0.0380436 0.341524 0)
(-0.100922 0.315043 0)
(-0.114077 0.277287 0)
(-0.12456 0.183058 0)
(0.00559458 0.411496 0)
(0.0139307 0.374383 0)
(0.0359493 0.324199 0)
(0.0365377 0.23117 0)
(-0.0142914 0.283241 0)
(0.0151799 0.250074 0)
(0.0328544 0.222409 0)
(0.0323539 0.166967 0)
(-0.060831 0.187379 0)
(-0.0702084 0.2286 0)
(-0.112552 0.262898 0)
(-0.190688 0.30089 0)
(-0.230977 0.335381 0)
(-0.332047 0.446969 0)
(-0.432189 0.50516 0)
(-0.530404 0.538207 0)
(-0.482976 0.621746 0)
(-0.568194 0.678901 0)
(-0.643585 0.690583 0)
(-0.69432 0.676975 0)
(-0.634024 0.82303 0)
(-0.679662 0.805431 0)
(-0.70377 0.752778 0)
(-0.69458 0.674633 0)
(-0.524419 0.900881 0)
(-0.526496 0.797897 0)
(-0.499615 0.660963 0)
(-0.444943 0.519398 0)
(-0.135376 0.899217 0)
(-0.0902181 0.767089 0)
(-0.0351333 0.591843 0)
(0.0182615 0.416899 0)
(0.368162 0.780336 0)
(0.46393 0.652612 0)
(0.546544 0.492091 0)
(0.621515 0.322682 0)
(0.762957 0.561678 0)
(0.862941 0.443019 0)
(0.943278 0.300525 0)
(1.00567 0.157361 0)
(0.910637 0.322626 0)
(1.00483 0.237823 0)
(1.08234 0.141193 0)
(1.14373 0.0485732 0)
(0.894149 0.135283 0)
(0.972829 0.0730865 0)
(1.04107 0.00122361 0)
(1.10175 -0.0750465 0)
(0.752446 -0.0113807 0)
(0.802834 -0.0673767 0)
(0.848341 -0.129469 0)
(0.890558 -0.192992 0)
(0.561016 -0.103049 0)
(0.598272 -0.147887 0)
(0.633268 -0.198565 0)
(0.666274 -0.253662 0)
(0.445156 -0.169724 0)
(0.466545 -0.213178 0)
(0.486871 -0.263007 0)
(0.507163 -0.31937 0)
(0.365547 -0.196424 0)
(0.369361 -0.237208 0)
(0.371726 -0.284187 0)
(0.372091 -0.33798 0)
(0.300401 -0.188083 0)
(0.289191 -0.224288 0)
(0.275868 -0.265731 0)
(0.258288 -0.312536 0)
(0.248164 -0.154629 0)
(0.229915 -0.185325 0)
(0.209133 -0.219725 0)
(0.183838 -0.258404 0)
(0.205818 -0.115082 0)
(0.189088 -0.142318 0)
(0.169593 -0.170421 0)
(0.146365 -0.201036 0)
(0.164075 -0.0823811 0)
(0.152607 -0.108335 0)
(0.138471 -0.131534 0)
(0.121785 -0.155701 0)
(0.117887 -0.0608227 0)
(0.111285 -0.0855062 0)
(0.102304 -0.105916 0)
(0.0917813 -0.126628 0)
(0.072046 -0.0508997 0)
(0.0694862 -0.0725833 0)
(0.0650628 -0.0910889 0)
(0.0593508 -0.109332 0)
(0.0324306 -0.0522328 0)
(0.0341233 -0.0694275 0)
(0.0342718 -0.0853076 0)
(0.0328745 -0.100694 0)
(0.00181025 -0.0621148 0)
(0.00685929 -0.0749527 0)
(0.00989163 -0.0872597 0)
(0.0112889 -0.099084 0)
(-0.0176283 -0.0770983 0)
(-0.0114738 -0.0852301 0)
(-0.00712021 -0.0934768 0)
(-0.00454645 -0.101572 0)
(-0.0275248 -0.0923577 0)
(-0.0217589 -0.0964803 0)
(-0.0173578 -0.101124 0)
(-0.0144405 -0.105951 0)
(-0.0310252 -0.105741 0)
(-0.0261613 -0.106858 0)
(-0.0222707 -0.108625 0)
(-0.0194456 -0.110761 0)
(-0.0306339 -0.116398 0)
(-0.0268568 -0.115538 0)
(-0.0236848 -0.115314 0)
(-0.0211993 -0.115479 0)
(-0.0277338 -0.124135 0)
(-0.0250549 -0.122134 0)
(-0.0226986 -0.120683 0)
(-0.0207585 -0.119565 0)
(-0.0228633 -0.129221 0)
(-0.0211822 -0.126635 0)
(-0.0196439 -0.124468 0)
(-0.0183522 -0.12256 0)
(-0.0164206 -0.132131 0)
(-0.0155507 -0.129293 0)
(-0.0147278 -0.126731 0)
(-0.0140371 -0.12435 0)
(-0.00933546 -0.133296 0)
(-0.00899292 -0.130412 0)
(-0.00867017 -0.127693 0)
(-0.00840824 -0.125095 0)
(-0.00281903 -0.133786 0)
(-0.00273579 -0.130885 0)
(-0.00266484 -0.128105 0)
(-0.00261334 -0.125422 0)
(-0.1357 0.04492 0)
(-0.0571788 -0.0474801 0)
(-0.0740324 0.0263664 0)
(-0.0480695 0.191354 0)
(0.0533839 0.309049 0)
(-0.0111519 0.130762 0)
(-0.0759285 -0.0673958 0)
(-0.236485 -0.0254125 0)
(-0.331952 0.00509609 0)
(-0.398577 1.58586e-05 0)
(-0.434896 -0.0320975 0)
(-0.429782 -0.0595203 0)
(-0.398452 -0.0689636 0)
(-0.357463 -0.0663031 0)
(-0.31743 -0.0625095 0)
(-0.283633 -0.0733023 0)
(-0.253043 -0.111469 0)
(-0.170243 -0.146502 0)
(-0.0247965 -0.077852 0)
(-0.410401 -0.0589599 0)
(-0.408263 -0.0497805 0)
(-0.386374 0.0118969 0)
(-0.314723 0.13389 0)
(-0.189511 0.212718 0)
(-0.129956 0.12394 0)
(-0.186559 0.0441903 0)
(-0.28206 0.0595538 0)
(-0.352767 0.0355081 0)
(-0.379515 0.0107974 0)
(-0.400248 -0.014851 0)
(-0.414388 -0.0621269 0)
(-0.381205 -0.088855 0)
(-0.343836 -0.0898029 0)
(-0.349908 -0.0655538 0)
(-0.402257 -0.0791621 0)
(-0.410068 -0.157092 0)
(-0.309954 -0.307283 0)
(-0.087851 -0.204443 0)
(-0.581114 -0.034567 0)
(-0.609237 -0.0587272 0)
(-0.577176 -0.0424455 0)
(-0.4867 0.0270222 0)
(-0.378177 0.0980918 0)
(-0.310811 0.109341 0)
(-0.307848 0.100793 0)
(-0.246698 0.10416 0)
(-0.0909545 0.0824609 0)
(0.139775 0.0622804 0)
(0.214124 0.0800425 0)
(-0.284728 0.0123388 0)
(-0.27417 -0.0710726 0)
(-0.0705016 -0.174263 0)
(0.247102 0.0186172 0)
(0.0539612 0.0568733 0)
(-0.135805 -0.0626276 0)
(-0.220703 -0.38603 0)
(-0.11603 -0.502408 0)
(-0.71012 -0.00353323 0)
(-0.753015 -0.0563261 0)
(-0.678677 -0.0572897 0)
(-0.562692 0.00587141 0)
(-0.439332 0.0642034 0)
(-0.318423 0.0748997 0)
(-0.184859 0.0126826 0)
(0.0281352 -0.150706 0)
(0.135061 -0.150459 0)
(-0.397424 -0.062532 0)
(-0.125476 0.221455 0)
(-0.16815 0.115658 0)
(-0.045666 -0.246008 0)
(0.0213087 -0.440926 0)
(0.0596855 -0.276008 0)
(0.366104 0.163899 0)
(0.290669 0.142203 0)
(0.0926039 -0.276415 0)
(0.0317875 -0.593583 0)
(-0.471265 0.085822 0)
(-0.484213 -0.0348555 0)
(-0.544003 -0.205428 0)
(-0.446756 -0.205809 0)
(-0.388728 -0.153539 0)
(-0.388333 -0.162226 0)
(-0.367404 -0.225365 0)
(-0.515675 -0.137682 0)
(-0.41129 0.27896 0)
(-0.248476 0.00572387 0)
(-0.0665538 -0.0380997 0)
(0.10757 0.07779 0)
(0.203798 -0.135325 0)
(0.233907 -0.338344 0)
(0.0686934 -0.379361 0)
(0.229011 -0.0886738 0)
(0.469922 0.165095 0)
(0.436737 0.0296564 0)
(0.205745 -0.362949 0)
(-0.732485 0.127101 0)
(-0.727094 0.0801841 0)
(-0.510977 -0.285495 0)
(-0.358738 -0.243172 0)
(-0.307676 -0.052516 0)
(-0.346817 0.0055928 0)
(-0.41176 0.0414804 0)
(-0.381595 -0.158387 0)
(-0.278265 -0.1432 0)
(-0.20001 -0.184739 0)
(-0.167496 -0.161504 0)
(0.0232992 -0.139268 0)
(0.194225 -0.257318 0)
(0.31073 -0.288172 0)
(0.283109 -0.310809 0)
(0.195873 -0.204979 0)
(0.312904 -0.00971494 0)
(0.42196 0.0667878 0)
(0.271246 -0.0774569 0)
(-0.680146 0.111591 0)
(-0.533119 -0.179748 0)
(-0.327227 -0.452137 0)
(-0.3419 -0.344135 0)
(-0.407763 -0.0788598 0)
(-0.445689 -0.0235399 0)
(-0.501282 -0.0994247 0)
(-0.580052 -0.113349 0)
(-0.58392 -0.0873549 0)
(-0.554005 -0.174079 0)
(-0.405783 -0.296543 0)
(-0.220046 -0.379785 0)
(-0.0338268 -0.442795 0)
(0.11682 -0.436758 0)
(0.283394 -0.313136 0)
(0.27505 -0.207911 0)
(0.24726 -0.0702235 0)
(0.297878 0.0814343 0)
(0.190781 0.141049 0)
(-0.400301 0.0560297 0)
(-0.254197 -0.255281 0)
(-0.126561 -0.444115 0)
(-0.320651 -0.264288 0)
(-0.491108 -0.0151413 0)
(-0.637598 0.136972 0)
(-0.720544 0.0472107 0)
(-0.73114 -0.0567065 0)
(-0.652448 -0.152372 0)
(-0.546334 -0.268493 0)
(-0.432091 -0.39928 0)
(-0.292934 -0.510759 0)
(-0.153108 -0.568148 0)
(-0.0310637 -0.574544 0)
(0.107198 -0.424639 0)
(0.206851 -0.196416 0)
(0.201994 -0.0383979 0)
(0.142169 0.161261 0)
(0.0217028 0.291224 0)
(-0.0863766 -0.0246895 0)
(0.0139545 -0.301013 0)
(-0.0906558 -0.333444 0)
(-0.470936 -0.0433539 0)
(-0.794392 0.22915 0)
(-0.895878 0.20696 0)
(-0.885199 0.0278854 0)
(-0.800366 -0.132805 0)
(-0.680866 -0.268565 0)
(-0.567256 -0.378302 0)
(-0.452333 -0.503004 0)
(-0.336219 -0.616689 0)
(-0.221231 -0.673791 0)
(-0.111145 -0.663079 0)
(-0.0399491 -0.520562 0)
(0.0649593 -0.202951 0)
(-0.00255127 0.0136458 0)
(-0.0804661 0.27606 0)
(-0.0742835 0.262046 0)
(0.0701751 0.00282741 0)
(0.0164433 -0.226335 0)
(-0.348533 -0.0475383 0)
(-0.846547 0.339439 0)
(-1.00256 0.381469 0)
(-1.00322 0.189347 0)
(-0.90704 -0.0554217 0)
(-0.786878 -0.252713 0)
(-0.676331 -0.382701 0)
(-0.564877 -0.487368 0)
(-0.450816 -0.612385 0)
(-0.348394 -0.72214 0)
(-0.26734 -0.7565 0)
(-0.181478 -0.72909 0)
(-0.0944398 -0.592569 0)
(-0.0188933 -0.227009 0)
(-0.0241678 0.106876 0)
(-0.141259 0.300878 0)
(-0.0357362 0.142212 0)
(-0.0452471 -0.0371684 0)
(-0.383647 0.0390182 0)
(-0.778664 0.38662 0)
(-0.985148 0.509629 0)
(-0.974384 0.36744 0)
(-0.878184 0.0916517 0)
(-0.768609 -0.167011 0)
(-0.676802 -0.357784 0)
(-0.588702 -0.490271 0)
(-0.49064 -0.596525 0)
(-0.399134 -0.705606 0)
(-0.328951 -0.803152 0)
(-0.276276 -0.835859 0)
(-0.236401 -0.786009 0)
(-0.0998435 -0.671098 0)
(-0.0598954 -0.296039 0)
(0.0462423 0.130303 0)
(-0.0668648 0.313251 0)
(0.0463346 0.0720718 0)
(-0.399107 0.294936 0)
(-0.721289 0.39538 0)
(-0.886943 0.551537 0)
(-0.855406 0.492138 0)
(-0.730615 0.271847 0)
(-0.608144 0.00315252 0)
(-0.517584 -0.234989 0)
(-0.449398 -0.424608 0)
(-0.396762 -0.565533 0)
(-0.334512 -0.670722 0)
(-0.28313 -0.756921 0)
(-0.254685 -0.838148 0)
(-0.228153 -0.889855 0)
(-0.230694 -0.850392 0)
(-0.0910161 -0.74367 0)
(-0.0395726 -0.379059 0)
(0.0705766 0.103166 0)
(0.0599328 0.341691 0)
(0.1346 0.113697 0)
(-0.672133 0.534259 0)
(-0.789709 0.524831 0)
(-0.73127 0.496068 0)
(-0.559257 0.354859 0)
(-0.375896 0.154417 0)
(-0.242517 -0.0543977 0)
(-0.171335 -0.260967 0)
(-0.127416 -0.448998 0)
(-0.123871 -0.594767 0)
(-0.118073 -0.698507 0)
(-0.111808 -0.770072 0)
(-0.121673 -0.834269 0)
(-0.117014 -0.896483 0)
(-0.179405 -0.887597 0)
(-0.100554 -0.819807 0)
(-0.00194375 -0.509589 0)
(0.127317 -0.00947982 0)
(0.181793 0.331333 0)
(0.201068 0.241405 0)
(-0.709634 0.609528 0)
(-0.635683 0.48493 0)
(-0.442838 0.351854 0)
(-0.218077 0.18766 0)
(-0.0194292 0.0156625 0)
(0.111992 -0.13935 0)
(0.174367 -0.279927 0)
(0.195383 -0.429682 0)
(0.16597 -0.571435 0)
(0.126415 -0.678855 0)
(0.092952 -0.756483 0)
(0.0567488 -0.802952 0)
(0.0296991 -0.85372 0)
(-0.0740673 -0.871811 0)
(-0.035439 -0.885808 0)
(0.044714 -0.606348 0)
(0.137822 -0.119724 0)
(0.219732 0.311204 0)
(0.212718 0.399478 0)
(-0.612635 0.51487 0)
(-0.423989 0.275466 0)
(-0.177143 0.0929968 0)
(0.0569747 -0.0401689 0)
(0.246586 -0.145256 0)
(0.368059 -0.240208 0)
(0.430992 -0.329366 0)
(0.450095 -0.420721 0)
(0.423592 -0.526618 0)
(0.369947 -0.635843 0)
(0.311123 -0.721638 0)
(0.255169 -0.763347 0)
(0.193218 -0.781384 0)
(0.0915502 -0.825982 0)
(0.115891 -0.917608 0)
(0.106388 -0.651326 0)
(0.128767 -0.177959 0)
(0.193936 0.332474 0)
(0.188394 0.574221 0)
(-0.307211 0.313333 0)
(-0.0324743 0.0212459 0)
(0.166252 -0.142441 0)
(0.331649 -0.22146 0)
(0.467525 -0.26866 0)
(0.5658 -0.31887 0)
(0.625497 -0.372535 0)
(0.650945 -0.422517 0)
(0.638178 -0.492807 0)
(0.592961 -0.581564 0)
(0.525383 -0.664227 0)
(0.448852 -0.705243 0)
(0.364269 -0.710552 0)
(0.27982 -0.768389 0)
(0.269083 -0.888222 0)
(0.184727 -0.632105 0)
(0.156687 -0.244413 0)
(0.175307 0.367264 0)
(0.16129 0.72601 0)
(0.204376 0.10679 0)
(0.375624 -0.15754 0)
(0.472867 -0.280459 0)
(0.568933 -0.327656 0)
(0.665893 -0.349246 0)
(0.751968 -0.377385 0)
(0.814531 -0.412418 0)
(0.838412 -0.43343 0)
(0.830489 -0.471202 0)
(0.789464 -0.53277 0)
(0.71912 -0.597044 0)
(0.625095 -0.630575 0)
(0.524269 -0.639268 0)
(0.446334 -0.704812 0)
(0.410702 -0.816625 0)
(0.276804 -0.58518 0)
(0.178466 -0.195831 0)
(0.163257 0.406017 0)
(0.134985 0.86634 0)
(0.736977 0.032093 0)
(0.794267 -0.21897 0)
(0.828268 -0.341863 0)
(0.893216 -0.391418 0)
(0.968438 -0.413531 0)
(1.03302 -0.434322 0)
(1.07126 -0.447402 0)
(1.06506 -0.440257 0)
(1.03119 -0.445045 0)
(0.969894 -0.477161 0)
(0.882528 -0.518528 0)
(0.766597 -0.539091 0)
(0.650121 -0.55997 0)
(0.575049 -0.637285 0)
(0.518869 -0.716294 0)
(0.364598 -0.485402 0)
(0.209099 -0.135424 0)
(0.166076 0.439267 0)
(0.112038 0.981904 0)
(1.0638 -0.0315381 0)
(1.12031 -0.225354 0)
(1.1788 -0.368505 0)
(1.25638 -0.453088 0)
(1.32795 -0.476934 0)
(1.36448 -0.465924 0)
(1.35329 -0.436997 0)
(1.296 -0.397736 0)
(1.21245 -0.377167 0)
(1.11142 -0.390003 0)
(0.995152 -0.415227 0)
(0.854886 -0.425669 0)
(0.728988 -0.470774 0)
(0.662789 -0.566517 0)
(0.595513 -0.60595 0)
(0.433168 -0.367657 0)
(0.248441 -0.0394649 0)
(0.176283 0.509968 0)
(0.0908315 1.09561 0)
(1.22467 -0.115793 0)
(1.31919 -0.336114 0)
(1.38541 -0.484519 0)
(1.42589 -0.538969 0)
(1.44597 -0.522143 0)
(1.44365 -0.46815 0)
(1.41034 -0.396419 0)
(1.34359 -0.325106 0)
(1.24875 -0.280345 0)
(1.13749 -0.279252 0)
(1.01409 -0.293635 0)
(0.873527 -0.30162 0)
(0.76622 -0.387199 0)
(0.717797 -0.500716 0)
(0.652358 -0.484605 0)
(0.462203 -0.216711 0)
(0.257076 0.0805439 0)
(0.168862 0.61517 0)
(0.0538335 1.20649 0)
(1.18333 -0.215314 0)
(1.25879 -0.385779 0)
(1.29423 -0.491383 0)
(1.30117 -0.523273 0)
(1.28864 -0.495741 0)
(1.26129 -0.429531 0)
(1.21986 -0.342675 0)
(1.16264 -0.255664 0)
(1.08965 -0.196607 0)
(1.00624 -0.186091 0)
(0.913822 -0.18852 0)
(0.822384 -0.206248 0)
(0.782971 -0.33692 0)
(0.757963 -0.460769 0)
(0.673996 -0.375223 0)
(0.442948 -0.0342639 0)
(0.221598 0.217074 0)
(0.126213 0.743294 0)
(-0.0274273 1.28957 0)
(0.947374 -0.302202 0)
(1.00625 -0.435251 0)
(1.0432 -0.516458 0)
(1.05357 -0.528011 0)
(1.03423 -0.481511 0)
(0.992511 -0.399504 0)
(0.939678 -0.300725 0)
(0.882171 -0.205446 0)
(0.825814 -0.141959 0)
(0.771762 -0.12927 0)
(0.731202 -0.128443 0)
(0.732219 -0.182893 0)
(0.771825 -0.331327 0)
(0.74403 -0.406256 0)
(0.596069 -0.235868 0)
(0.332146 0.15353 0)
(0.130474 0.339962 0)
(0.0447752 0.918291 0)
(-0.127533 1.27276 0)
(0.717281 -0.357554 0)
(0.775866 -0.48099 0)
(0.807791 -0.541108 0)
(0.805984 -0.519652 0)
(0.763594 -0.444155 0)
(0.697597 -0.344241 0)
(0.628831 -0.238445 0)
(0.569998 -0.149796 0)
(0.532773 -0.0980316 0)
(0.511295 -0.105533 0)
(0.546028 -0.142252 0)
(0.651654 -0.237031 0)
(0.694601 -0.361853 0)
(0.584004 -0.295245 0)
(0.352741 0.0346089 0)
(0.148811 0.347208 0)
(0.0120171 0.438161 0)
(-0.0587138 1.07532 0)
(-0.185999 1.16597 0)
(0.537097 -0.415902 0)
(0.555296 -0.515158 0)
(0.545477 -0.543924 0)
(0.518375 -0.483781 0)
(0.453158 -0.381097 0)
(0.372147 -0.26989 0)
(0.309424 -0.177228 0)
(0.284463 -0.118263 0)
(0.28835 -0.0816278 0)
(0.322754 -0.150288 0)
(0.42909 -0.257188 0)
(0.562813 -0.317696 0)
(0.481829 -0.298568 0)
(0.265979 -0.0961553 0)
(0.0424702 0.274002 0)
(-0.0013889 0.426632 0)
(-0.0931793 0.543939 0)
(-0.128953 1.15131 0)
(-0.159872 1.00911 0)
(0.367502 -0.416675 0)
(0.327706 -0.497112 0)
(0.280148 -0.503992 0)
(0.234116 -0.415319 0)
(0.161939 -0.303906 0)
(0.0960867 -0.205458 0)
(0.097414 -0.153184 0)
(0.109162 -0.132495 0)
(0.154875 -0.104899 0)
(0.239836 -0.268287 0)
(0.3353 -0.380114 0)
(0.371841 -0.302136 0)
(0.128479 -0.107986 0)
(-0.135406 0.163135 0)
(-0.182861 0.340224 0)
(-0.117332 0.413733 0)
(-0.171145 0.62413 0)
(-0.153647 1.13094 0)
(-0.114297 0.890839 0)
(0.227988 -0.37168 0)
(0.145364 -0.443852 0)
(0.0695719 -0.441222 0)
(0.0173385 -0.344388 0)
(-0.0294109 -0.250677 0)
(-0.0369284 -0.189735 0)
(-0.00955679 -0.171703 0)
(-0.00696303 -0.177191 0)
(0.108741 -0.176444 0)
(0.164885 -0.375777 0)
(0.185877 -0.381088 0)
(0.0720652 -0.108752 0)
(-0.290019 0.161199 0)
(-0.395801 0.251944 0)
(-0.300656 0.246327 0)
(-0.175 0.358362 0)
(-0.198611 0.661822 0)
(-0.158398 1.05411 0)
(-0.0872474 0.78187 0)
(0.14169 -0.30395 0)
(0.0463332 -0.363195 0)
(-0.0593904 -0.366245 0)
(-0.115082 -0.29431 0)
(-0.140657 -0.235376 0)
(-0.143428 -0.207036 0)
(-0.101592 -0.217794 0)
(-0.0509153 -0.258242 0)
(0.0756187 -0.25382 0)
(0.0534661 -0.383858 0)
(0.00854552 -0.243551 0)
(-0.212145 0.149124 0)
(-0.470956 0.294438 0)
(-0.446672 0.195153 0)
(-0.284105 0.0955133 0)
(-0.14793 0.271065 0)
(-0.157888 0.662516 0)
(-0.149499 0.986054 0)
(-0.0709973 0.668664 0)
(0.104598 -0.236692 0)
(0.0224445 -0.277098 0)
(-0.0862047 -0.290597 0)
(-0.155468 -0.263598 0)
(-0.168524 -0.248144 0)
(-0.130561 -0.258942 0)
(-0.0777769 -0.280164 0)
(-0.0555732 -0.309167 0)
(0.0154674 -0.278824 0)
(-0.0379499 -0.319558 0)
(-0.106352 -0.091861 0)
(-0.275865 0.304778 0)
(-0.452395 0.352433 0)
(-0.40009 0.112529 0)
(-0.288002 -0.052375 0)
(-0.165335 0.15987 0)
(-0.0714157 0.664435 0)
(-0.124564 0.955577 0)
(-0.0361725 0.578852 0)
(0.0906692 -0.184723 0)
(0.0376741 -0.211882 0)
(-0.0308003 -0.227768 0)
(-0.079621 -0.240315 0)
(-0.0860366 -0.262451 0)
(-0.0754267 -0.285108 0)
(-0.0680851 -0.297729 0)
(-0.0652156 -0.320346 0)
(-0.0409712 -0.290608 0)
(-0.0738038 -0.248481 0)
(-0.116227 -0.0201245 0)
(-0.157734 0.394199 0)
(-0.292531 0.402741 0)
(-0.278492 0.111877 0)
(-0.261985 -0.122807 0)
(-0.234307 0.00204776 0)
(0.0042344 0.648332 0)
(-0.0935424 0.963236 0)
(0.00995441 0.523276 0)
(0.0720801 -0.152406 0)
(0.0435531 -0.172773 0)
(0.00965857 -0.182982 0)
(-0.0218517 -0.205086 0)
(-0.0374228 -0.246024 0)
(-0.0491576 -0.275803 0)
(-0.0590649 -0.293494 0)
(-0.071835 -0.319135 0)
(-0.0734445 -0.302429 0)
(-0.0640958 -0.220264 0)
(-0.0758286 -0.0376526 0)
(0.0213645 0.390724 0)
(-0.0172359 0.496093 0)
(-0.0486376 0.173799 0)
(-0.0563757 -0.0893451 0)
(-0.143758 -0.116579 0)
(0.0139823 0.571135 0)
(-0.0453361 0.980909 0)
(0.0334164 0.501215 0)
(0.0467675 -0.132516 0)
(0.0289374 -0.152466 0)
(0.0133654 -0.162734 0)
(5.54783e-05 -0.184556 0)
(-0.0127798 -0.229514 0)
(-0.0328033 -0.260847 0)
(-0.0509564 -0.276864 0)
(-0.0740823 -0.306587 0)
(-0.0898954 -0.312928 0)
(-0.0646757 -0.241709 0)
(-0.0334251 -0.0867193 0)
(0.093495 0.255531 0)
(0.204768 0.488016 0)
(0.212779 0.263986 0)
(0.1952 0.0220437 0)
(0.0544359 -0.0698135 0)
(-0.0104204 0.476467 0)
(0.00885375 0.987658 0)
(0.019574 0.508308 0)
(0.0268399 -0.1208 0)
(0.0161522 -0.141008 0)
(0.00745403 -0.154624 0)
(0.00319077 -0.17512 0)
(-0.00687665 -0.213118 0)
(-0.0294821 -0.240963 0)
(-0.0502467 -0.255487 0)
(-0.0756499 -0.285175 0)
(-0.103602 -0.311616 0)
(-0.0992239 -0.279686 0)
(-0.0424529 -0.150341 0)
(0.093198 0.119447 0)
(0.26941 0.360078 0)
(0.349201 0.261377 0)
(0.343359 0.0900766 0)
(0.175638 0.040825 0)
(-0.0331945 0.489559 0)
(0.00511042 1.0091 0)
(-0.0307936 0.510859 0)
(0.00975549 -0.115143 0)
(0.00402948 -0.133695 0)
(-0.00222022 -0.149176 0)
(-0.00507629 -0.168789 0)
(-0.0139197 -0.198392 0)
(-0.0357085 -0.221013 0)
(-0.0571867 -0.233713 0)
(-0.0817053 -0.258695 0)
(-0.116017 -0.294484 0)
(-0.137691 -0.301197 0)
(-0.108462 -0.22685 0)
(0.00198846 -0.0426319 0)
(0.204777 0.177133 0)
(0.316938 0.184632 0)
(0.328519 0.147622 0)
(0.0901537 0.21302 0)
(-0.122873 0.62267 0)
(-0.101139 1.01882 0)
(-0.0974186 0.459814 0)
(-0.00387455 -0.113384 0)
(-0.00647767 -0.129259 0)
(-0.0114569 -0.144594 0)
(-0.0161992 -0.162309 0)
(-0.0263413 -0.18417 0)
(-0.0467918 -0.201244 0)
(-0.0690076 -0.21226 0)
(-0.0931268 -0.230874 0)
(-0.128733 -0.263953 0)
(-0.169804 -0.291863 0)
(-0.18744 -0.265928 0)
(-0.143255 -0.147616 0)
(-0.0124277 0.0319525 0)
(0.0803415 0.156401 0)
(0.0496358 0.262833 0)
(-0.163276 0.435781 0)
(-0.296454 0.7652 0)
(-0.24692 0.946666 0)
(-0.121669 0.328587 0)
(-0.0126878 -0.113727 0)
(-0.0137815 -0.125841 0)
(-0.0187607 -0.138997 0)
(-0.0262419 -0.153757 0)
(-0.0386144 -0.169591 0)
(-0.0581089 -0.181705 0)
(-0.0811448 -0.190238 0)
(-0.107291 -0.202406 0)
(-0.143935 -0.224389 0)
(-0.198043 -0.251861 0)
(-0.259304 -0.250918 0)
(-0.293373 -0.169575 0)
(-0.274797 0.00154371 0)
(-0.253939 0.202064 0)
(-0.31607 0.390512 0)
(-0.427956 0.58564 0)
(-0.457555 0.78779 0)
(-0.320538 0.758896 0)
(-0.0562095 0.151397 0)
(-0.0172639 -0.114896 0)
(-0.01767 -0.122721 0)
(-0.0229498 -0.132197 0)
(-0.0324217 -0.143156 0)
(-0.0467221 -0.154345 0)
(-0.0659552 -0.162316 0)
(-0.0890622 -0.167087 0)
(-0.11738 -0.172676 0)
(-0.15514 -0.181282 0)
(-0.211848 -0.192122 0)
(-0.296248 -0.188486 0)
(-0.388327 -0.124864 0)
(-0.44792 0.0314759 0)
(-0.485179 0.244071 0)
(-0.537745 0.439212 0)
(-0.565114 0.599004 0)
(-0.492787 0.674188 0)
(-0.269792 0.495667 0)
(0.00461093 0.0198854 0)
(-0.01894 -0.116526 0)
(-0.0188106 -0.119967 0)
(-0.0236616 -0.124935 0)
(-0.0334729 -0.13144 0)
(-0.0485653 -0.1385 0)
(-0.0680236 -0.143181 0)
(-0.0906476 -0.143857 0)
(-0.118796 -0.142497 0)
(-0.156324 -0.139534 0)
(-0.207537 -0.131002 0)
(-0.282016 -0.107444 0)
(-0.377899 -0.0434901 0)
(-0.463529 0.0887999 0)
(-0.517606 0.268165 0)
(-0.542814 0.432174 0)
(-0.51166 0.530225 0)
(-0.376431 0.503375 0)
(-0.146458 0.262918 0)
(0.00689607 -0.0613886 0)
(-0.0187784 -0.118337 0)
(-0.0182664 -0.118051 0)
(-0.0218325 -0.118557 0)
(-0.0301234 -0.120159 0)
(-0.0440746 -0.12266 0)
(-0.063189 -0.124181 0)
(-0.085466 -0.121616 0)
(-0.111547 -0.114181 0)
(-0.145671 -0.102487 0)
(-0.189558 -0.0821374 0)
(-0.242387 -0.0421928 0)
(-0.30559 0.029205 0)
(-0.36745 0.140453 0)
(-0.399685 0.281534 0)
(-0.389293 0.402641 0)
(-0.324191 0.443086 0)
(-0.191599 0.36116 0)
(-0.0333256 0.145854 0)
(0.0137025 -0.0912841 0)
(-0.0169926 -0.119856 0)
(-0.0165737 -0.116966 0)
(-0.0188511 -0.114018 0)
(-0.0245606 -0.111063 0)
(-0.0352194 -0.108404 0)
(-0.0517791 -0.105778 0)
(-0.0730067 -0.100473 0)
(-0.0971756 -0.0890088 0)
(-0.126052 -0.0706307 0)
(-0.162229 -0.0446922 0)
(-0.200931 -0.0021327 0)
(-0.232768 0.0684324 0)
(-0.252235 0.166438 0)
(-0.24792 0.273859 0)
(-0.20837 0.354527 0)
(-0.133567 0.360772 0)
(-0.0344177 0.267474 0)
(0.0313279 0.100227 0)
(0.0257594 -0.0820696 0)
(-0.0133941 -0.120718 0)
(-0.0134339 -0.116199 0)
(-0.0150671 -0.111195 0)
(-0.0185637 -0.105178 0)
(-0.0250545 -0.0979945 0)
(-0.0363962 -0.0900544 0)
(-0.0536469 -0.0806174 0)
(-0.0757258 -0.0665673 0)
(-0.101315 -0.0444192 0)
(-0.129894 -0.0145277 0)
(-0.159754 0.0240888 0)
(-0.178972 0.0814743 0)
(-0.175251 0.159968 0)
(-0.145696 0.241993 0)
(-0.0919668 0.296769 0)
(-0.0231926 0.292582 0)
(0.0408356 0.217022 0)
(0.0530996 0.0960328 0)
(0.0298232 -0.0543831 0)
(-0.00826444 -0.120932 0)
(-0.00860685 -0.115429 0)
(-0.0098628 -0.109338 0)
(-0.0120291 -0.101903 0)
(-0.0153908 -0.0923196 0)
(-0.0210242 -0.0801118 0)
(-0.0308047 -0.0648307 0)
(-0.0465927 -0.0457614 0)
(-0.0707704 -0.0219853 0)
(-0.100429 0.00741873 0)
(-0.126743 0.0425641 0)
(-0.143581 0.0863023 0)
(-0.13923 0.142409 0)
(-0.107747 0.202658 0)
(-0.0554332 0.244614 0)
(0.00277524 0.245426 0)
(0.04609 0.197734 0)
(0.0498692 0.110136 0)
(0.0263846 -0.020428 0)
(-0.00262322 -0.121003 0)
(-0.00281887 -0.114969 0)
(-0.003343 -0.108285 0)
(-0.00422026 -0.100196 0)
(-0.00545613 -0.0897939 0)
(-0.00714869 -0.0759908 0)
(-0.00982434 -0.0571353 0)
(-0.0148417 -0.0304555 0)
(-0.0291529 0.00524085 0)
(-0.0496124 0.0411679 0)
(-0.0723444 0.0725374 0)
(-0.0900904 0.102447 0)
(-0.0965295 0.134071 0)
(-0.0850221 0.165974 0)
(-0.0560784 0.189437 0)
(-0.0195373 0.192362 0)
(0.0100754 0.167539 0)
(0.0225372 0.111928 0)
(0.0110453 0.00855021 0)
)
;

boundaryField
{
    leftWall
    {
        type            fixedValue;
        value           uniform (0 0 0);
    }
    rightWall
    {
        type            fixedValue;
        value           uniform (0 0 0);
    }
    lowerWall
    {
        type            fixedValue;
        value           uniform (0 0 0);
    }
    atmosphere
    {
        type            pressureInletOutletVelocity;
        value           nonuniform List<vector> 
46
(
(-0 -0.454522 0)
(-0.070868 0.0186572 0)
(-0.129601 0.209997 0)
(-0.0458806 0.424478 0)
(-0.0293657 0.423968 0)
(-0.0675171 0.435521 0)
(-0.188971 0.410797 0)
(-0.168664 0.158283 0)
(-0 -0.0525742 0)
(-0 -0.0253966 0)
(0 -0.056795 0)
(0 -0.0911535 0)
(0 -0.12114 0)
(0 -0.143547 0)
(0 -0.164984 0)
(0 -0.174181 0)
(0 -0.176804 0)
(-0 -0.17436 0)
(-0 -0.168222 0)
(-0 -0.160775 0)
(-0 -0.152988 0)
(-0 -0.145398 0)
(-0 -0.138377 0)
(-0 -0.13373 0)
(-0 -0.130835 0)
(-0 -0.128059 0)
(-0 -0.125379 0)
(-0 -0.120962 0)
(-0 -0.114924 0)
(-0 -0.10823 0)
(-0 -0.100125 0)
(-0 -0.0896975 0)
(-0 -0.0758562 0)
(-0 -0.0569318 0)
(-0 -0.0300981 0)
(-0.0291529 0.00524085 0)
(-0.0496124 0.0411679 0)
(-0.0723444 0.0725374 0)
(-0.0900904 0.102447 0)
(-0.0965295 0.134071 0)
(-0.0850221 0.165974 0)
(-0.0560784 0.189437 0)
(-0.0195373 0.192362 0)
(0.0100754 0.167539 0)
(0.0225372 0.111928 0)
(0.0110453 0.00855021 0)
)
;
    }
    defaultFaces
    {
        type            empty;
    }
}


// ************************************************************************* //
