/*--------------------------------*- C++ -*----------------------------------*\
| =========                 |                                                 |
| \\      /  F ield         | OpenFOAM: The Open Source CFD Toolbox           |
|  \\    /   O peration     | Version:  2.3.0                                 |
|   \\  /    A nd           | Web:      www.OpenFOAM.org                      |
|    \\/     M anipulation  |                                                 |
\*---------------------------------------------------------------------------*/
FoamFile
{
    version     2.0;
    format      ascii;
    class       volVectorField;
    location    "1.1";
    object      U;
}
// * * * * * * * * * * * * * * * * * * * * * * * * * * * * * * * * * * * * * //

dimensions      [0 1 -1 0 0 0 0];

internalField   nonuniform List<vector> 
2268
(
(0.0245286 -0.0114491 0)
(0.0415312 0.000367665 0)
(0.0291369 0.0044595 0)
(0.017013 0.00508836 0)
(0.0035989 0.00504547 0)
(-0.00828 0.00452054 0)
(-0.0176653 0.00354343 0)
(-0.0240726 0.00234469 0)
(-0.0281935 0.00135374 0)
(-0.031952 0.00118439 0)
(-0.0382909 0.00223462 0)
(-0.0503546 0.00426802 0)
(-0.0701082 0.00736704 0)
(-0.0990007 0.0103578 0)
(-0.134534 0.0114343 0)
(-0.169534 0.00942314 0)
(-0.191886 0.00244765 0)
(-0.184899 -0.00913383 0)
(-0.141881 -0.0217107 0)
(-0.0724599 -0.0297816 0)
(0.00372003 -0.0270908 0)
(0.0598785 -0.00707333 0)
(0.0556454 0.0158199 0)
(0.00938955 -0.0225665 0)
(0.0182064 0.000638118 0)
(0.00573956 0.00817982 0)
(-0.00627412 0.00958565 0)
(-0.0183909 0.00897426 0)
(-0.0275981 0.00729384 0)
(-0.0335363 0.00516058 0)
(-0.0368257 0.00330354 0)
(-0.0390728 0.00254452 0)
(-0.0425839 0.00367923 0)
(-0.0500841 0.00706593 0)
(-0.0639581 0.0121369 0)
(-0.0854241 0.0184265 0)
(-0.114534 0.0240075 0)
(-0.148916 0.0258647 0)
(-0.181873 0.0209182 0)
(-0.201914 0.00615795 0)
(-0.197368 -0.0168578 0)
(-0.162811 -0.0406483 0)
(-0.104016 -0.0549472 0)
(-0.0373776 -0.0492934 0)
(0.0157023 -0.0170991 0)
(0.0417405 0.0361573 0)
(-0.00105252 -0.024934 0)
(0.00257379 0.00301588 0)
(-0.0090291 0.012956 0)
(-0.0194869 0.0146458 0)
(-0.0293647 0.0130912 0)
(-0.0363976 0.0100237 0)
(-0.0405739 0.00668007 0)
(-0.0427822 0.00422603 0)
(-0.0446622 0.00377848 0)
(-0.0483775 0.00630124 0)
(-0.0564402 0.0120963 0)
(-0.0708604 0.0202661 0)
(-0.0925482 0.02974 0)
(-0.121285 0.0378804 0)
(-0.154978 0.0405256 0)
(-0.188246 0.0327775 0)
(-0.210832 0.0103836 0)
(-0.210507 -0.0240787 0)
(-0.181459 -0.0593812 0)
(-0.129074 -0.0808892 0)
(-0.0677675 -0.0748969 0)
(-0.0157114 -0.0345901 0)
(0.0152556 0.0424813 0)
(-0.00758124 -0.023262 0)
(-0.0082994 0.00609885 0)
(-0.0189426 0.0173921 0)
(-0.0281143 0.0190685 0)
(-0.0361666 0.0165754 0)
(-0.0416032 0.0122769 0)
(-0.0446282 0.00793785 0)
(-0.0462092 0.00509091 0)
(-0.047915 0.00511101 0)
(-0.0517955 0.00915109 0)
(-0.0603308 0.0174991 0)
(-0.0753975 0.0288656 0)
(-0.0977936 0.0416656 0)
(-0.127372 0.0525886 0)
(-0.162437 0.056436 0)
(-0.19838 0.046456 0)
(-0.224849 0.0164877 0)
(-0.228315 -0.0300255 0)
(-0.202698 -0.0775922 0)
(-0.15356 -0.107085 0)
(-0.094184 -0.101667 0)
(-0.0407698 -0.0542304 0)
(-0.00583074 0.0365821 0)
(-0.0115679 -0.0186851 0)
(-0.0158187 0.0101828 0)
(-0.0257933 0.0215499 0)
(-0.0338833 0.0228548 0)
(-0.040386 0.0194066 0)
(-0.0444729 0.0140084 0)
(-0.0465316 0.00885539 0)
(-0.0475748 0.00579457 0)
(-0.049094 0.00643998 0)
(-0.0530845 0.0121661 0)
(-0.0621723 0.023273 0)
(-0.0782747 0.038009 0)
(-0.102183 0.0543528 0)
(-0.133935 0.0684066 0)
(-0.172253 0.0740145 0)
(-0.212943 0.0622865 0)
(-0.244471 0.0244503 0)
(-0.25104 -0.0348159 0)
(-0.226737 -0.0950807 0)
(-0.17842 -0.1329 0)
(-0.11872 -0.129082 0)
(-0.0619005 -0.0772015 0)
(-0.0188706 0.0218047 0)
(-0.014095 -0.012059 0)
(-0.0208513 0.0148887 0)
(-0.0302352 0.0254446 0)
(-0.0372885 0.0260405 0)
(-0.0423635 0.0216075 0)
(-0.0451862 0.0152262 0)
(-0.046326 0.00942853 0)
(-0.0468515 0.00631718 0)
(-0.0481814 0.00772538 0)
(-0.0523011 0.0153142 0)
(-0.0621545 0.0294547 0)
(-0.0798542 0.0478566 0)
(-0.106248 0.0681324 0)
(-0.141578 0.0858599 0)
(-0.18497 0.0939143 0)
(-0.232291 0.0807385 0)
(-0.269611 0.0342025 0)
(-0.277694 -0.0388685 0)
(-0.252332 -0.111677 0)
(-0.203778 -0.158447 0)
(-0.142945 -0.157361 0)
(-0.0826415 -0.103592 0)
(-0.0279217 0.0020102 0)
(-0.015675 -0.00409595 0)
(-0.0238636 0.0199194 0)
(-0.0325093 0.0290249 0)
(-0.0384474 0.0286366 0)
(-0.0421184 0.0231906 0)
(-0.0436959 0.0159353 0)
(-0.0439461 0.0096623 0)
(-0.0440137 0.00666637 0)
(-0.045233 0.00898364 0)
(-0.0495999 0.0186711 0)
(-0.0605404 0.0362757 0)
(-0.0805239 0.0588631 0)
(-0.110495 0.0837022 0)
(-0.150859 0.10585 0)
(-0.201095 0.117113 0)
(-0.256617 0.102563 0)
(-0.299736 0.0459474 0)
(-0.307681 -0.0421101 0)
(-0.280226 -0.128501 0)
(-0.229975 -0.185287 0)
(-0.16842 -0.186372 0)
(-0.106758 -0.133675 0)
(-0.0405273 -0.0223363 0)
(-0.0164983 0.0046124 0)
(-0.0250644 0.0249295 0)
(-0.0327404 0.0320948 0)
(-0.037473 0.0305047 0)
(-0.0397696 0.0240438 0)
(-0.0401594 0.0160567 0)
(-0.0396289 0.00954115 0)
(-0.039408 0.0069128 0)
(-0.0407016 0.0103676 0)
(-0.0454953 0.022544 0)
(-0.0578524 0.0443828 0)
(-0.0807952 0.0719721 0)
(-0.115428 0.102183 0)
(-0.162199 0.129491 0)
(-0.220793 0.144539 0)
(-0.285389 0.128162 0)
(-0.333494 0.0605327 0)
(-0.343651 -0.0457012 0)
(-0.310611 -0.149355 0)
(-0.256808 -0.212772 0)
(-0.196135 -0.216022 0)
(-0.133505 -0.169099 0)
(-0.0631543 -0.0754439 0)
(0.0811118 -0.0431084 0)
(0.0913152 0.0247233 0)
(-0.113472 0.0501814 0)
(-0.276772 0.0406106 0)
(-0.360444 0.00116224 0)
(-0.315515 -0.032686 0)
(-0.205988 -0.0450775 0)
(-0.0839262 -0.0442266 0)
(-0.00361963 -0.0204998 0)
(0.0288011 -0.0108636 0)
(0.0522782 -0.0063126 0)
(0.0700951 -0.00562785 0)
(0.0830389 -0.00340808 0)
(0.0812995 0.00331978 0)
(0.0547281 0.00909519 0)
(0.019175 0.00641085 0)
(0.00519903 -0.00135223 0)
(0.0100401 -0.00800872 0)
(0.0426636 0.00718707 0)
(0.00196928 -0.0455752 0)
(0.00034779 0.0697989 0)
(-0.172209 0.103264 0)
(-0.296842 0.0841572 0)
(-0.351613 0.0155301 0)
(-0.302092 -0.0472707 0)
(-0.17789 -0.073485 0)
(-0.0547648 -0.0678109 0)
(0.0167533 -0.033545 0)
(0.0450796 -0.0202379 0)
(0.0668186 -0.0149664 0)
(0.0855326 -0.010869 0)
(0.0931648 -0.00311717 0)
(0.0848417 0.0100389 0)
(0.0571038 0.021369 0)
(0.0201129 0.0183956 0)
(-0.00194506 0.00407109 0)
(-0.00838515 -0.00942105 0)
(0.0195702 0.0149909 0)
(-0.0400277 -0.0309684 0)
(-0.054296 0.100715 0)
(-0.164202 0.144576 0)
(-0.262125 0.12423 0)
(-0.333192 0.0239922 0)
(-0.272326 -0.0871689 0)
(-0.140178 -0.134697 0)
(-0.0156396 -0.104349 0)
(0.0486511 -0.0430679 0)
(0.0665383 -0.0264847 0)
(0.0835691 -0.0230613 0)
(0.0993324 -0.015503 0)
(0.101917 -0.00153194 0)
(0.087978 0.0181806 0)
(0.0580859 0.0345868 0)
(0.0208121 0.0312953 0)
(-0.00472277 0.0110023 0)
(-0.0177623 -0.00910465 0)
(-0.0107453 0.0111075 0)
(-0.058498 -0.00725421 0)
(-0.0703026 0.123178 0)
(-0.14083 0.177373 0)
(-0.230258 0.169537 0)
(-0.300016 0.0215715 0)
(-0.215894 -0.140371 0)
(-0.106185 -0.191584 0)
(0.00409949 -0.161844 0)
(0.079975 -0.0580174 0)
(0.0930069 -0.0285218 0)
(0.104893 -0.0286327 0)
(0.117198 -0.0188023 0)
(0.113916 0.00242889 0)
(0.0935625 0.02886 0)
(0.0600983 0.0494244 0)
(0.0219563 0.0447645 0)
(-0.0049654 0.0189054 0)
(-0.0216425 -0.00671993 0)
(-0.0289289 -0.0008686 0)
(-0.06257 0.0191546 0)
(-0.0667515 0.137721 0)
(-0.114773 0.20338 0)
(-0.198416 0.207634 0)
(-0.245409 0.00432905 0)
(-0.164591 -0.174716 0)
(-0.0760935 -0.228431 0)
(0.00920257 -0.195422 0)
(0.0808917 -0.0938455 0)
(0.119459 -0.0305433 0)
(0.131569 -0.0311714 0)
(0.139844 -0.0189616 0)
(0.129546 0.00931819 0)
(0.100813 0.0412633 0)
(0.0619971 0.0634131 0)
(0.0218731 0.0562649 0)
(-0.00425644 0.0270603 0)
(-0.0183266 -0.00275297 0)
(-0.0288354 -0.0133451 0)
(-0.0600725 0.0429486 0)
(-0.0565355 0.144212 0)
(-0.0812084 0.225225 0)
(-0.151421 0.246147 0)
(-0.184086 -0.00698469 0)
(-0.115001 -0.203236 0)
(-0.0430292 -0.260714 0)
(0.0247261 -0.219585 0)
(0.0702087 -0.114192 0)
(0.115193 -0.0502715 0)
(0.16495 -0.0340291 0)
(0.168953 -0.0151281 0)
(0.149141 0.0183021 0)
(0.109456 0.0535043 0)
(0.0609264 0.0775373 0)
(0.0115949 0.0712769 0)
(-0.0128039 0.0383122 0)
(-0.00801065 0.0023405 0)
(-0.00169139 -0.00988363 0)
(-0.0565349 0.0640452 0)
(-0.0501141 0.146358 0)
(-0.0544709 0.241014 0)
(-0.0967323 0.279694 0)
(-0.118436 -0.0213171 0)
(-0.0632418 -0.229819 0)
(-0.00469138 -0.288616 0)
(0.0479632 -0.240113 0)
(0.0653788 -0.124914 0)
(0.103679 -0.078578 0)
(0.18897 -0.0614824 0)
(0.21593 -0.00975094 0)
(0.180128 0.0323761 0)
(0.118601 0.0705795 0)
(0.040248 0.102444 0)
(-0.0550491 0.098275 0)
(-0.0530463 0.0312367 0)
(0.0129199 -0.0166413 0)
(0.0489503 -0.00775445 0)
(-0.0565008 0.0859685 0)
(-0.0464827 0.147396 0)
(-0.0472187 0.244285 0)
(-0.050101 0.288786 0)
(-0.0530727 -0.0345537 0)
(-0.00964629 -0.250498 0)
(0.0376457 -0.309689 0)
(0.0729831 -0.253745 0)
(0.073298 -0.130896 0)
(0.105927 -0.104807 0)
(0.182814 -0.0951034 0)
(0.26877 -0.0241324 0)
(0.242947 0.0647971 0)
(0.128465 0.116443 0)
(-0.036807 0.171493 0)
(-0.0970297 0.108851 0)
(-0.0253147 0.000729436 0)
(0.0396857 -0.0469872 0)
(0.070149 0.0211843 0)
(-0.016743 0.0181829 0)
(-0.0245547 0.0322428 0)
(-0.0306269 0.0357231 0)
(-0.0336523 0.031934 0)
(-0.0341783 0.0239182 0)
(-0.0331492 0.0150707 0)
(-0.0319029 0.00865324 0)
(-0.031771 0.00714176 0)
(-0.0335895 0.0128788 0)
(-0.0391883 0.0298568 0)
(-0.0538853 0.0601067 0)
(-0.0819398 0.0965561 0)
(-0.124828 0.134947 0)
(-0.182851 0.169298 0)
(-0.256039 0.190054 0)
(-0.336413 0.175642 0)
(-0.397519 0.0898165 0)
(-0.408033 -0.0642523 0)
(-0.357091 -0.190097 0)
(-0.30081 -0.256638 0)
(-0.242503 -0.264326 0)
(-0.178849 -0.223314 0)
(-0.110932 -0.147872 0)
(-0.0150233 0.0354452 0)
(-0.0213876 0.0414447 0)
(-0.0264549 0.0398918 0)
(-0.0290204 0.0330472 0)
(-0.029609 0.0231774 0)
(-0.0293045 0.013744 0)
(-0.0296621 0.00818744 0)
(-0.0318672 0.0086164 0)
(-0.035425 0.0169252 0)
(-0.0413039 0.0385086 0)
(-0.0579194 0.0778405 0)
(-0.0911089 0.124258 0)
(-0.14352 0.178582 0)
(-0.216322 0.228967 0)
(-0.310792 0.265961 0)
(-0.41723 0.254714 0)
(-0.475196 0.0956434 0)
(-0.44855 -0.103719 0)
(-0.403195 -0.238225 0)
(-0.356084 -0.311097 0)
(-0.308084 -0.323312 0)
(-0.25844 -0.278554 0)
(-0.215948 -0.188675 0)
(-0.0120076 0.05021 0)
(-0.0176277 0.0493468 0)
(-0.0231125 0.0440022 0)
(-0.0273359 0.0349538 0)
(-0.0306614 0.0239798 0)
(-0.0339518 0.0146315 0)
(-0.0386756 0.0103964 0)
(-0.0457177 0.0119535 0)
(-0.054069 0.0199825 0)
(-0.0638552 0.0427698 0)
(-0.0703781 0.103136 0)
(-0.104405 0.173444 0)
(-0.168604 0.245497 0)
(-0.248586 0.312072 0)
(-0.354623 0.372105 0)
(-0.435498 0.323121 0)
(-0.433636 0.082494 0)
(-0.414305 -0.127478 0)
(-0.401344 -0.270055 0)
(-0.379425 -0.346501 0)
(-0.353336 -0.361577 0)
(-0.323349 -0.31626 0)
(-0.292436 -0.21514 0)
(-0.0081291 0.0624509 0)
(-0.014993 0.0573173 0)
(-0.0225873 0.0502437 0)
(-0.0309038 0.0407059 0)
(-0.0402015 0.0299982 0)
(-0.0510221 0.0214388 0)
(-0.064906 0.0188608 0)
(-0.0815755 0.0234212 0)
(-0.0976248 0.0377623 0)
(-0.13185 0.0597899 0)
(-0.169398 0.133178 0)
(-0.167814 0.243949 0)
(-0.208048 0.349693 0)
(-0.260611 0.444665 0)
(-0.293181 0.506727 0)
(-0.297224 0.398273 0)
(-0.29614 0.102387 0)
(-0.319949 -0.127321 0)
(-0.356974 -0.276284 0)
(-0.371046 -0.35414 0)
(-0.369949 -0.375721 0)
(-0.359116 -0.344335 0)
(-0.335039 -0.254915 0)
(-0.00500099 0.0740455 0)
(-0.0158376 0.0680229 0)
(-0.0269632 0.0620526 0)
(-0.0415934 0.0549671 0)
(-0.0607391 0.046995 0)
(-0.085219 0.041596 0)
(-0.116709 0.0452511 0)
(-0.162875 0.0606885 0)
(-0.250583 0.0921898 0)
(-0.339549 0.111761 0)
(-0.381024 0.150715 0)
(-0.378571 0.234776 0)
(-0.340794 0.352922 0)
(-0.321109 0.42731 0)
(-0.267878 0.436931 0)
(-0.183024 0.34411 0)
(-0.115226 0.126293 0)
(-0.15461 -0.0737679 0)
(-0.285133 -0.244823 0)
(-0.342616 -0.341622 0)
(-0.363874 -0.372073 0)
(-0.362984 -0.352657 0)
(-0.340105 -0.28918 0)
(-0.00656758 0.0972073 0)
(-0.0204885 0.0869854 0)
(-0.035855 0.0831965 0)
(-0.0584486 0.0804024 0)
(-0.091946 0.0780217 0)
(-0.141465 0.0819963 0)
(-0.219762 0.107781 0)
(-0.34046 0.163846 0)
(-0.440483 0.187253 0)
(-0.509057 0.173033 0)
(-0.54917 0.16921 0)
(-0.567699 0.206926 0)
(-0.53187 0.299324 0)
(-0.455518 0.358786 0)
(-0.36723 0.335143 0)
(-0.266863 0.229158 0)
(-0.196022 0.10328 0)
(-0.17278 0.0230351 0)
(-0.196247 -0.0803408 0)
(-0.255296 -0.292441 0)
(-0.337707 -0.358641 0)
(-0.353746 -0.353941 0)
(-0.333166 -0.303369 0)
(-0.0239669 0.103713 0)
(-0.029793 0.0969359 0)
(-0.0488593 0.0975672 0)
(-0.0830651 0.102566 0)
(-0.145419 0.119453 0)
(-0.263944 0.160149 0)
(-0.431381 0.228783 0)
(-0.511277 0.260192 0)
(-0.56008 0.256424 0)
(-0.609334 0.226156 0)
(-0.655735 0.202178 0)
(-0.684361 0.208998 0)
(-0.687255 0.250372 0)
(-0.640086 0.276733 0)
(-0.555138 0.222477 0)
(-0.478459 0.118321 0)
(-0.421669 0.0318916 0)
(-0.349441 -0.0231493 0)
(-0.282026 -0.123718 0)
(-0.245853 -0.232928 0)
(-0.213774 -0.267695 0)
(-0.344455 -0.360434 0)
(-0.351783 -0.328965 0)
(-0.0727307 0.11293 0)
(-0.038811 0.0923972 0)
(-0.0704066 0.105045 0)
(-0.146954 0.131524 0)
(-0.328061 0.217762 0)
(-0.526057 0.336235 0)
(-0.560129 0.321647 0)
(-0.577226 0.305211 0)
(-0.597859 0.290788 0)
(-0.638369 0.264572 0)
(-0.692743 0.232679 0)
(-0.725018 0.219408 0)
(-0.72715 0.222466 0)
(-0.697037 0.201339 0)
(-0.645599 0.139644 0)
(-0.593553 0.0553479 0)
(-0.553127 -0.0206243 0)
(-0.50682 -0.103043 0)
(-0.435381 -0.227815 0)
(-0.384269 -0.302361 0)
(-0.338518 -0.291182 0)
(-0.281967 -0.241071 0)
(-0.347738 -0.337377 0)
(-0.0388593 0.205586 0)
(-0.0977641 0.124165 0)
(-0.227642 0.219033 0)
(-0.40475 0.405413 0)
(-0.537029 0.50101 0)
(-0.559891 0.422769 0)
(-0.555576 0.337959 0)
(-0.56331 0.308308 0)
(-0.574654 0.304032 0)
(-0.614892 0.300355 0)
(-0.685394 0.266436 0)
(-0.715019 0.236447 0)
(-0.70976 0.225572 0)
(-0.673516 0.195498 0)
(-0.628313 0.121111 0)
(-0.588818 0.029747 0)
(-0.553971 -0.0603513 0)
(-0.520688 -0.166048 0)
(-0.485485 -0.27695 0)
(-0.455127 -0.343844 0)
(-0.438529 -0.344164 0)
(-0.407556 -0.269879 0)
(-0.372713 -0.32764 0)
(-0.0534938 0.274676 0)
(-0.154335 0.290257 0)
(-0.289112 0.400192 0)
(-0.416678 0.522933 0)
(-0.464754 0.505523 0)
(-0.474877 0.404358 0)
(-0.484564 0.321407 0)
(-0.534658 0.307271 0)
(-0.568405 0.346163 0)
(-0.600974 0.410299 0)
(-0.635944 0.348186 0)
(-0.668802 0.248402 0)
(-0.674966 0.209791 0)
(-0.623968 0.174953 0)
(-0.558437 0.106167 0)
(-0.508951 0.0192626 0)
(-0.471033 -0.0572005 0)
(-0.441773 -0.156323 0)
(-0.446845 -0.284079 0)
(-0.451594 -0.357964 0)
(-0.458682 -0.366655 0)
(-0.426593 -0.317634 0)
(-0.347916 -0.350527 0)
(-0.0648293 0.362265 0)
(-0.147021 0.408435 0)
(-0.23668 0.489611 0)
(-0.297812 0.548128 0)
(-0.337565 0.497186 0)
(-0.356179 0.401084 0)
(-0.397237 0.363867 0)
(-0.445268 0.368553 0)
(-0.473943 0.396282 0)
(-0.483803 0.419948 0)
(-0.486242 0.378725 0)
(-0.497034 0.285053 0)
(-0.504754 0.17268 0)
(-0.491736 0.065229 0)
(-0.468093 -0.0199807 0)
(-0.445921 -0.0868897 0)
(-0.42739 -0.135653 0)
(-0.408823 -0.178891 0)
(-0.379071 -0.279928 0)
(-0.414999 -0.349706 0)
(-0.445101 -0.364627 0)
(-0.413008 -0.355196 0)
(-0.351117 -0.38845 0)
(-0.055712 0.447766 0)
(-0.107908 0.489387 0)
(-0.154266 0.543333 0)
(-0.176092 0.574276 0)
(-0.191651 0.529248 0)
(-0.216433 0.457754 0)
(-0.260322 0.417568 0)
(-0.30035 0.402112 0)
(-0.321713 0.399188 0)
(-0.321413 0.394289 0)
(-0.309666 0.352924 0)
(-0.305209 0.278129 0)
(-0.307265 0.186835 0)
(-0.30957 0.0942942 0)
(-0.312904 0.0124638 0)
(-0.316206 -0.0598183 0)
(-0.316532 -0.125182 0)
(-0.316153 -0.192213 0)
(-0.322329 -0.26427 0)
(-0.341201 -0.317629 0)
(-0.351833 -0.37019 0)
(-0.343216 -0.410749 0)
(-0.325478 -0.448329 0)
(-0.0379779 0.50806 0)
(-0.0637458 0.533787 0)
(-0.0828305 0.564929 0)
(-0.083154 0.58015 0)
(-0.0815702 0.549394 0)
(-0.0956442 0.495168 0)
(-0.123701 0.451861 0)
(-0.148322 0.424304 0)
(-0.159841 0.404709 0)
(-0.154893 0.381997 0)
(-0.140157 0.337865 0)
(-0.129204 0.270836 0)
(-0.127029 0.190146 0)
(-0.132401 0.104888 0)
(-0.143152 0.0234448 0)
(-0.155386 -0.0496185 0)
(-0.166133 -0.116792 0)
(-0.176879 -0.183127 0)
(-0.191793 -0.249345 0)
(-0.210314 -0.306699 0)
(-0.226328 -0.359773 0)
(-0.236908 -0.406368 0)
(-0.244272 -0.446278 0)
(-0.0192662 0.540972 0)
(-0.0252908 0.551611 0)
(-0.0276346 0.564612 0)
(-0.015286 0.569373 0)
(-0.00101831 0.547831 0)
(0.00208086 0.507897 0)
(-0.00509705 0.468551 0)
(-0.012369 0.435341 0)
(-0.0127705 0.405436 0)
(-0.00368269 0.372161 0)
(0.0113865 0.325435 0)
(0.0243448 0.263435 0)
(0.0299603 0.190429 0)
(0.0271022 0.112551 0)
(0.0172699 0.0358091 0)
(0.00353674 -0.0358394 0)
(-0.0113975 -0.102779 0)
(-0.0274399 -0.167295 0)
(-0.0465853 -0.229629 0)
(-0.0688056 -0.287006 0)
(-0.0921871 -0.340122 0)
(-0.115892 -0.387909 0)
(-0.139368 -0.429592 0)
(-0.000488253 0.548325 0)
(0.00722128 0.552567 0)
(0.0147127 0.552432 0)
(0.035315 0.549206 0)
(0.0590108 0.531821 0)
(0.0768848 0.501507 0)
(0.0877051 0.46685 0)
(0.0962655 0.432274 0)
(0.106817 0.397268 0)
(0.121205 0.358537 0)
(0.137767 0.311176 0)
(0.152055 0.253569 0)
(0.160351 0.187732 0)
(0.161021 0.117385 0)
(0.154471 0.0466109 0)
(0.142523 -0.0215481 0)
(0.127139 -0.0861347 0)
(0.108847 -0.147786 0)
(0.0870096 -0.20672 0)
(0.0615197 -0.261696 0)
(0.0328957 -0.312497 0)
(0.00130094 -0.358346 0)
(-0.0326741 -0.399239 0)
(0.0159704 0.529103 0)
(0.0337424 0.544549 0)
(0.0477767 0.533545 0)
(0.0732447 0.523308 0)
(0.102608 0.506178 0)
(0.130076 0.480644 0)
(0.153374 0.449926 0)
(0.173909 0.41646 0)
(0.193673 0.380434 0)
(0.213642 0.340453 0)
(0.232955 0.294281 0)
(0.249181 0.241065 0)
(0.259936 0.181796 0)
(0.263849 0.118707 0)
(0.260772 0.0544736 0)
(0.251579 -0.00859432 0)
(0.237511 -0.0691673 0)
(0.219141 -0.126943 0)
(0.196419 -0.181752 0)
(0.169335 -0.232907 0)
(0.138055 -0.279966 0)
(0.102628 -0.322383 0)
(0.0632426 -0.360289 0)
(0.0268455 0.492228 0)
(0.0525247 0.527621 0)
(0.0724287 0.510118 0)
(0.100667 0.4939 0)
(0.132721 0.475027 0)
(0.164953 0.451251 0)
(0.195149 0.42317 0)
(0.223032 0.391699 0)
(0.249063 0.35696 0)
(0.273427 0.318334 0)
(0.295477 0.274846 0)
(0.313776 0.226165 0)
(0.326799 0.172955 0)
(0.333505 0.116641 0)
(0.333564 0.0590259 0)
(0.327312 0.00184374 0)
(0.315459 -0.0535859 0)
(0.298496 -0.106554 0)
(0.276601 -0.156604 0)
(0.249896 -0.203161 0)
(0.218516 -0.245715 0)
(0.182464 -0.283815 0)
(0.141626 -0.317615 0)
(0.030486 0.446966 0)
(0.0623532 0.501755 0)
(0.0882778 0.482873 0)
(0.118554 0.462623 0)
(0.151587 0.441661 0)
(0.185342 0.418152 0)
(0.218186 0.391629 0)
(0.249319 0.362116 0)
(0.278425 0.329483 0)
(0.305182 0.293362 0)
(0.328947 0.253318 0)
(0.348724 0.209286 0)
(0.363463 0.161773 0)
(0.372371 0.111775 0)
(0.375079 0.0605696 0)
(0.371648 0.00947591 0)
(0.362465 -0.0403373 0)
(0.34791 -0.0880301 0)
(0.328222 -0.132998 0)
(0.303601 -0.174648 0)
(0.274208 -0.21242 0)
(0.24004 -0.245851 0)
(0.200781 -0.274953 0)
(0.0283822 0.400586 0)
(0.064214 0.46847 0)
(0.0955951 0.451938 0)
(0.127737 0.430168 0)
(0.161027 0.407943 0)
(0.194603 0.384397 0)
(0.227529 0.358882 0)
(0.259081 0.331052 0)
(0.288722 0.300616 0)
(0.315937 0.267278 0)
(0.340086 0.230813 0)
(0.360387 0.191257 0)
(0.376054 0.149009 0)
(0.386456 0.104798 0)
(0.391234 0.0595681 0)
(0.390323 0.0143413 0)
(0.383912 -0.0298888 0)
(0.372274 -0.0722889 0)
(0.355636 -0.112194 0)
(0.334214 -0.148973 0)
(0.308176 -0.182011 0)
(0.27752 -0.21078 0)
(0.241842 -0.235116 0)
(0.023778 0.357766 0)
(0.0608693 0.430593 0)
(0.0960117 0.417875 0)
(0.129628 0.396769 0)
(0.16285 0.374575 0)
(0.195534 0.351418 0)
(0.227314 0.326878 0)
(0.257749 0.300585 0)
(0.28638 0.272231 0)
(0.312707 0.24157 0)
(0.336163 0.208468 0)
(0.356119 0.172989 0)
(0.371957 0.135447 0)
(0.383166 0.096391 0)
(0.389419 0.0565355 0)
(0.390592 0.0166864 0)
(0.386754 -0.0223244 0)
(0.378087 -0.0597251 0)
(0.364771 -0.0948412 0)
(0.346998 -0.127014 0)
(0.324929 -0.155581 0)
(0.298567 -0.179936 0)
(0.267515 -0.199748 0)
(0.0193009 0.32025 0)
(0.0553239 0.39117 0)
(0.091987 0.38199 0)
(0.126222 0.362861 0)
(0.159018 0.34184 0)
(0.19052 0.319729 0)
(0.220711 0.296425 0)
(0.249414 0.2717 0)
(0.276335 0.245331 0)
(0.301094 0.217146 0)
(0.323239 0.187073 0)
(0.342281 0.155189 0)
(0.357738 0.121747 0)
(0.369203 0.0871694 0)
(0.376388 0.0520134 0)
(0.379149 0.0169247 0)
(0.377489 -0.0173992 0)
(0.371512 -0.0502633 0)
(0.361349 -0.0810111 0)
(0.347159 -0.108974 0)
(0.329083 -0.133458 0)
(0.307138 -0.153796 0)
(0.281 -0.16953 0)
(0.0160145 0.287696 0)
(0.0496242 0.352597 0)
(0.0857922 0.345925 0)
(0.11956 0.329208 0)
(0.151439 0.310041 0)
(0.18157 0.289506 0)
(0.210064 0.267747 0)
(0.236905 0.244704 0)
(0.261944 0.220276 0)
(0.284927 0.194385 0)
(0.305532 0.167019 0)
(0.323394 0.138271 0)
(0.338153 0.108357 0)
(0.349492 0.0776179 0)
(0.357171 0.0465015 0)
(0.361052 0.0155384 0)
(0.3611 -0.0146789 0)
(0.357371 -0.0435299 0)
(0.349952 -0.0703893 0)
(0.338971 -0.0945958 0)
(0.324556 -0.115446 0)
(0.306742 -0.132243 0)
(0.285298 -0.144454 0)
(0.0138438 0.2591 0)
(0.0445821 0.316306 0)
(0.078892 0.311102 0)
(0.111232 0.29666 0)
(0.141685 0.279557 0)
(0.170255 0.260865 0)
(0.197037 0.240852 0)
(0.22207 0.219586 0)
(0.245289 0.197078 0)
(0.266542 0.173334 0)
(0.285607 0.148404 0)
(0.302231 0.1224 0)
(0.316153 0.0955241 0)
(0.327136 0.0680658 0)
(0.334992 0.0403996 0)
(0.339601 0.0129752 0)
(0.340917 -0.0136937 0)
(0.338964 -0.0390511 0)
(0.333806 -0.0625084 0)
(0.325546 -0.0834249 0)
(0.314302 -0.101109 0)
(0.300131 -0.114862 0)
(0.282893 -0.124124 0)
(0.0123284 0.233619 0)
(0.0402015 0.282898 0)
(0.0719647 0.278423 0)
(0.102249 0.265883 0)
(0.130884 0.25074 0)
(0.157719 0.233916 0)
(0.182778 0.215703 0)
(0.206086 0.196239 0)
(0.227612 0.175609 0)
(0.247258 0.153888 0)
(0.264882 0.131169 0)
(0.280311 0.107593 0)
(0.293364 0.0833539 0)
(0.30387 0.058713 0)
(0.311691 0.0339975 0)
(0.316731 0.00960095 0)
(0.318948 -0.0140213 0)
(0.318353 -0.0363661 0)
(0.314996 -0.0568821 0)
(0.308966 -0.0749577 0)
(0.30038 -0.0899277 0)
(0.289313 -0.101118 0)
(0.275702 -0.107971 0)
(0.0111007 0.210742 0)
(0.0362536 0.25248 0)
(0.0652539 0.248285 0)
(0.0931925 0.237253 0)
(0.119783 0.223828 0)
(0.144761 0.208747 0)
(0.168077 0.192272 0)
(0.189719 0.17456 0)
(0.209653 0.155734 0)
(0.227815 0.13591 0)
(0.244106 0.115215 0)
(0.258412 0.0938052 0)
(0.27061 0.071878 0)
(0.280582 0.049677 0)
(0.288231 0.0274991 0)
(0.293487 0.00569923 0)
(0.296321 -0.0153107 0)
(0.29674 -0.0350699 0)
(0.294791 -0.0530627 0)
(0.290559 -0.068711 0)
(0.284159 -0.0813861 0)
(0.275683 -0.0904526 0)
(0.265134 -0.0953804 0)
(0.0100157 0.190183 0)
(0.0326131 0.22495 0)
(0.0588834 0.220761 0)
(0.0844147 0.210906 0)
(0.108871 0.198935 0)
(0.131927 0.185414 0)
(0.153477 0.170548 0)
(0.173479 0.154484 0)
(0.191887 0.137355 0)
(0.208645 0.119294 0)
(0.223687 0.100448 0)
(0.236931 0.0809846 0)
(0.248297 0.0611007 0)
(0.257706 0.0410297 0)
(0.265093 0.0210488 0)
(0.270411 0.0014853 0)
(0.273646 -0.0172818 0)
(0.274809 -0.034826 0)
(0.273949 -0.0506649 0)
(0.271149 -0.0642556 0)
(0.266529 -0.0750114 0)
(0.260193 -0.0823442 0)
(0.252196 -0.0857665 0)
(0.0090803 0.171713 0)
(0.0293061 0.200138 0)
(0.0529813 0.195778 0)
(0.0761554 0.186841 0)
(0.0984716 0.176096 0)
(0.119578 0.163944 0)
(0.139348 0.150532 0)
(0.157714 0.13598 0)
(0.174624 0.120415 0)
(0.190026 0.103974 0)
(0.203866 0.0868102 0)
(0.216089 0.0690945 0)
(0.226638 0.0510227 0)
(0.235463 0.0328207 0)
(0.242521 0.0147512 0)
(0.247787 -0.00287908 0)
(0.251257 -0.0197177 0)
(0.252953 -0.0353667 0)
(0.252924 -0.0493739 0)
(0.251257 -0.0612324 0)
(0.248075 -0.0703993 0)
(0.243492 -0.076338 0)
(0.237603 -0.078611 0)
(0.00833713 0.155068 0)
(0.0264128 0.177844 0)
(0.0476613 0.173216 0)
(0.0685677 0.165007 0)
(0.0887739 0.155302 0)
(0.107933 0.144347 0)
(0.125915 0.13223 0)
(0.142647 0.119042 0)
(0.15807 0.104894 0)
(0.172137 0.0899196 0)
(0.184802 0.0742703 0)
(0.196023 0.0581163 0)
(0.205759 0.0416498 0)
(0.213978 0.0250892 0)
(0.220654 0.00868525 0)
(0.225777 -0.00727176 0)
(0.229353 -0.0224522 0)
(0.23141 -0.0364827 0)
(0.232005 -0.0489391 0)
(0.231225 -0.0593496 0)
(0.229196 -0.0672148 0)
(0.226037 -0.0720497 0)
(0.221871 -0.0734693 0)
(0.00779158 0.139947 0)
(0.0239661 0.157848 0)
(0.0429663 0.152946 0)
(0.0617071 0.145341 0)
(0.079854 0.136529 0)
(0.0970894 0.12662 0)
(0.113294 0.115644 0)
(0.128399 0.103666 0)
(0.142347 0.0907812 0)
(0.155093 0.0771151 0)
(0.166597 0.0628141 0)
(0.176825 0.0480442 0)
(0.185746 0.0329923 0)
(0.193338 0.0178691 0)
(0.199587 0.00291415 0)
(0.204491 -0.0115968 0)
(0.208066 -0.0253548 0)
(0.210348 -0.0380081 0)
(0.211394 -0.0491589 0)
(0.211296 -0.058369 0)
(0.21018 -0.0651803 0)
(0.208165 -0.069157 0)
(0.205394 -0.0699645 0)
(0.00739735 0.126065 0)
(0.021914 0.139922 0)
(0.0388451 0.134834 0)
(0.0555322 0.127766 0)
(0.0716904 0.119735 0)
(0.0870488 0.110736 0)
(0.10151 0.100758 0)
(0.115013 0.0898395 0)
(0.127508 0.078064 0)
(0.138954 0.0655479 0)
(0.149315 0.0524318 0)
(0.158559 0.0388763 0)
(0.166664 0.025062 0)
(0.173611 0.0111909 0)
(0.179394 -0.00250812 0)
(0.184017 -0.0157744 0)
(0.187503 -0.0283175 0)
(0.189892 -0.0398054 0)
(0.191246 -0.0498653 0)
(0.191656 -0.0580905 0)
(0.191246 -0.0640613 0)
(0.19014 -0.0673866 0)
(0.188482 -0.0677774 0)
(0.00707899 0.113209 0)
(0.020141 0.123853 0)
(0.0351754 0.118738 0)
(0.0499327 0.112186 0)
(0.0641955 0.10485 0)
(0.0777506 0.0966468 0)
(0.0905274 0.0875321 0)
(0.102479 0.0775301 0)
(0.113564 0.0667147 0)
(0.123745 0.0551955 0)
(0.132989 0.0431078 0)
(0.141269 0.0306071 0)
(0.148561 0.0178669 0)
(0.154852 0.00508006 0)
(0.160138 -0.00753557 0)
(0.164428 -0.0197361 0)
(0.16775 -0.0312472 0)
(0.170147 -0.041756 0)
(0.171684 -0.0509133 0)
(0.172453 -0.0583415 0)
(0.172574 -0.0636555 0)
(0.172171 -0.0665039 0)
(0.171388 -0.0666376 0)
(0.00676302 0.101262 0)
(0.018516 0.109462 0)
(0.0318114 0.104515 0)
(0.0447727 0.0984868 0)
(0.057255 0.0917814 0)
(0.0691061 0.0842716 0)
(0.0802842 0.0758997 0)
(0.0907576 0.0666817 0)
(0.100494 0.0566864 0)
(0.109462 0.0460199 0)
(0.117632 0.0348145 0)
(0.124977 0.0232214 0)
(0.131473 0.0114072 0)
(0.137106 -0.000445182 0)
(0.141873 -0.0121308 0)
(0.145788 -0.0234228 0)
(0.148881 -0.0340624 0)
(0.151201 -0.0437555 0)
(0.152812 -0.0521748 0)
(0.153807 -0.0589693 0)
(0.154306 -0.0637851 0)
(0.154427 -0.0663053 0)
(0.154314 -0.0663139 0)
(0.00639889 0.0901939 0)
(0.0169332 0.0966147 0)
(0.0286278 0.0920197 0)
(0.0399308 0.0865347 0)
(0.0507637 0.080409 0)
(0.0610302 0.0735064 0)
(0.0707152 0.0657699 0)
(0.0798024 0.0572156 0)
(0.0882702 0.0479123 0)
(0.0960941 0.037966 0)
(0.103247 0.0275091 0)
(0.109699 0.0166912 0)
(0.115425 0.00567244 0)
(0.120405 -0.00537555 0)
(0.124638 -0.0162643 0)
(0.128143 -0.0267837 0)
(0.130952 -0.0366912 0)
(0.133117 -0.0457105 0)
(0.134707 -0.0535349 0)
(0.135812 -0.0598374 0)
(0.13655 -0.0642921 0)
(0.137038 -0.0666113 0)
(0.137415 -0.0666066 0)
(0.00596407 0.0800278 0)
(0.0153311 0.0852146 0)
(0.0255451 0.0811169 0)
(0.0353278 0.0761882 0)
(0.0446513 0.0705989 0)
(0.0534637 0.0642294 0)
(0.0617729 0.0570348 0)
(0.0695777 0.0490377 0)
(0.0768676 0.0403108 0)
(0.0836259 0.0309645 0)
(0.089828 0.0211361 0)
(0.0954401 0.0109776 0)
(0.100427 0.000643369 0)
(0.104766 -0.00970956 0)
(0.108456 -0.0199131 0)
(0.11152 -0.0297748 0)
(0.113996 -0.0390692 0)
(0.115939 -0.0475371 0)
(0.11742 -0.0548902 0)
(0.118532 -0.0608231 0)
(0.119386 -0.0650341 0)
(0.120099 -0.0672615 0)
(0.120804 -0.0673387 0)
(0.00545825 0.0708119 0)
(0.013694 0.0751899 0)
(0.0225385 0.0716775 0)
(0.0309379 0.0673032 0)
(0.0388939 0.0622104 0)
(0.0463861 0.0563114 0)
(0.0534397 0.0495794 0)
(0.0600676 0.0420467 0)
(0.0662723 0.0337934 0)
(0.0720466 0.0249387 0)
(0.077369 0.0156316 0)
(0.0821974 0.00603459 0)
(0.0864815 -0.00370371 0)
(0.0901904 -0.0134486 0)
(0.0933273 -0.0230568 0)
(0.0959204 -0.0323564 0)
(0.0980166 -0.0411389 0)
(0.0996766 -0.0491605 0)
(0.100974 -0.0561485 0)
(0.101999 -0.0618164 0)
(0.10286 -0.0658839 0)
(0.103671 -0.0681114 0)
(0.10456 -0.0683501 0)
(0.00489658 0.0625888 0)
(0.0120471 0.0664715 0)
(0.0196369 0.0635744 0)
(0.0267901 0.0597366 0)
(0.0335184 0.0551038 0)
(0.0398198 0.0496243 0)
(0.0457322 0.0432905 0)
(0.0512821 0.0361441 0)
(0.0564863 0.0282736 0)
(0.0613516 0.0198119 0)
(0.0658622 0.0109302 0)
(0.0699614 0.00181584 0)
(0.0735718 -0.00739038 0)
(0.0766533 -0.0165903 0)
(0.0792182 -0.0256734 0)
(0.0813091 -0.0344908 0)
(0.082984 -0.0428491 0)
(0.0843092 -0.0505158 0)
(0.0853593 -0.0572307 0)
(0.0862205 -0.0627222 0)
(0.0869957 -0.0667287 0)
(0.0877921 -0.0690306 0)
(0.0887313 -0.0694935 0)
(0.00430865 0.0553691 0)
(0.0104553 0.0589721 0)
(0.0169197 0.0566753 0)
(0.0229659 0.0533469 0)
(0.0286002 0.0491451 0)
(0.0338308 0.0440493 0)
(0.0387042 0.0380661 0)
(0.0432589 0.0312437 0)
(0.0475294 0.0236771 0)
(0.0515425 0.0155167 0)
(0.055297 0.00697158 0)
(0.0587101 -0.00171702 0)
(0.0616571 -0.0104247 0)
(0.0640912 -0.0191193 0)
(0.0660513 -0.0277339 0)
(0.0676052 -0.0361412 0)
(0.0688242 -0.0441566 0)
(0.0697777 -0.0515521 0)
(0.0705361 -0.0580742 0)
(0.0711776 -0.0634632 0)
(0.0717941 -0.0674739 0)
(0.0724838 -0.0699047 0)
(0.0733585 -0.0706343 0)
(0.00374428 0.0491016 0)
(0.00902732 0.0525696 0)
(0.0145156 0.0508381 0)
(0.0195945 0.0479978 0)
(0.0242595 0.0442128 0)
(0.0285262 0.0394828 0)
(0.0324459 0.0338227 0)
(0.0360665 0.027281 0)
(0.0394408 0.0199522 0)
(0.0426258 0.0120038 0)
(0.045654 0.00370503 0)
(0.048397 -0.00458543 0)
(0.0506517 -0.0127864 0)
(0.0523802 -0.0209961 0)
(0.0536851 -0.0291986 0)
(0.0546699 -0.0372747 0)
(0.055416 -0.0450328 0)
(0.0559863 -0.052239 0)
(0.0564379 -0.0586407 0)
(0.056833 -0.0639872 0)
(0.0572472 -0.0680487 0)
(0.0577648 -0.070641 0)
(0.0584838 -0.0716553 0)
(0.00329022 0.0436529 0)
(0.00793331 0.0471062 0)
(0.0126056 0.0459209 0)
(0.0168471 0.0435691 0)
(0.0206517 0.0402052 0)
(0.0240466 0.0358422 0)
(0.0270824 0.0305007 0)
(0.0298057 0.0242219 0)
(0.032281 0.0170846 0)
(0.0346061 0.00925846 0)
(0.0368895 0.00109698 0)
(0.0389177 -0.00678192 0)
(0.040383 -0.01441 0)
(0.0412973 -0.0221532 0)
(0.0418896 -0.0300265 0)
(0.0422984 -0.0378768 0)
(0.0425931 -0.0454789 0)
(0.0428104 -0.0525805 0)
(0.0429803 -0.058927 0)
(0.0431407 -0.0642763 0)
(0.0433456 -0.0684149 0)
(0.0436608 -0.0711767 0)
(0.0441664 -0.0724656 0)
(0.00312724 0.0387059 0)
(0.00743025 0.0423587 0)
(0.0114114 0.0417727 0)
(0.0149075 0.0399423 0)
(0.0179386 0.0370186 0)
(0.0205465 0.033043 0)
(0.0227659 0.0280501 0)
(0.0246154 0.022071 0)
(0.0261441 0.0151447 0)
(0.0274865 0.00739343 0)
(0.0289049 -0.000775433 0)
(0.0300086 -0.00817956 0)
(0.0304978 -0.0151368 0)
(0.0304619 -0.0225027 0)
(0.0303312 -0.0302072 0)
(0.0302295 -0.0379859 0)
(0.0301637 -0.0455516 0)
(0.0301161 -0.052632 0)
(0.0300778 -0.0589751 0)
(0.0300585 -0.0643535 0)
(0.0300884 -0.0685725 0)
(0.0302127 -0.071485 0)
(0.0304913 -0.0730093 0)
(0.00358819 0.0339403 0)
(0.00785356 0.038031 0)
(0.0110844 0.0381849 0)
(0.0138664 0.036911 0)
(0.0162144 0.0344453 0)
(0.0181566 0.030906 0)
(0.0196769 0.0263632 0)
(0.0207223 0.0208481 0)
(0.0212612 0.0143519 0)
(0.0213821 0.00686514 0)
(0.021596 -0.00141219 0)
(0.0209467 -0.00829707 0)
(0.0202552 -0.0147387 0)
(0.0192701 -0.0220803 0)
(0.0185972 -0.0298974 0)
(0.0181987 -0.0377833 0)
(0.0179598 -0.0454135 0)
(0.017797 -0.0525221 0)
(0.0176684 -0.0588781 0)
(0.017563 -0.0642777 0)
(0.017492 -0.0685478 0)
(0.0174807 -0.0715593 0)
(0.0175642 -0.0732446 0)
(0.0044411 0.0249722 0)
(0.00841087 0.032957 0)
(0.0111156 0.0346535 0)
(0.0134288 0.0340988 0)
(0.0153706 0.0321574 0)
(0.0169313 0.02915 0)
(0.0180361 0.0252239 0)
(0.018547 0.0204544 0)
(0.0182869 0.0148666 0)
(0.017072 0.00836602 0)
(0.0153878 0.000378127 0)
(0.0095524 -0.00543716 0)
(0.00818164 -0.0123272 0)
(0.0069968 -0.0206139 0)
(0.00639788 -0.0290609 0)
(0.00610141 -0.0372995 0)
(0.00594321 -0.0451168 0)
(0.00583948 -0.0523228 0)
(0.00575487 -0.0587353 0)
(0.00567775 -0.0641807 0)
(0.00560965 -0.0685047 0)
(0.00555908 -0.0715893 0)
(0.00553663 -0.0733644 0)
(-0.0393169 -0.0906072 0)
(0.00574657 -0.032447 0)
(0.00257837 0.0420288 0)
(-0.0253166 0.0972032 0)
(-0.191117 -0.109107 0)
(-0.174511 -0.0534674 0)
(-0.153766 -0.0012557 0)
(-0.130223 0.0391097 0)
(-0.271516 -0.137801 0)
(-0.255554 -0.0929319 0)
(-0.234593 -0.0517942 0)
(-0.210799 -0.0102806 0)
(-0.310919 -0.169734 0)
(-0.292483 -0.128056 0)
(-0.275937 -0.0970068 0)
(-0.255413 -0.0659762 0)
(-0.308511 -0.225208 0)
(-0.28286 -0.187664 0)
(-0.257686 -0.160292 0)
(-0.227751 -0.142079 0)
(-0.302417 -0.259769 0)
(-0.279402 -0.233814 0)
(-0.253292 -0.211385 0)
(-0.225148 -0.193005 0)
(-0.32545 -0.297464 0)
(-0.305135 -0.276119 0)
(-0.281223 -0.256876 0)
(-0.254031 -0.24059 0)
(-0.362131 -0.336018 0)
(-0.340772 -0.327205 0)
(-0.311592 -0.319565 0)
(-0.279402 -0.318029 0)
(-0.357217 -0.394074 0)
(-0.33836 -0.410711 0)
(-0.313461 -0.417005 0)
(-0.287724 -0.416473 0)
(-0.335001 -0.397493 0)
(-0.324546 -0.414043 0)
(-0.311258 -0.424349 0)
(-0.296178 -0.427464 0)
(-0.312218 -0.425795 0)
(-0.306788 -0.445711 0)
(-0.300823 -0.458542 0)
(-0.292144 -0.460816 0)
(-0.311397 -0.468027 0)
(-0.301582 -0.475271 0)
(-0.292417 -0.486387 0)
(-0.283497 -0.500947 0)
(-0.24761 -0.469924 0)
(-0.247845 -0.481936 0)
(-0.246899 -0.491962 0)
(-0.246114 -0.501553 0)
(-0.155993 -0.456691 0)
(-0.165918 -0.470942 0)
(-0.175101 -0.482312 0)
(-0.184214 -0.491017 0)
(-0.0582904 -0.426989 0)
(-0.0749495 -0.442173 0)
(-0.0915991 -0.453876 0)
(-0.108379 -0.461868 0)
(0.0325488 -0.386082 0)
(0.0118446 -0.400393 0)
(-0.00941681 -0.411498 0)
(-0.0310403 -0.418924 0)
(0.109254 -0.340212 0)
(0.0870519 -0.352795 0)
(0.0639804 -0.36266 0)
(0.040346 -0.369292 0)
(0.169394 -0.293724 0)
(0.147648 -0.304132 0)
(0.124896 -0.312353 0)
(0.101445 -0.317976 0)
(0.213196 -0.250014 0)
(0.193224 -0.258141 0)
(0.172234 -0.264535 0)
(0.150476 -0.268939 0)
(0.242533 -0.211083 0)
(0.225048 -0.217023 0)
(0.206615 -0.221586 0)
(0.187412 -0.224659 0)
(0.259958 -0.177767 0)
(0.245197 -0.181757 0)
(0.229609 -0.184629 0)
(0.213308 -0.186382 0)
(0.26805 -0.150095 0)
(0.255936 -0.15245 0)
(0.243137 -0.153868 0)
(0.229724 -0.154418 0)
(0.269069 -0.127668 0)
(0.259357 -0.128717 0)
(0.2491 -0.12895 0)
(0.238346 -0.128479 0)
(0.264845 -0.109876 0)
(0.25722 -0.10992 0)
(0.249177 -0.109232 0)
(0.240752 -0.107947 0)
(0.256784 -0.0960376 0)
(0.25092 -0.0953346 0)
(0.244746 -0.0939622 0)
(0.238292 -0.0920617 0)
(0.245927 -0.0854873 0)
(0.241521 -0.0842543 0)
(0.236895 -0.0823974 0)
(0.232073 -0.0800558 0)
(0.233041 -0.0776344 0)
(0.229827 -0.0760476 0)
(0.226466 -0.0738683 0)
(0.222977 -0.0712292 0)
(0.218697 -0.0719813 0)
(0.216453 -0.0701797 0)
(0.214118 -0.067805 0)
(0.211707 -0.064982 0)
(0.203339 -0.0681192 0)
(0.20188 -0.0662091 0)
(0.200372 -0.0637362 0)
(0.198829 -0.060817 0)
(0.187322 -0.0657117 0)
(0.186495 -0.0637726 0)
(0.185651 -0.0612757 0)
(0.184804 -0.058328 0)
(0.170935 -0.0644768 0)
(0.170611 -0.0625686 0)
(0.170294 -0.0601048 0)
(0.17 -0.0571819 0)
(0.154408 -0.0641723 0)
(0.154476 -0.0623412 0)
(0.154573 -0.0599559 0)
(0.154711 -0.0571008 0)
(0.137917 -0.0645842 0)
(0.138281 -0.0628675 0)
(0.138689 -0.0605981 0)
(0.139156 -0.0578467 0)
(0.121589 -0.0655185 0)
(0.12216 -0.0639477 0)
(0.12279 -0.0618258 0)
(0.123492 -0.0592094 0)
(0.10551 -0.0667964 0)
(0.106206 -0.0653977 0)
(0.106974 -0.06345 0)
(0.107824 -0.0609962 0)
(0.0897388 -0.0682504 0)
(0.0904827 -0.0670442 0)
(0.0913085 -0.0652921 0)
(0.0922248 -0.0630243 0)
(0.0743228 -0.0697245 0)
(0.0750432 -0.0687237 0)
(0.0758514 -0.0671814 0)
(0.0767551 -0.0651176 0)
(0.0593184 -0.0710787 0)
(0.0599524 -0.0702853 0)
(0.0606747 -0.0689575 0)
(0.0614926 -0.0671071 0)
(0.0448065 -0.0721969 0)
(0.0453045 -0.0715994 0)
(0.0458844 -0.0704774 0)
(0.0465537 -0.0688374 0)
(0.0309031 -0.0730025 0)
(0.0312348 -0.0725742 0)
(0.031634 -0.0716333 0)
(0.0321083 -0.0701833 0)
(0.0177552 -0.0734229 0)
(0.0179202 -0.0731197 0)
(0.0181307 -0.0723132 0)
(0.0183945 -0.0710032 0)
(0.0055641 -0.0736207 0)
(0.00559569 -0.0733791 0)
(0.00564427 -0.0726581 0)
(0.00571374 -0.0714644 0)
(-0.0446245 0.106494 0)
(-0.0413585 0.146552 0)
(-0.0376894 0.241835 0)
(0.00703062 0.274566 0)
(0.051735 -0.0485249 0)
(0.0754535 -0.272882 0)
(0.10507 -0.333944 0)
(0.117255 -0.272406 0)
(0.110304 -0.123348 0)
(0.121415 -0.136446 0)
(0.170638 -0.140698 0)
(0.239764 -0.0642896 0)
(0.262779 0.122846 0)
(0.125229 0.279314 0)
(-0.0520806 0.241909 0)
(-0.0173573 0.070188 0)
(0.0413278 -0.0311089 0)
(0.0737596 -0.0623138 0)
(0.0607841 0.047351 0)
(-0.0955562 0.0849409 0)
(-0.0723301 0.139476 0)
(-0.0413293 0.225372 0)
(0.0626097 0.205309 0)
(0.175155 -0.0752917 0)
(0.179304 -0.288676 0)
(0.181694 -0.345649 0)
(0.176715 -0.283531 0)
(0.172134 -0.0922373 0)
(0.139346 -0.160375 0)
(0.147024 -0.176514 0)
(0.161031 -0.0844002 0)
(0.153169 0.150044 0)
(0.036742 0.397207 0)
(-0.0019163 0.224609 0)
(0.0809458 0.0282633 0)
(0.101985 -0.0467377 0)
(0.0997778 -0.0448765 0)
(0.0545152 0.0984418 0)
(-0.170041 0.0473337 0)
(-0.120442 0.104421 0)
(-0.0328752 0.151842 0)
(0.123051 0.0781421 0)
(0.235923 -0.138512 0)
(0.244796 -0.291172 0)
(0.223512 -0.337653 0)
(0.192799 -0.269051 0)
(0.16812 -0.0511414 0)
(0.157037 -0.142827 0)
(0.12511 -0.177308 0)
(0.0813016 -0.078367 0)
(0.0415458 0.203149 0)
(-0.0243959 0.416819 0)
(0.0581038 0.146216 0)
(0.1323 -0.00543005 0)
(0.143147 -0.0443441 0)
(0.121316 -0.000692123 0)
(0.0643716 0.157864 0)
(-0.201911 -0.0180731 0)
(-0.112114 0.0238189 0)
(0.014125 0.0194976 0)
(0.164186 -0.0916415 0)
(0.241164 -0.19051 0)
(0.265517 -0.279851 0)
(0.232354 -0.30998 0)
(0.135292 -0.195909 0)
(0.147202 -0.0727919 0)
(0.223656 -0.106821 0)
(0.160537 -0.132234 0)
(0.0267642 -0.0350393 0)
(-0.0331909 0.296428 0)
(0.0306078 0.341293 0)
(0.124731 0.0821383 0)
(0.166377 -0.0339264 0)
(0.170933 -0.0334537 0)
(0.135498 0.0546991 0)
(0.0862564 0.243067 0)
(-0.172331 -0.122393 0)
(-0.0838207 -0.107687 0)
(0.0309303 -0.13024 0)
(0.124953 -0.180842 0)
(0.186784 -0.223292 0)
(0.229663 -0.262718 0)
(0.178571 -0.241294 0)
(0.14402 -0.141294 0)
(0.197386 -0.157441 0)
(0.26419 -0.153659 0)
(0.34291 -0.0659105 0)
(0.267997 0.100773 0)
(0.157929 0.369754 0)
(0.159549 0.268401 0)
(0.198454 0.0444879 0)
(0.20403 -0.0441974 0)
(0.177722 -0.0108325 0)
(0.116808 0.112098 0)
(0.085363 0.314946 0)
(-0.173226 -0.170108 0)
(-0.0900434 -0.158679 0)
(-0.0039319 -0.17414 0)
(0.0716486 -0.210105 0)
(0.123959 -0.249323 0)
(0.144353 -0.258409 0)
(0.161449 -0.220227 0)
(0.191788 -0.19321 0)
(0.233996 -0.215601 0)
(0.277404 -0.206101 0)
(0.324881 -0.117066 0)
(0.352527 0.0835939 0)
(0.337873 0.394098 0)
(0.291325 0.267543 0)
(0.2806 0.0401119 0)
(0.237182 -0.0349908 0)
(0.14543 0.0269619 0)
(0.0204032 0.175037 0)
(0.053344 0.385 0)
(-0.201637 -0.218119 0)
(-0.114486 -0.20477 0)
(-0.0159968 -0.219804 0)
(0.0674772 -0.257766 0)
(0.10386 -0.294708 0)
(0.129486 -0.307471 0)
(0.189817 -0.261937 0)
(0.217922 -0.232398 0)
(0.235463 -0.248144 0)
(0.251312 -0.233478 0)
(0.257554 -0.132969 0)
(0.278562 0.0766241 0)
(0.331487 0.363643 0)
(0.404246 0.307773 0)
(0.384957 0.0640618 0)
(0.232998 0.00679344 0)
(0.0223297 0.130909 0)
(-0.113257 0.264209 0)
(0.0413095 0.415703 0)
(-0.225877 -0.313454 0)
(-0.150789 -0.343037 0)
(-0.0837054 -0.377001 0)
(-0.0211342 -0.374041 0)
(0.0416609 -0.364995 0)
(0.0993025 -0.354765 0)
(0.148065 -0.313343 0)
(0.196377 -0.233889 0)
(0.212888 -0.255655 0)
(0.19615 -0.236417 0)
(0.148408 -0.13383 0)
(0.130384 0.069657 0)
(0.218774 0.31039 0)
(0.323287 0.319407 0)
(0.276353 0.194821 0)
(0.152366 0.29751 0)
(0.021857 0.401646 0)
(-0.177436 0.301474 0)
(0.0688949 0.348916 0)
(-0.237492 -0.406868 0)
(-0.163448 -0.398435 0)
(-0.106714 -0.392754 0)
(-0.0507523 -0.388072 0)
(0.00132184 -0.397469 0)
(0.0458866 -0.386608 0)
(0.0748897 -0.346114 0)
(0.0982654 -0.250766 0)
(0.162234 -0.250505 0)
(0.103437 -0.207834 0)
(0.0417216 -0.0859278 0)
(0.00108484 0.032976 0)
(0.0687262 0.226058 0)
(0.0920454 0.261772 0)
(0.071665 0.244613 0)
(0.0222152 0.314396 0)
(0.0236829 0.416484 0)
(-0.100235 0.263641 0)
(0.189879 0.188286 0)
(-0.263131 -0.425813 0)
(-0.1987 -0.423082 0)
(-0.137922 -0.422547 0)
(-0.0713158 -0.41773 0)
(-0.0309755 -0.427757 0)
(-0.0105076 -0.405746 0)
(-0.00652531 -0.361699 0)
(-0.0389159 -0.274677 0)
(-0.0450064 -0.229279 0)
(-0.0898812 -0.14428 0)
(-0.115306 -0.0608993 0)
(-0.128606 0.0428837 0)
(-0.117188 0.17805 0)
(-0.106696 0.257781 0)
(-0.114389 0.263325 0)
(-0.131765 0.315633 0)
(-0.0898699 0.379928 0)
(-0.0915036 0.265938 0)
(0.0258258 0.170007 0)
(-0.264718 -0.467688 0)
(-0.223969 -0.488097 0)
(-0.185728 -0.502633 0)
(-0.151525 -0.491666 0)
(-0.103329 -0.459279 0)
(-0.126652 -0.420147 0)
(-0.150853 -0.349132 0)
(-0.171063 -0.259491 0)
(-0.192755 -0.198702 0)
(-0.224368 -0.133118 0)
(-0.2506 -0.0491029 0)
(-0.277133 0.0663272 0)
(-0.290948 0.188762 0)
(-0.293463 0.26086 0)
(-0.294135 0.274422 0)
(-0.28257 0.297025 0)
(-0.210513 0.308346 0)
(-0.134175 0.228513 0)
(-0.0500673 0.16356 0)
(-0.266958 -0.521644 0)
(-0.25046 -0.528913 0)
(-0.240635 -0.522828 0)
(-0.240708 -0.504291 0)
(-0.243859 -0.46395 0)
(-0.258636 -0.396192 0)
(-0.275159 -0.319402 0)
(-0.290433 -0.239903 0)
(-0.309329 -0.172779 0)
(-0.33849 -0.10654 0)
(-0.377067 -0.0213883 0)
(-0.413195 0.0938271 0)
(-0.428887 0.200936 0)
(-0.424906 0.257078 0)
(-0.401759 0.256278 0)
(-0.348744 0.239498 0)
(-0.254156 0.20574 0)
(-0.144564 0.137436 0)
(-0.0461438 0.0805554 0)
(-0.24593 -0.512686 0)
(-0.252858 -0.516386 0)
(-0.265339 -0.506646 0)
(-0.28536 -0.48286 0)
(-0.308933 -0.439291 0)
(-0.332631 -0.376842 0)
(-0.354098 -0.303119 0)
(-0.373362 -0.224835 0)
(-0.395319 -0.150929 0)
(-0.425369 -0.0737254 0)
(-0.459964 0.016146 0)
(-0.485391 0.116799 0)
(-0.487856 0.200515 0)
(-0.463247 0.231646 0)
(-0.416748 0.207305 0)
(-0.347861 0.164596 0)
(-0.257177 0.111847 0)
(-0.159591 0.0432925 0)
(-0.0673304 0.00925748 0)
(-0.200144 -0.498763 0)
(-0.226862 -0.498 0)
(-0.256743 -0.484269 0)
(-0.290054 -0.456646 0)
(-0.325258 -0.412402 0)
(-0.358548 -0.352763 0)
(-0.387535 -0.281906 0)
(-0.412463 -0.204781 0)
(-0.436851 -0.127823 0)
(-0.46331 -0.0479648 0)
(-0.486612 0.0370256 0)
(-0.495631 0.120801 0)
(-0.48006 0.180999 0)
(-0.440272 0.191563 0)
(-0.389003 0.155094 0)
(-0.331312 0.100863 0)
(-0.261557 0.0362981 0)
(-0.177418 -0.0534336 0)
(-0.0786022 -0.100892 0)
(-0.137136 -0.468036 0)
(-0.17902 -0.465176 0)
(-0.221779 -0.449648 0)
(-0.265053 -0.420779 0)
(-0.307903 -0.377598 0)
(-0.34781 -0.321272 0)
(-0.382448 -0.254651 0)
(-0.411387 -0.181485 0)
(-0.436224 -0.106363 0)
(-0.457073 -0.0297141 0)
(-0.469448 0.0454132 0)
(-0.465442 0.111142 0)
(-0.439529 0.150421 0)
(-0.397076 0.148688 0)
(-0.349384 0.110079 0)
(-0.300077 0.0507507 0)
(-0.242221 -0.03117 0)
(-0.16718 -0.148752 0)
(-0.0717697 -0.212695 0)
(-0.0679066 -0.424812 0)
(-0.11941 -0.421798 0)
(-0.170497 -0.406612 0)
(-0.220322 -0.378643 0)
(-0.268064 -0.337637 0)
(-0.311537 -0.285568 0)
(-0.349225 -0.224548 0)
(-0.380425 -0.156871 0)
(-0.404676 -0.086925 0)
(-0.420366 -0.0182764 0)
(-0.424704 0.0444163 0)
(-0.413098 0.0939964 0)
(-0.383843 0.117377 0)
(-0.342359 0.107058 0)
(-0.296512 0.0664861 0)
(-0.248955 0.00392202 0)
(-0.196392 -0.0864353 0)
(-0.136735 -0.222578 0)
(-0.0594307 -0.308603 0)
(-0.000163553 -0.374855 0)
(-0.0561434 -0.372339 0)
(-0.11127 -0.358499 0)
(-0.164251 -0.332705 0)
(-0.213928 -0.295222 0)
(-0.259031 -0.248077 0)
(-0.297869 -0.192819 0)
(-0.329262 -0.131967 0)
(-0.352079 -0.0701169 0)
(-0.364523 -0.011728 0)
(-0.364265 0.03845 0)
(-0.348997 0.0738813 0)
(-0.319523 0.0850813 0)
(-0.28038 0.0682521 0)
(-0.237049 0.0258955 0)
(-0.191956 -0.0385437 0)
(-0.145559 -0.131685 0)
(-0.101473 -0.272764 0)
(-0.0423852 -0.386735 0)
(0.0609218 -0.322969 0)
(0.00479735 -0.320991 0)
(-0.0505942 -0.308818 0)
(-0.103607 -0.285789 0)
(-0.152798 -0.252297 0)
(-0.197045 -0.210142 0)
(-0.235042 -0.161164 0)
(-0.265149 -0.108078 0)
(-0.286036 -0.0553122 0)
(-0.296229 -0.00739247 0)
(-0.2941 0.0308237 0)
(-0.278673 0.0537008 0)
(-0.25165 0.0551107 0)
(-0.216803 0.0328283 0)
(-0.178314 -0.0117361 0)
(-0.138577 -0.0773091 0)
(-0.0996776 -0.16963 0)
(-0.0677186 -0.306171 0)
(-0.0225882 -0.442905 0)
(0.112568 -0.272906 0)
(0.0595932 -0.271082 0)
(0.00689066 -0.260426 0)
(-0.0436793 -0.240215 0)
(-0.0905171 -0.210803 0)
(-0.132336 -0.173728 0)
(-0.167871 -0.131111 0)
(-0.19565 -0.0858831 0)
(-0.214316 -0.0421835 0)
(-0.222866 -0.00441309 0)
(-0.220533 0.0229954 0)
(-0.207136 0.0355735 0)
(-0.184321 0.0291663 0)
(-0.155286 0.00236688 0)
(-0.12337 -0.0439732 0)
(-0.091038 -0.109544 0)
(-0.0607317 -0.199341 0)
(-0.0377441 -0.329675 0)
(-0.00522316 -0.475475 0)
(0.153714 -0.227206 0)
(0.106111 -0.224986 0)
(0.0582057 -0.215406 0)
(0.0118983 -0.197699 0)
(-0.0311181 -0.172141 0)
(-0.0694749 -0.140107 0)
(-0.101869 -0.103723 0)
(-0.126984 -0.0659398 0)
(-0.143693 -0.0306116 0)
(-0.151266 -0.00179998 0)
(-0.149508 0.016544 0)
(-0.138813 0.0208058 0)
(-0.120781 0.00820833 0)
(-0.097993 -0.0221104 0)
(-0.0731495 -0.069578 0)
(-0.0486367 -0.13426 0)
(-0.0268135 -0.220893 0)
(-0.0114573 -0.346135 0)
(0.00607421 -0.486967 0)
(0.184528 -0.187319 0)
(0.143493 -0.184228 0)
(0.101671 -0.175183 0)
(0.0608386 -0.159454 0)
(0.0226741 -0.137245 0)
(-0.0114379 -0.109773 0)
(-0.0402328 -0.0791032 0)
(-0.062544 -0.0480612 0)
(-0.0774921 -0.0201566 0)
(-0.0846099 0.000950962 0)
(-0.0839698 0.0118409 0)
(-0.0762783 0.00960108 0)
(-0.0630342 -0.00771451 0)
(-0.0463305 -0.0406044 0)
(-0.0283176 -0.0886155 0)
(-0.0110413 -0.151913 0)
(0.00320796 -0.234756 0)
(0.0108616 -0.353763 0)
(0.0122304 -0.482462 0)
(0.205922 -0.153773 0)
(0.171787 -0.149538 0)
(0.136576 -0.140569 0)
(0.101832 -0.126245 0)
(0.0690949 -0.106757 0)
(0.0396702 -0.0831928 0)
(0.0147276 -0.0574722 0)
(-0.00472892 -0.0322239 0)
(-0.0180207 -0.0106065 0)
(-0.0249118 0.00414733 0)
(-0.0256321 0.00910728 0)
(-0.0209831 0.00192947 0)
(-0.0123332 -0.0188018 0)
(-0.00140342 -0.0533855 0)
(0.0100726 -0.10145 0)
(0.0204429 -0.163153 0)
(0.027594 -0.241728 0)
(0.0277145 -0.349768 0)
(0.0171078 -0.469151 0)
(0.219176 -0.12643 0)
(0.191646 -0.120993 0)
(0.162957 -0.111805 0)
(0.13437 -0.0983921 0)
(0.107206 -0.0809759 0)
(0.0826008 -0.0605625 0)
(0.0615745 -0.0389122 0)
(0.0449552 -0.0184135 0)
(0.0332484 -0.00186978 0)
(0.0265431 0.00787887 0)
(0.0244859 0.00834108 0)
(0.0262624 -0.00237561 0)
(0.0306384 -0.0253341 0)
(0.0361303 -0.0607063 0)
(0.0412226 -0.108176 0)
(0.0444237 -0.167859 0)
(0.0438715 -0.241868 0)
(0.0374397 -0.33813 0)
(0.0228211 -0.448344 0)
(0.22566 -0.104739 0)
(0.204069 -0.0982056 0)
(0.181388 -0.0886646 0)
(0.158607 -0.0757976 0)
(0.136788 -0.0598837 0)
(0.116856 -0.0418771 0)
(0.0996379 -0.0233923 0)
(0.0857782 -0.00658409 0)
(0.0756259 0.00606965 0)
(0.0691549 0.0121011 0)
(0.0659445 0.00938764 0)
(0.0651952 -0.0036061 0)
(0.0657814 -0.0276715 0)
(0.0663764 -0.0628644 0)
(0.0655717 -0.108861 0)
(0.0618856 -0.165707 0)
(0.0536209 -0.235204 0)
(0.0409811 -0.324516 0)
(0.0274347 -0.420819 0)
(0.226665 -0.0879565 0)
(0.210192 -0.0805165 0)
(0.192778 -0.0706086 0)
(0.175183 -0.0580502 0)
(0.158218 -0.0431839 0)
(0.14259 -0.0269309 0)
(0.12892 -0.010782 0)
(0.117671 0.00331734 0)
(0.109045 0.013178 0)
(0.102922 0.0166556 0)
(0.0988433 0.0119408 0)
(0.0960444 -0.00221583 0)
(0.0935089 -0.0263932 0)
(0.0900678 -0.0605432 0)
(0.0844983 -0.104309 0)
(0.0755943 -0.157715 0)
(0.0619439 -0.222932 0)
(0.0455346 -0.309429 0)
(0.0297138 -0.390714 0)
(0.223321 -0.0753021 0)
(0.211134 -0.0671692 0)
(0.198178 -0.0569449 0)
(0.185032 -0.0445558 0)
(0.172291 -0.0303974 0)
(0.160459 -0.0153661 0)
(0.149969 -0.00084811 0)
(0.141113 0.0113924 0)
(0.133962 0.019412 0)
(0.128317 0.0213356 0)
(0.123702 0.0156138 0)
(0.119399 0.00121892 0)
(0.114506 -0.0222751 0)
(0.108031 -0.054769 0)
(0.0990204 -0.0959483 0)
(0.08672 -0.145974 0)
(0.070315 -0.207411 0)
(0.052192 -0.290613 0)
(0.0315268 -0.358044 0)
(0.21658 -0.0660496 0)
(0.207911 -0.0574226 0)
(0.19864 -0.0469566 0)
(0.189202 -0.0346602 0)
(0.180018 -0.0209649 0)
(0.171425 -0.00674317 0)
(0.163693 0.00670927 0)
(0.156971 0.0177856 0)
(0.151215 0.024744 0)
(0.146168 0.0259297 0)
(0.141349 0.0200009 0)
(0.136085 0.00609524 0)
(0.129582 -0.016119 0)
(0.121008 -0.0465532 0)
(0.109635 -0.0850356 0)
(0.0950222 -0.132033 0)
(0.0769635 -0.190638 0)
(0.0578458 -0.268529 0)
(0.0338911 -0.321457 0)
(0.207227 -0.059565 0)
(0.201406 -0.0506122 0)
(0.195129 -0.0399803 0)
(0.188724 -0.0277353 0)
(0.182471 -0.0143288 0)
(0.176577 -0.0006075 0)
(0.171183 0.012215 0)
(0.16632 0.0226652 0)
(0.161865 0.0291677 0)
(0.157515 0.0302454 0)
(0.152792 0.0247189 0)
(0.147072 0.0118454 0)
(0.13965 -0.00865633 0)
(0.129818 -0.0367459 0)
(0.117002 -0.0724425 0)
(0.100818 -0.116653 0)
(0.0815648 -0.173135 0)
(0.0610044 -0.244172 0)
(0.0347005 -0.282397 0)
(0.195906 -0.0553122 0)
(0.192362 -0.0461709 0)
(0.188494 -0.0354403 0)
(0.184538 -0.0232251 0)
(0.180668 -0.00998475 0)
(0.17699 0.00346236 0)
(0.173551 0.0159777 0)
(0.170295 0.0261999 0)
(0.167042 0.032691 0)
(0.163466 0.0341172 0)
(0.159101 0.0294249 0)
(0.15337 0.0179575 0)
(0.14564 -0.000543945 0)
(0.135302 -0.0261017 0)
(0.121891 -0.0589181 0)
(0.104953 -0.100296 0)
(0.0848072 -0.154439 0)
(0.0622216 -0.217901 0)
(0.0345743 -0.243016 0)
(0.183139 -0.0528462 0)
(0.181399 -0.0436271 0)
(0.179454 -0.0328561 0)
(0.177461 -0.0206623 0)
(0.175517 -0.0075045 0)
(0.173653 0.00582923 0)
(0.171843 0.0182666 0)
(0.169975 0.0285414 0)
(0.167836 0.0353285 0)
(0.165092 0.0374093 0)
(0.161298 0.0338288 0)
(0.155922 0.0239941 0)
(0.14839 0.00765726 0)
(0.138147 -0.0152644 0)
(0.124763 -0.0451258 0)
(0.10773 -0.0834596 0)
(0.0872149 -0.13447 0)
(0.0636761 -0.19047 0)
(0.035289 -0.203169 0)
(0.169346 -0.0517995 0)
(0.169021 -0.0425941 0)
(0.168602 -0.0318354 0)
(0.16818 -0.0196665 0)
(0.167794 -0.00653961 0)
(0.167418 0.00678812 0)
(0.166978 0.0193024 0)
(0.166322 0.0298162 0)
(0.16522 0.0370965 0)
(0.163345 0.0400164 0)
(0.160283 0.0376997 0)
(0.155549 0.0296076 0)
(0.148608 0.0155109 0)
(0.138909 -0.00470493 0)
(0.125973 -0.0314975 0)
(0.109134 -0.0665783 0)
(0.0889 -0.114412 0)
(0.0657605 -0.162232 0)
(0.0365223 -0.162157 0)
(0.154855 -0.0518685 0)
(0.155628 -0.0427555 0)
(0.156415 -0.0320614 0)
(0.15725 -0.0199342 0)
(0.158131 -0.00681488 0)
(0.158992 0.00657038 0)
(0.159719 0.019258 0)
(0.160137 0.030126 0)
(0.160005 0.0380137 0)
(0.159014 0.0418643 0)
(0.156793 0.0408646 0)
(0.152907 0.0345291 0)
(0.146865 0.0226689 0)
(0.138112 0.00518879 0)
(0.126109 -0.0184006 0)
(0.10982 -0.0500982 0)
(0.0901527 -0.0952063 0)
(0.0666356 -0.132823 0)
(0.0359779 -0.120648 0)
(0.139913 -0.0527995 0)
(0.141525 -0.0438517 0)
(0.143254 -0.0332788 0)
(0.145096 -0.0212256 0)
(0.147017 -0.00811693 0)
(0.148921 0.0053531 0)
(0.150663 0.0182666 0)
(0.152045 0.029554 0)
(0.152819 0.0381074 0)
(0.152697 0.0429162 0)
(0.15136 0.0432124 0)
(0.148439 0.0385643 0)
(0.143498 0.0288458 0)
(0.136006 0.0140343 0)
(0.125392 -0.00629183 0)
(0.11025 -0.0342118 0)
(0.090677 -0.0754254 0)
(0.0644241 -0.1019 0)
(0.0316851 -0.0808413 0)
(0.124695 -0.0543756 0)
(0.126923 -0.0456648 0)
(0.129374 -0.0352784 0)
(0.132016 -0.0233496 0)
(0.134797 -0.0102803 0)
(0.137595 0.00327081 0)
(0.140236 0.0164306 0)
(0.142495 0.0281728 0)
(0.144107 0.0374221 0)
(0.144802 0.0431843 0)
(0.144316 0.044713 0)
(0.142359 0.0416298 0)
(0.138552 0.0338935 0)
(0.132383 0.0216053 0)
(0.123213 0.00451868 0)
(0.109346 -0.0190442 0)
(0.0890062 -0.053216 0)
(0.0590187 -0.0686706 0)
(0.025197 -0.0445404 0)
(0.109319 -0.0564039 0)
(0.111963 -0.0480039 0)
(0.114935 -0.0378806 0)
(0.118196 -0.0261468 0)
(0.121684 -0.0131725 0)
(0.125255 0.000427521 0)
(0.128708 0.0138297 0)
(0.131775 0.0260487 0)
(0.134155 0.0360232 0)
(0.135576 0.0427352 0)
(0.135841 0.0454281 0)
(0.13474 0.0437838 0)
(0.131928 0.0378825 0)
(0.126856 0.0280268 0)
(0.118704 0.0142616 0)
(0.105739 -0.00411652 0)
(0.0844054 -0.0282409 0)
(0.0529949 -0.0354367 0)
(0.022398 -0.0135443 0)
(0.0938632 -0.0587037 0)
(0.0967293 -0.0506905 0)
(0.10003 -0.0409184 0)
(0.103732 -0.0294714 0)
(0.107776 -0.0166768 0)
(0.11201 -0.00309175 0)
(0.116203 0.0105246 0)
(0.120034 0.0232377 0)
(0.123121 0.0339875 0)
(0.125166 0.0416733 0)
(0.126053 0.0454808 0)
(0.125665 0.0451747 0)
(0.123648 0.0410419 0)
(0.119344 0.0336547 0)
(0.111753 0.0234091 0)
(0.0991643 0.0106976 0)
(0.0783207 -0.00276663 0)
(0.0491236 -0.00446818 0)
(0.0210745 0.0147634 0)
(0.0783955 -0.0610985 0)
(0.0812884 -0.0535456 0)
(0.0847131 -0.0442195 0)
(0.0886582 -0.0331705 0)
(0.0930854 -0.0206729 0)
(0.0978565 -0.00720813 0)
(0.102724 0.00655765 0)
(0.1073 0.0197731 0)
(0.111069 0.0313833 0)
(0.113658 0.0401057 0)
(0.115075 0.0449821 0)
(0.115321 0.0459411 0)
(0.113978 0.0435888 0)
(0.110309 0.0387431 0)
(0.103265 0.0321927 0)
(0.0912261 0.0251097 0)
(0.0720673 0.0199499 0)
(0.0465521 0.0233272 0)
(0.0217228 0.0419331 0)
(0.0630018 -0.0634131 0)
(0.0657215 -0.0563811 0)
(0.0690447 -0.0475913 0)
(0.0729966 -0.0370621 0)
(0.0775811 -0.0250115 0)
(0.0827099 -0.0118281 0)
(0.08816 0.00195817 0)
(0.0934953 0.0156526 0)
(0.097981 0.0282596 0)
(0.101089 0.0381317 0)
(0.103022 0.0439869 0)
(0.103948 0.0461429 0)
(0.10334 0.0455565 0)
(0.100433 0.0432547 0)
(0.0942124 0.0403554 0)
(0.0833215 0.0384217 0)
(0.0664384 0.0396141 0)
(0.0443108 0.0478859 0)
(0.0218946 0.068809 0)
(0.0478141 -0.065477 0)
(0.0501636 -0.0589968 0)
(0.0531399 -0.0508075 0)
(0.0568089 -0.0409084 0)
(0.0612377 -0.0294741 0)
(0.0664373 -0.0167997 0)
(0.0722974 -0.0032304 0)
(0.0784216 0.0108323 0)
(0.083758 0.0246316 0)
(0.0874913 0.0358303 0)
(0.0900395 0.0424531 0)
(0.0918923 0.0456752 0)
(0.0923112 0.0467656 0)
(0.0905011 0.0469115 0)
(0.0855614 0.047432 0)
(0.0764208 0.0499954 0)
(0.0620952 0.0565584 0)
(0.0430367 0.069878 0)
(0.0220917 0.0952052 0)
(0.0330294 -0.0671288 0)
(0.0348338 -0.061177 0)
(0.0372108 -0.0535943 0)
(0.0402574 -0.0443847 0)
(0.0441059 -0.0337155 0)
(0.0489104 -0.0218308 0)
(0.054806 -0.00889388 0)
(0.0616689 0.00514545 0)
(0.0680835 0.0202106 0)
(0.0729826 0.0328611 0)
(0.0765293 0.0398837 0)
(0.0798541 0.044048 0)
(0.0817471 0.0467853 0)
(0.0814136 0.0492793 0)
(0.078186 0.0529131 0)
(0.0712925 0.0594217 0)
(0.059847 0.070873 0)
(0.0439506 0.0898932 0)
(0.0235391 0.122757 0)
(0.01893 -0.0681868 0)
(0.0200502 -0.0626597 0)
(0.0215952 -0.0555919 0)
(0.0236574 -0.0470173 0)
(0.0263942 -0.0371499 0)
(0.0300797 -0.0262861 0)
(0.0351719 -0.0145792 0)
(0.0421957 -0.00162884 0)
(0.0496407 0.0137819 0)
(0.0579847 0.0273767 0)
(0.0636073 0.0346381 0)
(0.0692102 0.0401798 0)
(0.0729228 0.0449637 0)
(0.0742006 0.049947 0)
(0.0727919 0.056486 0)
(0.0683726 0.0664178 0)
(0.0602972 0.0822303 0)
(0.0491983 0.10759 0)
(0.0283325 0.148273 0)
(0.00586703 -0.0688698 0)
(0.00623343 -0.0636552 0)
(0.00677121 -0.0569359 0)
(0.00752787 -0.0488133 0)
(0.00859829 -0.0396088 0)
(0.0101996 -0.0298451 0)
(0.0128173 -0.0201461 0)
(0.0175078 -0.0105881 0)
(0.0233712 0.00177342 0)
(0.0443166 0.017178 0)
(0.0542941 0.0252957 0)
(0.0624608 0.0336393 0)
(0.0676731 0.0413094 0)
(0.0700734 0.0490982 0)
(0.0698472 0.0584379 0)
(0.0670824 0.0713483 0)
(0.0615593 0.0912201 0)
(0.0541904 0.126176 0)
(0.0379712 0.205623 0)
)
;

boundaryField
{
    leftWall
    {
        type            fixedValue;
        value           uniform (0 0 0);
    }
    rightWall
    {
        type            fixedValue;
        value           uniform (0 0 0);
    }
    lowerWall
    {
        type            fixedValue;
        value           uniform (0 0 0);
    }
    atmosphere
    {
        type            pressureInletOutletVelocity;
        value           nonuniform List<vector> 
46
(
(0.0044411 0.0249722 0)
(0.00841087 0.032957 0)
(0.0111156 0.0346535 0)
(0.0134288 0.0340988 0)
(0.0153706 0.0321574 0)
(0.0169313 0.02915 0)
(0.0180361 0.0252239 0)
(0.018547 0.0204544 0)
(0.0182869 0.0148666 0)
(0.017072 0.00836602 0)
(0.0153878 0.000378127 0)
(0 -0.0043833 0)
(0 -0.0120386 0)
(0 -0.0205694 0)
(0 -0.0290738 0)
(0 -0.0373191 0)
(0 -0.0451286 0)
(0 -0.0523221 0)
(0 -0.0587212 0)
(0 -0.0641541 0)
(0 -0.068467 0)
(0 -0.0715426 0)
(0 -0.0733123 0)
(0 -0.0735823 0)
(0 -0.0733421 0)
(0 -0.0726196 0)
(0 -0.0714205 0)
(0 -0.0688006 0)
(0 -0.0635828 0)
(0 -0.0568668 0)
(0 -0.0487552 0)
(0 -0.0395743 0)
(0 -0.0298633 0)
(0 -0.0203309 0)
(0 -0.0114303 0)
(0 -0.00129556 0)
(0.0443166 0.017178 0)
(0.0542941 0.0252957 0)
(0.0624608 0.0336393 0)
(0.0676731 0.0413094 0)
(0.0700734 0.0490982 0)
(0.0698472 0.0584379 0)
(0.0670824 0.0713483 0)
(0.0615593 0.0912201 0)
(0.0541904 0.126176 0)
(0.0379712 0.205623 0)
)
;
    }
    defaultFaces
    {
        type            empty;
    }
}


// ************************************************************************* //
