/*--------------------------------*- C++ -*----------------------------------*\
| =========                 |                                                 |
| \\      /  F ield         | OpenFOAM: The Open Source CFD Toolbox           |
|  \\    /   O peration     | Version:  2.3.0                                 |
|   \\  /    A nd           | Web:      www.OpenFOAM.org                      |
|    \\/     M anipulation  |                                                 |
\*---------------------------------------------------------------------------*/
FoamFile
{
    version     2.0;
    format      ascii;
    class       surfaceScalarField;
    location    "1.9";
    object      phi;
}
// * * * * * * * * * * * * * * * * * * * * * * * * * * * * * * * * * * * * * //

dimensions      [0 3 -1 0 0 0 0];

internalField   nonuniform List<scalar> 
4432
(
-1.36357e-06
1.36357e-06
-1.10598e-06
-2.57597e-07
-3.09217e-07
-7.96764e-07
5.12386e-07
-8.21604e-07
1.24282e-06
-7.30449e-07
1.84294e-06
-6.00107e-07
2.30967e-06
-4.66745e-07
2.65363e-06
-3.43942e-07
2.89127e-06
-2.37641e-07
3.04184e-06
-1.50581e-07
3.12618e-06
-8.43331e-08
3.15982e-06
-3.36514e-08
3.14803e-06
1.17775e-08
3.06779e-06
8.02489e-08
2.86977e-06
1.98017e-07
2.47084e-06
3.98928e-07
1.76571e-06
7.05146e-07
6.48634e-07
1.11706e-06
-1.39557e-06
2.04422e-06
-4.10463e-06
2.70903e-06
-6.10174e-06
1.99711e-06
-5.16936e-06
-9.32358e-07
-5.16938e-06
-5.83056e-07
1.94662e-06
-1.9814e-07
-6.42522e-07
4.1128e-07
-1.40619e-06
1.09441e-06
-1.50473e-06
1.74053e-06
-1.37658e-06
2.30322e-06
-1.16279e-06
2.76063e-06
-9.24165e-07
3.10744e-06
-6.90745e-07
3.34956e-06
-4.79752e-07
3.50018e-06
-3.01218e-07
3.57673e-06
-1.60883e-07
3.59465e-06
-5.15824e-08
3.55991e-06
4.651e-08
3.4664e-06
1.73775e-07
3.28099e-06
3.83428e-07
2.94644e-06
7.33477e-07
2.3884e-06
1.26321e-06
1.48404e-06
2.02138e-06
2.01688e-07
3.32658e-06
-1.34664e-06
4.25736e-06
-2.67424e-06
3.3247e-06
-2.88374e-06
-7.22818e-07
-8.05315e-06
6.70489e-08
1.87957e-06
4.05444e-07
-9.80921e-07
9.2668e-07
-1.92744e-06
1.52204e-06
-2.10009e-06
2.11145e-06
-1.966e-06
2.64238e-06
-1.6937e-06
3.08312e-06
-1.36491e-06
3.41968e-06
-1.0273e-06
3.65199e-06
-7.12054e-07
3.78982e-06
-4.39052e-07
3.84943e-06
-2.20494e-07
3.84723e-06
-4.93758e-08
3.79396e-06
9.97701e-08
3.68978e-06
2.77974e-07
3.51477e-06
5.58443e-07
3.232e-06
1.01623e-06
2.79165e-06
1.70357e-06
2.13812e-06
2.67488e-06
1.39844e-06
4.06626e-06
5.55038e-07
5.10077e-06
-3.5294e-07
4.23267e-06
-9.10897e-07
-1.64843e-07
-8.96406e-06
4.89684e-07
1.38989e-06
8.62776e-07
-1.35401e-06
1.33741e-06
-2.40208e-06
1.88322e-06
-2.64588e-06
2.4364e-06
-2.5192e-06
2.94373e-06
-2.20103e-06
3.36829e-06
-1.78947e-06
3.69074e-06
-1.34975e-06
3.90726e-06
-9.2857e-07
4.02569e-06
-5.57485e-07
4.06256e-06
-2.57369e-07
4.03665e-06
-2.34703e-08
3.9644e-06
1.72018e-07
3.85393e-06
3.88448e-07
3.69745e-06
7.14929e-07
3.47416e-06
1.23952e-06
3.15739e-06
2.02034e-06
2.74107e-06
3.0912e-06
2.34843e-06
4.4589e-06
1.97355e-06
5.47566e-06
1.46857e-06
4.73764e-06
7.10634e-07
5.931e-07
-8.25344e-06
7.28511e-07
6.61382e-07
1.18745e-06
-1.81294e-06
1.66154e-06
-2.87617e-06
2.18709e-06
-3.17143e-06
2.72079e-06
-3.0529e-06
3.2125e-06
-2.69273e-06
3.62303e-06
-2.2e-06
3.92994e-06
-1.65666e-06
4.12721e-06
-1.12583e-06
4.22179e-06
-6.52071e-07
4.23158e-06
-2.67165e-07
4.17873e-06
2.93812e-08
4.08626e-06
2.6449e-07
3.97188e-06
5.02826e-07
3.83959e-06
8.47226e-07
3.68286e-06
1.39624e-06
3.49515e-06
2.20805e-06
3.29636e-06
3.28999e-06
3.17806e-06
4.5772e-06
3.14173e-06
5.51199e-06
2.91442e-06
4.96492e-06
2.03132e-06
1.47621e-06
-6.22212e-06
8.52803e-07
-1.91419e-07
1.40326e-06
-2.36339e-06
1.90156e-06
-3.37447e-06
2.42645e-06
-3.69632e-06
2.95325e-06
-3.57972e-06
3.43632e-06
-3.1758e-06
3.8359e-06
-2.59958e-06
4.12779e-06
-1.94856e-06
4.30493e-06
-1.30297e-06
4.37413e-06
-7.21269e-07
4.35531e-06
-2.48344e-07
4.27443e-06
1.10262e-07
4.16174e-06
3.77185e-07
4.04555e-06
6.19019e-07
3.94148e-06
9.51301e-07
3.85574e-06
1.48198e-06
3.79788e-06
2.26592e-06
3.80059e-06
3.28728e-06
3.93554e-06
4.44225e-06
4.17719e-06
5.27034e-06
4.21096e-06
4.93114e-06
3.28007e-06
2.40712e-06
-2.94205e-06
9.13477e-07
-1.10489e-06
1.53079e-06
-2.9807e-06
2.05649e-06
-3.90017e-06
2.58879e-06
-4.22863e-06
3.11535e-06
-4.10628e-06
3.59426e-06
-3.65471e-06
3.98584e-06
-2.99116e-06
4.26495e-06
-2.22767e-06
4.42416e-06
-1.46217e-06
4.47051e-06
-7.67625e-07
4.42618e-06
-2.04005e-07
4.32043e-06
2.16014e-07
4.1908e-06
5.06822e-07
4.07665e-06
7.33167e-07
4.00498e-06
1.02298e-06
3.99326e-06
1.49371e-06
4.064e-06
2.19519e-06
4.25973e-06
3.09155e-06
4.63983e-06
4.06215e-06
5.16394e-06
4.74622e-06
5.52722e-06
4.56786e-06
4.67622e-06
3.25812e-06
1.73417e-06
9.36511e-07
-2.0414e-06
1.58564e-06
-3.62983e-06
2.12646e-06
-4.44099e-06
2.66388e-06
-4.76606e-06
3.19069e-06
-4.63309e-06
3.6665e-06
-4.13051e-06
4.05178e-06
-3.37644e-06
4.32102e-06
-2.49691e-06
4.46708e-06
-1.60822e-06
4.49725e-06
-7.97795e-07
4.43614e-06
-1.4289e-07
4.31419e-06
3.37971e-07
4.17564e-06
6.45378e-07
4.07068e-06
8.38128e-07
4.03712e-06
1.05655e-06
4.10251e-06
1.42832e-06
4.30049e-06
1.99721e-06
4.68389e-06
2.70815e-06
5.31145e-06
3.43458e-06
6.15551e-06
3.90216e-06
6.98146e-06
3.74192e-06
6.88775e-06
3.35183e-06
8.62192e-06
-8.95065e-06
8.95065e-06
-1.02371e-05
1.28643e-06
-3.5492e-06
-6.68786e-06
4.82847e-06
-8.37766e-06
1.21874e-05
-7.3589e-06
1.7974e-05
-5.78671e-06
2.23239e-05
-4.34985e-06
2.53409e-05
-3.01703e-06
2.63393e-05
-9.98363e-07
2.5148e-05
1.19128e-06
2.21711e-05
2.97689e-06
1.75764e-05
4.59467e-06
1.23006e-05
5.27588e-06
7.02532e-06
5.27525e-06
1.63438e-06
5.39092e-06
-2.76281e-06
4.39716e-06
-5.97048e-06
3.20768e-06
-5.64175e-06
-3.28731e-07
-5.64175e-06
-6.03272e-06
1.49834e-05
-3.37684e-06
-1.36945e-06
2.88915e-06
-1.29539e-05
9.45851e-06
-1.4947e-05
1.49299e-05
-1.28302e-05
1.92276e-05
-1.00845e-05
2.2591e-05
-7.71319e-06
2.50556e-05
-5.48163e-06
2.61336e-05
-2.07638e-06
2.56118e-05
1.7131e-06
2.37652e-05
4.8235e-06
2.03611e-05
7.99882e-06
1.53348e-05
1.03021e-05
9.71188e-06
1.08982e-05
4.40989e-06
1.06929e-05
2.73276e-07
8.53376e-06
-2.55406e-06
6.03504e-06
-3.43487e-06
5.5208e-07
-9.07664e-06
-2.30156e-06
1.72849e-05
2.15226e-06
-5.82326e-06
7.8796e-06
-1.86812e-05
1.2876e-05
-1.99434e-05
1.67036e-05
-1.66579e-05
1.95899e-05
-1.29709e-05
2.20095e-05
-1.01327e-05
2.40298e-05
-7.50196e-06
2.50533e-05
-3.09978e-06
2.44944e-05
2.27194e-06
2.26796e-05
6.63836e-06
1.96652e-05
1.10133e-05
1.53514e-05
1.46159e-05
1.03308e-05
1.59187e-05
6.03512e-06
1.49887e-05
2.64411e-06
1.19247e-05
1.91463e-07
8.48767e-06
-1.10978e-06
1.85332e-06
-1.01864e-05
1.61541e-06
1.56695e-05
7.29979e-06
-1.15076e-05
1.23906e-05
-2.3772e-05
1.58727e-05
-2.34255e-05
1.81027e-05
-1.88879e-05
1.96372e-05
-1.45053e-05
2.10961e-05
-1.15916e-05
2.25975e-05
-9.00342e-06
2.36511e-05
-4.15335e-06
2.31838e-05
2.73927e-06
2.14588e-05
8.36331e-06
1.8738e-05
1.37341e-05
1.50305e-05
1.83235e-05
1.07429e-05
2.02062e-05
7.20001e-06
1.85316e-05
4.59567e-06
1.45291e-05
2.49408e-06
1.05892e-05
8.10516e-07
3.5369e-06
-9.37593e-06
5.62129e-06
1.00483e-05
1.24252e-05
-1.83115e-05
1.66577e-05
-2.80046e-05
1.8521e-05
-2.52888e-05
1.91187e-05
-1.94855e-05
1.93148e-05
-1.47015e-05
1.98133e-05
-1.20901e-05
2.07599e-05
-9.94998e-06
2.17887e-05
-5.1822e-06
2.15503e-05
2.97768e-06
2.01355e-05
9.77806e-06
1.78224e-05
1.60473e-05
1.47785e-05
2.13674e-05
1.12805e-05
2.37042e-05
8.30025e-06
2.15119e-05
6.31728e-06
1.6512e-05
4.52462e-06
1.23819e-05
2.33748e-06
5.72404e-06
-7.03844e-06
9.92129e-06
1.2696e-07
1.76665e-05
-2.60567e-05
2.05462e-05
-3.08843e-05
2.06487e-05
-2.53913e-05
1.96264e-05
-1.84632e-05
1.85112e-05
-1.35863e-05
1.81024e-05
-1.16813e-05
1.85287e-05
-1.03763e-05
1.93507e-05
-6.00421e-06
1.94228e-05
2.90561e-06
1.86537e-05
1.05472e-05
1.70095e-05
1.76915e-05
1.46957e-05
2.36811e-05
1.19694e-05
2.64305e-05
9.57391e-06
2.39074e-05
7.98572e-06
1.81002e-05
6.32035e-06
1.40473e-05
3.59727e-06
8.44713e-06
-3.44117e-06
1.55231e-05
-1.53961e-05
2.27704e-05
-3.33041e-05
2.36959e-05
-3.18097e-05
2.20404e-05
-2.37358e-05
1.95079e-05
-1.59307e-05
1.71829e-05
-1.12612e-05
1.59482e-05
-1.04467e-05
1.58765e-05
-1.03045e-05
1.64261e-05
-6.55386e-06
1.69282e-05
2.40356e-06
1.70893e-05
1.0386e-05
1.63393e-05
1.84416e-05
1.4832e-05
2.51884e-05
1.29246e-05
2.83379e-05
1.10547e-05
2.57773e-05
9.72591e-06
1.94291e-05
7.96224e-06
1.58109e-05
4.70748e-06
1.17019e-05
1.26631e-06
2.27549e-05
-3.8151e-05
2.68958e-05
-3.74451e-05
2.57357e-05
-3.06496e-05
2.25425e-05
-2.05426e-05
1.87048e-05
-1.2093e-05
1.53432e-05
-7.89965e-06
1.34496e-05
-8.55312e-06
1.30007e-05
-9.85551e-06
1.33007e-05
-6.85386e-06
1.43639e-05
1.34034e-06
1.53095e-05
9.4404e-06
1.54584e-05
1.82927e-05
1.50389e-05
2.56078e-05
1.41137e-05
2.92631e-05
1.27694e-05
2.71216e-05
1.16616e-05
2.05369e-05
9.58209e-06
1.78904e-05
5.7437e-06
1.55403e-05
7.01001e-06
1.96825e-06
-4.00965e-06
3.33634e-06
-4.99792e-06
4.48904e-06
-5.5937e-06
5.63186e-06
-5.90888e-06
6.7492e-06
-5.75044e-06
7.75257e-06
-5.13388e-06
8.55762e-06
-4.1815e-06
9.11049e-06
-3.04978e-06
9.40333e-06
-1.90106e-06
9.44689e-06
-8.41355e-07
9.31127e-06
-7.26645e-09
9.04558e-06
6.03672e-07
8.76259e-06
9.28372e-07
8.60431e-06
9.96415e-07
8.68337e-06
9.77504e-07
9.08818e-06
1.02351e-06
9.92017e-06
1.16522e-06
1.13358e-05
1.29255e-06
1.34982e-05
1.2721e-06
1.64605e-05
9.39861e-07
2.00902e-05
1.12214e-07
2.466e-05
-1.21789e-06
-3.08196e-06
3.63638e-05
1.8275e-06
-5.83715e-06
2.88202e-06
-6.05244e-06
3.91891e-06
-6.63059e-06
5.05249e-06
-7.04246e-06
6.17667e-06
-6.87461e-06
7.18038e-06
-6.1376e-06
7.98163e-06
-4.98275e-06
8.53465e-06
-3.6028e-06
8.8751e-06
-2.24151e-06
9.02882e-06
-9.95067e-07
9.04911e-06
-2.75591e-08
8.98351e-06
6.69288e-07
8.89277e-06
1.01912e-06
8.93374e-06
9.55453e-07
9.23065e-06
6.806e-07
9.94203e-06
3.1213e-07
1.12373e-05
-1.30096e-07
1.33462e-05
-8.16346e-07
1.64153e-05
-1.79698e-06
2.05626e-05
-3.20746e-06
2.57884e-05
-5.11358e-06
3.25285e-05
-7.95791e-06
-1.21985e-05
4.1645e-05
1.11915e-06
-6.95632e-06
1.4856e-06
-6.41892e-06
2.28664e-06
-7.43162e-06
3.41768e-06
-8.17352e-06
4.61196e-06
-8.06889e-06
5.66232e-06
-7.18797e-06
6.474e-06
-5.79442e-06
6.99935e-06
-4.12816e-06
7.40883e-06
-2.65098e-06
7.82619e-06
-1.41242e-06
8.33361e-06
-5.34969e-07
8.85512e-06
1.47789e-07
9.35417e-06
5.20072e-07
9.81348e-06
4.96148e-07
1.0189e-05
3.05054e-07
1.09914e-05
-4.90285e-07
1.26648e-05
-1.80351e-06
1.52503e-05
-3.40185e-06
1.86957e-05
-5.24235e-06
2.30666e-05
-7.57838e-06
2.85864e-05
-1.06333e-05
3.59048e-05
-1.52764e-05
-2.09213e-05
4.46277e-05
-1.66354e-06
-5.29275e-06
-1.75791e-06
-6.32449e-06
-1.27064e-06
-7.91897e-06
1.2817e-07
-9.57228e-06
2.04109e-06
-9.98183e-06
3.25361e-06
-8.4005e-06
4.26067e-06
-6.80144e-06
4.14803e-06
-4.01553e-06
4.13526e-06
-2.63817e-06
5.14567e-06
-2.42281e-06
7.10042e-06
-2.4897e-06
9.56719e-06
-2.31896e-06
1.21276e-05
-2.04033e-06
1.38753e-05
-1.25158e-06
1.26781e-05
1.50224e-06
1.20163e-05
1.71539e-07
1.35147e-05
-3.30178e-06
1.61e-05
-5.98707e-06
1.90765e-05
-8.21891e-06
2.17408e-05
-1.02426e-05
2.59871e-05
-1.48796e-05
3.50213e-05
-2.43105e-05
-3.18544e-05
4.59543e-05
-3.68657e-06
-1.60608e-06
-3.95734e-06
-6.05356e-06
-3.95187e-06
-7.92444e-06
-3.02374e-06
-1.05004e-05
-2.01451e-06
-1.0991e-05
-7.13293e-07
-9.70167e-06
-2.76178e-07
-7.23852e-06
2.21472e-06
-6.50638e-06
5.97148e-06
-6.39488e-06
9.89663e-06
-6.34793e-06
1.44151e-05
-7.00815e-06
2.00988e-05
-8.00266e-06
2.63602e-05
-8.30168e-06
3.17948e-05
-6.68617e-06
2.97534e-05
3.54363e-06
1.07728e-05
1.91523e-05
-1.64559e-05
2.39271e-05
-4.9033e-05
2.65903e-05
-8.27456e-05
2.54938e-05
-9.95766e-05
6.58837e-06
-8.13664e-05
-3.30898e-05
-5.42371e-05
-5.14398e-05
-5.32997e-05
-3.27918e-05
3.67095e-06
-5.27698e-06
3.76039e-06
-6.14279e-06
3.18244e-06
-7.34638e-06
9.51752e-07
-8.26959e-06
-1.09549e-06
-8.94368e-06
-3.41114e-07
-1.0456e-05
1.66477e-06
-9.2444e-06
6.84199e-06
-1.16835e-05
1.09132e-05
-1.04661e-05
1.37825e-05
-9.21713e-06
1.62989e-05
-9.5246e-06
1.91857e-05
-1.08894e-05
2.1658e-05
-1.07739e-05
2.16698e-05
-6.69792e-06
1.47552e-05
1.04582e-05
8.60285e-07
3.30474e-05
-2.06922e-05
4.54796e-05
-4.80226e-05
5.39204e-05
-6.56152e-05
4.30862e-05
-6.59758e-05
6.94874e-06
-6.16895e-05
-3.73761e-05
-5.52914e-05
-5.78378e-05
-6.20962e-05
-4.6495e-05
7.60371e-06
-1.28804e-05
1.09562e-05
-9.49509e-06
1.1158e-05
-7.54822e-06
1.02632e-05
-7.37457e-06
9.36961e-06
-8.04986e-06
8.36114e-06
-9.44734e-06
9.68711e-06
-1.05702e-05
9.88236e-06
-1.18786e-05
1.15375e-05
-1.21212e-05
1.35012e-05
-1.11808e-05
1.40875e-05
-1.01108e-05
1.30199e-05
-9.82175e-06
1.01688e-05
-7.9229e-06
4.72997e-06
-1.25905e-06
-8.5757e-07
1.60458e-05
-5.92324e-06
3.81133e-05
-1.50847e-05
5.46413e-05
-3.17927e-05
7.06285e-05
-4.10735e-05
5.2367e-05
-4.62889e-05
1.21642e-05
-4.89878e-05
-3.46771e-05
-4.92567e-05
-5.75689e-05
-6.46525e-05
-4.67004e-05
5.2399e-06
-1.81202e-05
8.59395e-06
-1.28489e-05
1.05832e-05
-9.53729e-06
1.15655e-05
-8.35676e-06
1.19859e-05
-8.47008e-06
1.20061e-05
-9.46725e-06
1.20065e-05
-1.05704e-05
1.15311e-05
-1.1403e-05
1.03863e-05
-1.09763e-05
8.50691e-06
-9.30117e-06
5.60595e-06
-7.20974e-06
1.51002e-06
-5.72574e-06
-2.28369e-06
-4.12921e-06
-6.3147e-06
2.77194e-06
-9.86059e-06
1.95917e-05
-1.10801e-05
3.93328e-05
-1.34267e-05
5.69878e-05
-1.68783e-05
7.40803e-05
-1.6697e-05
5.21858e-05
-2.02489e-05
1.57162e-05
-3.38814e-05
-2.10448e-05
-4.11404e-05
-5.03099e-05
-6.41217e-05
-4.16713e-05
2.49873e-06
-2.06189e-05
4.58396e-06
-1.4934e-05
6.57011e-06
-1.15233e-05
8.09907e-06
-9.88541e-06
9.09208e-06
-9.46279e-06
9.46374e-06
-9.83864e-06
9.24993e-06
-1.03565e-05
8.22175e-06
-1.03747e-05
6.38579e-06
-9.14011e-06
3.83218e-06
-6.74736e-06
5.1515e-07
-3.89266e-06
-3.39882e-06
-1.8118e-06
-7.88254e-06
3.54495e-07
-1.2732e-05
7.62142e-06
-1.57509e-05
2.26106e-05
-1.6226e-05
3.98078e-05
-1.53842e-05
5.6146e-05
-8.01069e-06
6.67068e-05
-2.25606e-06
4.64311e-05
-3.32284e-06
1.67829e-05
-1.39346e-05
-1.04331e-05
-2.69037e-05
-3.73408e-05
-5.32439e-05
-3.77814e-05
-2.19732e-07
-2.03991e-05
5.77931e-07
-1.57316e-05
1.72832e-06
-1.26735e-05
2.87214e-06
-1.1029e-05
3.72376e-06
-1.03141e-05
4.0507e-06
-1.01654e-05
3.73298e-06
-1.00386e-05
2.73219e-06
-9.37382e-06
1.25382e-06
-7.6616e-06
-5.0393e-07
-4.98953e-06
-2.63173e-06
-1.76487e-06
-5.93597e-06
1.49237e-06
-1.11772e-05
5.5958e-06
-1.66278e-05
1.30718e-05
-1.94698e-05
2.54528e-05
-1.90274e-05
3.93653e-05
-1.44602e-05
5.15787e-05
-3.24097e-06
5.54878e-05
3.94412e-06
3.92461e-05
4.09844e-06
1.66286e-05
-1.40438e-06
-4.93024e-06
-1.40601e-05
-2.46851e-05
-3.94923e-05
-2.78118e-05
-2.23193e-06
-1.81671e-05
-2.96573e-06
-1.49978e-05
-2.88967e-06
-1.27493e-05
-2.52886e-06
-1.13896e-05
-2.21039e-06
-1.06324e-05
-2.20848e-06
-1.01673e-05
-2.65361e-06
-9.59337e-06
-3.53418e-06
-8.49319e-06
-4.64005e-06
-6.55563e-06
-5.85645e-06
-3.77319e-06
-7.30927e-06
-3.11984e-07
-9.53518e-06
3.71838e-06
-1.27983e-05
8.85898e-06
-1.60271e-05
1.63007e-05
-1.69783e-05
2.6404e-05
-1.45968e-05
3.6984e-05
-8.06438e-06
4.50464e-05
1.7182e-06
4.5705e-05
7.82893e-06
3.31353e-05
8.03128e-06
1.64261e-05
4.30849e-06
-1.20761e-06
-4.24913e-06
-1.61274e-05
-2.79173e-05
-1.58239e-05
-3.73925e-06
-1.44278e-05
-5.73619e-06
-1.30007e-05
-6.74271e-06
-1.17427e-05
-7.24522e-06
-1.08869e-05
-7.5866e-06
-1.0291e-05
-8.01254e-06
-9.74125e-06
-8.64336e-06
-8.9624e-06
-9.46608e-06
-7.67037e-06
-1.03649e-05
-5.65676e-06
-1.12675e-05
-2.87048e-06
-1.22351e-05
6.5567e-07
-1.34573e-05
4.94062e-06
-1.48754e-05
1.02769e-05
-1.56717e-05
1.70969e-05
-1.44464e-05
2.51784e-05
-1.03668e-05
3.29043e-05
-3.23549e-06
3.79149e-05
5.3445e-06
3.71247e-05
1.0212e-05
2.82675e-05
1.0738e-05
1.59e-05
7.2623e-06
2.2682e-06
7.21619e-07
-9.58665e-06
-1.90604e-05
-8.1354e-06
-4.71543e-06
-9.71242e-06
-7.67521e-06
-1.00408e-05
-9.56694e-06
-9.85084e-06
-1.08305e-05
-9.62327e-06
-1.17762e-05
-9.34531e-06
-1.26158e-05
-8.90157e-06
-1.34557e-05
-8.12239e-06
-1.42992e-05
-6.82682e-06
-1.50804e-05
-4.87574e-06
-1.57399e-05
-2.21099e-06
-1.62624e-05
1.17826e-06
-1.66392e-05
5.31734e-06
-1.66693e-05
1.03069e-05
-1.57552e-05
1.61826e-05
-1.30874e-05
2.25108e-05
-8.25879e-06
2.80758e-05
-1.54016e-06
3.11964e-05
5.50864e-06
3.00758e-05
9.68829e-06
2.40878e-05
1.06257e-05
1.49625e-05
8.06818e-06
4.8255e-06
3.06677e-06
-4.58523e-06
-1.2549e-05
-3.44451e-06
-5.21456e-06
-4.49778e-06
-8.77943e-06
-6.47584e-06
-1.12896e-05
-7.34062e-06
-1.31232e-05
-7.78975e-06
-1.45425e-05
-7.926e-06
-1.57214e-05
-7.72256e-06
-1.67488e-05
-7.09499e-06
-1.76353e-05
-5.94033e-06
-1.83366e-05
-4.17443e-06
-1.87919e-05
-1.75554e-06
-1.89374e-05
1.32389e-06
-1.86763e-05
5.05624e-06
-1.77891e-05
9.41968e-06
-1.58814e-05
1.42748e-05
-1.25365e-05
1.91657e-05
-7.66462e-06
2.32035e-05
-1.7365e-06
2.52681e-05
3.97645e-06
2.43629e-05
7.89982e-06
2.01646e-05
9.17267e-06
1.36898e-05
7.79883e-06
6.1991e-06
4.36263e-06
-1.14922e-06
-7.74383e-06
-4.42639e-07
-5.28256e-06
7.84862e-07
-9.10152e-06
-2.65673e-06
-1.19487e-05
-4.49331e-06
-1.41378e-05
-5.60057e-06
-1.58754e-05
-6.18823e-06
-1.72938e-05
-6.30408e-06
-1.84599e-05
-5.92896e-06
-1.9382e-05
-5.01841e-06
-2.00234e-05
-3.53313e-06
-2.03216e-05
-1.45738e-06
-2.01942e-05
1.19641e-06
-1.95244e-05
4.38638e-06
-1.81314e-05
8.02629e-06
-1.57774e-05
1.19207e-05
-1.22825e-05
1.56708e-05
-7.72357e-06
1.86448e-05
-2.56972e-06
2.0114e-05
2.30237e-06
1.94904e-05
5.84049e-06
1.66265e-05
7.43964e-06
1.20908e-05
6.98907e-06
6.64989e-06
4.77271e-06
1.06721e-06
-4.22539e-06
1.25423e-06
-4.98226e-06
5.76721e-06
-8.72377e-06
1.08488e-06
-1.16474e-05
-1.56959e-06
-1.3992e-05
-3.25598e-06
-1.58991e-05
-4.28106e-06
-1.74558e-05
-4.74749e-06
-1.87039e-05
-4.68084e-06
-1.96445e-05
-4.07793e-06
-2.02434e-05
-2.93421e-06
-2.04412e-05
-1.25952e-06
-2.01576e-05
9.12733e-07
-1.92887e-05
3.51751e-06
-1.77055e-05
6.44306e-06
-1.5279e-05
9.4944e-06
-1.19597e-05
1.23515e-05
-7.88781e-06
1.45729e-05
-3.45911e-06
1.56856e-05
6.97534e-07
1.53336e-05
3.88023e-06
1.34436e-05
5.64174e-06
1.03293e-05
5.82528e-06
6.46655e-06
4.53721e-06
2.35542e-06
-1.63783e-06
1.94967e-06
-4.35378e-06
1.01211e-05
-7.7417e-06
4.47285e-06
-1.05268e-05
1.21557e-06
-1.28622e-05
-9.20589e-07
-1.48131e-05
-2.33022e-06
-1.64186e-05
-3.14212e-06
-1.76955e-05
-3.40389e-06
-1.86362e-05
-3.13726e-06
-1.92085e-05
-2.36196e-06
-1.93601e-05
-1.10795e-06
-1.9023e-05
5.75657e-07
-1.81178e-05
2.61209e-06
-1.65613e-05
4.8865e-06
-1.42939e-05
7.22706e-06
-1.13308e-05
9.38851e-06
-7.82271e-06
1.10646e-05
-4.08459e-06
1.19473e-05
-5.67213e-07
1.18164e-05
2.24803e-06
1.06283e-05
4.01793e-06
8.55946e-06
4.57579e-06
5.90867e-06
3.91404e-06
3.0171e-06
2.61735e-07
2.01449e-06
-3.43816e-06
1.35593e-05
-6.26852e-06
7.30328e-06
-8.75895e-06
3.70588e-06
-1.09628e-05
1.28335e-06
-1.28583e-05
-4.34934e-07
-1.44373e-05
-1.56321e-06
-1.5695e-05
-2.14611e-06
-1.66167e-05
-2.21562e-06
-1.71725e-05
-1.80631e-06
-1.73189e-05
-9.61696e-07
-1.7003e-05
2.59795e-07
-1.61694e-05
1.77832e-06
-1.47697e-05
3.48676e-06
-1.27847e-05
5.24211e-06
-1.02572e-05
6.86098e-06
-7.32391e-06
8.13157e-06
-4.22804e-06
8.85155e-06
-1.29301e-06
8.88155e-06
1.14205e-06
8.19328e-06
2.81207e-06
6.88937e-06
3.5593e-06
5.16135e-06
3.3242e-06
3.25221e-06
1.45672e-06
2.12932e-06
-2.38868e-06
1.5948e-05
-4.47974e-06
9.39439e-06
-6.57231e-06
5.79828e-06
-8.54595e-06
3.25695e-06
-1.02999e-05
1.31893e-06
-1.17834e-05
-7.96488e-08
-1.29752e-05
-9.54213e-07
-1.3855e-05
-1.33589e-06
-1.43947e-05
-1.26668e-06
-1.45587e-05
-7.97833e-07
-1.43074e-05
8.35513e-09
-1.36039e-05
1.07464e-06
-1.2423e-05
2.30599e-06
-1.07672e-05
3.58657e-06
-8.68646e-06
4.78032e-06
-6.29552e-06
5.74068e-06
-3.77765e-06
6.33365e-06
-1.36556e-06
6.46941e-06
6.9859e-07
6.12908e-06
2.21372e-06
5.37423e-06
3.04694e-06
4.32817e-06
3.14399e-06
3.15523e-06
2.03729e-06
2.56345e-06
-1.45569e-06
1.74036e-05
-2.84966e-06
1.07882e-05
-4.27555e-06
7.22411e-06
-5.90376e-06
4.88506e-06
-7.41437e-06
2.82947e-06
-8.72618e-06
1.23225e-06
-9.80101e-06
1.2065e-07
-1.06101e-05
-5.26851e-07
-1.11238e-05
-7.53062e-07
-1.13105e-05
-6.11201e-07
-1.11396e-05
-1.62813e-07
-1.05862e-05
5.21002e-07
-9.63888e-06
1.35848e-06
-8.30954e-06
2.25717e-06
-6.64534e-06
3.11608e-06
-4.73783e-06
3.83304e-06
-2.72284e-06
4.31852e-06
-7.67255e-07
4.51375e-06
9.56136e-07
4.40572e-06
2.29912e-06
4.03133e-06
3.16009e-06
3.46727e-06
3.50146e-06
2.81389e-06
2.1694e-06
3.36937e-06
-6.08467e-07
1.80121e-05
-1.34737e-06
1.15269e-05
-2.15012e-06
8.02696e-06
-3.27936e-06
6.01425e-06
-4.44044e-06
3.99047e-06
-5.50494e-06
2.29675e-06
-6.41283e-06
1.02846e-06
-7.12049e-06
1.80709e-07
-7.59122e-06
-2.82478e-07
-7.79264e-06
-4.09898e-07
-7.69787e-06
-2.5776e-07
-7.28853e-06
1.11467e-07
-6.55955e-06
6.29314e-07
-5.52514e-06
1.22261e-06
-4.22525e-06
1.81614e-06
-2.73013e-06
2.33789e-06
-1.13889e-06
2.72727e-06
4.29657e-07
2.94518e-06
1.8535e-06
2.98191e-06
3.02621e-06
2.85864e-06
3.87387e-06
2.61962e-06
4.36816e-06
2.31959e-06
2.00004e-06
4.53755e-06
5.98989e-07
1.74132e-05
4.19263e-07
1.17064e-05
-1.34593e-07
8.58101e-06
-7.64098e-07
6.6437e-06
-1.52793e-06
4.75428e-06
-2.30593e-06
3.07466e-06
-3.01636e-06
1.73878e-06
-3.59952e-06
7.6373e-07
-4.00945e-06
1.27295e-07
-4.2102e-06
-2.09214e-07
-4.17517e-06
-2.92759e-07
-3.88818e-06
-1.75461e-07
-3.34579e-06
8.70114e-08
-2.5605e-06
4.37381e-07
-1.56375e-06
8.19425e-07
-4.07642e-07
1.18179e-06
8.36728e-07
1.48286e-06
2.08583e-06
1.69597e-06
3.25423e-06
1.81342e-06
4.26711e-06
1.84575e-06
5.07105e-06
1.81572e-06
5.64286e-06
1.74786e-06
1.64856e-06
5.99442e-06
2.15224e-06
1.52608e-05
2.27824e-06
1.15803e-05
1.97194e-06
8.8874e-06
1.66031e-06
6.95525e-06
1.23016e-06
5.1845e-06
7.19951e-07
3.58484e-06
2.08445e-07
2.25035e-06
-2.39511e-07
1.21168e-06
-5.73323e-07
4.6102e-07
-7.54572e-07
-2.80182e-08
-7.55939e-07
-2.91326e-07
-5.61196e-07
-3.70098e-07
-1.6593e-07
-3.08154e-07
4.21038e-07
-1.49603e-07
1.1767e-06
6.36251e-08
2.06372e-06
2.94573e-07
3.03223e-06
5.14163e-07
4.02416e-06
7.03861e-07
4.9804e-06
8.57116e-07
5.84841e-06
9.77799e-07
6.58923e-06
1.07503e-06
7.18246e-06
1.15474e-06
1.20388e-06
7.62719e-06
3.04045e-06
1.222e-05
3.7557e-06
1.0865e-05
3.87888e-06
8.76408e-06
3.84015e-06
6.99388e-06
3.67367e-06
5.35096e-06
3.40235e-06
3.85616e-06
3.08496e-06
2.56787e-06
2.78083e-06
1.51583e-06
2.53965e-06
7.02106e-07
2.40012e-06
1.1134e-07
2.39012e-06
-2.81486e-07
2.52694e-06
-5.07101e-07
2.81731e-06
-5.98678e-07
3.25688e-06
-5.89402e-07
3.8304e-06
-5.10199e-07
4.51234e-06
-3.87636e-07
5.26847e-06
-2.42146e-07
6.05905e-06
-8.67932e-08
6.84332e-06
7.28711e-08
7.58432e-06
2.36873e-07
8.25301e-06
4.06417e-07
8.83067e-06
5.7711e-07
7.26721e-07
9.30781e-06
2.98454e-06
9.23529e-06
4.43416e-06
9.41522e-06
5.10105e-06
8.09693e-06
5.44124e-06
6.65363e-06
5.57207e-06
5.21986e-06
5.55359e-06
3.87454e-06
5.44516e-06
2.67627e-06
5.30356e-06
1.65732e-06
5.17769e-06
8.27834e-07
5.10645e-06
1.82403e-07
5.11883e-06
-2.9412e-07
5.23402e-06
-6.22608e-07
5.46179e-06
-8.26696e-07
5.80247e-06
-9.30307e-07
6.24762e-06
-9.55575e-07
6.78102e-06
-9.21198e-07
7.38008e-06
-8.41282e-07
8.01812e-06
-7.24827e-07
8.66722e-06
-5.76201e-07
9.30123e-06
-3.97101e-07
9.89792e-06
-1.90251e-07
1.04399e-05
3.51133e-08
2.53904e-07
1.09128e-05
2.53873e-06
6.69653e-06
4.39212e-06
7.5616e-06
5.56756e-06
6.9214e-06
6.32374e-06
5.89746e-06
6.79106e-06
4.75223e-06
7.05254e-06
3.61302e-06
7.17564e-06
2.55309e-06
7.21923e-06
1.61362e-06
7.23322e-06
8.13844e-07
7.25781e-06
1.57879e-07
7.32365e-06
-3.6001e-07
7.45244e-06
-7.51558e-07
7.65729e-06
-1.0317e-06
7.9431e-06
-1.21625e-06
8.30733e-06
-1.31996e-06
8.74113e-06
-1.35515e-06
9.23063e-06
-1.33087e-06
9.7585e-06
-1.25275e-06
1.03059e-05
-1.12364e-06
1.08543e-05
-9.45456e-07
1.13863e-05
-7.2221e-07
1.18861e-05
-4.64506e-07
-1.96706e-07
1.23368e-05
2.09808e-06
4.59841e-06
4.03291e-06
5.62657e-06
5.50726e-06
5.44712e-06
6.59056e-06
4.8141e-06
7.36288e-06
3.97982e-06
7.89579e-06
3.08023e-06
8.25319e-06
2.19566e-06
8.49226e-06
1.37456e-06
8.66217e-06
6.44083e-07
8.80353e-06
1.67438e-08
8.94835e-06
-5.04727e-07
9.12053e-06
-9.23811e-07
9.33629e-06
-1.24761e-06
9.60457e-06
-1.48469e-06
9.92779e-06
-1.64338e-06
1.03029e-05
-1.73051e-06
1.07227e-05
-1.75078e-06
1.11765e-05
-1.70672e-06
1.16522e-05
-1.59934e-06
1.21365e-05
-1.42974e-06
1.2616e-05
-1.20157e-06
1.30764e-05
-9.2471e-07
-6.20928e-07
1.35007e-05
1.78033e-06
2.81786e-06
3.61473e-06
3.79203e-06
5.17982e-06
3.88201e-06
6.44409e-06
3.54951e-06
7.43085e-06
2.99311e-06
8.18152e-06
2.32965e-06
8.74367e-06
1.63342e-06
9.16501e-06
9.5319e-07
9.48932e-06
3.19844e-07
9.75468e-06
-2.48534e-07
9.99266e-06
-7.42723e-07
1.02281e-05
-1.15942e-06
1.04794e-05
-1.49906e-06
1.07584e-05
-1.76391e-06
1.10715e-05
-1.95665e-06
1.14201e-05
-2.07929e-06
1.18018e-05
-2.1326e-06
1.22112e-05
-2.11614e-06
1.26406e-05
-2.02882e-06
1.30812e-05
-1.87023e-06
1.35223e-05
-1.64266e-06
1.39517e-05
-1.35414e-06
-1.02303e-06
1.43539e-05
1.55767e-06
1.25994e-06
3.22826e-06
2.12139e-06
4.75196e-06
2.35807e-06
6.06781e-06
2.23323e-06
7.16456e-06
1.89642e-06
8.05561e-06
1.43847e-06
8.76851e-06
9.20342e-07
9.33674e-06
3.84852e-07
9.79469e-06
-1.38218e-07
1.01749e-05
-6.28838e-07
1.0506e-05
-1.07399e-06
1.0812e-05
-1.46564e-06
1.11118e-05
-1.79903e-06
1.1419e-05
-2.07132e-06
1.17427e-05
-2.28038e-06
1.20874e-05
-2.424e-06
1.24542e-05
-2.49942e-06
1.28415e-05
-2.50333e-06
1.3245e-05
-2.43237e-06
1.36591e-05
-2.28427e-06
1.40758e-05
-2.0594e-06
1.4485e-05
-1.76345e-06
-1.41122e-06
1.48732e-05
1.38324e-06
-1.2331e-07
2.879e-06
6.25558e-07
4.29781e-06
9.38982e-07
5.58062e-06
9.50235e-07
6.70224e-06
7.74834e-07
7.65867e-06
4.81803e-07
8.46108e-06
1.17797e-07
9.12908e-06
-2.83194e-07
9.68661e-06
-6.95876e-07
1.01589e-05
-1.10133e-06
1.05701e-05
-1.48539e-06
1.09417e-05
-1.83737e-06
1.12916e-05
-2.14901e-06
1.16338e-05
-2.41359e-06
1.19786e-05
-2.62514e-06
1.23325e-05
-2.77789e-06
1.26991e-05
-2.86596e-06
1.30792e-05
-2.88337e-06
1.34714e-05
-2.82453e-06
1.38722e-05
-2.68511e-06
1.42762e-05
-2.46343e-06
1.46754e-05
-2.16272e-06
-1.79436e-06
1.50585e-05
1.22565e-06
-1.3488e-06
2.55109e-06
-7.00045e-07
3.84111e-06
-3.51191e-07
5.04529e-06
-2.53808e-07
6.13517e-06
-3.15068e-07
7.09852e-06
-4.81763e-07
7.93584e-06
-7.19528e-07
8.65623e-06
-1.00351e-06
9.27466e-06
-1.31432e-06
9.80931e-06
-1.63606e-06
1.02792e-05
-1.95531e-06
1.07023e-05
-2.26048e-06
1.10945e-05
-2.54126e-06
1.14692e-05
-2.78829e-06
1.18367e-05
-2.99269e-06
1.22046e-05
-3.14584e-06
1.25778e-05
-3.23922e-06
1.2959e-05
-3.26452e-06
1.33484e-05
-3.21404e-06
1.37448e-05
-3.08147e-06
1.41444e-05
-2.86313e-06
1.45416e-05
-2.55987e-06
-2.17998e-06
1.49271e-05
1.07106e-06
-2.41987e-06
2.23365e-06
-1.86289e-06
3.38874e-06
-1.50637e-06
4.49267e-06
-1.35757e-06
5.51744e-06
-1.34e-06
6.44757e-06
-1.41208e-06
7.27755e-06
-1.54949e-06
8.00978e-06
-1.73567e-06
8.65279e-06
-1.9573e-06
9.21901e-06
-2.20227e-06
9.7227e-06
-2.45896e-06
1.01783e-05
-2.71602e-06
1.05993e-05
-2.96222e-06
1.09975e-05
-3.18653e-06
1.13829e-05
-3.37805e-06
1.1763e-05
-3.526e-06
1.21434e-05
-3.61978e-06
1.25279e-05
-3.64909e-06
1.29181e-05
-3.60439e-06
1.33142e-05
-3.47761e-06
1.37142e-05
-3.26321e-06
1.41142e-05
-2.95989e-06
-2.57318e-06
1.45073e-05
9.17667e-07
-3.33782e-06
1.92461e-06
-2.87009e-06
2.94516e-06
-2.52706e-06
3.93947e-06
-2.35189e-06
4.88055e-06
-2.28134e-06
5.7516e-06
-2.2833e-06
6.54409e-06
-2.34204e-06
7.25671e-06
-2.44834e-06
7.89388e-06
-2.5945e-06
8.46391e-06
-2.77229e-06
8.97728e-06
-2.97228e-06
9.44523e-06
-3.18391e-06
9.87881e-06
-3.39576e-06
1.02882e-05
-3.59589e-06
1.06822e-05
-3.77207e-06
1.10682e-05
-3.912e-06
1.14518e-05
-4.00351e-06
1.18374e-05
-4.03477e-06
1.22276e-05
-3.99473e-06
1.26237e-05
-3.87378e-06
1.30252e-05
-3.66478e-06
1.34298e-05
-3.36457e-06
-2.9762e-06
1.38327e-05
7.68824e-07
-4.10697e-06
1.62687e-06
-3.72827e-06
2.51539e-06
-3.41574e-06
3.39659e-06
-3.23321e-06
4.24386e-06
-3.12877e-06
5.03959e-06
-3.07913e-06
5.77394e-06
-3.07652e-06
6.44387e-06
-3.1184e-06
7.05148e-06
-3.2022e-06
7.60236e-06
-3.32319e-06
8.10418e-06
-3.4741e-06
8.56561e-06
-3.64536e-06
8.99552e-06
-3.82571e-06
9.40238e-06
-4.00278e-06
9.79387e-06
-4.16359e-06
1.01767e-05
-4.29486e-06
1.05565e-05
-4.38332e-06
1.09377e-05
-4.41604e-06
1.13237e-05
-4.38082e-06
1.17167e-05
-4.26686e-06
1.21175e-05
-4.06569e-06
1.25254e-05
-3.77258e-06
-3.38838e-06
1.29375e-05
6.27396e-07
-4.73447e-06
1.34327e-06
-4.44418e-06
2.10359e-06
-4.17613e-06
2.87162e-06
-4.00123e-06
3.62003e-06
-3.87711e-06
4.33053e-06
-3.78961e-06
4.99301e-06
-3.73912e-06
5.60393e-06
-3.72946e-06
6.16429e-06
-3.76263e-06
6.67802e-06
-3.83695e-06
7.15083e-06
-3.94695e-06
7.58939e-06
-4.084e-06
8.00071e-06
-4.23715e-06
8.39172e-06
-4.39392e-06
8.76895e-06
-4.54093e-06
9.13839e-06
-4.66437e-06
9.50535e-06
-4.75034e-06
9.87444e-06
-4.78518e-06
1.02495e-05
-4.75595e-06
1.06336e-05
-4.65101e-06
1.10288e-05
-4.46091e-06
1.14358e-05
-4.17967e-06
-3.8063e-06
1.18537e-05
4.92268e-07
-5.22665e-06
1.07285e-06
-5.02479e-06
1.71118e-06
-4.81442e-06
2.36923e-06
-4.65912e-06
3.01757e-06
-4.52525e-06
3.63744e-06
-4.40943e-06
4.21933e-06
-4.32109e-06
4.7601e-06
-4.27031e-06
5.26051e-06
-4.26306e-06
5.72357e-06
-4.30001e-06
6.15364e-06
-4.37706e-06
6.55584e-06
-4.4863e-06
6.93564e-06
-4.6171e-06
7.29861e-06
-4.75706e-06
7.65022e-06
-4.8927e-06
7.99572e-06
-5.01e-06
8.34008e-06
-5.09478e-06
8.68792e-06
-5.13306e-06
9.04349e-06
-5.11153e-06
9.41059e-06
-5.01812e-06
9.79246e-06
-4.84279e-06
1.01915e-05
-4.57872e-06
-4.22346e-06
1.06087e-05
3.55084e-07
-5.58166e-06
8.08973e-07
-5.47876e-06
1.33611e-06
-5.34141e-06
1.89157e-06
-5.21437e-06
2.44222e-06
-5.07577e-06
2.96963e-06
-4.93686e-06
3.46599e-06
-4.81752e-06
3.92945e-06
-4.73382e-06
4.36115e-06
-4.69476e-06
4.76374e-06
-4.70258e-06
5.14063e-06
-4.75395e-06
5.49572e-06
-4.84143e-06
5.83321e-06
-4.95467e-06
6.15748e-06
-5.08145e-06
6.47304e-06
-5.20838e-06
6.78442e-06
-5.32149e-06
7.0962e-06
-5.40661e-06
7.4129e-06
-5.44979e-06
7.73907e-06
-5.4377e-06
8.07918e-06
-5.35823e-06
8.43759e-06
-5.2012e-06
8.81833e-06
-4.95948e-06
-4.6297e-06
9.22454e-06
1.95757e-07
-5.77747e-06
5.38814e-07
-5.82185e-06
9.74072e-07
-5.7765e-06
1.4396e-06
-5.67979e-06
1.89831e-06
-5.53448e-06
2.33414e-06
-5.37277e-06
2.74277e-06
-5.22621e-06
3.12472e-06
-5.11577e-06
3.48205e-06
-5.05209e-06
3.81735e-06
-5.03786e-06
4.13336e-06
-5.06994e-06
4.43303e-06
-5.14107e-06
4.71948e-06
-5.24111e-06
4.99606e-06
-5.35805e-06
5.26638e-06
-5.47873e-06
5.53428e-06
-5.58942e-06
5.80384e-06
-5.67618e-06
6.07938e-06
-5.72532e-06
6.36551e-06
-5.72382e-06
6.66716e-06
-5.65989e-06
6.98962e-06
-5.52368e-06
7.33843e-06
-5.30836e-06
-5.0104e-06
7.71904e-06
-4.01189e-08
-5.73746e-06
2.45261e-07
-6.10709e-06
6.21951e-07
-6.15301e-06
1.01608e-06
-6.07391e-06
1.39056e-06
-5.90905e-06
1.7368e-06
-5.71907e-06
2.05704e-06
-5.54646e-06
2.35527e-06
-5.41398e-06
2.63484e-06
-5.33164e-06
2.89836e-06
-5.30137e-06
3.14809e-06
-5.31965e-06
3.38614e-06
-5.37909e-06
3.61476e-06
-5.46968e-06
3.83639e-06
-5.57964e-06
4.0538e-06
-5.69611e-06
4.27008e-06
-5.80567e-06
4.4887e-06
-5.89478e-06
4.71356e-06
-5.95015e-06
4.949e-06
-5.95927e-06
5.20002e-06
-5.91093e-06
5.47231e-06
-5.79603e-06
5.77251e-06
-5.60862e-06
-5.34593e-06
6.10797e-06
-3.83398e-07
-5.35405e-06
-7.98105e-08
-6.41035e-06
2.87895e-07
-6.52061e-06
6.32012e-07
-6.41809e-06
9.26432e-07
-6.20354e-06
1.18295e-06
-5.97558e-06
1.41403e-06
-5.77746e-06
1.62735e-06
-5.62721e-06
1.82725e-06
-5.53147e-06
2.01628e-06
-5.49037e-06
2.19614e-06
-5.4995e-06
2.36828e-06
-5.55122e-06
2.53416e-06
-5.63553e-06
2.69543e-06
-5.74087e-06
2.85402e-06
-5.85467e-06
3.01222e-06
-5.96385e-06
3.17274e-06
-6.05527e-06
3.3387e-06
-6.1161e-06
3.51381e-06
-6.13438e-06
3.70245e-06
-6.09959e-06
3.90995e-06
-6.00354e-06
4.14292e-06
-5.84161e-06
-5.61274e-06
4.40975e-06
-8.20555e-07
-4.53329e-06
-4.13248e-07
-6.81742e-06
2.76703e-08
-6.96157e-06
3.14453e-07
-6.70497e-06
5.16023e-07
-6.40514e-06
6.76658e-07
-6.13613e-06
8.16365e-07
-5.91702e-06
9.43855e-07
-5.75456e-06
1.06318e-06
-5.6507e-06
1.17631e-06
-5.60345e-06
1.28431e-06
-5.60751e-06
1.38797e-06
-5.6549e-06
1.48807e-06
-5.73565e-06
1.58551e-06
-5.83834e-06
1.68144e-06
-5.95061e-06
1.77725e-06
-6.05967e-06
1.87467e-06
-6.15268e-06
1.97579e-06
-6.2172e-06
2.08312e-06
-6.24169e-06
2.19976e-06
-6.21621e-06
2.32954e-06
-6.13331e-06
2.47735e-06
-5.98938e-06
-5.78499e-06
2.64967e-06
-1.27371e-06
-4.70857e-07
-8.47988e-08
7.0707e-08
1.53825e-07
2.11548e-07
2.58747e-07
3.00908e-07
3.40232e-07
3.77581e-07
4.13315e-07
4.47652e-07
4.80805e-07
5.13044e-07
5.44721e-07
5.76301e-07
6.0838e-07
6.41706e-07
6.77208e-07
7.16038e-07
7.59691e-07
8.10015e-07
8.69445e-07
4.00687e-05
-3.70487e-06
4.58109e-05
-5.74225e-06
5.36769e-05
-7.86599e-06
-1.04576e-05
6.41345e-05
4.62738e-05
-8.33366e-06
5.08445e-05
-1.0313e-05
5.53367e-05
-1.23582e-05
-1.43143e-05
5.91934e-05
4.8826e-05
-1.2532e-05
5.27498e-05
-1.42368e-05
5.62589e-05
-1.58673e-05
-1.75955e-05
5.95402e-05
4.99511e-05
-1.65287e-05
5.21131e-05
-1.63988e-05
5.14741e-05
-1.52283e-05
-1.34069e-05
4.72855e-05
-2.58172e-05
-2.35033e-05
-2.10681e-05
-2.11479e-05
-1.86141e-05
-1.76824e-05
-1.36175e-05
-1.84036e-05
-4.31002e-05
-2.68981e-05
-4.01909e-05
-2.40572e-05
-3.85332e-05
-1.93402e-05
-1.36641e-05
-3.84867e-05
-4.50551e-05
-2.85433e-05
-4.36012e-05
-2.55111e-05
-4.54735e-05
-1.74678e-05
-1.1895e-05
-4.72426e-05
-4.22726e-05
-2.79422e-05
-4.4041e-05
-2.37428e-05
-4.55632e-05
-1.59457e-05
-1.13689e-05
-4.60892e-05
-3.97479e-05
-2.59756e-05
-4.11345e-05
-2.23563e-05
-3.99143e-05
-1.71658e-05
-1.32704e-05
-3.80127e-05
-3.33752e-05
-2.04123e-05
-3.62874e-05
-1.9444e-05
-3.63792e-05
-1.70742e-05
-1.44149e-05
-3.52345e-05
-2.10078e-05
-1.52283e-05
-2.49584e-05
-1.54933e-05
-2.71731e-05
-1.48597e-05
-1.34606e-05
-2.81273e-05
-1.22051e-05
-1.11589e-05
-1.56802e-05
-1.20181e-05
-1.83986e-05
-1.21413e-05
-1.13862e-05
-2.0473e-05
-6.54734e-06
-8.0559e-06
-9.45626e-06
-9.10908e-06
-1.22341e-05
-9.36329e-06
-8.97066e-06
-1.46496e-05
-2.89185e-06
-5.60659e-06
-5.48279e-06
-6.51815e-06
-8.1629e-06
-6.68314e-06
-6.57814e-06
-1.05555e-05
-7.94785e-07
-3.55761e-06
-3.09649e-06
-4.2165e-06
-5.39024e-06
-4.38944e-06
-4.45712e-06
-7.5113e-06
2.17458e-07
-1.82539e-06
-1.71869e-06
-2.28027e-06
-3.5486e-06
-2.55955e-06
-2.75202e-06
-5.25368e-06
7.54849e-07
-5.65682e-07
-6.02193e-07
-9.23096e-07
-1.95517e-06
-1.20651e-06
-1.45688e-06
-3.25025e-06
1.34053e-06
2.23168e-07
4.63379e-07
-4.58861e-08
-4.45659e-07
-2.97439e-07
-5.45718e-07
-1.35685e-06
2.12986e-06
6.5676e-07
1.62457e-06
4.59418e-07
1.07225e-06
2.54976e-07
3.80618e-08
4.88475e-07
3.19466e-06
8.31508e-07
2.96049e-06
6.93637e-07
2.67603e-06
5.39513e-07
3.6746e-07
2.34669e-06
4.53728e-06
8.31815e-07
4.48773e-06
7.43269e-07
4.3898e-06
6.37467e-07
5.14453e-07
4.24282e-06
6.10107e-06
7.25159e-07
6.16688e-06
6.77493e-07
6.18871e-06
6.15672e-07
5.40481e-07
6.16267e-06
7.79096e-06
5.6137e-07
7.9208e-06
5.47591e-07
8.01211e-06
5.24458e-07
4.92849e-07
8.05978e-06
9.49529e-06
3.73934e-07
9.65449e-06
3.88286e-07
9.78064e-06
3.98397e-07
4.04801e-07
9.86878e-06
1.11042e-05
1.82616e-07
1.12721e-05
2.2039e-07
1.14118e-05
2.58627e-07
2.97255e-07
1.15195e-05
1.25228e-05
-3.23034e-09
1.26891e-05
5.41148e-08
1.28318e-05
1.15906e-07
1.81376e-07
1.29478e-05
1.36788e-05
-1.81277e-07
1.38406e-05
-1.0757e-07
1.39827e-05
-2.61902e-08
6.14122e-08
1.41026e-05
1.45258e-05
-3.53256e-07
1.46842e-05
-2.65937e-07
1.48264e-05
-1.68388e-07
-6.26452e-08
1.49505e-05
1.50425e-05
-5.22673e-07
1.52007e-05
-4.24162e-07
1.53458e-05
-3.13409e-07
-1.9287e-07
1.5476e-05
1.52291e-05
-6.93275e-07
1.53906e-05
-5.85756e-07
1.55416e-05
-4.6439e-07
-3.31863e-07
1.56805e-05
1.5102e-05
-8.68171e-07
1.52698e-05
-7.53657e-07
1.54294e-05
-6.23974e-07
-4.81859e-07
1.55794e-05
1.46885e-05
-1.04941e-06
1.48646e-05
-9.29812e-07
1.50345e-05
-7.93903e-07
-6.44315e-07
1.5197e-05
1.40211e-05
-1.23785e-06
1.42063e-05
-1.11507e-06
1.43873e-05
-9.74921e-07
-8.19832e-07
1.45629e-05
1.31329e-05
-1.43323e-06
1.33271e-05
-1.30922e-06
1.3519e-05
-1.16683e-06
-1.00821e-06
1.37074e-05
1.20546e-05
-1.63412e-06
1.22564e-05
-1.51098e-06
1.24581e-05
-1.3685e-06
-1.20846e-06
1.26584e-05
1.08123e-05
-1.83773e-06
1.10191e-05
-1.71779e-06
1.12282e-05
-1.5776e-06
-1.41858e-06
1.14383e-05
9.42626e-06
-2.03951e-06
9.63369e-06
-1.92525e-06
9.84614e-06
-1.79006e-06
-1.63493e-06
1.00625e-05
7.91184e-06
-2.23237e-06
8.11287e-06
-2.1263e-06
8.32179e-06
-1.99899e-06
-1.85103e-06
8.5379e-06
6.28167e-06
-2.40607e-06
6.46559e-06
-2.31021e-06
6.66001e-06
-2.1934e-06
-2.05591e-06
6.86491e-06
4.55074e-06
-2.54702e-06
4.70267e-06
-2.46211e-06
4.86642e-06
-2.35711e-06
-2.23237e-06
5.04293e-06
2.74367e-06
-2.64096e-06
2.84651e-06
-2.56491e-06
2.95975e-06
-2.4703e-06
-2.3577e-06
3.08512e-06
9.03094e-07
9.40476e-07
9.82675e-07
1.03091e-06
6.30904e-05
-3.71068e-05
6.29728e-05
-3.73275e-05
5.73991e-05
-2.50758e-05
4.65344e-05
-9.67789e-06
3.49319e-05
-4.90474e-07
2.51619e-05
1.87041e-06
1.98527e-05
-3.244e-06
1.85182e-05
-8.52094e-06
1.93224e-05
-7.65812e-06
2.23545e-05
-1.69176e-06
2.59017e-05
5.89316e-06
2.93144e-05
1.488e-05
3.1743e-05
2.31793e-05
3.33258e-05
2.76803e-05
3.36617e-05
2.67857e-05
3.13283e-05
2.28703e-05
2.55254e-05
2.36933e-05
1.48871e-05
2.61786e-05
2.18971e-05
6.24512e-05
-4.03647e-05
6.08927e-05
-3.57689e-05
5.2908e-05
-1.70911e-05
3.81937e-05
5.03629e-06
2.32754e-05
1.44278e-05
1.24335e-05
1.27123e-05
9.24412e-06
-5.46595e-08
9.34971e-06
-8.62653e-06
1.11813e-05
-9.48972e-06
1.46332e-05
-5.14368e-06
1.9099e-05
1.42731e-06
2.46255e-05
9.35345e-06
2.99174e-05
1.78874e-05
3.44605e-05
2.31372e-05
3.73102e-05
2.3936e-05
3.61225e-05
2.40581e-05
2.97433e-05
3.00725e-05
1.62797e-05
3.96422e-05
3.81768e-05
5.90459e-05
-3.98704e-05
4.98924e-05
-2.66155e-05
3.74643e-05
-4.66291e-06
2.56525e-05
1.68481e-05
1.1783e-05
2.82973e-05
3.12219e-06
2.1373e-05
3.63275e-06
-5.65239e-07
4.70569e-06
-9.69949e-06
6.5143e-06
-1.12983e-05
9.25574e-06
-7.88514e-06
1.33009e-05
-2.61784e-06
1.87497e-05
3.90462e-06
2.48027e-05
1.18344e-05
2.99761e-05
1.79637e-05
3.31008e-05
2.08113e-05
3.33606e-05
2.37983e-05
2.80017e-05
3.54313e-05
1.41309e-05
5.3513e-05
5.23077e-05
2.88576e-05
-2.14427e-05
9.51488e-06
-7.27247e-06
-2.14085e-06
6.99291e-06
-5.07392e-06
1.97812e-05
-1.59049e-06
2.48139e-05
3.71952e-06
1.6063e-05
4.19033e-06
-1.03609e-06
3.25615e-06
-8.76531e-06
2.98542e-06
-1.10276e-05
4.09162e-06
-8.99136e-06
6.80278e-06
-5.32902e-06
1.08495e-05
-1.4207e-07
1.55816e-05
7.10222e-06
1.88179e-05
1.47274e-05
2.00715e-05
1.95578e-05
1.97287e-05
2.4141e-05
1.77958e-05
3.73642e-05
1.36141e-05
5.76947e-05
6.59219e-05
-2.26385e-05
-1.72076e-05
-2.59851e-05
-3.9259e-06
-2.76825e-05
8.6903e-06
-2.22545e-05
1.4353e-05
-1.05854e-05
1.31448e-05
7.79668e-07
4.69815e-06
3.9067e-06
-4.16318e-06
3.45299e-06
-8.31164e-06
2.2873e-06
-9.86197e-06
2.11955e-07
-6.91602e-06
-5.07177e-07
-4.60991e-06
9.2019e-07
-1.56946e-06
2.44971e-06
5.5727e-06
6.89337e-07
1.64878e-05
-2.06025e-06
2.23074e-05
-2.60723e-06
2.4688e-05
1.83148e-06
3.29254e-05
7.8673e-06
5.16588e-05
7.37892e-05
-3.80291e-05
-1.76651e-05
-3.66313e-05
-5.32366e-06
-3.27253e-05
4.78428e-06
-2.5236e-05
6.86384e-06
-1.57052e-05
3.61395e-06
-8.67582e-06
-2.33111e-06
-4.33626e-06
-8.50285e-06
-2.59835e-07
-1.23882e-05
3.92933e-06
-1.40511e-05
7.66911e-06
-1.06557e-05
2.74062e-06
3.18658e-07
-5.75242e-06
6.92363e-06
-1.02383e-05
1.00586e-05
-1.69332e-05
2.31827e-05
-2.0035e-05
2.54092e-05
-1.95917e-05
2.42448e-05
-1.34856e-05
2.68194e-05
-4.21481e-06
4.2388e-05
6.95744e-05
-4.45912e-05
-2.03166e-05
-4.05451e-05
-9.36974e-06
-3.41773e-05
-1.58346e-06
-2.57666e-05
-1.54677e-06
-1.7667e-05
-4.48564e-06
-1.13177e-05
-8.68048e-06
-6.76916e-06
-1.30514e-05
-2.67413e-06
-1.64832e-05
1.66334e-06
-1.83886e-05
6.7335e-06
-1.57259e-05
1.14096e-05
-4.35745e-06
4.42399e-06
1.39093e-05
-1.62435e-05
3.07261e-05
-2.64223e-05
3.33615e-05
-2.93162e-05
2.8303e-05
-2.92266e-05
2.41551e-05
-2.26629e-05
2.02557e-05
-1.02445e-05
2.99696e-05
5.93299e-05
-4.73924e-05
-1.90136e-05
-4.19471e-05
-1.48148e-05
-3.28692e-05
-1.06612e-05
-2.43974e-05
-1.00186e-05
-1.71834e-05
-1.16997e-05
-1.14561e-05
-1.44079e-05
-7.45573e-06
-1.70517e-05
-4.73619e-06
-1.92027e-05
-2.40022e-06
-2.07245e-05
9.8903e-07
-1.91151e-05
6.92934e-06
-1.02977e-05
1.13623e-05
9.47648e-06
-5.36462e-06
4.7453e-05
-2.30628e-05
5.10598e-05
-3.22729e-05
3.75132e-05
-3.39971e-05
2.58792e-05
-2.77348e-05
1.39935e-05
-1.26272e-05
1.48619e-05
4.67029e-05
-3.53988e-05
-2.16275e-05
-3.26545e-05
-1.75593e-05
-2.86532e-05
-1.46628e-05
-2.25431e-05
-1.61286e-05
-1.58787e-05
-1.8364e-05
-1.02345e-05
-2.00522e-05
-6.4988e-06
-2.07874e-05
-5.27843e-06
-2.0423e-05
-7.16766e-06
-1.88352e-05
-8.07464e-06
-1.82081e-05
-5.6423e-06
-1.273e-05
-2.92302e-06
6.75721e-06
-3.14544e-06
4.76753e-05
-9.41511e-06
5.73296e-05
-1.81678e-05
4.62657e-05
-2.38415e-05
3.15531e-05
-2.65861e-05
1.67382e-05
-2.209e-05
1.03658e-05
2.46127e-05
-3.20016e-05
-2.48604e-05
-3.00211e-05
-1.95399e-05
-2.70618e-05
-1.7622e-05
-2.42646e-05
-1.89258e-05
-2.10302e-05
-2.15986e-05
-1.7019e-05
-2.40635e-05
-1.34788e-05
-2.43276e-05
-1.13965e-05
-2.25052e-05
-1.06533e-05
-1.95784e-05
-1.31517e-05
-1.57096e-05
-1.85112e-05
-7.37036e-06
-2.08679e-05
9.11379e-06
-1.1758e-05
3.85653e-05
-6.45696e-06
5.20284e-05
-6.3181e-06
4.61269e-05
-8.94786e-06
3.41829e-05
-1.22785e-05
2.00687e-05
-1.12148e-05
9.30202e-06
1.33978e-05
-2.78102e-05
-2.51775e-05
-2.70425e-05
-2.03073e-05
-2.6065e-05
-1.85996e-05
-2.54547e-05
-1.95363e-05
-2.4453e-05
-2.26006e-05
-2.26201e-05
-2.58963e-05
-2.05685e-05
-2.6379e-05
-1.874e-05
-2.43337e-05
-1.7989e-05
-2.03295e-05
-1.91256e-05
-1.4573e-05
-2.20868e-05
-4.40906e-06
-2.39485e-05
1.09752e-05
-1.76186e-05
3.22356e-05
-9.24082e-06
4.36504e-05
-4.8409e-06
4.17273e-05
-3.44882e-06
3.27908e-05
-4.23742e-06
2.08572e-05
-5.42748e-06
1.04919e-05
7.97024e-06
-2.29462e-05
-2.27042e-05
-2.39662e-05
-1.92872e-05
-2.45409e-05
-1.80251e-05
-2.5265e-05
-1.88124e-05
-2.60333e-05
-2.18322e-05
-2.6213e-05
-2.57166e-05
-2.5891e-05
-2.67009e-05
-2.54855e-05
-2.4739e-05
-2.57334e-05
-2.00814e-05
-2.69628e-05
-1.33435e-05
-2.82586e-05
-3.11339e-06
-2.79319e-05
1.06483e-05
-2.20535e-05
2.63574e-05
-1.45805e-05
3.61771e-05
-9.41343e-06
3.65603e-05
-5.97736e-06
2.93544e-05
-4.6059e-06
1.94857e-05
-4.34889e-06
1.02349e-05
3.62124e-06
-1.85039e-05
-1.88497e-05
-2.07642e-05
-1.70271e-05
-2.23324e-05
-1.64571e-05
-2.38723e-05
-1.72725e-05
-2.58674e-05
-1.9837e-05
-2.78672e-05
-2.37168e-05
-2.90496e-05
-2.55185e-05
-3.01139e-05
-2.36746e-05
-3.17755e-05
-1.84198e-05
-3.37942e-05
-1.13246e-05
-3.4369e-05
-2.53882e-06
-3.25986e-05
8.87798e-06
-2.70585e-05
2.08174e-05
-2.08083e-05
2.99268e-05
-1.61202e-05
3.1872e-05
-1.23648e-05
2.5599e-05
-9.56866e-06
1.66893e-05
-6.40926e-06
7.07548e-06
-2.78811e-06
-1.47666e-05
-1.46388e-05
-1.76015e-05
-1.41923e-05
-1.97007e-05
-1.43578e-05
-2.1721e-05
-1.52519e-05
-2.41711e-05
-1.73869e-05
-2.73613e-05
-2.05265e-05
-2.99554e-05
-2.29244e-05
-3.2271e-05
-2.1359e-05
-3.50234e-05
-1.56672e-05
-3.74902e-05
-8.8577e-06
-3.83886e-05
-1.6408e-06
-3.64398e-05
6.92902e-06
-3.19131e-05
1.62905e-05
-2.65787e-05
2.45925e-05
-2.20752e-05
2.73684e-05
-1.84551e-05
2.19789e-05
-1.45316e-05
1.27656e-05
-8.56243e-06
1.10616e-06
-1.13506e-05
-1.15475e-05
-1.06027e-05
-1.45208e-05
-1.1219e-05
-1.6876e-05
-1.20028e-05
-1.90718e-05
-1.3056e-05
-2.16804e-05
-1.47784e-05
-2.50216e-05
-1.71849e-05
-2.87674e-05
-1.91782e-05
-3.22551e-05
-1.78712e-05
-3.53237e-05
-1.25988e-05
-3.76453e-05
-6.53605e-06
-3.88202e-05
-4.65768e-07
-3.78987e-05
6.00766e-06
-3.48959e-05
1.32876e-05
-3.04026e-05
2.00991e-05
-2.56279e-05
2.25935e-05
-2.13947e-05
1.77457e-05
-1.5702e-05
7.07283e-06
-7.86853e-06
-6.72747e-06
-1.92193e-05
-8.70102e-06
-7.15524e-06
-1.15229e-05
-8.39691e-06
-1.39272e-05
-9.59854e-06
-1.6171e-05
-1.08121e-05
-1.87032e-05
-1.22463e-05
-2.19039e-05
-1.39839e-05
-2.60085e-05
-1.50736e-05
-3.00856e-05
-1.37937e-05
-3.30211e-05
-9.66323e-06
-3.50496e-05
-4.50792e-06
-3.61735e-05
6.58053e-07
-3.60248e-05
5.85889e-06
-3.40669e-05
1.13296e-05
-3.0151e-05
1.61831e-05
-2.50323e-05
1.74746e-05
-1.95257e-05
1.22391e-05
-1.29201e-05
4.67181e-07
-5.94546e-06
-1.37023e-05
-2.51649e-05
-6.0242e-06
-4.38117e-06
-8.55827e-06
-5.86282e-06
-1.08487e-05
-7.30803e-06
-1.30923e-05
-8.5684e-06
-1.55309e-05
-9.80752e-06
-1.855e-05
-1.09647e-05
-2.22998e-05
-1.13239e-05
-2.60923e-05
-1.00014e-05
-2.89315e-05
-6.82405e-06
-3.07152e-05
-2.72433e-06
-3.15693e-05
1.51209e-06
-3.13495e-05
5.63914e-06
-2.95646e-05
9.54453e-06
-2.57603e-05
1.23788e-05
-2.0393e-05
1.21073e-05
-1.45175e-05
6.36352e-06
-9.27952e-06
-4.77102e-06
-4.78799e-06
-1.81942e-05
-2.99531e-05
-3.45214e-06
-2.28594e-06
-5.57124e-06
-3.74378e-06
-7.68192e-06
-5.197e-06
-9.81122e-06
-6.43911e-06
-1.21631e-05
-7.45544e-06
-1.49389e-05
-8.18893e-06
-1.81358e-05
-8.12695e-06
-2.1349e-05
-6.78817e-06
-2.38397e-05
-4.33336e-06
-2.53672e-05
-1.19676e-06
-2.59308e-05
2.07568e-06
-2.54165e-05
5.12495e-06
-2.34859e-05
7.61387e-06
-1.98733e-05
8.76624e-06
-1.49235e-05
7.15755e-06
-9.93516e-06
1.37501e-06
-6.33766e-06
-8.36878e-06
-3.76207e-06
-2.07701e-05
-3.37153e-05
-9.7862e-07
-8.18799e-07
-2.613e-06
-2.10946e-06
-4.44312e-06
-3.36653e-06
-6.41679e-06
-4.46539e-06
-8.60195e-06
-5.26999e-06
-1.10847e-05
-5.70622e-06
-1.37937e-05
-5.41793e-06
-1.63906e-05
-4.19117e-06
-1.84305e-05
-2.2934e-06
-1.96608e-05
3.36873e-08
-1.99882e-05
2.40315e-06
-1.93118e-05
4.44859e-06
-1.74533e-05
5.75534e-06
-1.43545e-05
5.66729e-06
-1.04453e-05
3.24832e-06
-6.79992e-06
-2.27061e-06
-4.32124e-06
-1.08477e-05
-2.79292e-06
-2.22986e-05
-3.65083e-05
1.40213e-06
1.25948e-07
2.11498e-07
-9.18763e-07
-1.24942e-06
-1.9055e-06
-2.98082e-06
-2.73396e-06
-4.93694e-06
-3.3138e-06
-7.11761e-06
-3.52552e-06
-9.39074e-06
-3.14469e-06
-1.14622e-05
-2.11962e-06
-1.30848e-05
-6.70809e-07
-1.40516e-05
1.00046e-06
-1.4248e-05
2.59958e-06
-1.35939e-05
3.79445e-06
-1.20323e-05
4.19364e-06
-9.64669e-06
3.28158e-06
-6.85458e-06
4.56065e-07
-4.40661e-06
-4.71876e-06
-2.93483e-06
-1.23197e-05
-2.39803e-06
-2.28356e-05
-3.89064e-05
3.69458e-06
6.74284e-07
2.86334e-06
-8.74036e-08
1.73833e-06
-7.80535e-07
3.31475e-07
-1.32708e-06
-1.32849e-06
-1.65391e-06
-3.18032e-06
-1.67362e-06
-5.05391e-06
-1.27111e-06
-6.72734e-06
-4.46239e-07
-8.03034e-06
6.32207e-07
-8.81247e-06
1.78251e-06
-8.97717e-06
2.76429e-06
-8.47817e-06
3.29535e-06
-7.32508e-06
3.04049e-06
-5.65756e-06
1.61394e-06
-3.8268e-06
-1.37483e-06
-2.33927e-06
-6.20643e-06
-1.59385e-06
-1.30652e-05
-1.57822e-06
-2.28514e-05
-4.04846e-05
5.89558e-06
9.41345e-07
5.34257e-06
4.65753e-07
4.50202e-06
6.00072e-08
3.38991e-06
-2.14982e-07
2.04468e-06
-3.08716e-07
5.41529e-07
-1.70347e-07
-9.77045e-07
2.47467e-07
-2.34034e-06
9.1701e-07
-3.41423e-06
1.70617e-06
-4.08654e-06
2.45479e-06
-4.28871e-06
2.9665e-06
-4.0026e-06
3.00918e-06
-3.27139e-06
2.3092e-06
-2.23919e-06
5.81647e-07
-1.17452e-06
-2.4396e-06
-4.08645e-07
-6.97236e-06
-1.61587e-07
-1.33123e-05
-2.99122e-07
-2.27138e-05
-4.07837e-05
7.98171e-06
1.01932e-06
7.63592e-06
8.11748e-07
7.02537e-06
6.70707e-07
6.1691e-06
6.41326e-07
5.10797e-06
7.52498e-07
3.91286e-06
1.02494e-06
2.69552e-06
1.46489e-06
1.58367e-06
2.02893e-06
6.80529e-07
2.60945e-06
6.73787e-08
3.06798e-06
-2.0807e-07
3.24199e-06
-1.43172e-07
2.94426e-06
2.0514e-07
1.96085e-06
7.09217e-07
7.75447e-08
1.17298e-06
-2.90335e-06
1.38018e-06
-7.17951e-06
1.19616e-06
-1.31282e-05
7.42279e-07
-2.22599e-05
-4.00415e-05
9.91125e-06
9.76742e-07
9.71563e-06
1.00757e-06
9.28622e-06
1.10031e-06
8.6422e-06
1.28544e-06
7.82089e-06
1.57397e-06
6.882e-06
1.96404e-06
5.91e-06
2.43706e-06
4.9979e-06
2.94121e-06
4.22334e-06
3.38417e-06
3.64237e-06
3.64906e-06
3.28476e-06
3.59967e-06
3.14432e-06
3.08475e-06
3.16579e-06
1.93943e-06
3.24435e-06
-9.35021e-10
3.23776e-06
-2.89666e-06
2.99874e-06
-6.94041e-06
2.41734e-06
-1.25468e-05
1.45484e-06
-2.12974e-05
-3.85866e-05
1.16359e-05
8.60313e-07
1.15478e-05
1.09581e-06
1.12589e-05
1.38935e-06
1.07861e-05
1.75835e-06
1.01605e-05
2.19983e-06
9.42876e-06
2.69598e-06
8.65268e-06
3.21337e-06
7.89822e-06
3.6959e-06
7.22067e-06
4.06192e-06
6.65813e-06
4.21175e-06
6.22549e-06
4.03243e-06
5.90934e-06
3.40101e-06
5.66096e-06
2.18793e-06
5.39805e-06
2.62112e-07
5.0158e-06
-2.5143e-06
4.40823e-06
-6.33278e-06
3.47761e-06
-1.16161e-05
1.97142e-06
-1.97912e-05
-3.66152e-05
1.31097e-05
6.98441e-07
1.30999e-05
1.10566e-06
1.29206e-05
1.56883e-06
1.25849e-05
2.09419e-06
1.21168e-05
2.66813e-06
1.1551e-05
3.26203e-06
1.09309e-05
3.83375e-06
1.03015e-05
4.32557e-06
9.69981e-06
4.66374e-06
9.14917e-06
4.76255e-06
8.65399e-06
4.52776e-06
8.1959e-06
3.85925e-06
7.73108e-06
2.65289e-06
7.1927e-06
8.00612e-07
6.49943e-06
-1.82096e-06
5.56711e-06
-5.40043e-06
4.30522e-06
-1.03542e-05
2.44834e-06
-1.79343e-05
-3.41668e-05
1.42957e-05
5.05458e-07
1.43464e-05
1.05502e-06
1.42549e-05
1.66051e-06
1.40303e-05
2.31898e-06
1.36897e-05
3.00885e-06
1.32576e-05
3.6944e-06
1.27629e-05
4.32864e-06
1.22347e-05
4.85397e-06
1.16955e-05
5.20303e-06
1.11568e-05
5.30144e-06
1.06146e-05
5.07005e-06
1.00473e-05
4.42666e-06
9.41398e-06
3.2863e-06
8.65651e-06
1.55814e-06
7.70499e-06
-8.6941e-07
6.48341e-06
-4.17882e-06
4.9085e-06
-8.77926e-06
2.8792e-06
-1.59049e-05
-3.12875e-05
1.517e-05
2.86082e-07
1.52717e-05
9.5331e-07
1.52538e-05
1.67849e-06
1.51216e-05
2.45127e-06
1.48864e-05
3.24416e-06
1.45641e-05
4.01688e-06
1.41728e-05
4.72006e-06
1.37295e-05
5.29735e-06
1.32456e-05
5.68702e-06
1.27232e-05
5.82399e-06
1.2152e-05
5.64132e-06
1.15076e-05
5.07102e-06
1.0751e-05
4.04302e-06
9.82898e-06
2.48016e-06
8.67768e-06
2.81934e-07
7.22358e-06
-2.72466e-06
5.38822e-06
-6.94379e-06
3.21412e-06
-1.37307e-05
-2.80733e-05
1.57225e-05
3.95101e-08
1.58713e-05
8.04494e-07
1.59186e-05
1.63129e-06
1.58662e-05
2.50372e-06
1.57206e-05
3.38983e-06
1.54912e-05
4.24641e-06
1.5188e-05
5.02327e-06
1.48193e-05
5.66605e-06
1.43882e-05
6.11823e-06
1.38895e-05
6.32264e-06
1.33084e-05
6.22239e-06
1.26187e-05
5.76078e-06
1.17824e-05
4.87932e-06
1.0751e-05
3.51164e-06
9.46616e-06
1.56683e-06
7.85913e-06
-1.11753e-06
5.84997e-06
-4.9345e-06
3.44177e-06
-1.13223e-05
-2.46315e-05
1.59574e-05
-2.37399e-07
1.61523e-05
6.09606e-07
1.62596e-05
1.52398e-06
1.62784e-05
2.48492e-06
1.62114e-05
3.45696e-06
1.6063e-05
4.39487e-06
1.58377e-05
5.24849e-06
1.55378e-05
5.96598e-06
1.51601e-05
6.49587e-06
1.46947e-05
6.78805e-06
1.41231e-05
6.79403e-06
1.34177e-05
6.46617e-06
1.25421e-05
5.75492e-06
1.14519e-05
4.60185e-06
1.0096e-05
2.92285e-06
8.41481e-06
5.63731e-07
6.32715e-06
-2.84676e-06
3.63482e-06
-8.63e-06
-2.09967e-05
1.589e-05
-5.4803e-07
1.6131e-05
3.68558e-07
1.62953e-05
1.35975e-06
1.63793e-05
2.40095e-06
1.63827e-05
3.4536e-06
1.63069e-05
4.47076e-06
1.61528e-05
5.40256e-06
1.59186e-05
6.20012e-06
1.55973e-05
6.81709e-06
1.51753e-05
7.21004e-06
1.46314e-05
7.3379e-06
1.3937e-05
7.16058e-06
1.30565e-05
6.63553e-06
1.19482e-05
5.71018e-06
1.05662e-05
4.30488e-06
8.8603e-06
2.26964e-06
6.75972e-06
-7.46229e-07
3.92877e-06
-5.79917e-06
-1.70681e-05
1.55439e-05
-8.94891e-07
1.58313e-05
8.11896e-08
1.60502e-05
1.14092e-06
1.61948e-05
2.25638e-06
1.62625e-05
3.38595e-06
1.62527e-05
4.48051e-06
1.6165e-05
5.49023e-06
1.59955e-05
6.36957e-06
1.57347e-05
7.07783e-06
1.53664e-05
7.57832e-06
1.48672e-05
7.83704e-06
1.42071e-05
7.8207e-06
1.33498e-05
7.4929e-06
1.22536e-05
6.80636e-06
1.08724e-05
5.68604e-06
9.15465e-06
3.98733e-06
7.03677e-06
1.3715e-06
4.35275e-06
-3.11538e-06
-1.27156e-05
1.49472e-05
-1.2792e-06
1.52808e-05
-2.5236e-07
1.55525e-05
8.69266e-07
1.57541e-05
2.05484e-06
1.58809e-05
3.25915e-06
1.59319e-05
4.42946e-06
1.5907e-05
5.51503e-06
1.58022e-05
6.47434e-06
1.56067e-05
7.27332e-06
1.53023e-05
7.88268e-06
1.48637e-05
8.27565e-06
1.42588e-05
8.42556e-06
1.34495e-05
8.30221e-06
1.23915e-05
7.8644e-06
1.1033e-05
7.0444e-06
9.30915e-06
5.7111e-06
7.12873e-06
3.55172e-06
4.5225e-06
-5.09402e-07
-8.19317e-06
1.41291e-05
-1.70088e-06
1.45086e-05
-6.3176e-07
1.4832e-05
5.4592e-07
1.50879e-05
1.7989e-06
1.52696e-05
3.07745e-06
1.53767e-05
4.32227e-06
1.54119e-05
5.47969e-06
1.53727e-05
6.51354e-06
1.52478e-05
7.39818e-06
1.50175e-05
8.11294e-06
1.46545e-05
8.63866e-06
1.41246e-05
8.95548e-06
1.33873e-05
9.0395e-06
1.23956e-05
8.85612e-06
1.10938e-05
8.34615e-06
9.40956e-06
7.39523e-06
7.22811e-06
5.73302e-06
4.41306e-06
2.30548e-06
-3.78013e-06
1.31161e-05
-2.15859e-06
1.35412e-05
-1.05676e-06
1.39164e-05
1.70744e-07
1.42258e-05
1.48943e-06
1.44593e-05
2.84391e-06
1.46186e-05
4.16293e-06
1.47123e-05
5.38588e-06
1.47408e-05
6.48496e-06
1.46929e-05
7.44604e-06
1.45473e-05
8.25863e-06
1.42742e-05
8.91176e-06
1.38372e-05
9.39251e-06
1.31933e-05
9.68348e-06
1.22929e-05
9.75654e-06
1.108e-05
9.55906e-06
9.48925e-06
8.9859e-06
7.42842e-06
7.7938e-06
4.4933e-06
5.24056e-06
7.13254e-07
1.1929e-05
-2.6493e-06
1.23995e-05
-1.52719e-06
1.28286e-05
-2.58395e-07
1.31937e-05
1.12431e-06
1.34782e-05
2.55946e-06
1.36869e-05
3.95413e-06
1.38397e-05
5.23308e-06
1.39407e-05
6.38387e-06
1.39782e-05
7.40854e-06
1.39284e-05
8.30852e-06
1.37589e-05
9.08125e-06
1.34304e-05
9.72104e-06
1.28957e-05
1.02183e-05
1.20986e-05
1.05537e-05
1.09749e-05
1.06827e-05
9.4539e-06
1.05069e-05
7.44105e-06
9.8067e-06
4.50699e-06
8.17473e-06
5.22038e-06
1.058e-05
-3.16678e-06
1.10949e-05
-2.04209e-06
1.15825e-05
-7.46016e-07
1.20102e-05
6.96641e-07
1.23486e-05
2.22109e-06
1.26071e-05
3.69564e-06
1.2824e-05
5.01613e-06
1.30073e-05
6.20059e-06
1.3142e-05
7.2738e-06
1.32008e-05
8.24979e-06
1.31487e-05
9.13335e-06
1.29436e-05
9.92619e-06
1.25325e-05
1.06295e-05
1.18467e-05
1.12396e-05
1.07988e-05
1.17306e-05
9.28515e-06
1.20207e-05
7.19317e-06
1.18988e-05
4.23287e-06
1.11352e-05
9.45343e-06
9.06972e-06
-3.69857e-06
9.6245e-06
-2.59682e-06
1.01767e-05
-1.29815e-06
1.06811e-05
1.9227e-07
1.10839e-05
1.81833e-06
1.13983e-05
3.38123e-06
1.16941e-05
4.72038e-06
1.1978e-05
5.91669e-06
1.22271e-05
7.02462e-06
1.24092e-05
8.06769e-06
1.24885e-05
9.05413e-06
1.24226e-05
9.99207e-06
1.21549e-05
1.08972e-05
1.16016e-05
1.17928e-05
1.06409e-05
1.26914e-05
9.1125e-06
1.35492e-05
6.91541e-06
1.40961e-05
3.90578e-06
1.41451e-05
1.33594e-05
7.38712e-06
-4.22073e-06
7.96688e-06
-3.17648e-06
8.58687e-06
-1.91805e-06
9.19257e-06
-4.13355e-07
9.68638e-06
1.32458e-06
1.00731e-05
2.99456e-06
1.04806e-05
4.31283e-06
1.08977e-05
5.49949e-06
1.12847e-05
6.63766e-06
1.16049e-05
7.74744e-06
1.18265e-05
8.83248e-06
1.19139e-05
9.90456e-06
1.18142e-05
1.09969e-05
1.14333e-05
1.21738e-05
1.06071e-05
1.35176e-05
9.08291e-06
1.50735e-05
6.78738e-06
1.63918e-05
3.68574e-06
1.7247e-05
1.70452e-05
5.51331e-06
-4.69103e-06
6.07992e-06
-3.74297e-06
6.75416e-06
-2.59218e-06
7.49523e-06
-1.15434e-06
8.14354e-06
6.763e-07
8.6387e-06
2.4994e-06
9.23014e-06
3.72135e-06
9.83237e-06
4.89719e-06
1.03826e-05
6.08734e-06
1.08495e-05
7.28053e-06
1.12143e-05
8.4676e-06
1.14579e-05
9.66089e-06
1.15447e-05
1.091e-05
1.13858e-05
1.23326e-05
1.07618e-05
1.41417e-05
9.28377e-06
1.65515e-05
6.87762e-06
1.87981e-05
3.58422e-06
2.05406e-05
2.06295e-05
3.43527e-06
-5.0411e-06
3.90418e-06
-4.21178e-06
4.55758e-06
-3.2455e-06
5.44319e-06
-2.03991e-06
6.38421e-06
-2.64712e-07
7.13755e-06
1.74603e-06
8.05827e-06
2.80058e-06
8.90288e-06
4.05252e-06
9.6266e-06
5.36355e-06
1.02288e-05
6.67827e-06
1.07155e-05
7.98082e-06
1.10913e-05
9.28505e-06
1.13512e-05
1.06501e-05
1.14547e-05
1.22291e-05
1.11003e-05
1.4496e-05
9.71742e-06
1.79345e-05
7.15201e-06
2.13636e-05
3.56987e-06
2.41228e-05
2.41994e-05
1.17628e-06
1.40187e-06
1.79753e-06
2.58109e-06
4.0704e-06
5.87113e-06
7.26073e-06
8.32924e-06
9.18083e-06
9.86838e-06
1.04239e-05
1.08709e-05
1.12192e-05
1.14606e-05
1.16897e-05
9.97752e-06
7.20083e-06
2.55612e-06
)
;

boundaryField
{
    leftWall
    {
        type            calculated;
        value           uniform 0;
    }
    rightWall
    {
        type            calculated;
        value           uniform 0;
    }
    lowerWall
    {
        type            calculated;
        value           uniform 0;
    }
    atmosphere
    {
        type            calculated;
        value           nonuniform List<scalar> 
46
(
-3.25937e-06
-7.62032e-06
-7.34773e-06
-6.86053e-06
-6.48822e-06
-6.19373e-06
-5.96405e-06
-5.79657e-06
-5.68993e-06
-5.64078e-06
-5.64329e-06
-5.68933e-06
-5.76889e-06
-5.87063e-06
-5.9823e-06
-6.09124e-06
-6.18474e-06
-6.2505e-06
-6.27717e-06
-6.25501e-06
-6.17692e-06
-6.03965e-06
-5.84435e-06
-2.67458e-06
-2.60227e-06
-2.51247e-06
-2.40592e-06
-5.1864e-06
-4.43732e-06
-3.64113e-06
-2.82346e-06
-1.75403e-06
-5.47303e-08
1.41093e-06
2.98396e-06
4.5119e-06
5.99068e-06
7.42528e-06
8.83796e-06
1.03018e-05
1.19876e-05
1.4267e-05
1.96467e-05
2.41403e-05
2.87676e-05
2.67555e-05
)
;
    }
    defaultFaces
    {
        type            empty;
        value           nonuniform 0();
    }
}


// ************************************************************************* //
