/*--------------------------------*- C++ -*----------------------------------*\
| =========                 |                                                 |
| \\      /  F ield         | OpenFOAM: The Open Source CFD Toolbox           |
|  \\    /   O peration     | Version:  2.3.0                                 |
|   \\  /    A nd           | Web:      www.OpenFOAM.org                      |
|    \\/     M anipulation  |                                                 |
\*---------------------------------------------------------------------------*/
FoamFile
{
    version     2.0;
    format      ascii;
    class       volVectorField;
    location    "2.25";
    object      U;
}
// * * * * * * * * * * * * * * * * * * * * * * * * * * * * * * * * * * * * * //

dimensions      [0 1 -1 0 0 0 0];

internalField   nonuniform List<vector> 
2268
(
(0.0256899 -0.0182162 0)
(0.0169384 -0.00223335 0)
(-0.00448888 -0.00166271 0)
(0.0601967 0.00146765 0)
(0.0575841 0.0220036 0)
(-0.0580513 0.0154518 0)
(-0.0882474 0.00631174 0)
(-0.118396 0.00932897 0)
(-0.163866 0.00918671 0)
(-0.204952 0.0108338 0)
(-0.240634 0.00639559 0)
(-0.240376 -0.00268682 0)
(-0.208297 -0.0109434 0)
(-0.164762 -0.0129814 0)
(-0.13415 -0.00560687 0)
(-0.14407 0.00618554 0)
(-0.179862 0.00781349 0)
(-0.184775 -0.00115064 0)
(-0.162534 -0.00724306 0)
(-0.154262 -0.00329235 0)
(-0.147206 -0.00312715 0)
(-0.108457 -0.0111055 0)
(-0.0393675 -0.0168768 0)
(-0.0280695 -0.00907388 0)
(-0.0581416 0.0208466 0)
(-0.0258839 -0.0252672 0)
(0.00279872 -0.0291869 0)
(0.0769614 0.0378188 0)
(-0.0466961 0.0501215 0)
(-0.113105 0.0255167 0)
(-0.146495 0.0309558 0)
(-0.199827 0.0317542 0)
(-0.239913 0.026959 0)
(-0.253045 0.00801046 0)
(-0.235664 -0.0133798 0)
(-0.207049 -0.0271989 0)
(-0.175049 -0.0251367 0)
(-0.157802 -0.00400247 0)
(-0.173902 0.015753 0)
(-0.189768 0.0123511 0)
(-0.161647 -0.00698949 0)
(-0.142767 -0.0155967 0)
(-0.150774 -0.00383912 0)
(-0.144425 -0.0110142 0)
(-0.0962639 -0.0436156 0)
(-0.0205636 -0.0571145 0)
(-0.0713042 0.0215799 0)
(-0.0859177 0.0214781 0)
(-0.0750356 -0.0427066 0)
(-0.0578548 -0.0505225 0)
(0.0592122 0.0466795 0)
(-0.0358294 0.0867476 0)
(-0.105381 0.0487376 0)
(-0.133561 0.0522608 0)
(-0.18763 0.0528657 0)
(-0.21891 0.0389326 0)
(-0.220814 0.00586223 0)
(-0.195845 -0.0225373 0)
(-0.166692 -0.0385184 0)
(-0.146236 -0.0352096 0)
(-0.136472 -0.00798711 0)
(-0.134139 0.0188724 0)
(-0.135051 0.00786167 0)
(-0.104316 -0.017132 0)
(-0.100105 -0.0197503 0)
(-0.12417 -0.00216078 0)
(-0.109494 -0.0240983 0)
(-0.040391 -0.071592 0)
(0.0151709 -0.0785679 0)
(-0.0842792 0.0582782 0)
(-0.108941 0.0325833 0)
(-0.134127 -0.0598529 0)
(-0.105214 -0.0875237 0)
(0.0311207 0.0449679 0)
(-0.0292736 0.119886 0)
(-0.0913284 0.0696294 0)
(-0.120226 0.0728578 0)
(-0.173593 0.0733779 0)
(-0.194926 0.0483633 0)
(-0.184205 -0.00154274 0)
(-0.146 -0.0374524 0)
(-0.110343 -0.0486654 0)
(-0.0908985 -0.0390168 0)
(-0.093673 -0.0138663 0)
(-0.0860552 0.0125638 0)
(-0.0715158 0.00503345 0)
(-0.0474077 -0.0175865 0)
(-0.0525986 -0.0168207 0)
(-0.0843196 -0.00245708 0)
(-0.0555332 -0.0429318 0)
(0.0320291 -0.0944709 0)
(0.0471917 -0.0679988 0)
(-0.0764496 0.0960936 0)
(-0.0974318 0.0510882 0)
(-0.122861 -0.0658945 0)
(-0.1101 -0.122415 0)
(-0.0189056 0.0154273 0)
(-0.017867 0.144132 0)
(-0.0681458 0.0884357 0)
(-0.106177 0.0908139 0)
(-0.159425 0.087648 0)
(-0.172401 0.0483411 0)
(-0.143629 -0.0222864 0)
(-0.0932716 -0.0616286 0)
(-0.0587896 -0.0646491 0)
(-0.0406095 -0.0449338 0)
(-0.0392959 -0.0133546 0)
(-0.0494538 0.00482409 0)
(-0.0310919 -0.00736425 0)
(-0.0160145 -0.0215811 0)
(-0.0197893 -0.0112911 0)
(-0.0502281 -0.000380671 0)
(0.0173817 -0.0714126 0)
(0.074675 -0.110319 0)
(0.0667629 -0.0438573 0)
(-0.0561139 0.12594 0)
(-0.046918 0.0714952 0)
(-0.0478116 -0.0555326 0)
(-0.0546441 -0.125207 0)
(-0.0849175 -0.00682061 0)
(0.0138834 0.150105 0)
(-0.0320783 0.107368 0)
(-0.061995 0.112469 0)
(-0.117869 0.102491 0)
(-0.113027 0.0431608 0)
(-0.0622745 -0.047291 0)
(-0.0267149 -0.0818895 0)
(-0.0154041 -0.0749549 0)
(-0.0111485 -0.0508924 0)
(-0.00621987 -0.0121308 0)
(-0.018228 0.00688838 0)
(-0.0158127 -0.0109379 0)
(-0.014174 -0.0208 0)
(-0.015682 -0.00868523 0)
(-0.0323808 -0.0192194 0)
(0.0881282 -0.104992 0)
(0.0685063 -0.107942 0)
(0.0634722 -0.017522 0)
(-0.027134 0.141073 0)
(0.0227444 0.0609896 0)
(0.0552772 -0.0512768 0)
(0.0615177 -0.103696 0)
(-0.0627535 -0.0281714 0)
(0.0495515 0.138933 0)
(0.0185682 0.126512 0)
(0.0051508 0.123067 0)
(-0.0368122 0.110847 0)
(-0.0137065 0.0339707 0)
(0.0449519 -0.0649754 0)
(0.0349068 -0.0867321 0)
(0.000695133 -0.0687078 0)
(-0.0156544 -0.0512709 0)
(-0.00415522 -0.0121125 0)
(-0.00796801 0.0101883 0)
(-0.0205788 -0.00881474 0)
(-0.0389332 -0.0191534 0)
(-0.0456579 -0.00310728 0)
(-0.0264315 -0.0408115 0)
(0.0712633 -0.128503 0)
(0.00263412 -0.0958397 0)
(0.0335998 0.0249257 0)
(0.0155759 0.135759 0)
(0.0917963 0.0504224 0)
(0.16067 -0.0591895 0)
(0.160907 -0.0807468 0)
(0.0576127 -0.0234575 0)
(0.0725026 0.108882 0)
(0.0845707 0.137864 0)
(0.0903164 0.138508 0)
(0.0720002 0.126037 0)
(0.0970176 0.0276965 0)
(0.109872 -0.0672039 0)
(0.0380138 -0.0676614 0)
(-0.0367357 -0.0440035 0)
(-0.0596902 -0.0454013 0)
(-0.0343269 -0.01425 0)
(-0.0213227 0.0128989 0)
(-0.0476597 0.00390928 0)
(-0.0821926 -0.00188574 0)
(-0.069411 -0.0185728 0)
(-0.0114929 -0.0920049 0)
(-0.0455948 -0.118222 0)
(-0.0930381 -0.0833271 0)
(-0.0240034 -0.0139009 0)
(0.0607158 -0.0317083 0)
(0.0880925 -0.00742436 0)
(-0.0132819 0.0183827 0)
(-0.13589 0.0377431 0)
(-0.321111 0.0393171 0)
(-0.353262 -0.00158699 0)
(-0.192605 -0.0413765 0)
(-0.0265949 -0.0374239 0)
(0.0834019 -0.019113 0)
(0.126827 -0.00848118 0)
(0.138253 -0.00467172 0)
(0.134519 0.00906458 0)
(0.0598994 0.0178162 0)
(-0.0496195 0.0233971 0)
(-0.132707 0.021147 0)
(-0.162437 0.00593526 0)
(-0.149123 -0.00484646 0)
(-0.12513 -0.00887671 0)
(-0.0512714 -0.0257203 0)
(0.0202562 -0.0367932 0)
(-0.0749232 0.041942 0)
(-0.241733 0.0802492 0)
(-0.354926 0.0911318 0)
(-0.405082 0.0475552 0)
(-0.288611 -0.0448633 0)
(-0.13877 -0.112646 0)
(-0.00260151 -0.0972972 0)
(0.0927871 -0.0489193 0)
(0.126703 -0.0124557 0)
(0.103341 -0.00208581 0)
(0.0909436 0.0261049 0)
(0.0368534 0.0565006 0)
(-0.0832444 0.050772 0)
(-0.116026 0.025645 0)
(-0.0822001 -0.00391269 0)
(-0.083467 -0.016418 0)
(-0.0881789 -0.0265925 0)
(-0.0201398 -0.0663117 0)
(-0.0316407 0.00462141 0)
(-0.182818 0.101244 0)
(-0.331258 0.124478 0)
(-0.369402 0.100431 0)
(-0.329118 0.021166 0)
(-0.225832 -0.0936424 0)
(-0.109788 -0.17401 0)
(-0.00792505 -0.145078 0)
(0.0603806 -0.0733161 0)
(0.0962611 -0.0123366 0)
(0.0747539 0.0125139 0)
(0.0387277 0.0392861 0)
(0.0309936 0.0838195 0)
(-0.0210811 0.0773108 0)
(0.00330678 0.027485 0)
(0.0544226 -0.00581753 0)
(0.0478197 -0.00167323 0)
(-0.0196665 -0.0161226 0)
(0.0177782 -0.0780983 0)
(-0.0448293 0.0517218 0)
(-0.182019 0.15782 0)
(-0.274691 0.151292 0)
(-0.277105 0.0867915 0)
(-0.252959 -0.00740974 0)
(-0.175751 -0.131231 0)
(-0.0781268 -0.220827 0)
(-0.0325432 -0.17248 0)
(0.00462974 -0.0884838 0)
(0.0439221 -0.015712 0)
(0.0407859 0.0223923 0)
(0.0111785 0.0462866 0)
(0.0192298 0.0833211 0)
(0.0341291 0.0749291 0)
(0.0687153 0.0117443 0)
(0.0639828 -0.0194474 0)
(0.0833856 0.00426766 0)
(0.0446423 0.00200294 0)
(0.0410699 -0.0623514 0)
(-0.0419285 0.0889014 0)
(-0.113667 0.194893 0)
(-0.122725 0.173078 0)
(-0.0875386 0.0940225 0)
(-0.157901 -0.019944 0)
(-0.113937 -0.160148 0)
(-0.0450665 -0.250164 0)
(-0.0614768 -0.180832 0)
(-0.0522515 -0.0973166 0)
(-0.0195581 -0.0237842 0)
(-0.00523164 0.0256021 0)
(-0.0104012 0.0506907 0)
(0.00239834 0.0730313 0)
(0.0349459 0.0569413 0)
(0.0435512 0.0106839 0)
(0.013619 -0.0166054 0)
(0.0276204 0.00352306 0)
(0.0349204 0.00354965 0)
(0.0470853 -0.0454004 0)
(-0.0380959 0.114411 0)
(-0.0387831 0.199915 0)
(0.0522805 0.160435 0)
(0.136815 0.113169 0)
(0.0407401 0.0184926 0)
(-0.0298437 -0.155947 0)
(-0.0143487 -0.252849 0)
(-0.0875452 -0.17185 0)
(-0.110792 -0.0973292 0)
(-0.105176 -0.0315104 0)
(-0.0840167 0.0202698 0)
(-0.0632668 0.0454789 0)
(-0.0320556 0.0601497 0)
(0.00186664 0.0491062 0)
(0.00595621 0.0194242 0)
(-0.019991 -0.00894362 0)
(-0.0152367 -0.00520889 0)
(0.0132 -0.00719185 0)
(0.0390512 -0.0322158 0)
(-0.0374937 0.119668 0)
(0.0368383 0.157016 0)
(0.179538 0.103934 0)
(0.27872 0.101769 0)
(0.214471 0.0576455 0)
(0.0652134 -0.109432 0)
(0.00445692 -0.225321 0)
(-0.110837 -0.145999 0)
(-0.16756 -0.0842747 0)
(-0.198177 -0.0307166 0)
(-0.186917 0.00978171 0)
(-0.152502 0.0318478 0)
(-0.108015 0.042871 0)
(-0.0673142 0.0383786 0)
(-0.0519676 0.0165742 0)
(-0.059537 -0.00702037 0)
(-0.0534597 -0.0089339 0)
(-0.0277429 -0.0170785 0)
(0.0208656 -0.0288898 0)
(-0.0251438 0.126223 0)
(0.149633 0.0936755 0)
(0.270352 0.0450532 0)
(0.319573 0.085246 0)
(0.279045 0.092694 0)
(0.1101 -0.0495656 0)
(0.00366467 -0.178941 0)
(-0.13195 -0.105547 0)
(-0.212245 -0.0546792 0)
(-0.276231 -0.0132067 0)
(-0.28972 0.0107217 0)
(-0.26226 0.0200815 0)
(-0.216299 0.0257184 0)
(-0.167025 0.0262503 0)
(-0.134661 0.0206166 0)
(-0.128619 0.0061748 0)
(-0.120514 -0.0148 0)
(-0.0861142 -0.0350934 0)
(-0.00592057 -0.0335215 0)
(0.0665849 0.0486404 0)
(0.174154 0.00548589 0)
(0.22106 -0.0608561 0)
(0.184913 -0.0518985 0)
(0.0959866 0.0162612 0)
(0.0632228 0.102983 0)
(0.116237 0.120839 0)
(0.177298 0.121394 0)
(0.202438 0.103442 0)
(0.19128 0.0306543 0)
(0.0565972 0.00801473 0)
(-0.0963561 0.0315088 0)
(-0.16266 -0.00740238 0)
(-0.151054 -0.0439804 0)
(-0.109409 -0.0183798 0)
(-0.0701519 0.0260118 0)
(-0.0590155 0.0213424 0)
(-0.0780364 -0.0142476 0)
(-0.0934494 -0.0285451 0)
(-0.161224 -0.0276715 0)
(-0.263037 -0.0739097 0)
(-0.255742 -0.0738573 0)
(-0.21191 -0.0010212 0)
(0.0264386 -0.133943 0)
(0.151948 -0.131376 0)
(0.0496653 -0.0729257 0)
(-0.0198978 0.0170889 0)
(-0.0436351 0.0782498 0)
(-0.00390334 0.063665 0)
(0.0409171 -0.019676 0)
(0.027717 0.0342762 0)
(-0.00270763 0.153274 0)
(-0.135273 0.142567 0)
(-0.251574 0.138451 0)
(-0.317591 0.100306 0)
(-0.327423 -0.00631363 0)
(-0.288222 -0.102721 0)
(-0.226795 -0.10618 0)
(-0.178401 -0.050005 0)
(-0.179207 0.00571879 0)
(-0.269859 0.0631304 0)
(-0.385417 0.0838406 0)
(-0.468748 0.02615 0)
(-0.497242 -0.0612383 0)
(-0.474757 -0.107013 0)
(-0.432175 -0.112 0)
(-0.24126 -0.138346 0)
(0.0458603 0.108549 0)
(-0.422788 0.0905794 0)
(-0.339463 0.0360982 0)
(-0.363719 0.0314224 0)
(-0.366167 0.0572355 0)
(-0.367149 0.112566 0)
(-0.341939 0.195277 0)
(-0.369044 0.244651 0)
(-0.458924 0.211497 0)
(-0.529994 0.165056 0)
(-0.581042 0.0560346 0)
(-0.567352 -0.10927 0)
(-0.478936 -0.181923 0)
(-0.400002 -0.142535 0)
(-0.372611 -0.0309299 0)
(-0.411373 0.0904186 0)
(-0.488328 0.169086 0)
(-0.588297 0.15293 0)
(-0.629715 0.0427555 0)
(-0.599455 -0.0832018 0)
(-0.544484 -0.134763 0)
(-0.513176 -0.105603 0)
(-0.344748 -0.0105454 0)
(-0.0106618 0.256906 0)
(-0.599019 0.222532 0)
(-0.757382 0.0444466 0)
(-0.907491 0.0614816 0)
(-0.832971 0.00159737 0)
(-0.773664 0.0136325 0)
(-0.697144 0.161089 0)
(-0.64864 0.286618 0)
(-0.697783 0.286916 0)
(-0.717491 0.24373 0)
(-0.724805 0.107586 0)
(-0.684881 -0.145447 0)
(-0.593017 -0.24383 0)
(-0.503588 -0.168503 0)
(-0.464126 0.0427164 0)
(-0.506085 0.18575 0)
(-0.599904 0.257587 0)
(-0.69042 0.185493 0)
(-0.733301 0.00304871 0)
(-0.682086 -0.162569 0)
(-0.589841 -0.17702 0)
(-0.522578 -0.0900411 0)
(-0.196147 0.110722 0)
(-0.204478 0.512884 0)
(-0.47674 0.553158 0)
(-0.618187 0.364497 0)
(-0.89488 0.118592 0)
(-1.08875 -0.056885 0)
(-1.23889 -0.0529231 0)
(-1.27435 0.10615 0)
(-1.18923 0.29166 0)
(-1.08369 0.357899 0)
(-0.977297 0.330277 0)
(-0.826063 0.190552 0)
(-0.575824 -0.0795899 0)
(-0.456387 -0.27055 0)
(-0.549167 -0.260346 0)
(-0.554736 0.00746362 0)
(-0.53534 0.226667 0)
(-0.588814 0.330152 0)
(-0.610475 0.243827 0)
(-0.582706 0.0444256 0)
(-0.437727 -0.246547 0)
(-0.442443 -0.295869 0)
(-0.3632 -0.19984 0)
(-0.279896 0.36939 0)
(-0.421586 0.636751 0)
(-0.549033 0.66892 0)
(-0.64686 0.645975 0)
(-0.955033 0.42445 0)
(-1.21741 0.244038 0)
(-1.42323 0.118893 0)
(-1.50733 0.0706998 0)
(-1.45485 0.0735542 0)
(-1.28003 0.0255138 0)
(-1.0243 -0.121244 0)
(-0.776795 -0.296767 0)
(-0.60715 -0.40389 0)
(-0.45565 -0.411664 0)
(-0.215677 -0.166722 0)
(-0.374894 -0.0638709 0)
(-0.577646 0.178025 0)
(-0.595728 0.357277 0)
(-0.557107 0.321898 0)
(-0.427367 0.00999515 0)
(-0.343141 -0.208697 0)
(-0.264432 -0.218256 0)
(-0.326477 -0.509853 0)
(-0.320673 0.689795 0)
(-0.490952 0.777131 0)
(-0.6119 0.812791 0)
(-0.746577 0.828575 0)
(-0.945459 0.631454 0)
(-1.08911 0.4311 0)
(-1.19128 0.27384 0)
(-1.23368 0.163566 0)
(-1.1784 0.0490559 0)
(-1.01344 -0.110062 0)
(-0.815571 -0.266784 0)
(-0.671698 -0.378326 0)
(-0.583999 -0.499513 0)
(-0.476742 -0.538041 0)
(-0.306619 -0.255851 0)
(-0.288803 0.196794 0)
(-0.447719 0.232917 0)
(-0.444785 0.284483 0)
(-0.388553 0.132408 0)
(-0.297481 -0.235383 0)
(-0.26016 -0.337939 0)
(-0.226657 -0.174601 0)
(-0.37606 -0.000437692 0)
(-0.311035 1.052 0)
(-0.483813 0.983974 0)
(-0.632104 0.990835 0)
(-0.769179 0.937942 0)
(-0.84141 0.715992 0)
(-0.880431 0.483476 0)
(-0.912181 0.292693 0)
(-0.929989 0.127184 0)
(-0.882588 -0.0750316 0)
(-0.744885 -0.303018 0)
(-0.607236 -0.451786 0)
(-0.546479 -0.493101 0)
(-0.532551 -0.570814 0)
(-0.494339 -0.671347 0)
(-0.367103 -0.442406 0)
(-0.106526 0.245699 0)
(-0.230341 0.301077 0)
(-0.204983 0.266057 0)
(-0.166988 0.0780113 0)
(-0.0811722 -0.205553 0)
(-0.100196 -0.316358 0)
(-0.115808 -0.216062 0)
(-0.109567 -0.0549355 0)
(-0.272078 1.39655 0)
(-0.417829 1.21459 0)
(-0.595545 1.13502 0)
(-0.683546 0.992027 0)
(-0.692098 0.742254 0)
(-0.69498 0.508216 0)
(-0.695555 0.316852 0)
(-0.685763 0.130008 0)
(-0.646001 -0.108978 0)
(-0.546972 -0.373036 0)
(-0.437731 -0.526982 0)
(-0.39415 -0.538631 0)
(-0.404827 -0.550248 0)
(-0.412883 -0.69208 0)
(-0.415713 -0.556504 0)
(-0.123225 0.0352076 0)
(0.0573981 0.357268 0)
(0.062552 0.271302 0)
(0.058038 0.076899 0)
(0.0999481 -0.176337 0)
(0.121594 -0.293921 0)
(0.129262 -0.175251 0)
(0.0572524 -0.0390913 0)
(-0.208173 1.67504 0)
(-0.306035 1.42191 0)
(-0.481169 1.23134 0)
(-0.530241 1.02019 0)
(-0.542624 0.752033 0)
(-0.565987 0.512007 0)
(-0.574925 0.30345 0)
(-0.549926 0.0850023 0)
(-0.499564 -0.171752 0)
(-0.409699 -0.439207 0)
(-0.275269 -0.606114 0)
(-0.222754 -0.598622 0)
(-0.206626 -0.532383 0)
(-0.207609 -0.60015 0)
(-0.371387 -0.620825 0)
(-0.247968 -0.43653 0)
(0.224633 0.217375 0)
(0.367231 0.367455 0)
(0.252241 0.171056 0)
(0.180464 -0.22326 0)
(0.184457 -0.360908 0)
(0.219819 -0.164664 0)
(0.105263 -0.0155904 0)
(-0.0851283 1.86734 0)
(-0.113323 1.59501 0)
(-0.299979 1.29442 0)
(-0.323504 1.05624 0)
(-0.36282 0.782124 0)
(-0.419269 0.527898 0)
(-0.453939 0.280977 0)
(-0.431203 0.000745071 0)
(-0.352017 -0.306155 0)
(-0.248587 -0.55754 0)
(-0.102006 -0.704763 0)
(-0.0166445 -0.683094 0)
(0.0101762 -0.563343 0)
(0.0232595 -0.499334 0)
(-0.136849 -0.524584 0)
(-0.105826 -0.60334 0)
(0.0273647 -0.391358 0)
(0.431298 0.174155 0)
(0.500737 0.284381 0)
(0.326495 -0.0847536 0)
(0.228597 -0.370517 0)
(0.247029 -0.21132 0)
(0.0944431 0.0346796 0)
(0.0884869 1.81705 0)
(0.158794 1.80095 0)
(-0.0267188 1.35937 0)
(-0.0652653 1.09352 0)
(-0.107146 0.838541 0)
(-0.16412 0.581186 0)
(-0.201628 0.307497 0)
(-0.174732 -0.0372344 0)
(-0.0944127 -0.415532 0)
(-0.0116847 -0.692461 0)
(0.0905077 -0.803575 0)
(0.186329 -0.75187 0)
(0.188268 -0.603873 0)
(0.190249 -0.447934 0)
(0.119827 -0.428335 0)
(0.146299 -0.541143 0)
(-0.00981944 -0.523623 0)
(0.251891 -0.0909309 0)
(0.499207 0.260917 0)
(0.519734 0.0637858 0)
(0.312395 -0.231787 0)
(0.222315 -0.102917 0)
(0.0840833 0.128033 0)
(0.241852 1.50846 0)
(0.459142 1.89655 0)
(0.367393 1.49768 0)
(0.268931 1.13672 0)
(0.209357 0.87205 0)
(0.170681 0.618339 0)
(0.158211 0.324688 0)
(0.209939 -0.056735 0)
(0.280044 -0.471227 0)
(0.309339 -0.769163 0)
(0.335644 -0.861015 0)
(0.357225 -0.777586 0)
(0.329032 -0.611663 0)
(0.321742 -0.444651 0)
(0.307939 -0.414183 0)
(0.364653 -0.464381 0)
(0.176592 -0.478648 0)
(0.160433 -0.311854 0)
(0.387664 0.0924411 0)
(0.506689 0.101168 0)
(0.34721 -0.11817 0)
(0.185939 0.0486303 0)
(0.14866 0.196096 0)
(0.303381 1.00312 0)
(0.689003 1.75227 0)
(0.79111 1.62063 0)
(0.726024 1.25414 0)
(0.637642 0.922866 0)
(0.589996 0.629521 0)
(0.590121 0.308615 0)
(0.64729 -0.0838589 0)
(0.698138 -0.490691 0)
(0.672207 -0.769872 0)
(0.606392 -0.838836 0)
(0.534468 -0.748377 0)
(0.474252 -0.594225 0)
(0.45864 -0.456357 0)
(0.467108 -0.421393 0)
(0.495616 -0.41385 0)
(0.37271 -0.345399 0)
(0.149934 -0.266715 0)
(0.245499 -0.054474 0)
(0.393203 0.0654405 0)
(0.313262 0.0177773 0)
(0.168806 0.152167 0)
(0.12489 0.316129 0)
(0.200516 0.43229 0)
(0.713657 1.32453 0)
(1.04378 1.53116 0)
(1.15552 1.33666 0)
(1.14327 1.01958 0)
(1.10791 0.683372 0)
(1.09906 0.322698 0)
(1.1161 -0.0789669 0)
(1.0982 -0.45707 0)
(0.996694 -0.68996 0)
(0.848732 -0.737611 0)
(0.715385 -0.654118 0)
(0.621577 -0.547111 0)
(0.59681 -0.458818 0)
(0.596491 -0.428945 0)
(0.585268 -0.367069 0)
(0.479078 -0.189925 0)
(0.169316 -0.190355 0)
(0.190735 -0.0769663 0)
(0.294877 0.0301977 0)
(0.190604 0.0835304 0)
(0.124524 0.235785 0)
(-0.0904251 0.563603 0)
(-0.0136047 0.0875064 0)
(0.503099 0.795279 0)
(0.974752 1.17249 0)
(1.28936 1.19576 0)
(1.44322 1.00778 0)
(1.49159 0.714087 0)
(1.49279 0.358901 0)
(1.45848 -0.025602 0)
(1.35211 -0.35157 0)
(1.17236 -0.534262 0)
(0.973575 -0.571544 0)
(0.81087 -0.516806 0)
(0.688665 -0.457743 0)
(0.645013 -0.426953 0)
(0.618852 -0.408451 0)
(0.552463 -0.25997 0)
(0.409319 0.0310514 0)
(0.129683 -0.0740619 0)
(0.13355 -0.100463 0)
(0.164596 0.0375548 0)
(0.0164612 0.200475 0)
(-0.0319732 0.460954 0)
(-0.294209 0.800816 0)
(-0.118321 0.0260716 0)
(0.172656 0.337841 0)
(0.631165 0.684339 0)
(1.04967 0.842649 0)
(1.33943 0.810995 0)
(1.48622 0.632848 0)
(1.51975 0.356601 0)
(1.46392 0.0499658 0)
(1.31716 -0.195672 0)
(1.11544 -0.341212 0)
(0.92031 -0.384011 0)
(0.76093 -0.365625 0)
(0.659668 -0.373238 0)
(0.61151 -0.391262 0)
(0.535242 -0.348981 0)
(0.415057 -0.118265 0)
(0.226631 0.259658 0)
(0.023692 -0.0229017 0)
(0.0363133 -0.0705047 0)
(0.00137188 0.110921 0)
(-0.108785 0.269607 0)
(-0.189896 0.666082 0)
(-0.347768 0.935938 0)
(-0.152565 0.0785202 0)
(-0.0795696 0.0822801 0)
(0.206629 0.253307 0)
(0.567905 0.436071 0)
(0.89492 0.525701 0)
(1.10305 0.48096 0)
(1.17585 0.326202 0)
(1.13824 0.137556 0)
(1.02809 -0.0286729 0)
(0.869359 -0.169762 0)
(0.72152 -0.222245 0)
(0.62178 -0.260806 0)
(0.562872 -0.304139 0)
(0.475751 -0.317348 0)
(0.351841 -0.224377 0)
(0.194058 0.10397 0)
(0.0643891 0.454667 0)
(-0.0656689 0.00365999 0)
(-0.0724078 -0.00619063 0)
(-0.0939009 0.190808 0)
(-0.183377 0.352677 0)
(-0.181471 0.744262 0)
(-0.221358 0.951387 0)
(-0.112043 0.184922 0)
(0.0861876 -0.045014 0)
(0.124188 -0.0377445 0)
(0.269224 0.131202 0)
(0.469957 0.2823 0)
(0.630856 0.333527 0)
(0.697586 0.280858 0)
(0.699742 0.165367 0)
(0.667682 0.0731696 0)
(0.523087 -0.030351 0)
(0.490367 -0.136373 0)
(0.452337 -0.201357 0)
(0.389661 -0.227683 0)
(0.226887 -0.197317 0)
(0.11093 -0.0536497 0)
(0.0351478 0.265783 0)
(-0.0103157 0.527697 0)
(-0.0619981 0.0636976 0)
(-0.13251 -0.017994 0)
(-0.0941221 0.263181 0)
(-0.0949987 0.433691 0)
(-0.0248779 0.707696 0)
(0.0526275 0.856756 0)
(0.00441636 0.145882 0)
(0.184276 -0.0926265 0)
(0.10519 -0.0403381 0)
(0.0706811 0.139387 0)
(0.0983734 0.238965 0)
(0.174561 0.269762 0)
(0.253495 0.267547 0)
(0.291658 0.214465 0)
(0.362521 0.120061 0)
(0.377779 -0.0371088 0)
(0.353676 -0.146546 0)
(0.23958 -0.116665 0)
(0.0833807 -0.073017 0)
(0.0140575 -0.112186 0)
(-0.02394 -0.000119626 0)
(-0.0268471 0.298452 0)
(-0.000864887 0.503683 0)
(0.0653868 0.189217 0)
(-0.0932287 -0.0261313 0)
(-0.0660015 0.171971 0)
(0.0133593 0.333805 0)
(0.155982 0.566505 0)
(0.325062 0.670112 0)
(0.0910345 -0.0239601 0)
(0.153687 -0.096915 0)
(-0.0930377 0.133469 0)
(-0.195498 0.259867 0)
(-0.164189 0.212173 0)
(0.00579842 0.154218 0)
(0.160883 0.131302 0)
(0.248383 0.0404519 0)
(0.310039 0.0227785 0)
(0.196859 0.0292282 0)
(0.0870678 0.042843 0)
(0.00418215 0.0264875 0)
(-0.0332778 -0.046935 0)
(-0.0805094 -0.0735804 0)
(-0.0953274 0.011249 0)
(-0.0400681 0.221676 0)
(0.06058 0.388849 0)
(0.169603 0.23036 0)
(0.139519 0.119273 0)
(0.0738712 0.0562724 0)
(0.0996904 0.163811 0)
(0.242185 0.350459 0)
(0.447128 0.409157 0)
(0.10066 -0.152329 0)
(0.209942 0.0902363 0)
(-0.125668 0.310065 0)
(-0.20325 0.22402 0)
(-0.0107369 -0.0454786 0)
(0.151032 -0.100405 0)
(0.15993 0.0402013 0)
(0.0490469 0.145688 0)
(-0.0171834 0.154894 0)
(-0.0622214 0.0871052 0)
(-0.0427201 0.0325093 0)
(-0.0509745 0.0512445 0)
(-0.0826488 0.00200233 0)
(-0.11204 -0.0440119 0)
(-0.109685 -0.0142769 0)
(-0.0444433 0.0991591 0)
(0.0942086 0.216745 0)
(0.206622 0.161421 0)
(0.24444 0.131593 0)
(0.242794 0.127409 0)
(0.262639 0.152539 0)
(0.334489 0.205485 0)
(0.468813 0.215571 0)
(0.0123054 -0.314938 0)
(0.255762 0.0887537 0)
(0.0120094 0.48443 0)
(-0.0998071 0.200202 0)
(0.104526 -0.229113 0)
(-0.0239779 0.0466528 0)
(-0.156955 0.218213 0)
(-0.226459 0.203705 0)
(-0.220076 0.125084 0)
(-0.250322 0.0875146 0)
(-0.284809 0.0721396 0)
(-0.261672 0.0610289 0)
(-0.215339 -0.00111444 0)
(-0.150508 -0.0432336 0)
(-0.0827554 -0.0355394 0)
(-0.0159681 0.0109099 0)
(0.0907031 0.0767853 0)
(0.183987 0.0806053 0)
(0.235046 0.0854052 0)
(0.26284 0.104218 0)
(0.290638 0.122221 0)
(0.338978 0.131633 0)
(0.412663 0.113452 0)
(-0.0442592 -0.444635 0)
(0.194147 0.0560154 0)
(0.0775827 0.624356 0)
(0.00780119 0.208928 0)
(-0.00263901 -0.113775 0)
(-0.239955 0.231954 0)
(-0.328854 0.268156 0)
(-0.353605 0.192014 0)
(-0.431573 0.178863 0)
(-0.523155 0.166912 0)
(-0.540063 0.0892429 0)
(-0.466049 -0.0153096 0)
(-0.343952 -0.10901 0)
(-0.204518 -0.149341 0)
(-0.065599 -0.128089 0)
(0.056549 -0.0608548 0)
(0.155515 0.00173109 0)
(0.225918 0.0386971 0)
(0.26271 0.0617514 0)
(0.278421 0.0776033 0)
(0.291952 0.0854535 0)
(0.317745 0.0817535 0)
(0.357482 0.0547046 0)
(-0.0413216 -0.520796 0)
(0.106559 0.0412332 0)
(0.00400027 0.715306 0)
(0.0176734 0.225025 0)
(-0.07849 0.0482874 0)
(-0.319219 0.363471 0)
(-0.378358 0.314432 0)
(-0.481803 0.289516 0)
(-0.622865 0.298866 0)
(-0.678975 0.193704 0)
(-0.632714 0.0200121 0)
(-0.526406 -0.150182 0)
(-0.38242 -0.27769 0)
(-0.21628 -0.331218 0)
(-0.0486623 -0.301533 0)
(0.106426 -0.206342 0)
(0.231823 -0.0988847 0)
(0.312842 -0.0108695 0)
(0.346651 0.0482919 0)
(0.348305 0.0783877 0)
(0.339952 0.0822483 0)
(0.338085 0.0650649 0)
(0.346375 0.0275481 0)
(-0.0290582 -0.523805 0)
(0.00627956 0.106602 0)
(-0.0879648 0.731874 0)
(0.00418996 0.227994 0)
(-0.126578 0.247742 0)
(-0.329646 0.486363 0)
(-0.403901 0.420855 0)
(-0.55372 0.421712 0)
(-0.659815 0.366186 0)
(-0.656134 0.159937 0)
(-0.585219 -0.0746419 0)
(-0.478921 -0.286628 0)
(-0.339462 -0.449526 0)
(-0.188359 -0.516846 0)
(-0.0274996 -0.48347 0)
(0.129939 -0.37212 0)
(0.267434 -0.218604 0)
(0.361654 -0.0723559 0)
(0.402012 0.033465 0)
(0.399224 0.089433 0)
(0.376286 0.0991037 0)
(0.353106 0.0764702 0)
(0.335834 0.0336292 0)
(-0.00901567 -0.499944 0)
(-0.0611156 0.19646 0)
(-0.119607 0.69108 0)
(0.0047676 0.230062 0)
(-0.138214 0.418118 0)
(-0.29815 0.608961 0)
(-0.374643 0.541603 0)
(-0.503297 0.52618 0)
(-0.550221 0.389918 0)
(-0.509285 0.114476 0)
(-0.431946 -0.160836 0)
(-0.337453 -0.401189 0)
(-0.222828 -0.58738 0)
(-0.117811 -0.664461 0)
(0.0103146 -0.640349 0)
(0.141078 -0.524768 0)
(0.262669 -0.342731 0)
(0.356313 -0.145045 0)
(0.403986 0.0158626 0)
(0.40284 0.106341 0)
(0.372664 0.127018 0)
(0.337479 0.103236 0)
(0.306942 0.0578537 0)
(0.00674173 -0.468958 0)
(-0.0895941 0.242434 0)
(-0.0904333 0.629841 0)
(0.0150337 0.26173 0)
(-0.12952 0.557739 0)
(-0.243977 0.712619 0)
(-0.293336 0.630365 0)
(-0.363155 0.580985 0)
(-0.359486 0.383831 0)
(-0.29323 0.0711076 0)
(-0.21393 -0.226201 0)
(-0.151236 -0.472432 0)
(-0.0783753 -0.669495 0)
(-0.0257371 -0.76096 0)
(0.0517069 -0.751244 0)
(0.137887 -0.637574 0)
(0.222265 -0.441937 0)
(0.295766 -0.211473 0)
(0.341352 -0.00671657 0)
(0.346232 0.119476 0)
(0.320596 0.157469 0)
(0.285816 0.136534 0)
(0.255902 0.0875362 0)
(0.0018661 -0.422516 0)
(-0.0835743 0.280785 0)
(-0.0576938 0.576575 0)
(0.0485232 0.294805 0)
(-0.0886375 0.669904 0)
(-0.174456 0.783278 0)
(-0.195474 0.663025 0)
(-0.200109 0.575432 0)
(-0.154892 0.350578 0)
(-0.0763197 0.0180847 0)
(0.00050774 -0.286126 0)
(0.0261672 -0.510321 0)
(0.0472485 -0.697 0)
(0.0552422 -0.804327 0)
(0.0704983 -0.805979 0)
(0.102984 -0.700007 0)
(0.141349 -0.500998 0)
(0.185064 -0.255211 0)
(0.22151 -0.0265336 0)
(0.233504 0.124513 0)
(0.221717 0.177723 0)
(0.201536 0.160929 0)
(0.186356 0.108892 0)
(-0.0453588 -0.394453 0)
(-0.0590778 0.316102 0)
(-0.0603836 0.480947 0)
(0.0996095 0.29212 0)
(0.0207455 0.742698 0)
(-0.0591336 0.843228 0)
(-0.0779084 0.657302 0)
(-0.0562061 0.506268 0)
(0.0258987 0.276226 0)
(0.115294 -0.0414973 0)
(0.178114 -0.325265 0)
(0.170501 -0.519947 0)
(0.139821 -0.680072 0)
(0.103471 -0.791008 0)
(0.0607348 -0.801299 0)
(0.0391495 -0.70703 0)
(0.0306857 -0.514466 0)
(0.0432855 -0.269368 0)
(0.0689217 -0.036714 0)
(0.0883682 0.11997 0)
(0.0971187 0.178283 0)
(0.101262 0.164304 0)
(0.10996 0.110651 0)
(-0.100239 -0.35351 0)
(-0.0303443 0.355307 0)
(-0.0780334 0.355379 0)
(0.0846178 0.246994 0)
(0.142934 0.757193 0)
(0.104707 0.896809 0)
(0.0928621 0.677656 0)
(0.117882 0.444625 0)
(0.203971 0.182828 0)
(0.292646 -0.0963082 0)
(0.327737 -0.332212 0)
(0.273999 -0.483102 0)
(0.20058 -0.620566 0)
(0.122538 -0.726996 0)
(0.0340995 -0.74425 0)
(-0.0342043 -0.664915 0)
(-0.0824012 -0.487135 0)
(-0.0961571 -0.258298 0)
(-0.0811637 -0.0439714 0)
(-0.0527565 0.101336 0)
(-0.0203991 0.156152 0)
(0.0104025 0.142231 0)
(0.045078 0.0885643 0)
(-0.127818 -0.320348 0)
(0.0259572 0.404423 0)
(-0.054413 0.280928 0)
(0.0246252 0.131579 0)
(0.169704 0.676719 0)
(0.23598 0.89126 0)
(0.277583 0.700472 0)
(0.328145 0.415034 0)
(0.407925 0.121707 0)
(0.464472 -0.127329 0)
(0.444117 -0.297523 0)
(0.337031 -0.401468 0)
(0.231963 -0.526184 0)
(0.125767 -0.625702 0)
(0.0075524 -0.650218 0)
(-0.0929993 -0.589207 0)
(-0.165895 -0.435754 0)
(-0.195721 -0.237563 0)
(-0.185443 -0.0565791 0)
(-0.150038 0.0656316 0)
(-0.102174 0.111818 0)
(-0.0482417 0.0953146 0)
(0.00527388 0.0446824 0)
(-0.11993 -0.262451 0)
(0.0474621 0.340838 0)
(0.0416168 0.308218 0)
(0.025672 0.10558 0)
(0.0780251 0.535581 0)
(0.251961 0.778876 0)
(0.37238 0.628135 0)
(0.471159 0.332574 0)
(0.557739 0.0588555 0)
(0.57982 -0.12004 0)
(0.503924 -0.214672 0)
(0.355395 -0.286968 0)
(0.241785 -0.413442 0)
(0.12538 -0.505607 0)
(-0.00370889 -0.538174 0)
(-0.117092 -0.496423 0)
(-0.197953 -0.375512 0)
(-0.233966 -0.218867 0)
(-0.225358 -0.0790437 0)
(-0.186881 0.012941 0)
(-0.130719 0.0450375 0)
(-0.0666675 0.02903 0)
(-0.015126 -0.00112011 0)
(-0.108437 -0.157776 0)
(-0.0103437 0.194906 0)
(0.126894 0.292505 0)
(0.100515 0.147872 0)
(-0.00656068 0.407697 0)
(0.17804 0.598705 0)
(0.324399 0.462556 0)
(0.46636 0.202929 0)
(0.590492 0.0217478 0)
(0.618756 -0.0575401 0)
(0.508813 -0.0899986 0)
(0.340157 -0.159488 0)
(0.239732 -0.299088 0)
(0.128466 -0.384561 0)
(0.0069225 -0.424827 0)
(-0.101829 -0.402679 0)
(-0.177247 -0.318013 0)
(-0.211697 -0.204871 0)
(-0.203422 -0.106377 0)
(-0.164673 -0.0458989 0)
(-0.110599 -0.0253486 0)
(-0.0580326 -0.0280296 0)
(-0.0236085 -0.0337846 0)
(-0.121645 -0.116632 0)
(-0.0789876 0.0293889 0)
(0.111988 0.228329 0)
(0.14317 0.228128 0)
(0.0188185 0.390279 0)
(0.0926749 0.473569 0)
(0.209667 0.267611 0)
(0.367434 -0.047797 0)
(0.535942 -0.105283 0)
(0.586005 -0.00924487 0)
(0.447738 0.0465861 0)
(0.290888 -0.0410555 0)
(0.226431 -0.199478 0)
(0.133267 -0.277472 0)
(0.0331405 -0.323689 0)
(-0.059634 -0.3202 0)
(-0.121706 -0.269053 0)
(-0.150895 -0.195365 0)
(-0.144017 -0.1314 0)
(-0.114792 -0.0911506 0)
(-0.0778849 -0.0721172 0)
(-0.0472618 -0.0618836 0)
(-0.0248591 -0.057833 0)
(-0.0051497 0.0265868 0)
(-0.0521277 -0.0744719 0)
(0.0330432 0.101116 0)
(0.102625 0.253118 0)
(0.0501102 0.437052 0)
(0.0559213 0.433551 0)
(0.176826 0.129047 0)
(0.249167 -0.139604 0)
(0.330842 -0.143298 0)
(0.390459 0.0703489 0)
(0.282334 0.153667 0)
(0.214185 0.0223662 0)
(0.200958 -0.13391 0)
(0.133628 -0.194387 0)
(0.0616906 -0.242061 0)
(-0.0114021 -0.25373 0)
(-0.0588696 -0.227978 0)
(-0.0847191 -0.185047 0)
(-0.0836075 -0.145561 0)
(-0.0698066 -0.116822 0)
(-0.0526839 -0.0964322 0)
(-0.0374566 -0.0815998 0)
(-0.0226195 -0.0750199 0)
(0.0558553 -0.0275654 0)
(0.0759239 -0.0178872 0)
(0.010577 0.0760045 0)
(0.0274957 0.245727 0)
(0.0083406 0.434556 0)
(0.0996482 0.377805 0)
(0.206779 0.0566866 0)
(0.238101 -0.208856 0)
(0.228489 -0.169289 0)
(0.212271 0.132502 0)
(0.149346 0.185905 0)
(0.16879 0.0285451 0)
(0.17258 -0.097631 0)
(0.126768 -0.1366 0)
(0.0809063 -0.181359 0)
(0.0264427 -0.20166 0)
(-0.0103393 -0.19284 0)
(-0.0348975 -0.170081 0)
(-0.0414756 -0.145341 0)
(-0.0409561 -0.123748 0)
(-0.0364223 -0.105679 0)
(-0.028744 -0.0929137 0)
(-0.0193431 -0.0867344 0)
(0.0596816 -0.141125 0)
(0.187331 0.00492617 0)
(0.102362 0.127024 0)
(0.0287908 0.254824 0)
(0.0323456 0.362885 0)
(0.141799 0.276973 0)
(0.233165 0.00751444 0)
(0.243162 -0.192647 0)
(0.159861 -0.0990646 0)
(0.0546873 0.198049 0)
(0.0847944 0.151593 0)
(0.141713 0.00201674 0)
(0.137597 -0.0770799 0)
(0.110249 -0.0999338 0)
(0.08382 -0.139931 0)
(0.0451623 -0.161639 0)
(0.0157662 -0.162378 0)
(-0.00684375 -0.151965 0)
(-0.0184578 -0.136354 0)
(-0.0241066 -0.121173 0)
(-0.0246217 -0.108423 0)
(-0.0208546 -0.0993595 0)
(-0.0155443 -0.0940339 0)
(0.0692052 -0.280072 0)
(0.160471 -0.122233 0)
(0.206848 0.214949 0)
(0.0965503 0.311743 0)
(0.0896646 0.297921 0)
(0.161927 0.173683 0)
(0.236322 -0.0369246 0)
(0.203661 -0.13352 0)
(0.0323576 0.0592826 0)
(-0.0233302 0.193153 0)
(0.076935 0.0823342 0)
(0.109568 -0.0171667 0)
(0.0965228 -0.0595829 0)
(0.0850034 -0.0794943 0)
(0.0697498 -0.114098 0)
(0.0443628 -0.132488 0)
(0.0227869 -0.137204 0)
(0.00466601 -0.134303 0)
(-0.00701176 -0.125628 0)
(-0.0130616 -0.11658 0)
(-0.0148637 -0.108807 0)
(-0.0136776 -0.102535 0)
(-0.0112365 -0.0980677 0)
(0.0577523 -0.398868 0)
(0.0922143 -0.185246 0)
(0.18949 0.225768 0)
(0.138812 0.380971 0)
(0.121642 0.279559 0)
(0.16107 0.126209 0)
(0.189262 -0.0359191 0)
(0.0654338 -0.0192105 0)
(-0.0883348 0.162174 0)
(0.00168834 0.10198 0)
(0.060273 0.0257014 0)
(0.0638199 -0.0163236 0)
(0.0578064 -0.0473334 0)
(0.0557807 -0.0699552 0)
(0.0459364 -0.0980776 0)
(0.0313989 -0.112766 0)
(0.0184229 -0.119295 0)
(0.00690919 -0.120427 0)
(-0.00126959 -0.116922 0)
(-0.00549564 -0.112384 0)
(-0.00734585 -0.107766 0)
(-0.00755698 -0.103337 0)
(-0.00681539 -0.0997121 0)
(0.0243847 -0.431445 0)
(-0.020014 -0.158124 0)
(0.0439994 0.181841 0)
(0.123453 0.41282 0)
(0.117828 0.257017 0)
(0.118981 0.0626076 0)
(0.00358026 0.0184589 0)
(-0.123736 0.171964 0)
(-0.0672148 0.130089 0)
(0.0232241 0.0525502 0)
(0.0297408 0.0215141 0)
(0.0306227 -0.0125144 0)
(0.0295951 -0.0434662 0)
(0.0290108 -0.065438 0)
(0.0234167 -0.0884998 0)
(0.0165935 -0.101808 0)
(0.0103362 -0.109345 0)
(0.00476275 -0.112255 0)
(0.000693368 -0.111496 0)
(-0.00154316 -0.109198 0)
(-0.00279112 -0.10613 0)
(-0.00325495 -0.102838 0)
(-0.00317191 -0.0998737 0)
(-0.0067415 -0.392881 0)
(-0.0963238 -0.0903195 0)
(-0.105939 0.0551591 0)
(0.0173501 0.317881 0)
(0.0551838 0.260846 0)
(-0.0471529 0.285765 0)
(-0.224254 0.142859 0)
(-0.171258 0.0735022 0)
(-0.0547032 -0.0331038 0)
(-0.0195887 0.00892132 0)
(0.000261336 0.000699777 0)
(0.00516948 -0.0204376 0)
(0.0079919 -0.0449421 0)
(0.00829204 -0.0656187 0)
(0.00689587 -0.0862531 0)
(0.00485539 -0.0992299 0)
(0.00299495 -0.106992 0)
(0.00140031 -0.110392 0)
(0.000289954 -0.110327 0)
(-0.000329624 -0.108621 0)
(-0.000696265 -0.106017 0)
(-0.000840967 -0.103114 0)
(-0.0008261 -0.100358 0)
(-0.185213 0.0365519 0)
(-0.178381 0.0223439 0)
(-0.163765 0.0175064 0)
(-0.134436 0.0182831 0)
(-0.402981 -0.099442 0)
(-0.395375 -0.0923154 0)
(-0.386981 -0.0884453 0)
(-0.374869 -0.0796871 0)
(-0.52712 -0.0411173 0)
(-0.557291 -0.0190438 0)
(-0.586354 -0.0373569 0)
(-0.602705 -0.0629426 0)
(-0.51371 0.00482976 0)
(-0.568174 0.0437637 0)
(-0.65711 -0.00772049 0)
(-0.695818 -0.0624205 0)
(-0.197161 0.000686734 0)
(-0.0680494 0.221716 0)
(-0.271432 0.268395 0)
(-0.154861 0.0190328 0)
(-0.586582 -0.438635 0)
(-0.543867 0.309962 0)
(-0.541149 0.459472 0)
(-0.576305 0.0780185 0)
(-0.562214 0.0556265 0)
(-0.531302 0.118088 0)
(-0.458793 0.117225 0)
(-0.395987 -0.074045 0)
(-0.177523 0.0959571 0)
(-0.208767 0.0970057 0)
(-0.204721 0.0430653 0)
(-0.18 -0.0849909 0)
(0.092835 0.172928 0)
(0.0600257 0.157977 0)
(0.0542603 0.0693804 0)
(0.0338121 -0.116159 0)
(0.159971 0.179508 0)
(0.159983 0.203008 0)
(0.153249 0.131217 0)
(0.114221 0.0108071 0)
(0.110656 0.190149 0)
(0.12578 0.199982 0)
(0.122184 0.154982 0)
(0.112754 0.0559078 0)
(0.0814254 0.135804 0)
(0.0860503 0.156492 0)
(0.0520189 0.185239 0)
(-0.045514 0.232915 0)
(0.0334649 0.178592 0)
(-0.0388667 0.294298 0)
(-0.158513 0.435553 0)
(-0.323492 0.592709 0)
(-0.128586 0.43403 0)
(-0.253668 0.603961 0)
(-0.387745 0.751927 0)
(-0.512583 0.867849 0)
(-0.314541 0.746346 0)
(-0.414518 0.872247 0)
(-0.504608 0.95681 0)
(-0.565714 0.993078 0)
(-0.418553 0.964848 0)
(-0.468561 1.02439 0)
(-0.501674 1.04092 0)
(-0.508413 1.00835 0)
(-0.369183 1.04482 0)
(-0.365798 1.04273 0)
(-0.344412 0.998075 0)
(-0.304856 0.896227 0)
(-0.142304 1.01087 0)
(-0.0925434 0.971609 0)
(-0.0234 0.891506 0)
(0.046443 0.763076 0)
(0.191333 0.873409 0)
(0.286427 0.822342 0)
(0.386793 0.726296 0)
(0.481713 0.594159 0)
(0.492758 0.65488 0)
(0.608845 0.591896 0)
(0.721692 0.488351 0)
(0.82872 0.355614 0)
(0.615306 0.381989 0)
(0.72373 0.323967 0)
(0.822105 0.235225 0)
(0.911126 0.126787 0)
(0.580944 0.182197 0)
(0.654378 0.135794 0)
(0.717974 0.0727871 0)
(0.769864 0.000791244 0)
(0.472371 0.0773268 0)
(0.51027 0.040221 0)
(0.543208 -0.00697336 0)
(0.572021 -0.0610536 0)
(0.390688 0.0184841 0)
(0.411944 -0.0150769 0)
(0.430878 -0.0566097 0)
(0.447065 -0.104023 0)
(0.355029 -0.0103872 0)
(0.360268 -0.0408339 0)
(0.363599 -0.0756812 0)
(0.364179 -0.115577 0)
(0.324728 -0.00463766 0)
(0.317554 -0.0327861 0)
(0.309519 -0.0633153 0)
(0.299406 -0.0979515 0)
(0.287035 0.019308 0)
(0.275484 -0.00810074 0)
(0.264118 -0.0367685 0)
(0.251781 -0.0681781 0)
(0.238465 0.0459424 0)
(0.230103 0.0164729 0)
(0.222297 -0.0131234 0)
(0.213913 -0.0430056 0)
(0.180517 0.0619682 0)
(0.179664 0.028834 0)
(0.178094 -0.00176491 0)
(0.174989 -0.0295614 0)
(0.120502 0.0593609 0)
(0.127238 0.02552 0)
(0.130486 -0.00248845 0)
(0.131284 -0.0268698 0)
(0.0697576 0.0393693 0)
(0.0804358 0.0115232 0)
(0.086414 -0.0104706 0)
(0.0902903 -0.0309479 0)
(0.0324356 0.0100926 0)
(0.0436873 -0.00736719 0)
(0.0519898 -0.0234799 0)
(0.0582386 -0.0399604 0)
(0.00780286 -0.0174316 0)
(0.0185839 -0.0282538 0)
(0.0272736 -0.0397473 0)
(0.0340245 -0.0517605 0)
(-0.0053096 -0.0418403 0)
(0.00385902 -0.0479252 0)
(0.011419 -0.0551208 0)
(0.0173016 -0.0630098 0)
(-0.0110083 -0.0609672 0)
(-0.00398371 -0.0638518 0)
(0.00200486 -0.0678574 0)
(0.0067865 -0.0725852 0)
(-0.0129137 -0.0753075 0)
(-0.00774169 -0.0761084 0)
(-0.00322533 -0.0778754 0)
(0.000511216 -0.0803227 0)
(-0.0129084 -0.0854514 0)
(-0.00930729 -0.0850846 0)
(-0.00605252 -0.0854895 0)
(-0.00325285 -0.0864377 0)
(-0.0116269 -0.0920995 0)
(-0.00933778 -0.0911852 0)
(-0.00719145 -0.0908482 0)
(-0.00529349 -0.0909112 0)
(-0.0091942 -0.0959967 0)
(-0.00794551 -0.0948858 0)
(-0.00673097 -0.0941613 0)
(-0.00565009 -0.0937127 0)
(-0.00598228 -0.0977637 0)
(-0.00545431 -0.0966384 0)
(-0.0049196 -0.095735 0)
(-0.00445084 -0.0950001 0)
(-0.00292091 -0.0981092 0)
(-0.00275909 -0.0970404 0)
(-0.00259592 -0.0960877 0)
(-0.00246524 -0.0952284 0)
(-0.000764168 -0.0986139 0)
(-0.000725906 -0.0975426 0)
(-0.000693088 -0.0965456 0)
(-0.000673451 -0.0956106 0)
(-0.047503 0.0159425 0)
(0.0623609 -0.0340851 0)
(0.100146 0.0244269 0)
(0.119086 0.121153 0)
(0.140617 0.163901 0)
(0.0383294 0.00219689 0)
(-0.0291281 -0.10919 0)
(-0.153915 -0.0364807 0)
(-0.231466 0.00375159 0)
(-0.314209 0.0109566 0)
(-0.358738 -0.0110854 0)
(-0.355755 -0.0251322 0)
(-0.325432 -0.0268292 0)
(-0.287336 -0.0260813 0)
(-0.254656 -0.0304358 0)
(-0.23687 -0.0487725 0)
(-0.221183 -0.0839505 0)
(-0.164107 -0.114084 0)
(-0.0462593 -0.083876 0)
(-0.352383 -0.0573068 0)
(-0.316739 -0.0269361 0)
(-0.254331 0.0230301 0)
(-0.167624 0.10682 0)
(-0.0639111 0.13134 0)
(-0.0522978 0.0200264 0)
(-0.0981806 -0.0265251 0)
(-0.166809 0.0202534 0)
(-0.1836 0.0456478 0)
(-0.188669 0.0870815 0)
(-0.255561 0.0496641 0)
(-0.297278 -0.00494993 0)
(-0.248479 -0.0299394 0)
(-0.159241 -0.0358643 0)
(-0.0557705 -0.0309044 0)
(0.271315 0.0376295 0)
(-0.130629 -0.00602985 0)
(-0.142486 -0.140039 0)
(-0.07933 -0.262222 0)
(-0.596932 -0.0880459 0)
(-0.546399 -0.104663 0)
(-0.453107 -0.076087 0)
(-0.340451 -0.0128421 0)
(-0.242905 0.0381193 0)
(-0.196483 0.0354153 0)
(-0.137279 0.0277338 0)
(0.000132209 0.0417444 0)
(0.141181 0.0285437 0)
(0.422539 0.0966466 0)
(0.625119 0.184866 0)
(0.0946509 0.052521 0)
(-0.179467 -0.0508118 0)
(0.0244293 -0.195605 0)
(0.0265842 -0.371184 0)
(0.23537 0.052365 0)
(0.177362 0.175369 0)
(0.0515243 -0.0515953 0)
(0.0226122 -0.326592 0)
(-0.667541 -0.114637 0)
(-0.608221 -0.156036 0)
(-0.493598 -0.12325 0)
(-0.371399 -0.0471187 0)
(-0.231627 -0.0177429 0)
(-0.0636266 -0.063141 0)
(0.0615176 -0.217122 0)
(0.146941 -0.177838 0)
(-0.0891705 -0.291055 0)
(-0.343535 -0.152245 0)
(0.15321 0.396437 0)
(-0.21381 0.288228 0)
(0.00668765 -0.102186 0)
(0.0925483 -0.249825 0)
(0.0409606 -0.322898 0)
(0.128324 -0.126475 0)
(0.316943 0.176298 0)
(0.315948 0.1193 0)
(0.203316 -0.169109 0)
(-0.173959 -0.100427 0)
(-0.302102 -0.260803 0)
(-0.111024 -0.339162 0)
(-0.136932 -0.205707 0)
(-0.315313 -0.207067 0)
(-0.481183 -0.214176 0)
(-0.610049 -0.161883 0)
(-0.523886 0.190931 0)
(-0.454382 0.0391838 0)
(-0.398312 -0.0621789 0)
(-0.259212 0.136906 0)
(-0.126701 0.312869 0)
(0.0800277 -0.10277 0)
(0.166055 -0.226524 0)
(0.162457 -0.274996 0)
(0.0898642 -0.225662 0)
(0.194435 -0.0197091 0)
(0.322398 0.15884 0)
(0.280738 0.0894166 0)
(-0.452051 -0.171875 0)
(-0.288752 -0.401966 0)
(-0.223548 -0.327638 0)
(-0.194383 0.018891 0)
(-0.269808 0.195124 0)
(-0.465899 0.00875929 0)
(-0.523742 -0.185371 0)
(-0.48968 -0.238555 0)
(-0.482279 -0.204468 0)
(-0.529951 -0.105172 0)
(-0.431668 0.00449827 0)
(-0.222462 -0.0572778 0)
(-0.138935 -0.309651 0)
(-0.0103401 -0.374687 0)
(0.152837 -0.266779 0)
(0.147188 -0.195935 0)
(0.107168 -0.0983951 0)
(0.18816 0.1059 0)
(0.237573 0.284 0)
(-0.297075 -0.318727 0)
(-0.185094 -0.49086 0)
(-0.275596 -0.331756 0)
(-0.393338 -0.0380888 0)
(-0.455336 0.19939 0)
(-0.633669 0.0537135 0)
(-0.804506 0.000265359 0)
(-0.891073 -0.000500263 0)
(-0.894304 -0.0828308 0)
(-0.820257 -0.12583 0)
(-0.664747 -0.11984 0)
(-0.473958 -0.190353 0)
(-0.298165 -0.394675 0)
(-0.147211 -0.53526 0)
(0.00994588 -0.411045 0)
(0.139914 -0.180233 0)
(0.114436 -0.0988959 0)
(0.135174 0.0610183 0)
(0.179034 0.380476 0)
(-0.111325 -0.348142 0)
(-0.0755901 -0.452561 0)
(-0.330896 -0.178095 0)
(-0.567309 0.149222 0)
(-0.726873 0.349535 0)
(-0.828927 0.198637 0)
(-0.864459 0.0349644 0)
(-0.838612 -0.0861753 0)
(-0.79815 -0.175582 0)
(-0.727953 -0.229606 0)
(-0.613003 -0.268597 0)
(-0.474339 -0.350989 0)
(-0.347171 -0.524403 0)
(-0.253834 -0.645118 0)
(-0.151617 -0.554187 0)
(0.0377298 -0.239789 0)
(0.0647366 -0.108341 0)
(0.0425023 0.0635249 0)
(0.0437899 0.521763 0)
(0.0658882 -0.354744 0)
(-0.105474 -0.291422 0)
(-0.516482 0.0891434 0)
(-0.829413 0.418149 0)
(-0.921278 0.41879 0)
(-0.917111 0.214607 0)
(-0.872738 0.0320564 0)
(-0.818403 -0.105308 0)
(-0.752008 -0.220567 0)
(-0.671227 -0.309089 0)
(-0.575729 -0.38034 0)
(-0.476223 -0.459309 0)
(-0.407671 -0.588081 0)
(-0.367806 -0.712247 0)
(-0.272564 -0.645558 0)
(-0.153962 -0.324428 0)
(-0.131428 -0.09293 0)
(-0.186761 0.1749 0)
(-0.110044 0.486359 0)
(0.0844323 -0.229814 0)
(-0.305479 0.02316 0)
(-0.803781 0.468873 0)
(-0.98152 0.552967 0)
(-0.965932 0.385084 0)
(-0.889966 0.142391 0)
(-0.812793 -0.0434696 0)
(-0.732818 -0.186416 0)
(-0.649198 -0.300824 0)
(-0.578 -0.38492 0)
(-0.515444 -0.457074 0)
(-0.457198 -0.528145 0)
(-0.434589 -0.620868 0)
(-0.454964 -0.744589 0)
(-0.357436 -0.730261 0)
(-0.249147 -0.403268 0)
(-0.210567 -0.0369068 0)
(-0.282134 0.166825 0)
(-0.141635 0.22828 0)
(-0.118839 -0.00836465 0)
(-0.620218 0.490187 0)
(-0.926362 0.688416 0)
(-0.954808 0.55886 0)
(-0.85962 0.301613 0)
(-0.753477 0.0634754 0)
(-0.661041 -0.121077 0)
(-0.569229 -0.267817 0)
(-0.491761 -0.369455 0)
(-0.443624 -0.429549 0)
(-0.403798 -0.488876 0)
(-0.369697 -0.553336 0)
(-0.375947 -0.620838 0)
(-0.452985 -0.734954 0)
(-0.380294 -0.823422 0)
(-0.253675 -0.536679 0)
(-0.122229 -0.0596111 0)
(-0.209899 0.133154 0)
(-0.0382371 -0.00143436 0)
(-0.382345 0.42076 0)
(-0.755046 0.777605 0)
(-0.85487 0.751227 0)
(-0.774422 0.483136 0)
(-0.633658 0.193662 0)
(-0.509036 -0.0315747 0)
(-0.403169 -0.205334 0)
(-0.318297 -0.335908 0)
(-0.265296 -0.415872 0)
(-0.242284 -0.456627 0)
(-0.218273 -0.506188 0)
(-0.204218 -0.55098 0)
(-0.214874 -0.587909 0)
(-0.341808 -0.687392 0)
(-0.296173 -0.892803 0)
(-0.234074 -0.684776 0)
(-0.0556688 -0.144279 0)
(-0.0599011 0.171136 0)
(0.0738159 -0.0613414 0)
(-0.566463 0.767664 0)
(-0.732567 0.894406 0)
(-0.665038 0.708257 0)
(-0.504615 0.375985 0)
(-0.33704 0.0901499 0)
(-0.197439 -0.111017 0)
(-0.0998566 -0.262654 0)
(-0.0305626 -0.371906 0)
(0.00871673 -0.436259 0)
(0.0202096 -0.468469 0)
(0.0220467 -0.50918 0)
(0.00478697 -0.543457 0)
(0.00114421 -0.553089 0)
(-0.122674 -0.613557 0)
(-0.107094 -0.880763 0)
(-0.167148 -0.778118 0)
(-0.0251158 -0.292703 0)
(0.0706661 0.115723 0)
(0.150534 0.0243154 0)
(-0.618769 0.927278 0)
(-0.610966 0.860992 0)
(-0.430034 0.578194 0)
(-0.219819 0.234846 0)
(-0.0386513 -0.0399561 0)
(0.0898163 -0.215873 0)
(0.176666 -0.336764 0)
(0.238083 -0.418839 0)
(0.27624 -0.460498 0)
(0.289712 -0.468659 0)
(0.274251 -0.484609 0)
(0.233596 -0.516766 0)
(0.201042 -0.528412 0)
(0.123977 -0.540532 0)
(0.0719969 -0.798098 0)
(-0.0524215 -0.775692 0)
(-0.0296728 -0.446018 0)
(0.113704 0.0592944 0)
(0.176053 0.121776 0)
(-0.569928 0.930894 0)
(-0.452791 0.722002 0)
(-0.212785 0.377216 0)
(0.00647903 0.0300134 0)
(0.182631 -0.192884 0)
(0.316199 -0.32489 0)
(0.414396 -0.411705 0)
(0.482317 -0.469756 0)
(0.522214 -0.493668 0)
(0.53018 -0.470835 0)
(0.506672 -0.449292 0)
(0.45497 -0.466956 0)
(0.386319 -0.487033 0)
(0.319261 -0.496807 0)
(0.205389 -0.648737 0)
(0.0883354 -0.704732 0)
(0.0085583 -0.520268 0)
(0.0986281 0.0213879 0)
(0.168116 0.228201 0)
(-0.438716 0.842069 0)
(-0.247256 0.501307 0)
(0.0164292 0.118709 0)
(0.228271 -0.166917 0)
(0.402629 -0.336691 0)
(0.547023 -0.433861 0)
(0.654985 -0.488772 0)
(0.727048 -0.516906 0)
(0.760372 -0.514922 0)
(0.7522 -0.466656 0)
(0.71227 -0.411045 0)
(0.651795 -0.403708 0)
(0.561319 -0.41708 0)
(0.463435 -0.424612 0)
(0.32813 -0.501073 0)
(0.199999 -0.599139 0)
(0.0814013 -0.510947 0)
(0.0741871 -0.0204818 0)
(0.156096 0.341368 0)
(-0.176946 0.638356 0)
(0.0824953 0.243296 0)
(0.324005 -0.0808782 0)
(0.529174 -0.330554 0)
(0.698029 -0.47798 0)
(0.837943 -0.547467 0)
(0.936821 -0.567142 0)
(0.992087 -0.556997 0)
(1.00028 -0.516949 0)
(0.963689 -0.436166 0)
(0.900267 -0.358008 0)
(0.822143 -0.325758 0)
(0.711098 -0.320207 0)
(0.579509 -0.32012 0)
(0.430498 -0.36386 0)
(0.281664 -0.45876 0)
(0.156971 -0.457831 0)
(0.0863746 -0.0372667 0)
(0.145742 0.452518 0)
(0.198906 0.48103 0)
(0.469898 0.0882992 0)
(0.710374 -0.262044 0)
(0.884349 -0.488041 0)
(1.0144 -0.603805 0)
(1.1177 -0.645244 0)
(1.18246 -0.630885 0)
(1.20501 -0.579382 0)
(1.18384 -0.494455 0)
(1.12443 -0.382938 0)
(1.0442 -0.284547 0)
(0.945639 -0.22784 0)
(0.816158 -0.200092 0)
(0.661576 -0.188913 0)
(0.499888 -0.221191 0)
(0.350504 -0.313619 0)
(0.232373 -0.379095 0)
(0.114263 0.00712878 0)
(0.133921 0.551286 0)
(0.6624 0.293236 0)
(0.909333 -0.132805 0)
(1.06854 -0.449453 0)
(1.15716 -0.626867 0)
(1.21251 -0.699493 0)
(1.24524 -0.702333 0)
(1.25395 -0.654617 0)
(1.23791 -0.568863 0)
(1.19843 -0.453276 0)
(1.13922 -0.321799 0)
(1.06329 -0.204139 0)
(0.968457 -0.123013 0)
(0.844351 -0.0711602 0)
(0.692154 -0.0483963 0)
(0.537309 -0.0781369 0)
(0.413981 -0.180582 0)
(0.303834 -0.275711 0)
(0.150962 0.064761 0)
(0.126785 0.678101 0)
(0.996681 0.0736743 0)
(1.1444 -0.267501 0)
(1.19434 -0.502261 0)
(1.19876 -0.638156 0)
(1.19345 -0.693632 0)
(1.17874 -0.684146 0)
(1.14596 -0.623846 0)
(1.09708 -0.526163 0)
(1.04036 -0.401578 0)
(0.982275 -0.264165 0)
(0.924137 -0.13768 0)
(0.860213 -0.0379382 0)
(0.775436 0.0378547 0)
(0.665186 0.0714049 0)
(0.55344 0.0411229 0)
(0.48988 -0.080673 0)
(0.387815 -0.159873 0)
(0.217724 0.136478 0)
(0.131322 0.82052 0)
(1.0146 -0.0773614 0)
(1.06939 -0.322625 0)
(1.06477 -0.509886 0)
(1.04735 -0.631078 0)
(1.02829 -0.676691 0)
(0.993263 -0.651293 0)
(0.933043 -0.575342 0)
(0.85924 -0.468488 0)
(0.78796 -0.342566 0)
(0.729404 -0.212886 0)
(0.69092 -0.0946895 0)
(0.666075 0.00978685 0)
(0.637318 0.0997569 0)
(0.604866 0.139912 0)
(0.579894 0.105411 0)
(0.578835 -0.0466679 0)
(0.470851 -0.0460712 0)
(0.272107 0.284258 0)
(0.141764 0.989968 0)
(0.821126 -0.137798 0)
(0.844834 -0.331275 0)
(0.843943 -0.504241 0)
(0.833208 -0.6222 0)
(0.804721 -0.652597 0)
(0.748084 -0.600379 0)
(0.659642 -0.504595 0)
(0.569762 -0.393894 0)
(0.496802 -0.275446 0)
(0.44615 -0.169563 0)
(0.434867 -0.0749783 0)
(0.457843 0.0230536 0)
(0.503589 0.0978251 0)
(0.57113 0.129195 0)
(0.630809 0.103853 0)
(0.608416 -0.00838212 0)
(0.471261 0.0829592 0)
(0.272946 0.444858 0)
(0.142024 1.16547 0)
(0.607577 -0.171684 0)
(0.633495 -0.341943 0)
(0.630394 -0.506893 0)
(0.601407 -0.601291 0)
(0.541284 -0.596688 0)
(0.456143 -0.51605 0)
(0.353121 -0.413067 0)
(0.276957 -0.31657 0)
(0.226763 -0.210545 0)
(0.205903 -0.14626 0)
(0.249731 -0.0973182 0)
(0.354791 -0.034741 0)
(0.483269 -0.00274702 0)
(0.586973 0.0370029 0)
(0.634793 0.0854946 0)
(0.512966 0.0894628 0)
(0.374293 0.218836 0)
(0.209604 0.613283 0)
(0.0810283 1.34648 0)
(0.465781 -0.199199 0)
(0.466766 -0.340252 0)
(0.421382 -0.487721 0)
(0.359654 -0.542226 0)
(0.272167 -0.504281 0)
(0.178308 -0.418313 0)
(0.110043 -0.341276 0)
(0.0811 -0.275156 0)
(0.0699094 -0.178587 0)
(0.113975 -0.20566 0)
(0.230576 -0.238481 0)
(0.372096 -0.205536 0)
(0.459832 -0.151478 0)
(0.468341 -0.0419035 0)
(0.411711 0.155028 0)
(0.27766 0.219573 0)
(0.204832 0.311658 0)
(0.072183 0.83138 0)
(-0.0651329 1.41241 0)
(0.358611 -0.190426 0)
(0.328479 -0.299882 0)
(0.241126 -0.42945 0)
(0.161682 -0.456405 0)
(0.0749612 -0.411197 0)
(0.00859252 -0.351763 0)
(-0.00148601 -0.31607 0)
(-0.00946261 -0.280426 0)
(0.0319439 -0.20882 0)
(0.126111 -0.346013 0)
(0.213584 -0.376368 0)
(0.258794 -0.264865 0)
(0.176155 -0.108884 0)
(0.0407353 0.122798 0)
(0.0787266 0.284378 0)
(0.0696828 0.250239 0)
(0.00554911 0.401036 0)
(-0.145983 1.05304 0)
(-0.210818 1.27818 0)
(0.279968 -0.15697 0)
(0.236789 -0.243442 0)
(0.134922 -0.347417 0)
(0.0434058 -0.372388 0)
(-0.0215466 -0.352259 0)
(-0.0497352 -0.336592 0)
(-0.0457972 -0.33174 0)
(-0.0518867 -0.327254 0)
(0.0498064 -0.279082 0)
(0.0763108 -0.42529 0)
(0.0630154 -0.350678 0)
(-0.0705772 -0.0973175 0)
(-0.289153 0.0756293 0)
(-0.244637 0.123639 0)
(-0.108582 0.183169 0)
(-0.0586042 0.246304 0)
(-0.168314 0.532487 0)
(-0.296207 1.14076 0)
(-0.244878 0.987481 0)
(0.230668 -0.118305 0)
(0.19008 -0.183938 0)
(0.104669 -0.260705 0)
(0.0144025 -0.306671 0)
(-0.0308931 -0.325972 0)
(-0.0476496 -0.342579 0)
(-0.045849 -0.353479 0)
(-0.0457308 -0.361524 0)
(0.0222143 -0.316674 0)
(-0.0305947 -0.378656 0)
(-0.134038 -0.173336 0)
(-0.354915 0.0719837 0)
(-0.435058 0.0591267 0)
(-0.31895 -0.027213 0)
(-0.181734 0.037179 0)
(-0.139457 0.281467 0)
(-0.256531 0.660934 0)
(-0.299911 1.10751 0)
(-0.172051 0.738712 0)
(0.197762 -0.0874888 0)
(0.168163 -0.139925 0)
(0.112762 -0.197569 0)
(0.0461035 -0.25647 0)
(0.00897338 -0.302973 0)
(-0.00500498 -0.334083 0)
(-0.0201094 -0.348408 0)
(-0.0415707 -0.356148 0)
(-0.0323795 -0.309209 0)
(-0.0950413 -0.274296 0)
(-0.192625 -0.043019 0)
(-0.387697 0.159047 0)
(-0.431035 0.0237025 0)
(-0.360306 -0.119564 0)
(-0.2675 -0.0469325 0)
(-0.171467 0.29511 0)
(-0.263084 0.713188 0)
(-0.239049 1.0149 0)
(-0.0853056 0.58313 0)
(0.166546 -0.0691978 0)
(0.150718 -0.113655 0)
(0.122828 -0.157209 0)
(0.0837035 -0.212584 0)
(0.0515876 -0.27274 0)
(0.0204567 -0.308702 0)
(-0.010601 -0.323684 0)
(-0.0399473 -0.334387 0)
(-0.056961 -0.292685 0)
(-0.0899238 -0.199071 0)
(-0.105345 0.0328395 0)
(-0.260132 0.249698 0)
(-0.361031 0.0569896 0)
(-0.39139 -0.157573 0)
(-0.367883 -0.131507 0)
(-0.211993 0.255488 0)
(-0.193244 0.737615 0)
(-0.176062 0.91428 0)
(-0.0326659 0.469816 0)
(0.128918 -0.0622767 0)
(0.122529 -0.101892 0)
(0.110643 -0.135526 0)
(0.089401 -0.181045 0)
(0.0635922 -0.240555 0)
(0.0314871 -0.277789 0)
(0.00175227 -0.294695 0)
(-0.0306114 -0.311659 0)
(-0.0504 -0.286606 0)
(-0.0430607 -0.182424 0)
(-0.00851681 0.0236795 0)
(0.00888598 0.36913 0)
(-0.122253 0.194523 0)
(-0.226707 -0.0899386 0)
(-0.306213 -0.210509 0)
(-0.244763 0.0448882 0)
(-0.075141 0.734276 0)
(-0.122691 0.857893 0)
(-0.00199301 0.393084 0)
(0.0922149 -0.0614505 0)
(0.0902777 -0.0973073 0)
(0.0856187 -0.127396 0)
(0.0780598 -0.165332 0)
(0.062382 -0.217119 0)
(0.0342079 -0.251505 0)
(0.00818455 -0.266988 0)
(-0.020058 -0.289589 0)
(-0.0376834 -0.289303 0)
(-0.00536592 -0.209881 0)
(0.0448797 -0.0509727 0)
(0.186824 0.310361 0)
(0.186269 0.331516 0)
(0.0971538 0.114312 0)
(-0.041088 -0.0858211 0)
(-0.149868 -0.0904595 0)
(0.00341145 0.676798 0)
(-0.0661221 0.862296 0)
(0.014321 0.352086 0)
(0.0635108 -0.0645837 0)
(0.0650421 -0.095895 0)
(0.062956 -0.124377 0)
(0.0605806 -0.157387 0)
(0.0497676 -0.199143 0)
(0.0260633 -0.228748 0)
(0.00493481 -0.244688 0)
(-0.0166063 -0.269943 0)
(-0.0342162 -0.290746 0)
(-0.0137733 -0.255715 0)
(0.0498352 -0.12917 0)
(0.199875 0.154568 0)
(0.309307 0.309687 0)
(0.295551 0.211021 0)
(0.186107 0.053307 0)
(0.0118196 -0.0247256 0)
(-0.0128893 0.609856 0)
(-0.0121996 0.890415 0)
(0.00121664 0.337174 0)
(0.0405361 -0.0701884 0)
(0.0438061 -0.0962026 0)
(0.042508 -0.122407 0)
(0.0402855 -0.151715 0)
(0.0308927 -0.185056 0)
(0.0111431 -0.210032 0)
(-0.00690185 -0.22702 0)
(-0.023771 -0.253057 0)
(-0.0405541 -0.286809 0)
(-0.0386262 -0.290648 0)
(0.00271775 -0.212343 0)
(0.115519 0.00246762 0)
(0.273375 0.213821 0)
(0.321971 0.228388 0)
(0.275709 0.16256 0)
(0.0859542 0.0896279 0)
(-0.0642493 0.603255 0)
(0.0020584 0.909939 0)
(-0.0487189 0.328266 0)
(0.0235244 -0.0761487 0)
(0.0271246 -0.09717 0)
(0.025569 -0.120186 0)
(0.021262 -0.145527 0)
(0.0107896 -0.172027 0)
(-0.0068667 -0.193218 0)
(-0.0245328 -0.210978 0)
(-0.0414779 -0.23676 0)
(-0.0607559 -0.275651 0)
(-0.0762138 -0.303485 0)
(-0.0688359 -0.262624 0)
(-0.0099423 -0.111626 0)
(0.13649 0.0987598 0)
(0.20996 0.199449 0)
(0.240545 0.219588 0)
(0.0296006 0.250803 0)
(-0.137769 0.67461 0)
(-0.0696433 0.904067 0)
(-0.111437 0.276688 0)
(0.0121278 -0.0814528 0)
(0.0151608 -0.0975131 0)
(0.012476 -0.116331 0)
(0.00552073 -0.137287 0)
(-0.00689218 -0.158602 0)
(-0.0243085 -0.176611 0)
(-0.0436299 -0.193329 0)
(-0.0649054 -0.216435 0)
(-0.0916385 -0.252544 0)
(-0.127581 -0.289352 0)
(-0.163045 -0.275251 0)
(-0.158832 -0.16164 0)
(-0.0795203 0.0217496 0)
(0.00258313 0.168593 0)
(-0.0166254 0.278901 0)
(-0.174905 0.446031 0)
(-0.276115 0.761845 0)
(-0.192558 0.831834 0)
(-0.101789 0.160506 0)
(0.0048605 -0.0857286 0)
(0.00709391 -0.0969599 0)
(0.00349053 -0.110886 0)
(-0.00524031 -0.127081 0)
(-0.0194739 -0.144061 0)
(-0.0379693 -0.158946 0)
(-0.0595749 -0.17248 0)
(-0.0861505 -0.189553 0)
(-0.12178 -0.215074 0)
(-0.177116 -0.244848 0)
(-0.254373 -0.242002 0)
(-0.311675 -0.152273 0)
(-0.310146 0.0193774 0)
(-0.304102 0.196486 0)
(-0.339503 0.373129 0)
(-0.416276 0.573195 0)
(-0.417324 0.75901 0)
(-0.26073 0.660218 0)
(-0.00780916 0.0431617 0)
(8.37472e-05 -0.0891697 0)
(0.00174871 -0.0959988 0)
(-0.00178528 -0.104807 0)
(-0.0107165 -0.115832 0)
(-0.0256912 -0.128335 0)
(-0.0455337 -0.139849 0)
(-0.069045 -0.14899 0)
(-0.0988739 -0.157817 0)
(-0.139933 -0.168291 0)
(-0.202776 -0.177824 0)
(-0.299412 -0.166415 0)
(-0.404761 -0.0935993 0)
(-0.474071 0.0501378 0)
(-0.516302 0.2241 0)
(-0.549328 0.409826 0)
(-0.548218 0.567816 0)
(-0.447407 0.617481 0)
(-0.214418 0.398055 0)
(0.0204615 -0.0398713 0)
(-0.00300553 -0.0918348 0)
(-0.00187064 -0.0951389 0)
(-0.00463605 -0.0994248 0)
(-0.0121564 -0.105081 0)
(-0.0258799 -0.112282 0)
(-0.0458044 -0.119683 0)
(-0.070308 -0.124336 0)
(-0.100474 -0.12514 0)
(-0.141303 -0.122002 0)
(-0.198328 -0.109858 0)
(-0.279257 -0.0769025 0)
(-0.380897 -0.00655859 0)
(-0.474685 0.103765 0)
(-0.539155 0.236458 0)
(-0.558692 0.377555 0)
(-0.498953 0.46814 0)
(-0.336537 0.420914 0)
(-0.100774 0.172746 0)
(0.0101201 -0.095624 0)
(-0.00440087 -0.0935073 0)
(-0.00399003 -0.0944216 0)
(-0.00611318 -0.0954364 0)
(-0.0115315 -0.0964566 0)
(-0.0220184 -0.0978701 0)
(-0.0392519 -0.0998171 0)
(-0.0628233 -0.0998617 0)
(-0.091675 -0.09432 0)
(-0.128441 -0.0814662 0)
(-0.175676 -0.0568723 0)
(-0.230146 -0.0082846 0)
(-0.291425 0.0689173 0)
(-0.354711 0.165037 0)
(-0.396364 0.263001 0)
(-0.3909 0.340332 0)
(-0.311892 0.358756 0)
(-0.162201 0.267231 0)
(-0.0115649 0.0723725 0)
(0.0113361 -0.109814 0)
(-0.00402817 -0.0940876 0)
(-0.00430613 -0.0935005 0)
(-0.00616713 -0.0925521 0)
(-0.00991695 -0.0905947 0)
(-0.0166635 -0.0872871 0)
(-0.0285667 -0.0829669 0)
(-0.0475279 -0.0770675 0)
(-0.0735124 -0.0664935 0)
(-0.106056 -0.0473398 0)
(-0.143667 -0.0174916 0)
(-0.180701 0.0303672 0)
(-0.206652 0.104269 0)
(-0.220391 0.190916 0)
(-0.218471 0.265099 0)
(-0.18687 0.301603 0)
(-0.114902 0.276079 0)
(-0.0140367 0.174471 0)
(0.0342165 0.0360732 0)
(0.0210157 -0.096974 0)
(-0.00245661 -0.0939137 0)
(-0.00296369 -0.0923813 0)
(-0.0044329 -0.0902786 0)
(-0.00697323 -0.0867975 0)
(-0.0109015 -0.08097 0)
(-0.0172683 -0.0719767 0)
(-0.0281313 -0.0590202 0)
(-0.0464173 -0.0414602 0)
(-0.0765808 -0.0190995 0)
(-0.113929 0.00983207 0)
(-0.144881 0.0504341 0)
(-0.157681 0.109387 0)
(-0.144596 0.180477 0)
(-0.110574 0.238872 0)
(-0.0606241 0.258021 0)
(-0.000988644 0.22228 0)
(0.0513683 0.139742 0)
(0.0514456 0.0434522 0)
(0.022878 -0.0693224 0)
(-0.000705208 -0.0940799 0)
(-0.000928463 -0.0920021 0)
(-0.0015005 -0.0892017 0)
(-0.00249705 -0.0848632 0)
(-0.00399381 -0.0779298 0)
(-0.00614199 -0.0670091 0)
(-0.0094347 -0.049828 0)
(-0.0155051 -0.0225463 0)
(-0.0336865 0.0153521 0)
(-0.0589226 0.0510914 0)
(-0.0861117 0.0823319 0)
(-0.102858 0.115823 0)
(-0.0991856 0.153563 0)
(-0.0730733 0.185254 0)
(-0.0333881 0.193306 0)
(0.00624165 0.167756 0)
(0.0302486 0.118811 0)
(0.0295389 0.0567793 0)
(0.0100567 -0.0397895 0)
)
;

boundaryField
{
    leftWall
    {
        type            fixedValue;
        value           uniform (0 0 0);
    }
    rightWall
    {
        type            fixedValue;
        value           uniform (0 0 0);
    }
    lowerWall
    {
        type            fixedValue;
        value           uniform (0 0 0);
    }
    atmosphere
    {
        type            pressureInletOutletVelocity;
        value           nonuniform List<vector> 
46
(
(-0 -0.388703 0)
(-0 -0.0865231 0)
(-0.105939 0.0551591 0)
(0.0173501 0.317881 0)
(0.0551838 0.260846 0)
(-0.0471529 0.285765 0)
(-0.224254 0.142859 0)
(-0.171258 0.0735022 0)
(-0 -0.0337752 0)
(-0.0195887 0.00892132 0)
(0.000261336 0.000699777 0)
(0 -0.0206363 0)
(0 -0.0450175 0)
(0 -0.0655655 0)
(0 -0.086093 0)
(0 -0.0990239 0)
(0 -0.106774 0)
(0 -0.110187 0)
(0 -0.110152 0)
(-0 -0.108467 0)
(-0 -0.105891 0)
(-0 -0.103013 0)
(-0 -0.100275 0)
(-0 -0.0985407 0)
(-0 -0.097475 0)
(-0 -0.0964823 0)
(-0 -0.0955504 0)
(-0 -0.0940236 0)
(-0 -0.0919438 0)
(-0 -0.0891343 0)
(-0 -0.0847773 0)
(-0 -0.077812 0)
(-0 -0.0668373 0)
(-0 -0.0495587 0)
(-0 -0.0220607 0)
(-0.0336865 0.0153521 0)
(-0.0589226 0.0510914 0)
(-0.0861117 0.0823319 0)
(-0.102858 0.115823 0)
(-0.0991856 0.153563 0)
(-0.0730733 0.185254 0)
(-0.0333881 0.193306 0)
(0.00624165 0.167756 0)
(0.0302486 0.118811 0)
(0.0295389 0.0567793 0)
(0 -0.0389998 0)
)
;
    }
    defaultFaces
    {
        type            empty;
    }
}


// ************************************************************************* //
