/*--------------------------------*- C++ -*----------------------------------*\
| =========                 |                                                 |
| \\      /  F ield         | OpenFOAM: The Open Source CFD Toolbox           |
|  \\    /   O peration     | Version:  2.3.0                                 |
|   \\  /    A nd           | Web:      www.OpenFOAM.org                      |
|    \\/     M anipulation  |                                                 |
\*---------------------------------------------------------------------------*/
FoamFile
{
    version     2.0;
    format      ascii;
    class       surfaceScalarField;
    location    "1.05";
    object      phi;
}
// * * * * * * * * * * * * * * * * * * * * * * * * * * * * * * * * * * * * * //

dimensions      [0 3 -1 0 0 0 0];

internalField   nonuniform List<scalar> 
4432
(
4.81296e-06
-4.81296e-06
7.16205e-06
-2.34908e-06
4.68541e-06
2.47664e-06
-6.55812e-07
5.34122e-06
-3.31667e-06
2.66085e-06
-1.85949e-06
-1.45718e-06
-7.28393e-08
-1.78665e-06
-3.50693e-07
2.77848e-07
-2.20332e-06
1.85262e-06
-5.13078e-06
2.92746e-06
-8.46079e-06
3.33001e-06
-1.0511e-05
2.05017e-06
-1.13491e-05
8.38122e-07
-1.50909e-05
3.74186e-06
-2.3175e-05
8.08404e-06
-3.00733e-05
6.89835e-06
-2.86564e-05
-1.41689e-06
-2.14401e-05
-7.21628e-06
-1.43581e-05
-7.08203e-06
-8.97676e-06
-5.38137e-06
-4.50756e-06
-4.46919e-06
-1.01985e-06
-3.4877e-06
-1.01983e-06
7.46017e-07
-5.55897e-06
7.0607e-07
-2.30913e-06
-1.25158e-06
4.4343e-06
-4.19827e-06
8.28791e-06
-4.99637e-06
3.45895e-06
-2.94655e-06
-3.507e-06
-6.7214e-07
-4.06106e-06
-6.20686e-07
2.26389e-07
-2.89602e-06
4.12796e-06
-6.63999e-06
6.67144e-06
-1.09494e-05
7.63942e-06
-1.55365e-05
6.63721e-06
-2.13287e-05
6.63041e-06
-2.82988e-05
1.07119e-05
-3.23731e-05
1.21584e-05
-2.93313e-05
3.85656e-06
-2.14792e-05
-9.26897e-06
-1.41096e-05
-1.45859e-05
-8.81209e-06
-1.23796e-05
-4.88149e-06
-9.31197e-06
-2.08251e-06
-7.26815e-06
3.43585e-08
-5.60459e-06
-9.8545e-07
-1.24179e-06
-4.31718e-06
-2.75193e-06
-7.98984e-07
-4.3389e-06
6.02127e-06
-5.64104e-06
9.59004e-06
-5.85383e-06
3.67173e-06
-3.8449e-06
-5.51593e-06
-1.30118e-06
-6.60478e-06
-8.91163e-07
-1.83625e-07
-2.65756e-06
5.89436e-06
-5.8448e-06
9.85867e-06
-9.88618e-06
1.16808e-05
-1.53786e-05
1.21296e-05
-2.23441e-05
1.35959e-05
-2.74791e-05
1.58469e-05
-2.67162e-05
1.13955e-05
-2.06822e-05
-2.17742e-06
-1.46196e-05
-1.53316e-05
-1.02279e-05
-1.89776e-05
-6.09324e-06
-1.65142e-05
-2.73564e-06
-1.26696e-05
-6.84535e-07
-9.31925e-06
6.55266e-07
-6.9444e-06
-3.30187e-07
-6.50411e-07
-3.66677e-06
-1.87602e-06
4.26617e-07
-3.25359e-06
7.39883e-06
-4.45412e-06
1.07906e-05
-4.84399e-06
4.0616e-06
-3.31267e-06
-7.04726e-06
-1.43361e-06
-8.48384e-06
-1.0773e-06
-5.39936e-07
-2.54513e-06
7.36219e-06
-5.26991e-06
1.25834e-05
-8.68607e-06
1.5097e-05
-1.32295e-05
1.66731e-05
-1.84597e-05
1.88261e-05
-2.10099e-05
1.83971e-05
-1.86214e-05
9.00697e-06
-1.4529e-05
-6.26975e-06
-1.18347e-05
-1.8026e-05
-9.07335e-06
-2.1739e-05
-5.1978e-06
-2.03897e-05
-1.67391e-06
-1.61934e-05
5.16088e-07
-1.15093e-05
1.24005e-06
-7.66836e-06
9.09854e-07
1.41513e-06
-5.0819e-06
1.67142e-06
1.7032e-07
3.73141e-07
8.6971e-06
-1.15933e-06
1.2323e-05
-1.53717e-06
4.43943e-06
-6.88491e-07
-7.89594e-06
-4.8961e-07
-8.68272e-06
-9.76008e-07
-5.35437e-08
-2.70635e-06
9.09254e-06
-5.4537e-06
1.53308e-05
-8.47468e-06
1.81179e-05
-1.17472e-05
1.99456e-05
-1.48684e-05
2.19474e-05
-1.5882e-05
1.94107e-05
-1.429e-05
7.41504e-06
-1.28095e-05
-7.75024e-06
-1.14828e-05
-1.93527e-05
-8.22515e-06
-2.49966e-05
-4.08982e-06
-2.4525e-05
-3.9863e-07
-1.98847e-05
2.23935e-06
-1.41472e-05
2.30894e-06
-7.73797e-06
3.2188e-06
4.18496e-06
-9.26686e-06
6.73231e-06
-2.37705e-06
6.11901e-06
9.3104e-06
4.17915e-06
1.42629e-05
3.08814e-06
5.53046e-06
3.09899e-06
-7.90679e-06
2.34077e-06
-7.92451e-06
1.22395e-07
2.16483e-06
-2.58915e-06
1.18041e-05
-5.91167e-06
1.86533e-05
-8.97986e-06
2.11862e-05
-1.16694e-05
2.26351e-05
-1.41509e-05
2.44288e-05
-1.55867e-05
2.08466e-05
-1.52116e-05
7.03993e-06
-1.3993e-05
-8.96886e-06
-1.14053e-05
-2.19405e-05
-7.9858e-06
-2.84161e-05
-4.29338e-06
-2.82174e-05
-8.87063e-08
-2.40894e-05
3.39578e-06
-1.76317e-05
3.56885e-06
-7.91105e-06
6.78765e-06
7.88565e-06
-1.71525e-05
1.24561e-05
-6.9475e-06
1.22741e-05
9.49242e-06
1.00868e-05
1.64501e-05
8.14638e-06
7.4709e-06
7.49602e-06
-7.25642e-06
6.41191e-06
-6.8404e-06
2.98407e-06
5.59267e-06
-1.54036e-06
1.63285e-05
-5.95759e-06
2.30706e-05
-9.4243e-06
2.46529e-05
-1.21508e-05
2.53616e-05
-1.53753e-05
2.76533e-05
-1.82257e-05
2.3697e-05
-1.75074e-05
6.32165e-06
-1.46552e-05
-1.18211e-05
-1.30132e-05
-2.35824e-05
-1.13325e-05
-3.00968e-05
-6.50625e-06
-3.30437e-05
3.01237e-07
-3.08969e-05
5.02495e-06
-2.23554e-05
5.84403e-06
-8.73012e-06
1.26317e-05
1.13957e-05
-2.85482e-05
1.84256e-05
-1.39774e-05
1.85047e-05
9.41327e-06
1.57798e-05
1.91751e-05
1.283e-05
1.04207e-05
1.11043e-05
-5.53071e-06
1.00607e-05
-5.79677e-06
7.27821e-06
8.37511e-06
2.04715e-06
2.15596e-05
-3.72083e-06
2.88386e-05
-7.81227e-06
2.87443e-05
-1.09488e-05
2.84981e-05
-1.5559e-05
3.22635e-05
-1.92231e-05
2.73612e-05
-1.75283e-05
4.62685e-06
-1.96825e-05
-9.66699e-06
-2.25394e-05
-2.07255e-05
-1.77961e-05
-3.48401e-05
-8.23147e-06
-4.26083e-05
4.62223e-07
-3.95905e-05
5.55007e-06
-2.74433e-05
6.45523e-06
-9.63529e-06
1.90869e-05
5.05714e-06
-5.05714e-06
-7.9538e-06
1.30109e-05
-1.24459e-05
4.49208e-06
1.22002e-05
-2.46461e-05
4.04941e-05
-2.82939e-05
5.04674e-05
-9.97324e-06
4.46105e-05
5.85685e-06
3.51002e-05
9.51027e-06
3.11971e-05
3.90311e-06
3.50004e-05
-3.80325e-06
3.51854e-05
-1.85039e-07
2.18131e-05
1.33723e-05
1.2161e-06
2.0597e-05
-1.71522e-05
1.83683e-05
-2.71114e-05
9.95915e-06
-2.71468e-05
3.53721e-08
-2.22661e-05
-4.88069e-06
-1.22447e-05
-1.00214e-05
-1.22447e-05
-3.60224e-06
-1.45489e-06
-9.33233e-06
1.8741e-05
-1.92963e-06
-2.91063e-06
2.49943e-05
-5.15701e-05
4.73444e-05
-5.0644e-05
5.3844e-05
-1.64728e-05
5.18628e-05
7.83801e-06
4.57912e-05
1.5582e-05
3.8703e-05
1.09913e-05
3.16039e-05
3.29591e-06
2.35279e-05
7.89091e-06
1.2827e-05
2.40733e-05
-7.34012e-06
4.07641e-05
-2.24838e-05
3.3512e-05
-2.28636e-05
1.0339e-05
-2.11822e-05
-1.64605e-06
-1.90869e-05
-6.97596e-06
-8.77894e-06
-2.03294e-05
-2.10236e-05
-3.60656e-06
2.15167e-06
-4.14547e-06
1.92799e-05
7.74508e-06
-1.48012e-05
2.9777e-05
-7.3602e-05
4.52369e-05
-6.61038e-05
4.58513e-05
-1.70873e-05
4.17555e-05
1.19339e-05
3.51633e-05
2.21741e-05
2.15206e-05
2.4634e-05
4.25596e-06
2.05605e-05
-3.18794e-06
1.53348e-05
-6.90382e-06
2.77892e-05
-1.51651e-05
4.90253e-05
-1.81781e-05
3.6525e-05
-1.70503e-05
9.21126e-06
-2.01565e-05
1.46016e-06
-1.87538e-05
-8.37875e-06
-7.27751e-06
-3.18056e-05
-2.83011e-05
-6.09288e-07
2.76096e-06
3.65017e-06
1.50205e-05
1.51409e-05
-2.62919e-05
2.72222e-05
-8.56833e-05
3.50719e-05
-7.39536e-05
3.22428e-05
-1.42582e-05
2.70591e-05
1.71175e-05
1.51296e-05
3.41036e-05
-7.08519e-06
4.68488e-05
-2.46372e-05
3.81125e-05
-2.64272e-05
1.71248e-05
-2.40146e-05
2.53766e-05
-2.00656e-05
4.50763e-05
-1.80606e-05
3.452e-05
-2.70516e-05
1.82022e-05
-3.5304e-05
9.71258e-06
-2.77541e-05
-1.59286e-05
-9.88477e-06
-4.9675e-05
-3.81859e-05
2.88757e-06
-1.26616e-07
1.06342e-05
7.27382e-06
1.86411e-05
-3.42988e-05
1.93773e-05
-8.64195e-05
1.99805e-05
-7.45568e-05
1.57655e-05
-1.00431e-05
5.78192e-06
2.71011e-05
-1.67294e-05
5.66149e-05
-4.24864e-05
7.26058e-05
-5.31516e-05
4.87778e-05
-4.58951e-05
9.86834e-06
-3.59288e-05
1.54103e-05
-3.06913e-05
3.98388e-05
-4.00312e-05
4.386e-05
-6.26928e-05
4.08637e-05
-7.14683e-05
1.84881e-05
-5.14835e-05
-3.59133e-05
-1.52441e-05
-8.59145e-05
-5.34299e-05
4.8502e-06
-4.97681e-06
1.45549e-05
-2.43084e-06
1.76029e-05
-3.73468e-05
8.90587e-06
-7.77224e-05
1.50216e-06
-6.71531e-05
-4.46798e-06
-4.073e-06
-2.38993e-05
4.65324e-05
-4.8941e-05
8.16566e-05
-7.06962e-05
9.43611e-05
-7.98444e-05
5.79259e-05
-7.17132e-05
1.73708e-06
-6.28223e-05
6.51939e-06
-6.87925e-05
4.5809e-05
-9.77568e-05
7.28243e-05
-0.000122777
6.58837e-05
-0.000121759
1.74708e-05
-8.78535e-05
-6.98192e-05
-2.41492e-05
-0.000149619
-7.75792e-05
6.5591e-06
-1.15359e-05
1.74826e-05
-1.33544e-05
1.48627e-05
-3.47269e-05
-1.89284e-06
-6.09669e-05
-1.67004e-05
-5.23455e-05
-3.18614e-05
1.1088e-05
-5.08521e-05
6.5523e-05
-7.36921e-05
0.000104497
-0.000104999
0.000125668
-0.000132357
8.52842e-05
-0.000125514
-5.10611e-06
-0.000118026
-9.68926e-07
-0.00012639
5.41734e-05
-0.000132258
7.86919e-05
-0.000129221
6.28464e-05
-0.000121598
9.84786e-06
-9.19106e-05
-9.95062e-05
-4.18342e-05
-0.000199695
-0.000119413
1.39787e-05
-2.55147e-05
2.08447e-05
-2.02204e-05
1.24451e-05
-2.63273e-05
-9.72806e-06
-3.87937e-05
-3.54799e-05
-2.65936e-05
-5.73173e-05
3.29254e-05
-7.49073e-05
8.3113e-05
-0.000101809
0.000131399
-0.000131976
0.000155835
-0.000129919
8.3227e-05
-0.000111595
-2.34298e-05
-0.000107476
-5.08792e-06
-0.000111509
5.82064e-05
-0.00011236
7.95423e-05
-0.000112926
6.34124e-05
-0.000102096
-9.82373e-07
-7.14273e-05
-0.000130175
-4.20222e-05
-0.0002291
-0.000161436
2.67254e-05
-5.52736e-05
4.5694e-05
-3.2946e-05
5.52032e-05
-9.59715e-08
5.15953e-05
2.2783e-05
4.18536e-05
2.01623e-05
3.11321e-05
5.19082e-06
2.37711e-05
1.56423e-06
1.71804e-05
1.49658e-05
5.48831e-06
3.32517e-05
-8.39456e-06
4.27214e-05
-1.51938e-05
3.55436e-05
-1.60533e-05
2.93575e-05
-2.79077e-05
4.4118e-05
-6.19814e-05
6.14348e-05
-0.000105129
4.77743e-05
-0.000126278
1.1482e-05
-0.000102192
-4.48108e-05
-5.84831e-05
-7.85494e-05
-2.94642e-05
-7.16272e-05
-1.63474e-05
-5.27074e-05
-6.89578e-06
-3.68948e-05
5.53149e-06
-2.20626e-05
-3.1586e-06
2.7777e-05
1.94094e-05
-7.4683e-05
2.64849e-05
-4.00216e-05
3.86452e-05
-1.22563e-05
4.93634e-05
1.20648e-05
4.75358e-05
2.19899e-05
3.94094e-05
1.33172e-05
2.76849e-05
1.32888e-05
1.46964e-05
2.79543e-05
-3.4092e-07
4.8289e-05
-1.41448e-05
5.65254e-05
-2.56798e-05
4.70785e-05
-5.37501e-05
5.74279e-05
-0.000110342
0.00010071
-0.000175926
0.000127019
-0.000201236
7.30836e-05
-0.000171596
-1.81582e-05
-0.000128828
-8.75785e-05
-9.62325e-05
-0.000111145
-7.382e-05
-9.40397e-05
-6.89731e-05
-5.75543e-05
-6.8239e-05
-3.7629e-05
-5.76828e-05
-3.26187e-05
-1.82124e-05
-4.2629e-05
5.90646e-06
-8.05894e-05
8.13932e-06
-4.22544e-05
7.48026e-06
-1.15972e-05
2.11995e-05
-1.6544e-06
2.51262e-05
1.80632e-05
1.57647e-05
2.26787e-05
-5.59798e-06
3.46514e-05
-2.9983e-05
5.23393e-05
-5.74058e-05
7.57118e-05
-8.76877e-05
8.68073e-05
-0.000124981
8.43721e-05
-0.000174358
0.000106805
-0.000228029
0.00015438
-0.000247239
0.000146229
-0.000228595
5.44399e-05
-0.000202715
-4.40381e-05
-0.000182735
-0.000107558
-0.000163618
-0.000130262
-0.000145763
-0.000111895
-0.000154527
-4.87902e-05
-0.000191076
-1.07983e-06
-0.000217367
-6.32726e-06
-1.74985e-05
-0.000218081
1.44143e-05
-9.50037e-05
1.95815e-05
-4.74217e-05
-2.38442e-06
1.03687e-05
-2.34456e-05
1.94068e-05
-4.66407e-05
4.12583e-05
-8.04997e-05
5.65377e-05
-0.000107718
6.18694e-05
-0.000132177
7.67982e-05
-0.000169502
0.000113038
-0.000200839
0.000118144
-0.000215577
9.91103e-05
-0.000226589
0.000117817
-0.000228049
0.00015584
-0.000217114
0.000135294
-0.000216524
5.38498e-05
-0.00022376
-3.68014e-05
-0.000232345
-9.89735e-05
-0.000227407
-0.0001352
-0.000212315
-0.000126987
-0.000176536
-8.45689e-05
-0.000152506
-2.511e-05
-0.000129477
-2.93564e-05
-4.11598e-05
-0.000105815
4.26735e-07
-9.54304e-05
-2.13405e-05
-2.56544e-05
-6.69267e-05
5.5955e-05
-0.00012181
7.42904e-05
-0.000161683
8.11307e-05
-0.000184096
7.89507e-05
-0.000191098
6.8872e-05
-0.000218092
0.000103792
-0.000242541
0.000137487
-0.000234504
0.000110107
-0.000217067
8.16731e-05
-0.000196482
9.72319e-05
-0.000167212
0.00012657
-0.000159672
0.000127755
-0.000196073
9.02503e-05
-0.000239966
7.09203e-06
-0.000249871
-8.90683e-05
-0.000236396
-0.000148676
-0.000216203
-0.00014718
-0.000187284
-0.000113488
-0.000127197
-8.51969e-05
-9.57186e-05
-6.08345e-05
-5.88723e-05
-7.80065e-05
-2.3131e-05
-7.22994e-05
-9.67274e-05
4.79419e-05
-0.000155505
0.000114733
-0.000198065
0.00011685
-0.00021808
0.000101146
-0.000214382
7.52521e-05
-0.000226603
8.10932e-05
-0.000232437
0.000109625
-0.000224179
0.00012923
-0.00021933
0.000105257
-0.000201846
6.41891e-05
-0.000180082
7.54681e-05
-0.000158425
0.000104912
-0.000160814
0.000130144
-0.000189302
0.000118739
-0.000206242
2.40311e-05
-0.000210535
-8.47752e-05
-0.000209253
-0.000149957
-0.000196961
-0.000159471
-0.000174187
-0.000136263
-0.000150977
-0.000108407
-0.000116966
-9.48451e-05
-8.36305e-05
-9.22078e-05
-3.31911e-05
-3.91083e-05
-9.91616e-05
0.000113912
-0.000148896
0.000164467
-0.000183472
0.000151427
-0.000199361
0.000117035
-0.000203824
7.97143e-05
-0.000197293
7.45627e-05
-0.000163385
7.57169e-05
-0.000130335
9.61809e-05
-0.000129198
0.00010412
-0.000161456
9.64473e-05
-0.000169084
8.30958e-05
-0.000161595
9.74235e-05
-0.000161876
0.000130425
-0.000155948
0.000112811
-0.000150434
1.85171e-05
-0.000156209
-7.90002e-05
-0.000183182
-0.000122984
-0.000180611
-0.000162042
-0.000166242
-0.000150633
-0.000142872
-0.000131776
-0.000126012
-0.000111705
-9.62445e-05
-0.000113399
-3.0569e-05
-8.53928e-06
-4.98419e-05
0.000133185
-4.62779e-05
0.000160903
-3.62331e-05
0.000141382
-4.90735e-05
0.000129876
-5.24317e-05
8.30725e-05
-3.94888e-05
6.16201e-05
-2.35243e-05
5.97523e-05
-7.53079e-06
8.01873e-05
-4.7478e-05
0.000144067
-0.000108737
0.000157706
-0.000138818
0.000113177
-0.00015007
0.000108676
-0.000132062
0.000112416
-9.79047e-05
7.86539e-05
-7.93349e-05
-5.2669e-08
-9.53265e-05
-6.30087e-05
-0.000120806
-9.75054e-05
-0.000160338
-0.00012251
-0.000166299
-0.000144672
-0.000150139
-0.000147936
-0.000128734
-0.00013311
-0.000114857
-0.000110121
-2.56158e-05
1.70765e-05
-5.48917e-05
0.000162461
-5.59488e-05
0.00016196
-4.07863e-05
0.000126219
-2.03252e-05
0.000109415
-1.33686e-05
7.61158e-05
-1.05797e-05
5.88311e-05
-1.05602e-05
5.97328e-05
-1.18711e-05
8.14982e-05
-6.79644e-05
0.000200161
-0.000110543
0.000200285
-0.00013478
0.000137414
-0.000134353
0.00010825
-0.00010716
8.52225e-05
-6.92325e-05
4.0727e-05
-5.22667e-05
-1.70187e-05
-5.86081e-05
-5.66673e-05
-7.88276e-05
-7.72859e-05
-0.000104655
-9.66828e-05
-0.000132531
-0.000116796
-0.000155835
-0.000124632
-0.0001407
-0.000148245
-0.000133104
-0.000122453
-8.28522e-06
2.53617e-05
-5.67019e-05
0.000210878
-0.000101387
0.000206645
-9.59888e-05
0.000120821
-7.70751e-05
9.05012e-05
-6.38481e-05
6.28888e-05
-5.55269e-05
5.05098e-05
-5.77549e-05
6.19608e-05
-0.00010019
0.000123933
-0.000137886
0.000237857
-0.000144433
0.000206833
-0.000142983
0.000135964
-0.00013093
9.61974e-05
-0.000106055
6.03474e-05
-8.17542e-05
1.64261e-05
-7.21521e-05
-2.66206e-05
-7.13757e-05
-5.74436e-05
-7.13128e-05
-7.73491e-05
-7.49319e-05
-9.30637e-05
-8.96594e-05
-0.000102069
-9.8543e-05
-0.000115748
-0.000120765
-0.000126023
-0.000113309
-0.00014056
7.53929e-06
1.78224e-05
-1.24698e-05
0.000230887
-9.15255e-05
0.0002857
-0.000115182
0.000144478
-0.000102762
7.80809e-05
-9.31928e-05
5.332e-05
-9.82654e-05
5.55825e-05
-0.000139899
0.000103594
-0.000198218
0.000182252
-0.00019391
0.00023355
-0.000165908
0.00017883
-0.000145885
0.000115942
-0.000128396
7.87085e-05
-0.000110367
4.23185e-05
-9.87458e-05
4.80509e-06
-9.53123e-05
-3.0054e-05
-9.43853e-05
-5.83706e-05
-9.11668e-05
-8.05678e-05
-8.64482e-05
-9.77824e-05
-7.85653e-05
-0.000109952
-7.35343e-05
-0.000120779
-8.01588e-05
-0.000119399
-0.000118654
-7.48141e-05
7.35151e-06
1.04709e-05
-3.43709e-06
0.000241676
-3.42641e-05
0.000316527
-6.60474e-05
0.000176261
-9.61399e-05
0.000108173
-0.000127885
8.50656e-05
-0.000175593
0.00010329
-0.000223601
0.000151603
-0.000239271
0.000197921
-0.000205468
0.000199747
-0.000169515
0.000142878
-0.000152096
9.85236e-05
-0.00014147
6.80825e-05
-0.000133169
3.40167e-05
-0.00012738
-9.83368e-07
-0.000122652
-3.47821e-05
-0.000117029
-6.39943e-05
-0.000109995
-8.76013e-05
-0.000102185
-0.000105593
-9.35594e-05
-0.000118577
-8.7365e-05
-0.000126974
-7.78104e-05
-0.000128953
-0.000129441
-6.70233e-05
1.21211e-07
1.03497e-05
-3.66843e-05
0.000278482
-5.79458e-05
0.000337789
-8.71583e-05
0.000205474
-0.000123346
0.000144361
-0.000168821
0.000130541
-0.000211785
0.000146255
-0.000235746
0.000175564
-0.000226264
0.00018844
-0.000192888
0.000166371
-0.00017536
0.000125349
-0.000173368
9.65316e-05
-0.000172315
6.70299e-05
-0.000169161
3.08627e-05
-0.000163136
-7.00834e-06
-0.00015419
-4.37281e-05
-0.000142504
-7.56802e-05
-0.000128984
-0.000101122
-0.000115142
-0.000119434
-0.000102646
-0.000131073
-9.27852e-05
-0.000136835
-8.38691e-05
-0.000137869
-0.000135487
-7.78222e-05
-7.09006e-06
1.74398e-05
-4.81486e-05
0.00031954
-7.49806e-05
0.000364621
-0.00010632
0.000236813
-0.000139448
0.000177489
-0.000174251
0.000165344
-0.000200177
0.000172181
-0.000207621
0.000183008
-0.000197613
0.000178432
-0.000187901
0.00015666
-0.000194137
0.000131585
-0.000204292
0.000106687
-0.0002095
7.22373e-05
-0.000209081
3.04441e-05
-0.000202197
-1.38926e-05
-0.000189011
-5.6914e-05
-0.000170928
-9.37631e-05
-0.000150239
-0.000121811
-0.000129485
-0.000140188
-0.000110794
-0.000149764
-9.52838e-05
-0.000152345
-8.33095e-05
-0.000149843
-0.000143624
-7.51729e-05
-6.41726e-06
2.38571e-05
-2.96034e-05
0.000342726
-6.06997e-05
0.000395717
-8.94452e-05
0.000265559
-0.000120959
0.000209003
-0.000149118
0.000193502
-0.00016762
0.000190683
-0.000176591
0.000191979
-0.000183536
0.000185376
-0.000199179
0.000172302
-0.000222188
0.000154595
-0.000241921
0.00012642
-0.000254212
8.45269e-05
-0.000256944
3.31765e-05
-0.000248286
-2.25501e-05
-0.000229118
-7.60821e-05
-0.000202247
-0.000120634
-0.000171734
-0.000152324
-0.000141772
-0.00017015
-0.000115693
-0.000175843
-9.50168e-05
-0.000173021
-7.95323e-05
-0.000165328
-0.000154992
-6.81637e-05
7.69851e-07
2.30872e-05
1.93136e-05
0.000324183
-1.26328e-05
0.000427663
-5.54516e-05
0.000308378
-8.75871e-05
0.000241139
-0.000115362
0.000221277
-0.000137526
0.000212847
-0.000158969
0.000213422
-0.000186071
0.000212478
-0.000221075
0.000207306
-0.000257515
0.000191034
-0.000287692
0.000156597
-0.000306447
0.000103282
-0.000309514
3.62432e-05
-0.000296082
-3.59817e-05
-0.000268632
-0.000103533
-0.00023168
-0.000157586
-0.000190436
-0.000193569
-0.000150051
-0.000210534
-0.000115167
-0.000210727
-8.85918e-05
-0.000199596
-7.01691e-05
-0.000183751
-0.000167286
-5.78753e-05
2.16829e-06
2.09189e-05
6.23051e-05
0.000264046
4.13275e-05
0.000448641
-1.72919e-05
0.000366998
-5.55864e-05
0.000279433
-8.67052e-05
0.000252396
-0.000117598
0.00024374
-0.000153457
0.000249281
-0.000197556
0.000256577
-0.000247099
0.00025685
-0.000293848
0.000237782
-0.000329273
0.000192023
-0.00034673
0.000120739
-0.000342846
3.23593e-05
-0.000320338
-5.84901e-05
-0.000283914
-0.000139957
-0.000239414
-0.000202086
-0.000191853
-0.000241129
-0.000145722
-0.000256665
-0.000105344
-0.000251105
-7.44486e-05
-0.000230492
-5.40916e-05
-0.000204108
-0.000179434
-4.19434e-05
1.09427e-05
9.97615e-06
6.81318e-05
0.000206857
7.91526e-05
0.00043762
1.34411e-05
0.000432709
-3.15589e-05
0.000324433
-6.66588e-05
0.000287496
-0.000105995
0.000283076
-0.00015304
0.000296326
-0.000208145
0.000311682
-0.000264667
0.000313372
-0.000311902
0.000285017
-0.000340127
0.000220247
-0.000345191
0.000125804
-0.000327353
1.45211e-05
-0.000294143
-9.17005e-05
-0.000250599
-0.0001835
-0.000202941
-0.000249744
-0.000155952
-0.000288118
-0.000113225
-0.000299392
-7.66134e-05
-0.000287716
-4.80369e-05
-0.000259068
-2.96041e-05
-0.000222541
-0.000188626
-2.04126e-05
1.4995e-05
-5.01892e-06
4.74652e-05
0.000174386
6.94587e-05
0.000415626
1.88073e-05
0.000483361
-1.98714e-05
0.000363112
-5.51882e-05
0.000322812
-9.84938e-05
0.000326382
-0.000150095
0.000347926
-0.000206786
0.000368373
-0.000258285
0.000364872
-0.000292307
0.000319038
-0.000301084
0.000229024
-0.00028628
0.000111
-0.000255328
-1.64321e-05
-0.00021396
-0.000133068
-0.000166645
-0.000230815
-0.00011905
-0.000297339
-7.69399e-05
-0.000330228
-4.42573e-05
-0.000332075
-2.08759e-05
-0.000311098
-4.65267e-06
-0.000275292
4.34484e-06
-0.000231538
-0.000191224
6.94264e-06
3.64872e-05
-4.15059e-05
2.72508e-05
0.000183623
1.7307e-05
0.00042557
-1.25156e-06
0.000501919
-2.09015e-05
0.000382762
-5.02867e-05
0.000352197
-9.07107e-05
0.000366806
-0.000138278
0.000395494
-0.000185569
0.000415664
-0.000220092
0.000399394
-0.000231279
0.000330226
-0.000217269
0.000215014
-0.000185041
7.87723e-05
-0.000145358
-5.61158e-05
-9.83686e-05
-0.000180057
-4.91862e-05
-0.000279998
-3.70151e-06
-0.000342823
3.1312e-05
-0.000365241
5.20333e-05
-0.000352796
5.85293e-05
-0.000317594
5.58356e-05
-0.000272598
4.92088e-05
-0.000224911
-0.000181664
3.96488e-05
1.23719e-05
-5.38786e-05
-1.02588e-05
0.000206254
-3.29215e-05
0.000448233
-2.56043e-05
0.000494602
-2.66887e-05
0.000383846
-4.65293e-05
0.000372038
-7.78051e-05
0.000398081
-0.000113129
0.000430818
-0.000142438
0.000444973
-0.000154185
0.000411141
-0.000142405
0.000318447
-0.000110684
0.000183293
-6.8297e-05
3.63852e-05
-1.92541e-05
-0.000105158
3.23592e-05
-0.000231671
8.11578e-05
-0.000328796
0.000121355
-0.00038302
0.000147014
-0.000390901
0.000154937
-0.00036072
0.000145341
-0.000307997
0.000123368
-0.000250625
9.7411e-05
-0.000198955
-0.000156956
7.27034e-05
-7.47662e-06
-4.64022e-05
-2.58324e-05
0.00022461
-5.69379e-05
0.000479338
-3.54688e-05
0.000473133
-2.67885e-05
0.000375166
-3.77731e-05
0.000383023
-5.61832e-05
0.000416491
-7.35438e-05
0.000448179
-8.02012e-05
0.00045163
-6.97743e-05
0.000400714
-4.00503e-05
0.000288722
4.97911e-06
0.000138263
5.51436e-05
-1.37794e-05
0.000107963
-0.000157977
0.000159408
-0.000283116
0.000204556
-0.000373943
0.000236562
-0.000415027
0.000250288
-0.000404626
0.000243775
-0.000354207
0.000218773
-0.000282995
0.000180734
-0.000212586
0.000138385
-0.000156606
-0.000118251
9.96801e-05
-3.05687e-06
-4.33455e-05
-3.78981e-05
0.000259452
-5.49796e-05
0.00049642
-2.89865e-05
0.000447139
-1.86242e-05
0.000364804
-2.24296e-05
0.000386828
-2.67469e-05
0.000420809
-2.44283e-05
0.00044586
-8.67694e-06
0.000435878
2.37497e-05
0.000368287
6.937e-05
0.000243102
0.000119935
8.76979e-05
0.000172154
-6.59978e-05
0.000222647
-0.000208471
0.000269745
-0.000330214
0.00030568
-0.000409879
0.000323789
-0.000433135
0.000321193
-0.00040203
0.000298686
-0.0003317
0.000259983
-0.000244292
0.000210896
-0.000163499
0.000159015
-0.000104725
-7.17094e-05
0.000112473
-4.85777e-06
-3.84883e-05
-4.7e-05
0.000301594
-5.07382e-05
0.000500158
-2.00614e-05
0.000416463
-7.78847e-06
0.00035253
-3.81001e-06
0.000382849
4.83941e-06
0.000412159
2.51966e-05
0.000425503
6.14591e-05
0.000399616
0.000110772
0.000318974
0.000165244
0.00018863
0.000215082
3.786e-05
0.000262598
-0.000113514
0.000308584
-0.000254457
0.000345955
-0.000367585
0.000365079
-0.000429002
0.000362105
-0.000430161
0.000339541
-0.000379466
0.000302223
-0.000294382
0.000254964
-0.000197033
0.000202392
-0.000110928
0.000150168
-5.25001e-05
-2.67589e-05
0.000105218
-6.08255e-05
2.23371e-05
-8.36251e-05
0.000324394
-5.13033e-05
0.000467836
-1.52465e-05
0.000380405
4.45085e-07
0.000336839
1.14097e-05
0.000371885
3.08541e-05
0.000392715
6.42943e-05
0.000392062
0.000112857
0.000351053
0.000170341
0.00026149
0.000225186
0.000133785
0.000272214
-9.16793e-06
0.000316157
-0.000157458
0.000353648
-0.000291948
0.000372046
-0.000385982
0.000365064
-0.000422021
0.000336893
-0.00040199
0.000295939
-0.000338513
0.000249254
-0.000247696
0.000201105
-0.000148885
0.000154085
-6.39072e-05
0.000111681
-1.00964e-05
5.97983e-06
7.89426e-05
-0.000101163
0.0001235
-9.48384e-05
0.000318069
-4.32328e-05
0.000416231
-7.37958e-06
0.000344552
8.1393e-06
0.00032132
2.31974e-05
0.000356827
4.82604e-05
0.000367652
8.84122e-05
0.000351911
0.000141326
0.000298139
0.000198089
0.000204726
0.000249022
8.2852e-05
0.000294762
-5.49076e-05
0.000332746
-0.000195442
0.000350892
-0.000310095
0.000339621
-0.000374711
0.000303682
-0.000386082
0.000254682
-0.000352989
0.000202788
-0.000286619
0.000154297
-0.000199206
0.000112591
-0.000107179
7.93873e-05
-3.07034e-05
5.56198e-05
1.36711e-05
1.98121e-05
4.17876e-05
-8.99861e-06
0.000132499
4.41041e-06
0.00030466
-1.37751e-07
0.000420779
8.73186e-06
0.000335683
1.72349e-05
0.000312816
3.30895e-05
0.000340972
5.94335e-05
0.000341308
0.000100108
0.000311237
0.000150606
0.000247641
0.000201725
0.000153607
0.000249623
3.49534e-05
0.000291571
-9.68554e-05
0.000312808
-0.000216679
0.000301405
-0.000298691
0.000260984
-0.00033429
0.000205233
-0.000330332
0.000146237
-0.000293993
9.20171e-05
-0.000232399
4.79839e-05
-0.000155173
1.85912e-05
-7.77864e-05
2.77357e-06
-1.48858e-05
2.40107e-06
1.40436e-05
1.19176e-05
1.02957e-05
4.26973e-06
0.000128229
3.03377e-05
0.000278592
3.73386e-05
0.000413778
2.37335e-05
0.000349288
2.58569e-05
0.000310693
4.00066e-05
0.000326822
6.49921e-05
0.000316322
0.000101732
0.000274497
0.000146268
0.000203105
0.000194201
0.000105674
0.000240167
-1.10126e-05
0.000268128
-0.000124816
0.000262693
-0.000211244
0.000225062
-0.00026106
0.000169254
-0.000278483
0.000108363
-0.000269441
5.03398e-05
-0.00023597
1.28214e-06
-0.000183342
-3.29009e-05
-0.00012099
-4.93651e-05
-6.13223e-05
-4.50351e-05
-1.92158e-05
-2.67041e-05
-4.28734e-06
-7.80217e-06
-6.98422e-06
5.19863e-06
0.000123031
9.3256e-06
0.000274465
2.58303e-05
0.000397273
2.73765e-05
0.000347741
2.59248e-05
0.000312145
3.82458e-05
0.000314501
6.17831e-05
0.000292784
9.65599e-05
0.00023972
0.000141135
0.00015853
0.000189899
5.69101e-05
0.000225314
-4.64272e-05
0.000229823
-0.000129325
0.000202094
-0.000183516
0.000154215
-0.000213181
9.86003e-05
-0.000222868
4.29708e-05
-0.000213811
-7.08163e-06
-0.000185918
-4.50272e-05
-0.000145396
-6.64802e-05
-9.95368e-05
-6.68286e-05
-6.09739e-05
-4.96831e-05
-3.63614e-05
-2.77548e-05
-2.62156e-05
-2.47916e-05
-1.07653e-05
5.60955e-06
0.000117421
-8.37883e-06
0.000288453
1.5209e-05
0.000373685
2.62843e-05
0.000336666
1.90393e-05
0.00031939
3.06917e-05
0.000302849
5.82415e-05
0.000265235
9.92693e-05
0.000198691
0.000147928
0.000109871
0.00018903
1.58074e-05
0.000204242
-6.16384e-05
0.000189894
-0.000114978
0.000154948
-0.000148569
0.000110152
-0.000168386
6.24535e-05
-0.000175169
1.66055e-05
-0.000167963
-2.11393e-05
-0.000148173
-4.63592e-05
-0.000120176
-5.46312e-05
-9.12648e-05
-4.87294e-05
-6.68756e-05
-3.50778e-05
-5.0013e-05
-2.11303e-05
-4.0163e-05
-3.53913e-05
-1.05307e-05
9.9639e-06
0.000107457
2.90104e-05
0.000269407
5.6921e-05
0.000345774
3.84339e-05
0.000355153
2.34555e-05
0.000334368
3.76546e-05
0.000288649
7.44918e-05
0.000228397
0.000121103
0.00015208
0.000163639
6.73346e-05
0.000186346
-6.90015e-06
0.000183952
-5.92444e-05
0.000162148
-9.31733e-05
0.000129752
-0.000116173
9.26879e-05
-0.000131322
5.4865e-05
-0.000137346
2.01914e-05
-0.00013329
-6.86212e-06
-0.000121119
-2.30614e-05
-0.000103977
-2.87768e-05
-8.55493e-05
-2.66881e-05
-6.89642e-05
-2.07595e-05
-5.59415e-05
-1.39454e-05
-4.69773e-05
-4.14086e-05
-7.9284e-06
1.30852e-05
9.4372e-05
6.00696e-05
0.000222422
7.90021e-05
0.000326842
7.73183e-05
0.000356836
6.71435e-05
0.000344542
8.30932e-05
0.000272699
0.000120106
0.000191384
0.000154661
0.000117526
0.000177989
4.40069e-05
0.000182147
-1.10583e-05
0.00016954
-4.66376e-05
0.00014678
-7.04134e-05
0.000119141
-8.85339e-05
8.93586e-05
-0.00010154
5.99581e-05
-0.000107945
3.38489e-05
-0.00010718
1.3308e-05
-0.000100578
-5.80295e-07
-9.00885e-05
-8.0956e-06
-7.80339e-05
-1.05727e-05
-6.6487e-05
-9.7839e-06
-5.67304e-05
-7.29658e-06
-4.94647e-05
-4.43695e-05
-4.33589e-06
2.69075e-06
9.16808e-05
5.12779e-05
0.000173835
9.20495e-05
0.00028607
0.000119296
0.00032959
0.000137535
0.000326303
0.000153197
0.000257036
0.000168068
0.000176513
0.000180291
0.000105302
0.000184414
3.98848e-05
0.000175964
-2.60874e-06
0.000158537
-2.92109e-05
0.000136897
-4.87726e-05
0.000113439
-6.50757e-05
8.92568e-05
-7.73577e-05
6.56787e-05
-8.43671e-05
4.44627e-05
-8.59641e-05
2.69227e-05
-8.30381e-05
1.38635e-05
-7.70292e-05
5.2861e-06
-6.94565e-05
5.58144e-07
-6.17591e-05
-1.33083e-06
-5.48415e-05
-1.47546e-06
-4.93203e-05
-4.51908e-05
-6.54288e-07
1.84232e-06
8.98383e-05
3.09031e-05
0.000144775
7.58916e-05
0.000241082
0.000117372
0.000288109
0.000147829
0.000295847
0.000165228
0.000239637
0.000177709
0.000164032
0.000184797
9.82141e-05
0.00017918
4.55018e-05
0.00016459
1.1981e-05
0.000146272
-1.08924e-05
0.000126914
-2.94151e-05
0.000106948
-4.51096e-05
8.66632e-05
-5.70725e-05
6.69683e-05
-6.46721e-05
4.90213e-05
-6.80169e-05
3.37918e-05
-6.78085e-05
2.18565e-05
-6.50939e-05
1.33105e-05
-6.09105e-05
7.71806e-06
-5.61666e-05
4.54318e-06
-5.16667e-05
3.01706e-06
-4.77942e-05
-4.4709e-05
2.5352e-06
-5.84139e-07
9.04225e-05
7.97944e-06
0.000136211
4.61332e-05
0.000202927
8.96858e-05
0.000244557
0.00013095
0.000254583
0.000155951
0.000214636
0.000169209
0.000150774
0.00017178
9.56424e-05
0.00016188
5.54025e-05
0.000146821
2.70401e-05
0.000130782
5.14614e-06
0.000114563
-1.31959e-05
9.78665e-05
-2.84128e-05
8.09856e-05
-4.01916e-05
6.46101e-05
-4.82966e-05
4.96237e-05
-5.30304e-05
3.67182e-05
-5.4903e-05
2.62562e-05
-5.46318e-05
1.82895e-05
-5.29438e-05
1.26199e-05
-5.04969e-05
8.82211e-06
-4.78689e-05
6.43567e-06
-4.54078e-05
-4.33031e-05
5.0299e-06
-4.38202e-06
9.48044e-05
-9.85552e-06
0.000141685
1.28268e-05
0.000180245
5.14312e-05
0.000205952
9.39014e-05
0.000212113
0.000126627
0.000181909
0.000142405
0.000134997
0.000144499
9.35482e-05
0.000137166
6.27351e-05
0.000125984
3.82226e-05
0.000113588
1.75424e-05
0.000100677
-2.85233e-07
8.71196e-05
-1.48556e-05
7.33544e-05
-2.64263e-05
6.00527e-05
-3.49948e-05
4.77952e-05
-4.07728e-05
3.70554e-05
-4.41631e-05
2.80868e-05
-4.56629e-05
2.09414e-05
-4.57983e-05
1.5502e-05
-4.50575e-05
1.15112e-05
-4.3878e-05
8.6714e-06
-4.25679e-05
-4.13112e-05
6.67953e-06
-7.10749e-06
0.000101912
-1.28232e-05
0.0001474
6.05581e-08
0.000167361
2.90179e-05
0.000176995
6.78747e-05
0.000173256
9.86942e-05
0.00015109
0.000113671
0.00012002
0.000116244
9.09751e-05
0.000112374
6.66053e-05
0.000105268
4.53281e-05
9.64459e-05
2.63648e-05
8.63733e-05
9.78733e-06
7.57547e-05
-4.23692e-06
6.48809e-05
-1.55523e-05
5.42893e-05
-2.4403e-05
4.44152e-05
-3.08985e-05
3.55991e-05
-3.53467e-05
2.80347e-05
-3.80985e-05
2.17747e-05
-3.95381e-05
1.67608e-05
-4.00436e-05
1.28354e-05
-3.99525e-05
9.80749e-06
-3.954e-05
-3.89958e-05
7.49222e-06
-4.92961e-06
0.000106841
-5.83364e-06
0.000148304
5.2838e-06
0.000156244
2.80317e-05
0.000154247
5.56805e-05
0.000145607
7.74945e-05
0.000129276
8.88971e-05
0.000108617
9.20607e-05
8.78114e-05
9.051e-05
6.81559e-05
8.62158e-05
4.96223e-05
8.00727e-05
3.25079e-05
7.26366e-05
1.72235e-05
6.44343e-05
3.96555e-06
5.60541e-05
-7.17193e-06
4.77688e-05
-1.61174e-05
3.99514e-05
-2.30809e-05
3.28437e-05
-2.82389e-05
2.65795e-05
-3.18342e-05
2.12149e-05
-3.41735e-05
1.67207e-05
-3.55495e-05
1.302e-05
-3.62518e-05
1.00138e-05
-3.65337e-05
-3.66005e-05
7.61863e-06
-1.80178e-06
0.000108643
1.41718e-06
0.000145085
1.25103e-05
0.000145151
2.94704e-05
0.000137287
4.7525e-05
0.000127553
6.14367e-05
0.000115364
6.923e-05
0.000100824
7.21161e-05
8.49252e-05
7.17915e-05
6.84805e-05
6.92159e-05
5.21978e-05
6.49626e-05
3.67612e-05
5.95404e-05
2.26459e-05
5.34015e-05
1.01046e-05
4.70843e-05
-8.54479e-07
4.07705e-05
-9.80339e-06
3.47335e-05
-1.70437e-05
2.91424e-05
-2.26477e-05
2.40939e-05
-2.67857e-05
1.96184e-05
-2.9698e-05
1.57195e-05
-3.16505e-05
1.23769e-05
-3.29091e-05
9.57343e-06
-3.37302e-05
-3.43337e-05
7.30675e-06
2.62866e-07
0.00010838
5.66215e-06
0.000139686
1.57089e-05
0.000135104
2.78127e-05
0.000125183
3.92348e-05
0.00011613
4.78373e-05
0.000106761
5.30479e-05
9.56132e-05
5.54058e-05
8.25672e-05
5.55403e-05
6.8346e-05
5.38956e-05
5.38425e-05
5.08978e-05
3.97592e-05
4.69925e-05
2.65513e-05
4.25802e-05
1.4517e-05
3.78849e-05
3.84103e-06
3.33727e-05
-5.29112e-06
2.90249e-05
-1.26958e-05
2.49111e-05
-1.85338e-05
2.10616e-05
-2.29361e-05
1.75077e-05
-2.6144e-05
1.42722e-05
-2.84149e-05
1.13763e-05
-3.00131e-05
8.84138e-06
-3.11951e-05
-3.22176e-05
6.72543e-06
1.37578e-06
0.000107005
7.52364e-06
0.000133538
1.60902e-05
0.000126538
2.45874e-05
0.000116686
3.17124e-05
0.000109005
3.69523e-05
0.000101521
4.02757e-05
9.22897e-05
4.18248e-05
8.1018e-05
4.17879e-05
6.83829e-05
4.0449e-05
5.51814e-05
3.8187e-05
4.20212e-05
3.53789e-05
2.93595e-05
3.23204e-05
1.75756e-05
2.92032e-05
6.95829e-06
2.62025e-05
-2.29026e-06
2.34162e-05
-9.90946e-06
2.06283e-05
-1.57458e-05
1.78104e-05
-2.01181e-05
1.505e-05
-2.33835e-05
1.23873e-05
-2.57521e-05
9.86731e-06
-2.74931e-05
7.53766e-06
-2.88654e-05
-3.01118e-05
5.43189e-06
2.16222e-06
7.01286e-06
1.24615e-05
1.70012e-05
2.03613e-05
2.27056e-05
2.41409e-05
2.46906e-05
2.44392e-05
2.35825e-05
2.23527e-05
2.09289e-05
1.93982e-05
1.77396e-05
1.58426e-05
1.37173e-05
1.16155e-05
9.65581e-06
7.81623e-06
6.12094e-06
4.58654e-06
3.24022e-06
2.14572e-06
2.94341e-05
-1.6571e-06
3.15767e-05
-2.1426e-06
3.42802e-05
-2.70355e-06
-3.81927e-06
3.80995e-05
-3.9229e-05
-5.05719e-06
-3.99555e-05
-1.41602e-06
-4.463e-05
1.97093e-06
1.75601e-06
-5.02053e-05
-0.000211129
-1.20098e-05
-0.000200579
-1.19656e-05
-0.00018882
-9.78833e-06
-1.74961e-05
-0.000169568
-9.68019e-05
-2.10226e-05
-8.86491e-05
-2.01184e-05
-7.68449e-05
-2.15921e-05
-3.00052e-05
-6.43357e-05
-7.37607e-05
-2.52688e-05
-6.89862e-05
-2.48932e-05
-6.03032e-05
-3.02754e-05
-3.18216e-05
-5.84872e-05
-8.00198e-05
-3.74566e-05
-7.502e-05
-2.98928e-05
-7.02254e-05
-3.507e-05
-3.56855e-05
-6.63616e-05
-0.000108035
-4.28203e-05
-9.78361e-05
-4.0092e-05
-9.07554e-05
-4.21509e-05
-3.94255e-05
-8.70153e-05
-0.000105158
-4.77831e-05
-0.000100769
-4.44809e-05
-0.000100383
-4.25368e-05
-4.09741e-05
-9.88348e-05
-0.0001123
-5.79365e-05
-0.000103741
-5.304e-05
-9.59893e-05
-5.02882e-05
-4.69442e-05
-9.00192e-05
-0.000125144
-7.33527e-05
-0.0001185
-5.96844e-05
-0.000111456
-5.73324e-05
-5.75435e-05
-0.000100856
-9.35978e-05
-5.45689e-05
-0.000105087
-4.81946e-05
-0.000113587
-4.88328e-05
-6.00601e-05
-0.00011107
-6.47138e-05
-5.68784e-05
-6.14181e-05
-5.14905e-05
-5.70556e-05
-5.31953e-05
-5.57623e-05
-6.13535e-05
-7.30221e-05
-6.16783e-05
-6.44809e-05
-6.00315e-05
-5.90451e-05
-5.86311e-05
-5.60776e-05
-5.87299e-05
-7.18584e-05
-6.49932e-05
-6.85505e-05
-6.33398e-05
-6.55676e-05
-6.16143e-05
-5.9733e-05
-6.19122e-05
-6.39015e-05
-6.92553e-05
-6.04953e-05
-6.6746e-05
-5.79179e-05
-6.41916e-05
-6.17462e-05
-5.59047e-05
-5.36594e-05
-7.34713e-05
-5.02001e-05
-7.02053e-05
-4.73804e-05
-6.70114e-05
-6.3974e-05
-4.51526e-05
-3.82945e-05
-7.71203e-05
-3.56166e-05
-7.28833e-05
-3.36777e-05
-6.89503e-05
-6.53043e-05
-3.23475e-05
-1.82978e-05
-7.92351e-05
-1.71429e-05
-7.40382e-05
-1.66304e-05
-6.94628e-05
-6.53319e-05
-1.66028e-05
6.20407e-06
-7.84965e-05
4.66882e-06
-7.2503e-05
2.78765e-06
-6.75817e-05
-6.32938e-05
7.49458e-07
3.4322e-05
-7.31697e-05
2.88738e-05
-6.70548e-05
2.3665e-05
-6.23729e-05
-5.84968e-05
1.8868e-05
6.19728e-05
-6.2439e-05
5.21323e-05
-5.72144e-05
4.33456e-05
-5.35862e-05
-5.08197e-05
3.56686e-05
8.39084e-05
-4.66673e-05
7.01569e-05
-4.34629e-05
5.83909e-05
-4.18201e-05
-4.08542e-05
4.84256e-05
9.40209e-05
-2.82149e-05
7.83465e-05
-2.77883e-05
6.53205e-05
-2.87938e-05
-3.00403e-05
5.45067e-05
8.80243e-05
-1.10214e-05
7.37958e-05
-1.35596e-05
6.2183e-05
-1.71808e-05
-2.04155e-05
5.25583e-05
6.71589e-05
7.62459e-07
5.78386e-05
-4.23904e-06
5.02118e-05
-9.55382e-06
-1.38027e-05
4.35992e-05
3.86843e-05
3.86589e-06
3.63191e-05
-1.87361e-06
3.37968e-05
-7.03138e-06
-1.09076e-05
3.09018e-05
1.44461e-05
-2.84327e-07
1.72873e-05
-4.71461e-06
1.84871e-05
-8.23113e-06
-1.09164e-05
1.84958e-05
7.0657e-08
-7.33909e-06
4.6687e-06
-9.31259e-06
7.43592e-06
-1.09984e-05
-1.24984e-05
9.01783e-06
-5.49697e-06
-1.26074e-05
-1.61595e-06
-1.31937e-05
1.20003e-06
-1.38145e-05
-1.45138e-05
3.21526e-06
-6.878e-06
-1.62603e-05
-3.90498e-06
-1.61669e-05
-1.50384e-06
-1.62157e-05
-1.63939e-05
3.76138e-07
-5.58396e-06
-1.86049e-05
-3.53422e-06
-1.82167e-05
-1.78262e-06
-1.79674e-05
-1.785e-05
-3.2657e-07
-3.0325e-06
-1.99085e-05
-1.81798e-06
-1.94312e-05
-7.1786e-07
-1.90675e-05
-1.8816e-05
2.48212e-07
-1.47106e-07
-2.04157e-05
3.90161e-07
-1.99683e-05
9.2291e-07
-1.96001e-05
-1.9315e-05
1.42213e-06
2.48709e-06
-2.03675e-05
2.51373e-06
-1.99948e-05
2.58595e-06
-1.96721e-05
-1.94054e-05
2.67645e-06
4.57349e-06
-1.9911e-05
4.21101e-06
-1.96322e-05
3.91805e-06
-1.93789e-05
-1.91575e-05
3.67032e-06
5.94189e-06
-1.91732e-05
5.30344e-06
-1.89936e-05
4.74713e-06
-1.88224e-05
-1.86636e-05
4.25333e-06
6.59109e-06
-1.82719e-05
5.79346e-06
-1.81958e-05
5.08879e-06
-1.81176e-05
-1.80368e-05
4.46201e-06
6.67186e-06
-1.7325e-05
5.83298e-06
-1.73568e-05
5.09283e-06
-1.73774e-05
-1.73845e-05
4.44066e-06
6.40708e-06
-1.64253e-05
5.60607e-06
-1.65558e-05
4.89488e-06
-1.66661e-05
-1.67633e-05
4.27371e-06
5.86556e-06
-1.55653e-05
5.09139e-06
-1.57816e-05
4.4071e-06
-1.59819e-05
-1.61821e-05
3.82585e-06
4.58188e-06
-1.47153e-05
3.84889e-06
-1.50486e-05
3.2443e-06
-1.53773e-05
-1.57039e-05
2.76614e-06
1.73105e-06
1.39366e-06
1.13968e-06
9.55327e-07
3.517e-05
-2.25851e-05
3.88453e-05
-2.38957e-05
2.16587e-05
-9.1407e-06
-2.45803e-05
7.4453e-06
-7.24731e-05
2.12991e-05
-0.000117204
7.7656e-05
-0.000152316
0.000118225
-0.000167991
0.000147074
-0.000102014
8.98572e-05
-4.54975e-06
-1.42371e-05
-2.21099e-05
-5.86962e-06
-7.19562e-05
4.47584e-05
-0.000147673
0.000133923
-0.000181254
0.000113123
-0.000175894
5.80528e-05
-0.000125247
-5.16295e-05
-6.50657e-05
-0.000190356
-5.51532e-05
-0.000239013
-0.000216589
-3.12242e-05
-4.15662e-05
-1.45524e-06
-5.36647e-05
1.16593e-05
-2.22552e-05
-6.45357e-06
2.55581e-05
-2.24049e-05
3.72505e-05
-1.75899e-05
7.2841e-05
-3.20069e-05
0.000132642
-4.69818e-06
0.000119765
6.27805e-05
2.23786e-05
7.93803e-05
-3.0837e-05
7.59581e-05
-2.44737e-06
5.92039e-05
6.15125e-05
-6.35413e-06
0.000199482
-3.59229e-05
0.000142692
1.83142e-05
3.81578e-06
6.64921e-05
-9.98076e-05
6.47911e-05
-0.000188655
3.52645e-05
-0.000209486
-0.000181324
-0.000103215
-0.000107919
-5.30582e-05
-0.000103822
-2.26454e-05
-5.2668e-05
-1.13348e-05
1.42476e-05
-1.03321e-05
3.62477e-05
1.95116e-05
4.29973e-05
6.30219e-05
8.91322e-05
8.44627e-05
9.83246e-05
8.29346e-05
2.39066e-05
4.86746e-05
3.42303e-06
1.26207e-05
3.36065e-05
-4.52679e-05
0.000119401
-6.36919e-05
0.000217906
2.48456e-05
5.41547e-05
0.000120501
-9.18396e-05
0.000150691
-0.000129997
0.000130386
-0.00016835
8.40773e-05
-0.000163178
-9.7247e-05
-7.79637e-05
-9.4291e-05
-8.4658e-05
-9.71274e-05
-4.63097e-05
-9.10164e-05
-2.29901e-05
-9.072e-06
-1.13283e-05
2.45859e-05
1.76596e-05
1.40093e-05
4.46631e-05
6.21288e-05
2.32963e-05
0.000119691
-8.10211e-05
0.000128224
-0.000178054
0.000100456
-0.000255046
0.000110599
-0.000259681
0.000124036
-5.76901e-05
1.59145e-05
0.000108473
-0.000112008
0.000153601
-0.000136968
0.000170632
-0.000147029
0.000149945
-0.000147663
9.60541e-05
-0.000109287
-1.19286e-06
-6.64066e-05
-8.63719e-05
-7.35144e-05
-9.00197e-05
-8.73813e-05
-7.71495e-05
-3.59339e-05
-6.05194e-05
-1.03724e-05
-9.75561e-07
-1.69782e-05
2.06151e-05
-9.34832e-05
0.000138634
-0.000221516
0.000247725
-0.000311813
0.00021852
-0.000331547
0.00012019
-0.000250415
2.94676e-05
-6.23587e-05
-6.40206e-05
9.00356e-05
-0.00013648
0.000138
-0.000159973
0.000160158
-0.000159126
0.000168928
-0.000155798
0.000154094
-0.000132829
9.3067e-05
-4.82596e-05
9.18741e-05
-5.72847e-05
-9.54489e-05
-5.03048e-05
-9.69997e-05
-5.28095e-05
-7.46449e-05
-6.60246e-05
-4.73044e-05
-5.41499e-05
-1.28503e-05
-0.000121665
8.81304e-05
-0.000195992
0.000212961
-0.000238718
0.00029045
-0.000210503
0.000190306
-0.000126129
3.58163e-05
1.63304e-06
-9.82945e-05
9.72634e-05
-0.000159651
0.000129248
-0.000168464
0.00013249
-0.000163215
0.000135951
-0.000162587
0.00014131
-0.000161157
0.000120331
-0.00011185
5.87875e-05
1.32841e-05
0.000150662
-9.37415e-05
-8.87227e-05
-0.000113096
-7.76449e-05
-0.000127932
-5.98088e-05
-0.000125136
-5.01008e-05
-0.000138358
3.7153e-07
-0.000141957
9.1729e-05
-0.000131192
0.000202197
-7.65207e-05
0.000235778
4.76954e-05
6.60899e-05
0.00014166
-5.81478e-05
0.000156337
-0.000112972
0.000144594
-0.000147908
0.000127953
-0.000151823
0.00010975
-0.000145012
0.00010442
-0.000157258
9.91123e-05
-0.000155849
7.58835e-05
-8.86212e-05
2.48613e-05
6.43062e-05
0.000175523
-9.70208e-05
-9.05368e-05
-9.76052e-05
-7.70607e-05
-0.000136492
-2.09219e-05
-0.000158184
-2.84085e-05
-0.000139671
-1.81424e-05
-5.96541e-05
1.17122e-05
1.87057e-05
0.000123837
0.000137923
0.000116561
0.000222472
-1.84599e-05
0.000227482
-6.3157e-05
0.000198348
-8.38383e-05
0.000161378
-0.000110938
0.000137303
-0.000127748
0.000114625
-0.000122334
8.93705e-05
-0.000132003
0.000115358
-0.000181837
0.000111619
-8.48822e-05
3.51225e-05
0.000140803
0.000210645
-8.52042e-05
-9.53518e-05
-8.66903e-05
-7.55746e-05
-5.56731e-05
-5.19391e-05
-5.00869e-05
-3.39947e-05
-3.58155e-05
-3.24129e-05
5.96641e-05
-8.37675e-05
0.000159443
2.40588e-05
0.000240432
3.55726e-05
0.000227054
-5.08228e-06
0.000200976
-3.70796e-05
0.000185049
-6.79111e-05
0.000164683
-9.05721e-05
0.000127715
-9.07798e-05
7.74973e-05
-7.21164e-05
5.76886e-05
-0.000112195
5.99197e-05
-0.000184068
5.40677e-05
-7.90302e-05
1.56284e-05
0.000179242
0.000226274
-7.95613e-05
-0.000116647
-6.06329e-05
-9.4503e-05
-3.97422e-05
-7.28298e-05
-1.28968e-05
-6.08403e-05
6.72009e-06
-5.20299e-05
-6.13918e-06
-7.09082e-05
3.76678e-05
-1.97482e-05
9.86435e-05
-2.54029e-05
0.000132113
-3.85517e-05
0.000158157
-6.31237e-05
0.000157696
-6.745e-05
0.000113366
-4.62424e-05
3.68727e-05
-1.42865e-05
-2.06698e-05
-1.45739e-05
-4.43244e-05
-8.854e-05
-4.89611e-05
-0.000179431
-7.85684e-06
-0.000120134
-4.91516e-06
0.0001763
0.000221359
-8.81987e-05
-0.000139519
-6.81327e-05
-0.000114569
-4.18866e-05
-9.90758e-05
-1.85388e-05
-8.41881e-05
1.30992e-06
-7.18786e-05
1.02002e-05
-7.97985e-05
4.15538e-05
-5.11018e-05
7.90234e-05
-6.28725e-05
0.000101026
-6.05544e-05
0.000110684
-7.27819e-05
5.80213e-05
-1.47868e-05
-7.22672e-06
1.90054e-05
-5.06596e-05
2.91463e-05
-7.7146e-05
1.19125e-05
-9.98767e-05
-6.58094e-05
-0.000121153
-0.000158154
-0.000107057
-0.000134231
-2.83476e-05
9.75914e-05
0.000193011
-7.93086e-05
-0.000121564
-8.86985e-05
-0.000105179
-5.72695e-05
-0.000130505
-3.24827e-05
-0.000108975
-8.09856e-06
-9.62627e-05
7.75429e-06
-9.56513e-05
3.07646e-05
-7.41121e-05
5.53885e-05
-8.74964e-05
4.68371e-05
-5.20029e-05
-2.56278e-05
-3.17086e-07
-7.00614e-05
2.96466e-05
-7.22591e-05
2.12029e-05
-6.57108e-05
2.25981e-05
-6.45189e-05
1.07206e-05
-9.00384e-05
-4.02898e-05
-0.000135435
-0.000112757
-0.000150233
-0.000119434
-6.26171e-05
9.97591e-06
0.000130394
-5.54755e-05
-0.000124818
-4.66975e-05
-0.000113957
-6.13565e-05
-0.000115846
-6.15933e-05
-0.000108738
-4.69241e-05
-0.000110932
-5.37592e-05
-8.88162e-05
-5.10011e-05
-7.68703e-05
-7.87725e-05
-5.97251e-05
-9.48142e-05
-3.59616e-05
-9.4006e-05
-1.12559e-06
-6.94107e-05
5.05122e-06
-5.17059e-05
3.49793e-06
-3.45921e-05
5.48414e-06
-2.91121e-05
5.24071e-06
-5.23868e-05
-1.7015e-05
-0.000107721
-5.74232e-05
-0.000155164
-7.19906e-05
-0.000108753
-3.64358e-05
2.16411e-05
-5.41805e-05
-0.00013255
-4.60169e-05
-0.000122121
-4.8976e-05
-0.000112886
-5.21545e-05
-0.000105559
-6.53259e-05
-9.77604e-05
-7.02192e-05
-8.39229e-05
-7.51986e-05
-7.18909e-05
-7.63945e-05
-5.85293e-05
-6.9315e-05
-4.30412e-05
-5.02877e-05
-2.01531e-05
-3.59502e-05
-9.28647e-06
-2.52951e-05
-7.15713e-06
-1.47715e-05
-5.03953e-06
-6.68257e-06
-2.84811e-06
-1.52068e-05
-8.49074e-06
-5.0748e-05
-2.1882e-05
-9.08984e-05
-3.18402e-05
-7.4981e-05
-5.23532e-05
-5.334e-05
-5.22968e-05
-0.000136158
-5.02087e-05
-0.000124209
-4.89478e-05
-0.000114147
-4.95902e-05
-0.000104917
-5.26767e-05
-9.46739e-05
-5.27941e-05
-8.38056e-05
-5.26536e-05
-7.20315e-05
-5.11445e-05
-6.00386e-05
-4.88993e-05
-4.52867e-05
-3.87585e-05
-3.02942e-05
-2.68625e-05
-2.11825e-05
-1.83465e-05
-1.5673e-05
-1.17154e-05
-1.16705e-05
-5.29578e-06
-9.26774e-06
-3.61985e-06
-1.01666e-05
-1.43306e-05
-1.11712e-05
-4.02455e-05
-5.92529e-06
-4.17864e-05
-5.08124e-05
-9.51264e-05
-4.18348e-05
-0.000139475
-4.06619e-05
-0.000125381
-4.13393e-05
-0.00011347
-4.31273e-05
-0.000103129
-4.41903e-05
-9.36109e-05
-4.44119e-05
-8.35839e-05
-4.39388e-05
-7.25047e-05
-4.29273e-05
-6.10503e-05
-3.8746e-05
-4.9468e-05
-2.9837e-05
-3.92032e-05
-1.99405e-05
-3.1079e-05
-1.21098e-05
-2.35038e-05
-6.78305e-06
-1.69971e-05
-3.59142e-06
-1.24592e-05
-4.09507e-06
-9.66278e-06
-9.51957e-06
-5.74668e-06
-2.29975e-05
7.55257e-06
-2.25349e-05
-5.1275e-05
-0.000117661
-3.09103e-05
-0.000140913
-3.07121e-05
-0.00012558
-3.14619e-05
-0.00011272
-3.28592e-05
-0.000101732
-3.44044e-05
-9.20657e-05
-3.54973e-05
-8.24911e-05
-3.52546e-05
-7.27473e-05
-3.31448e-05
-6.316e-05
-2.79909e-05
-5.46219e-05
-1.89742e-05
-4.82199e-05
-9.13638e-06
-4.09168e-05
-1.55021e-06
-3.10899e-05
2.24797e-06
-2.0795e-05
2.04406e-06
-1.22553e-05
-2.32839e-06
-5.29022e-06
-1.17598e-05
3.68476e-06
-1.90286e-05
1.48214e-05
-1.20728e-05
-5.82308e-05
-0.000129734
-1.79233e-05
-0.000139592
-1.9999e-05
-0.000123504
-2.23539e-05
-0.000110365
-2.45802e-05
-9.95055e-05
-2.64218e-05
-9.02241e-05
-2.73217e-05
-8.15911e-05
-2.68465e-05
-7.32225e-05
-2.43987e-05
-6.56077e-05
-1.83029e-05
-6.07177e-05
-7.66994e-06
-5.88527e-05
3.1286e-06
-5.17153e-05
9.95491e-06
-3.79162e-05
1.12196e-05
-2.20595e-05
7.47562e-06
-8.51121e-06
-5.79469e-07
2.76494e-06
-1.30825e-05
1.61879e-05
-1.44033e-05
1.61423e-05
-5.91602e-06
-6.67181e-05
-0.00013565
-4.28545e-06
-0.000134557
-8.99575e-06
-0.000118794
-1.31527e-05
-0.000106208
-1.65659e-05
-9.60923e-05
-1.9047e-05
-8.77431e-05
-2.03152e-05
-8.0323e-05
-1.99734e-05
-7.35642e-05
-1.69513e-05
-6.86298e-05
-9.15763e-06
-6.85113e-05
3.33587e-06
-7.13462e-05
1.44938e-05
-6.28731e-05
1.98794e-05
-4.33018e-05
1.83815e-05
-2.05615e-05
1.14478e-05
-1.57732e-06
8.57419e-07
1.33554e-05
-1.02798e-05
2.73252e-05
-6.82076e-06
1.26832e-05
-4.49197e-07
-7.30898e-05
-0.0001361
9.18854e-06
-0.000124878
1.36825e-06
-0.000110974
-4.74256e-06
-0.000100098
-9.43461e-06
-9.14003e-05
-1.27767e-05
-8.44011e-05
-1.46285e-05
-7.84712e-05
-1.45372e-05
-7.36554e-05
-1.10851e-05
-7.20819e-05
-1.95926e-06
-7.7637e-05
1.09598e-05
-8.42652e-05
2.0952e-05
-7.28654e-05
2.42308e-05
-4.65805e-05
2.03778e-05
-1.67084e-05
1.19138e-05
6.8868e-06
1.12801e-06
2.41413e-05
-7.45754e-06
3.59107e-05
-1.16142e-06
6.38702e-06
3.21991e-06
-7.74712e-05
-0.00013288
2.13366e-05
-0.000110546
1.05848e-05
-0.000100222
2.49858e-06
-9.20115e-05
-3.51993e-06
-8.53818e-05
-7.81554e-06
-8.01056e-05
-1.0432e-05
-7.58546e-05
-1.09986e-05
-7.30888e-05
-7.90749e-06
-7.5173e-05
3.74461e-07
-8.59191e-05
1.09489e-05
-9.48397e-05
1.75934e-05
-7.95097e-05
1.826e-05
-4.72471e-05
1.34198e-05
-1.18681e-05
5.36954e-06
1.49371e-05
-3.37484e-06
3.28857e-05
-7.92515e-06
4.04609e-05
2.00298e-06
-3.54119e-06
4.79402e-06
-8.02623e-05
-0.000128086
3.04488e-05
-9.25688e-05
1.75105e-05
-8.72832e-05
8.0096e-06
-8.25108e-05
9.69288e-07
-7.83415e-05
-4.21586e-06
-7.49204e-05
-7.78494e-06
-7.22855e-05
-9.55707e-06
-7.13167e-05
-8.25449e-06
-7.64756e-05
-3.59235e-06
-9.05811e-05
8.08575e-07
-9.92407e-05
2.44008e-06
-8.11411e-05
8.61076e-07
-4.5668e-05
-2.98137e-06
-8.0257e-06
-9.60443e-06
2.156e-05
-1.52201e-05
3.85012e-05
-1.17857e-05
3.70265e-05
3.5085e-06
-1.88354e-05
5.14598e-06
-8.18999e-05
-0.00012294
3.5204e-05
-7.32661e-05
2.14988e-05
-7.35779e-05
1.14435e-05
-7.24555e-05
3.87293e-06
-7.0771e-05
-1.96089e-06
-6.90866e-05
-6.43512e-06
-6.78112e-05
-9.75561e-06
-6.79962e-05
-1.17356e-05
-7.44957e-05
-1.32549e-05
-8.90618e-05
-1.66178e-05
-9.58777e-05
-2.066e-05
-7.70989e-05
-2.45796e-05
-4.17485e-05
-2.84656e-05
-4.13979e-06
-3.13969e-05
2.44913e-05
-2.91226e-05
3.62269e-05
-1.33772e-05
2.1281e-05
6.49188e-06
-3.87045e-05
5.72529e-06
-8.11333e-05
-0.000117214
3.50281e-05
-5.57359e-05
2.23242e-05
-6.08739e-05
1.27859e-05
-6.29171e-05
5.36794e-06
-6.33531e-05
-6.41324e-07
-6.30774e-05
-5.71835e-06
-6.27341e-05
-1.04266e-05
-6.32879e-05
-1.60896e-05
-6.88326e-05
-2.42882e-05
-8.08632e-05
-3.45187e-05
-8.56471e-05
-4.36728e-05
-6.79447e-05
-5.02036e-05
-3.52178e-05
-5.35237e-05
-8.19866e-07
-5.08466e-05
2.18141e-05
-3.74862e-05
2.28665e-05
-9.86172e-06
-6.34347e-06
9.15012e-06
-5.77163e-05
6.32872e-06
-7.8312e-05
-0.000110886
3.05728e-05
-4.27094e-05
2.04331e-05
-5.07342e-05
1.23867e-05
-5.48707e-05
5.80587e-06
-5.67723e-05
1.99834e-07
-5.74713e-05
-4.86718e-06
-5.7667e-05
-1.01705e-05
-5.79846e-05
-1.80286e-05
-6.09743e-05
-3.05904e-05
-6.83015e-05
-4.52991e-05
-7.09384e-05
-5.80156e-05
-5.52283e-05
-6.62505e-05
-2.6983e-05
-6.62654e-05
-8.05089e-07
-5.48615e-05
1.04102e-05
-3.05667e-05
-1.42827e-06
-1.68683e-06
-3.52233e-05
9.88019e-06
-6.92834e-05
6.92546e-06
-7.53573e-05
-0.00010396
2.35826e-05
-3.53901e-05
1.68168e-05
-4.39684e-05
1.08515e-05
-4.89054e-05
5.61163e-06
-5.15324e-05
9.33891e-07
-5.27936e-05
-3.43804e-06
-5.3295e-05
-8.2038e-06
-5.32189e-05
-1.55402e-05
-5.36377e-05
-2.80312e-05
-5.58105e-05
-4.28646e-05
-5.61049e-05
-5.42027e-05
-4.38902e-05
-5.88146e-05
-2.23713e-05
-5.25484e-05
-7.07134e-06
-3.46527e-05
-7.48552e-06
-9.72387e-06
-2.6357e-05
9.50653e-06
-5.44536e-05
1.24533e-05
-7.22301e-05
8.39815e-06
-7.13021e-05
-9.55622e-05
1.61812e-05
-3.30754e-05
1.26563e-05
-4.04435e-05
8.85432e-06
-4.51034e-05
5.15452e-06
-4.78326e-05
1.68972e-06
-4.93287e-05
-1.58927e-06
-5.00159e-05
-5.00103e-06
-4.98071e-05
-9.83991e-06
-4.87988e-05
-1.82584e-05
-4.7392e-05
-2.87018e-05
-4.56615e-05
-3.43502e-05
-3.82419e-05
-3.20397e-05
-2.46819e-05
-2.20429e-05
-1.70681e-05
-5.80189e-06
-2.37265e-05
1.06237e-05
-4.27824e-05
1.81946e-05
-6.20244e-05
1.6028e-05
-7.00635e-05
1.01475e-05
-6.54215e-05
-8.54147e-05
9.97592e-06
-3.40336e-05
8.90961e-06
-3.93773e-05
6.9474e-06
-4.31412e-05
4.68582e-06
-4.55711e-05
2.42579e-06
-4.70686e-05
2.76856e-07
-4.78669e-05
-1.80924e-06
-4.7721e-05
-4.25279e-06
-4.63553e-05
-7.7743e-06
-4.38706e-05
-1.23377e-05
-4.10983e-05
-1.33843e-05
-3.71955e-05
-7.24815e-06
-3.08181e-05
3.33062e-06
-2.76468e-05
1.56139e-05
-3.60096e-05
2.30537e-05
-5.02221e-05
2.26925e-05
-6.16631e-05
1.71729e-05
-6.45438e-05
1.07702e-05
-5.90188e-05
-7.46445e-05
5.65738e-06
-3.64758e-05
6.08973e-06
-3.98096e-05
5.44825e-06
-4.24997e-05
4.31209e-06
-4.4435e-05
3.00652e-06
-4.5763e-05
1.69343e-06
-4.65539e-05
4.94843e-07
-4.65225e-05
-5.66794e-07
-4.52938e-05
-1.21817e-06
-4.32194e-05
-1.15614e-06
-4.11604e-05
8.50359e-07
-3.9202e-05
7.01742e-06
-3.69851e-05
1.63763e-05
-3.70055e-05
2.37495e-05
-4.33827e-05
2.51084e-05
-5.15809e-05
2.11308e-05
-5.76853e-05
1.49827e-05
-5.83957e-05
9.66352e-06
-5.36997e-05
-6.4981e-05
3.1521e-06
-3.92518e-05
4.29611e-06
-4.09536e-05
4.43586e-06
-4.26394e-05
4.01709e-06
-4.40163e-05
3.30828e-06
-4.50542e-05
2.46695e-06
-4.57127e-05
1.67162e-06
-4.57273e-05
1.16059e-06
-4.47829e-05
1.30625e-06
-4.33653e-05
2.72784e-06
-4.25821e-05
6.0026e-06
-4.24768e-05
1.1283e-05
-4.22654e-05
1.74828e-05
-4.32052e-05
2.07432e-05
-4.66429e-05
1.9289e-05
-5.01266e-05
1.5321e-05
-5.37173e-05
1.09055e-05
-5.39802e-05
7.63618e-06
-5.04304e-05
-5.73448e-05
2.10446e-06
-4.16829e-05
3.37401e-06
-4.22231e-05
3.81336e-06
-4.30787e-05
3.7128e-06
-4.39157e-05
3.2672e-06
-4.46086e-05
2.62023e-06
-4.50658e-05
1.97085e-06
-4.5078e-05
1.61768e-06
-4.44299e-05
1.88582e-06
-4.36335e-05
3.03597e-06
-4.37323e-05
5.37172e-06
-4.48125e-05
8.75154e-06
-4.56451e-05
1.19616e-05
-4.64151e-05
1.28847e-05
-4.7566e-05
1.12961e-05
-4.8538e-05
9.28182e-06
-5.1703e-05
7.01505e-06
-5.17134e-05
5.74272e-06
-4.91581e-05
-5.1602e-05
2.01608e-06
-4.34506e-05
3.02322e-06
-4.32302e-05
3.39783e-06
-4.34533e-05
3.31922e-06
-4.38371e-05
2.93003e-06
-4.42194e-05
2.36698e-06
-4.45028e-05
1.83262e-06
-4.45437e-05
1.60635e-06
-4.42036e-05
1.92931e-06
-4.39566e-05
2.70092e-06
-4.45039e-05
3.74935e-06
-4.58609e-05
5.01929e-06
-4.6915e-05
6.06043e-06
-4.74562e-05
6.24694e-06
-4.77525e-05
5.6969e-06
-4.7988e-05
5.08143e-06
-5.10876e-05
4.13539e-06
-5.07674e-05
4.03262e-06
-4.90553e-05
-4.75694e-05
2.40123e-06
-4.44296e-05
2.92533e-06
-4.37541e-05
3.03128e-06
-4.35591e-05
2.8413e-06
-4.3647e-05
2.46134e-06
-4.38393e-05
2.01202e-06
-4.40534e-05
1.66827e-06
-4.41999e-05
1.63793e-06
-4.41733e-05
2.01387e-06
-4.43325e-05
2.52143e-06
-4.50115e-05
2.84127e-06
-4.61807e-05
2.98458e-06
-4.70583e-05
2.99161e-06
-4.74633e-05
3.09078e-06
-4.78517e-05
3.11139e-06
-4.80088e-05
2.68194e-06
-5.06582e-05
2.10058e-06
-5.01861e-05
2.32912e-06
-4.92837e-05
-4.52402e-05
2.86606e-06
-4.4619e-05
2.85245e-06
-4.37404e-05
2.66509e-06
-4.33716e-05
2.38515e-06
-4.3367e-05
2.07131e-06
-4.35253e-05
1.80093e-06
-4.37829e-05
1.68058e-06
-4.40795e-05
1.81709e-06
-4.43098e-05
2.17306e-06
-4.46885e-05
2.46687e-06
-4.53053e-05
2.47025e-06
-4.6184e-05
2.28728e-06
-4.68753e-05
2.07239e-06
-4.72484e-05
2.09438e-06
-4.78738e-05
2.03988e-06
-4.79544e-05
1.31155e-06
-4.993e-05
6.59508e-07
-4.95341e-05
7.48411e-07
-4.93726e-05
-4.44917e-05
3.17922e-06
-4.41278e-05
2.73278e-06
-4.32938e-05
2.36452e-06
-4.30032e-05
2.08697e-06
-4.30892e-05
1.89473e-06
-4.33329e-05
1.8015e-06
-4.36895e-05
1.82755e-06
-4.41054e-05
1.99747e-06
-4.44796e-05
2.23176e-06
-4.49227e-05
2.35857e-06
-4.5432e-05
2.26365e-06
-4.6089e-05
2.05231e-06
-4.66639e-05
1.83789e-06
-4.70341e-05
1.67076e-06
-4.77068e-05
1.42832e-06
-4.77121e-05
6.01589e-07
-4.91034e-05
-9.99705e-08
-4.88325e-05
-3.05164e-07
-4.91673e-05
-4.47969e-05
3.29759e-06
-4.3172e-05
2.62527e-06
-4.26213e-05
2.21966e-06
-4.25975e-05
2.0017e-06
-4.28711e-05
1.91048e-06
-4.32415e-05
1.90383e-06
-4.36827e-05
1.94254e-06
-4.4144e-05
2.02348e-06
-4.45605e-05
2.09838e-06
-4.49975e-05
2.10958e-06
-4.54431e-05
1.99933e-06
-4.59787e-05
1.81099e-06
-4.64756e-05
1.61303e-06
-4.68362e-05
1.33013e-06
-4.74241e-05
1.0736e-06
-4.74558e-05
3.96111e-07
-4.8426e-05
-2.36765e-07
-4.81997e-05
-6.40918e-07
-4.87632e-05
-4.54378e-05
3.31052e-06
-4.20204e-05
2.60477e-06
-4.19154e-05
2.231e-06
-4.22235e-05
2.04738e-06
-4.26872e-05
1.97074e-06
-4.31646e-05
1.93603e-06
-4.36478e-05
1.89755e-06
-4.41054e-05
1.86373e-06
-4.45265e-05
1.82349e-06
-4.49572e-05
1.7705e-06
-4.539e-05
1.66221e-06
-4.58704e-05
1.49946e-06
-4.63129e-05
1.33352e-06
-4.66704e-05
1.06964e-06
-4.71604e-05
8.88768e-07
-4.72751e-05
4.18398e-07
-4.79558e-05
-1.3783e-08
-4.77676e-05
-4.84414e-07
-4.82926e-05
-4.59223e-05
3.30186e-06
-4.08815e-05
2.64075e-06
-4.12542e-05
2.27473e-06
-4.18574e-05
2.0584e-06
-4.24708e-05
1.91701e-06
-4.30231e-05
1.79863e-06
-4.35293e-05
1.68353e-06
-4.39902e-05
1.58682e-06
-4.44297e-05
1.50297e-06
-4.48732e-05
1.42776e-06
-4.53147e-05
1.32677e-06
-4.57694e-05
1.19512e-06
-4.61813e-05
1.06807e-06
-4.65435e-05
8.66627e-07
-4.69591e-05
7.28866e-07
-4.71375e-05
4.04339e-07
-4.76314e-05
1.6289e-07
-4.75262e-05
-2.2975e-07
-4.79e-05
-4.61521e-05
3.21575e-06
-3.98235e-05
2.57877e-06
-4.06171e-05
2.17721e-06
-4.14558e-05
1.8951e-06
-4.21886e-05
1.68042e-06
-4.28083e-05
1.50652e-06
-4.33553e-05
1.36897e-06
-4.38526e-05
1.26739e-06
-4.43281e-05
1.18592e-06
-4.47917e-05
1.11318e-06
-4.52419e-05
1.02571e-06
-4.56819e-05
9.24262e-07
-4.60799e-05
8.23503e-07
-4.64428e-05
6.68586e-07
-4.68043e-05
5.48108e-07
-4.70171e-05
3.05254e-07
-4.73887e-05
1.47292e-07
-4.73684e-05
-1.30705e-07
-4.76221e-05
-4.62829e-05
2.84916e-06
-3.88469e-05
2.23302e-06
-4.0001e-05
1.8157e-06
-4.10384e-05
1.51033e-06
-4.18832e-05
1.28458e-06
-4.25825e-05
1.12045e-06
-4.31911e-05
1.00627e-06
-4.37383e-05
9.25839e-07
-4.42476e-05
8.61519e-07
-4.47272e-05
8.02218e-07
-4.51825e-05
7.34043e-07
-4.56137e-05
6.59276e-07
-4.60051e-05
5.79546e-07
-4.63631e-05
4.64175e-07
-4.66891e-05
3.672e-07
-4.69203e-05
1.86273e-07
-4.72079e-05
5.78233e-08
-4.72401e-05
-1.38003e-07
-4.74264e-05
-4.64209e-05
1.99021e-06
-3.8071e-05
1.50848e-06
-3.95193e-05
1.18088e-06
-4.07108e-05
9.47381e-07
-4.16497e-05
7.86292e-07
-4.24214e-05
6.77433e-07
-4.30823e-05
6.04288e-07
-4.36651e-05
5.52079e-07
-4.41953e-05
5.10224e-07
-4.46853e-05
4.71485e-07
-4.51437e-05
4.28955e-07
-4.55711e-05
3.83346e-07
-4.59595e-05
3.32545e-07
-4.63124e-05
2.64422e-07
-4.6621e-05
2.03256e-07
-4.68592e-05
9.00321e-08
-4.70947e-05
-3.76571e-09
-4.71464e-05
-1.35818e-07
-4.72945e-05
-4.65568e-05
6.81501e-07
5.13936e-07
3.90937e-07
3.05449e-07
2.48597e-07
2.1063e-07
1.85509e-07
1.67647e-07
1.54155e-07
1.41957e-07
1.28483e-07
1.15408e-07
9.94515e-08
7.78096e-08
6.27823e-08
1.92041e-08
-1.52758e-08
-8.78007e-08
)
;

boundaryField
{
    leftWall
    {
        type            calculated;
        value           uniform 0;
    }
    rightWall
    {
        type            calculated;
        value           uniform 0;
    }
    lowerWall
    {
        type            calculated;
        value           uniform 0;
    }
    atmosphere
    {
        type            calculated;
        value           nonuniform List<scalar> 
46
(
0.000104842
0.000128688
0.000121089
0.000112146
0.000105645
9.91771e-05
9.08543e-05
8.04683e-05
6.86343e-05
5.60381e-05
4.32512e-05
3.07835e-05
1.91064e-05
8.61688e-06
-3.93313e-07
-7.7842e-06
-1.36439e-05
-1.81583e-05
-2.15439e-05
-2.40568e-05
-2.59586e-05
-2.75191e-05
-2.90173e-05
-1.43006e-05
-1.47112e-05
-1.51233e-05
-1.55196e-05
-3.77972e-05
-3.93517e-05
-4.05878e-05
-4.15642e-05
-4.23646e-05
-4.30443e-05
-4.364e-05
-4.41774e-05
-4.46718e-05
-4.51315e-05
-4.55576e-05
-4.59464e-05
-4.62964e-05
-4.65994e-05
-4.68442e-05
-4.70512e-05
-4.7112e-05
-4.7222e-05
-4.66446e-05
)
;
    }
    defaultFaces
    {
        type            empty;
        value           nonuniform 0();
    }
}


// ************************************************************************* //
