/*--------------------------------*- C++ -*----------------------------------*\
| =========                 |                                                 |
| \\      /  F ield         | OpenFOAM: The Open Source CFD Toolbox           |
|  \\    /   O peration     | Version:  2.3.0                                 |
|   \\  /    A nd           | Web:      www.OpenFOAM.org                      |
|    \\/     M anipulation  |                                                 |
\*---------------------------------------------------------------------------*/
FoamFile
{
    version     2.0;
    format      ascii;
    class       surfaceScalarField;
    location    "2.75";
    object      phi;
}
// * * * * * * * * * * * * * * * * * * * * * * * * * * * * * * * * * * * * * //

dimensions      [0 3 -1 0 0 0 0];

internalField   nonuniform List<scalar> 
4432
(
5.74278e-09
-5.74279e-09
-5.15179e-07
5.2092e-07
-1.30515e-06
7.89962e-07
-2.10015e-06
7.95002e-07
-2.81832e-06
7.18168e-07
-3.42511e-06
6.06801e-07
-3.90505e-06
4.79937e-07
-4.25018e-06
3.45117e-07
-4.45705e-06
2.06885e-07
-4.52331e-06
6.62636e-08
-4.44112e-06
-8.21988e-08
-4.19393e-06
-2.47151e-07
-3.75493e-06
-4.38994e-07
-3.08372e-06
-6.71212e-07
-2.15021e-06
-9.33509e-07
-1.02449e-06
-1.12574e-06
-4.49021e-08
-9.79577e-07
8.63363e-07
-9.08236e-07
1.88709e-06
-1.02374e-06
3.06086e-06
-1.17376e-06
3.8406e-06
-7.79764e-07
3.11834e-06
7.22274e-07
3.11834e-06
-2.69022e-07
2.63269e-07
-9.06158e-07
1.15805e-06
-1.68798e-06
1.57178e-06
-2.46814e-06
1.57516e-06
-3.17252e-06
1.42254e-06
-3.76951e-06
1.2038e-06
-4.24434e-06
9.54777e-07
-4.58838e-06
6.89151e-07
-4.79646e-06
4.14966e-07
-4.86473e-06
1.3456e-07
-4.78793e-06
-1.59004e-07
-4.55537e-06
-4.79686e-07
-4.14938e-06
-8.44984e-07
-3.55734e-06
-1.26326e-06
-2.78652e-06
-1.70431e-06
-1.88471e-06
-2.02752e-06
-9.31844e-07
-1.93245e-06
5.98376e-08
-1.89989e-06
1.04499e-06
-2.00893e-06
1.96175e-06
-2.0905e-06
2.60419e-06
-1.4222e-06
2.39836e-06
9.28093e-07
5.5167e-06
-4.97073e-07
7.60337e-07
-1.18088e-06
1.84186e-06
-1.94741e-06
2.33831e-06
-2.70722e-06
2.33498e-06
-3.39791e-06
2.11323e-06
-3.98996e-06
1.79585e-06
-4.46709e-06
1.43192e-06
-4.818e-06
1.04004e-06
-5.03466e-06
6.31611e-07
-5.11053e-06
2.10461e-07
-5.03912e-06
-2.30404e-07
-4.81289e-06
-7.05912e-07
-4.42544e-06
-1.23243e-06
-3.88102e-06
-1.80769e-06
-3.20525e-06
-2.38008e-06
-2.43229e-06
-2.80049e-06
-1.52095e-06
-2.8438e-06
-5.9752e-07
-2.82331e-06
2.73406e-07
-2.87987e-06
1.0378e-06
-2.85487e-06
1.63905e-06
-2.02343e-06
1.63842e-06
9.28703e-07
7.15514e-06
-6.66502e-07
1.42684e-06
-1.41844e-06
2.59381e-06
-2.19986e-06
3.11973e-06
-2.9573e-06
3.09243e-06
-3.64414e-06
2.80008e-06
-4.2351e-06
2.3868e-06
-4.71339e-06
1.91021e-06
-5.06551e-06
1.39218e-06
-5.28136e-06
8.47471e-07
-5.35327e-06
2.82374e-07
-5.27513e-06
-3.08552e-07
-5.04265e-06
-9.38392e-07
-4.65682e-06
-1.61824e-06
-4.13197e-06
-2.33255e-06
-3.50133e-06
-3.01073e-06
-2.79414e-06
-3.50767e-06
-1.97772e-06
-3.66023e-06
-1.1524e-06
-3.6486e-06
-4.2263e-07
-3.60965e-06
1.64757e-07
-3.44223e-06
6.68691e-07
-2.52737e-06
8.95124e-07
7.02261e-07
8.05028e-06
-8.03318e-07
2.23017e-06
-1.63901e-06
3.4295e-06
-2.45535e-06
3.93608e-06
-3.22369e-06
3.86077e-06
-3.91359e-06
3.48998e-06
-4.50542e-06
2.97865e-06
-4.98243e-06
2.38724e-06
-5.32917e-06
1.73893e-06
-5.53402e-06
1.05232e-06
-5.58907e-06
3.37428e-07
-5.48967e-06
-4.07954e-07
-5.23506e-06
-1.193e-06
-4.83178e-06
-2.02151e-06
-4.30095e-06
-2.86338e-06
-3.68104e-06
-3.63063e-06
-3.00622e-06
-4.18249e-06
-2.28142e-06
-4.38503e-06
-1.58704e-06
-4.34296e-06
-1.03812e-06
-4.15857e-06
-6.80013e-07
-3.80034e-06
-3.66382e-07
-2.84102e-06
6.4961e-08
2.70914e-07
8.11523e-06
-9.31707e-07
3.16188e-06
-1.85618e-06
4.35396e-06
-2.71575e-06
4.79566e-06
-3.50182e-06
4.64685e-06
-4.19804e-06
4.18621e-06
-4.79023e-06
3.57085e-06
-5.26151e-06
2.85852e-06
-5.59438e-06
2.0718e-06
-5.77617e-06
1.23411e-06
-5.79962e-06
3.60886e-07
-5.66252e-06
-5.4505e-07
-5.36817e-06
-1.48734e-06
-4.92833e-06
-2.46134e-06
-4.37035e-06
-3.42136e-06
-3.7402e-06
-4.26079e-06
-3.08436e-06
-4.83832e-06
-2.4346e-06
-5.0348e-06
-1.8796e-06
-4.89795e-06
-1.53897e-06
-4.49921e-06
-1.4632e-06
-3.87612e-06
-1.45806e-06
-2.84618e-06
-1.01826e-06
-1.68888e-07
7.09696e-06
-1.06608e-06
4.22798e-06
-2.07437e-06
5.36223e-06
-2.97481e-06
5.69609e-06
-3.77861e-06
5.45065e-06
-4.47992e-06
4.88753e-06
-5.06854e-06
4.15946e-06
-5.52674e-06
3.31671e-06
-5.8348e-06
2.37986e-06
-5.97956e-06
1.37886e-06
-5.95536e-06
3.3668e-07
-5.7637e-06
-7.36714e-07
-5.4129e-06
-1.83814e-06
-4.9206e-06
-2.95365e-06
-4.32152e-06
-4.02045e-06
-3.67159e-06
-4.91073e-06
-3.03124e-06
-5.47867e-06
-2.45386e-06
-5.61219e-06
-2.03388e-06
-5.31793e-06
-1.89404e-06
-4.63906e-06
-2.10554e-06
-3.66463e-06
-2.52166e-06
-2.43005e-06
-2.31496e-06
-3.75586e-07
4.78202e-06
-1.20644e-06
5.43442e-06
-2.2865e-06
6.4423e-06
-3.21865e-06
6.62823e-06
-4.03352e-06
6.26551e-06
-4.73385e-06
5.58785e-06
-5.31126e-06
4.73686e-06
-5.74616e-06
3.75161e-06
-6.01663e-06
2.65033e-06
-6.10997e-06
1.47218e-06
-6.02309e-06
2.498e-07
-5.76302e-06
-9.96792e-07
-5.34427e-06
-2.25688e-06
-4.79152e-06
-3.5064e-06
-4.14817e-06
-4.6638e-06
-3.48164e-06
-5.57726e-06
-2.86512e-06
-6.09519e-06
-2.36457e-06
-6.11275e-06
-2.07224e-06
-5.61027e-06
-2.10384e-06
-4.60747e-06
-2.54071e-06
-3.22778e-06
-3.31869e-06
-1.65207e-06
-3.62421e-06
-7.00821e-08
1.1578e-06
-2.87733e-06
2.87733e-06
-6.80577e-07
-2.19678e-06
1.9929e-06
-2.67347e-06
4.28995e-06
-2.29706e-06
6.18406e-06
-1.89411e-06
7.59369e-06
-1.40963e-06
8.1621e-06
-5.68396e-07
7.90252e-06
2.5957e-07
5.53923e-06
2.36328e-06
1.4716e-06
4.06762e-06
-4.44555e-07
1.91616e-06
-1.44932e-06
1.00474e-06
-4.29693e-06
2.84761e-06
-8.60701e-06
4.31008e-06
-1.16691e-05
3.06209e-06
-1.1096e-05
-5.73062e-07
-7.81827e-06
-3.27775e-06
-3.41938e-06
-4.39889e-06
-3.41937e-06
-9.47009e-07
3.82435e-06
6.48187e-07
-3.79199e-06
2.22745e-06
-4.25274e-06
3.66358e-06
-3.73317e-06
4.96331e-06
-3.19385e-06
5.84356e-06
-2.28988e-06
5.88746e-06
-6.12288e-07
5.30842e-06
8.38593e-07
4.13911e-06
3.53258e-06
1.88576e-06
6.32095e-06
5.60342e-08
3.74591e-06
-1.31978e-06
2.38054e-06
-3.63896e-06
5.1668e-06
-6.85018e-06
7.5213e-06
-8.71341e-06
4.92532e-06
-8.63125e-06
-6.55214e-07
-7.07864e-06
-4.83037e-06
-4.26046e-06
-7.21705e-06
-7.67983e-06
6.35482e-07
3.18886e-06
1.29144e-06
-4.44796e-06
2.10617e-06
-5.06748e-06
3.00738e-06
-4.63438e-06
3.90004e-06
-4.08651e-06
4.44662e-06
-2.83648e-06
4.2241e-06
-3.89772e-07
3.45285e-06
1.60985e-06
2.5631e-06
4.42236e-06
1.40163e-06
7.48241e-06
5.55452e-08
5.09201e-06
-1.06819e-06
3.50427e-06
-2.61128e-06
6.7099e-06
-4.37142e-06
9.28143e-06
-5.92049e-06
6.47439e-06
-6.33893e-06
-2.36771e-07
-5.66578e-06
-5.50353e-06
-3.91668e-06
-8.96613e-06
-1.15965e-05
1.3792e-06
1.80965e-06
1.48435e-06
-4.55311e-06
1.73768e-06
-5.32082e-06
2.24342e-06
-5.14014e-06
2.85386e-06
-4.69695e-06
3.19847e-06
-3.18108e-06
2.81978e-06
-1.10772e-08
2.06217e-06
2.36746e-06
1.33001e-06
5.15453e-06
7.82564e-07
8.02985e-06
-6.89309e-08
5.94352e-06
-9.04174e-07
4.3395e-06
-1.73485e-06
7.54059e-06
-2.45371e-06
1.00003e-05
-3.46787e-06
7.48854e-06
-4.10087e-06
3.9622e-07
-3.92136e-06
-5.68304e-06
-2.93101e-06
-9.95647e-06
-1.45275e-05
1.50929e-06
3.00349e-07
1.23576e-06
-4.27959e-06
1.11535e-06
-5.20041e-06
1.34177e-06
-5.36656e-06
1.75251e-06
-5.10769e-06
2.00168e-06
-3.43025e-06
1.54516e-06
4.45444e-07
8.3578e-07
3.07683e-06
3.15225e-07
5.67509e-06
1.85296e-07
8.15978e-06
-2.28044e-07
6.35687e-06
-6.73721e-07
4.78518e-06
-9.25712e-07
7.79258e-06
-9.76842e-07
1.00514e-05
-1.36679e-06
7.87848e-06
-1.97086e-06
1.00029e-06
-2.11798e-06
-5.53592e-06
-1.73176e-06
-1.03427e-05
-1.62593e-05
1.11648e-06
-8.16141e-07
5.68809e-07
-3.73192e-06
2.65642e-07
-4.89724e-06
3.07726e-07
-5.40865e-06
5.75934e-07
-5.3759e-06
8.08303e-07
-3.66263e-06
3.52963e-07
9.00787e-07
-2.77862e-07
3.70765e-06
-4.95581e-07
5.89281e-06
-3.08967e-07
7.97316e-06
-3.05551e-07
6.35346e-06
-4.79277e-07
4.9589e-06
-2.61169e-07
7.57447e-06
1.68594e-07
9.62165e-06
2.87747e-07
7.75932e-06
-8.44217e-08
1.37246e-06
-4.55834e-07
-5.16451e-06
-5.09359e-07
-1.02892e-05
-1.67687e-05
1.26534e-07
-9.42679e-07
-4.1204e-07
-3.19333e-06
-7.48331e-07
-4.56095e-06
-8.30406e-07
-5.32658e-06
-6.73024e-07
-5.53327e-06
-4.28996e-07
-3.90665e-06
-7.62586e-07
1.23439e-06
-1.22812e-06
4.1732e-06
-1.1696e-06
5.8343e-06
-6.27663e-07
7.43122e-06
-3.40271e-07
6.06607e-06
-3.27998e-07
4.94663e-06
2.24394e-07
7.02208e-06
1.01082e-06
8.83522e-06
1.5337e-06
7.23644e-06
1.45653e-06
1.44964e-06
9.46428e-07
-4.65442e-06
5.35773e-07
-9.87851e-06
-1.62329e-05
-1.17317e-06
2.30498e-07
-1.52974e-06
-2.83675e-06
-1.83201e-06
-4.25867e-06
-2.02186e-06
-5.13673e-06
-1.99297e-06
-5.56216e-06
-1.71822e-06
-4.1814e-06
-1.78573e-06
1.30189e-06
-2.00383e-06
4.3913e-06
-1.66508e-06
5.49555e-06
-8.42279e-07
6.60842e-06
-3.61183e-07
5.58498e-06
-1.70832e-07
4.75628e-06
5.4306e-07
6.30819e-06
1.58247e-06
7.79581e-06
2.45649e-06
6.36242e-06
2.56873e-06
1.33741e-06
2.03089e-06
-4.11658e-06
1.36548e-06
-9.21309e-06
-1.48674e-05
-2.95949e-06
8.3939e-06
-5.47506e-06
8.95788e-06
-7.5701e-06
8.72328e-06
-9.32151e-06
8.01695e-06
-1.0788e-05
7.05435e-06
-1.19577e-05
5.90658e-06
-1.2778e-05
4.57182e-06
-1.31942e-05
3.06657e-06
-1.31871e-05
1.46509e-06
-1.27636e-05
-1.73675e-07
-1.19628e-05
-1.7976e-06
-1.0841e-05
-3.37865e-06
-9.47711e-06
-4.87034e-06
-7.99057e-06
-6.15034e-06
-6.56526e-06
-7.00256e-06
-5.39052e-06
-7.26992e-06
-4.61563e-06
-6.88763e-06
-4.38954e-06
-5.83636e-06
-4.89344e-06
-4.10357e-06
-6.24548e-06
-1.87572e-06
-8.1407e-06
2.43158e-07
-1.00887e-05
1.87797e-06
1.62201e-06
-1.0553e-05
-3.22737e-06
1.16212e-05
-6.01474e-06
1.17452e-05
-8.235e-06
1.09435e-05
-1.00409e-05
9.82285e-06
-1.14991e-05
8.5125e-06
-1.25824e-05
6.98991e-06
-1.32328e-05
5.22229e-06
-1.34025e-05
3.23625e-06
-1.31034e-05
1.16596e-06
-1.2396e-05
-8.81063e-07
-1.13126e-05
-2.88101e-06
-9.98622e-06
-4.70505e-06
-8.5341e-06
-6.32246e-06
-7.07806e-06
-7.60638e-06
-5.8345e-06
-8.24613e-06
-5.00421e-06
-8.10023e-06
-4.71858e-06
-7.17328e-06
-5.01559e-06
-5.53937e-06
-5.81628e-06
-3.30291e-06
-6.79106e-06
-9.00966e-07
-7.6103e-06
1.06237e-06
-8.09138e-06
2.35905e-06
2.2921e-06
-8.76144e-06
-3.19524e-06
1.48165e-05
-5.95331e-06
1.45033e-05
-8.34885e-06
1.33391e-05
-1.0347e-05
1.1821e-05
-1.1854e-05
1.00196e-05
-1.27578e-05
7.89369e-06
-1.30809e-05
5.54534e-06
-1.2919e-05
3.07436e-06
-1.23642e-05
6.11179e-07
-1.13761e-05
-1.86921e-06
-1.0071e-05
-4.18611e-06
-8.68339e-06
-6.09263e-06
-7.41328e-06
-7.59258e-06
-6.31237e-06
-8.7073e-06
-5.37309e-06
-9.1854e-06
-4.8509e-06
-8.62241e-06
-5.07189e-06
-6.95227e-06
-6.15281e-06
-4.45841e-06
-7.57778e-06
-1.8779e-06
-8.07744e-06
-4.01304e-07
-6.90656e-06
-1.08526e-07
-4.7333e-06
1.85822e-07
1.08922e-06
-3.5304e-06
-1.44584e-06
1.62624e-05
-4.21082e-06
1.72682e-05
-7.92851e-06
1.70568e-05
-1.10741e-05
1.49666e-05
-1.27121e-05
1.16575e-05
-1.29218e-05
8.10346e-06
-1.22617e-05
4.88517e-06
-1.1322e-05
2.13474e-06
-1.03289e-05
-3.81935e-07
-8.85295e-06
-3.3451e-06
-6.98116e-06
-6.05787e-06
-5.55125e-06
-7.52251e-06
-5.17072e-06
-7.97309e-06
-5.86825e-06
-8.0098e-06
-5.68392e-06
-9.36976e-06
-5.45482e-06
-8.85159e-06
-6.31272e-06
-6.09444e-06
-9.22024e-06
-1.55095e-06
-1.30175e-05
1.91935e-06
-1.31427e-05
-2.76021e-07
-8.15947e-06
-5.09182e-06
-1.84498e-06
-6.12874e-06
-3.09535e-06
2.33954e-06
4.29019e-06
1.19721e-05
-1.65057e-06
2.3209e-05
-1.28841e-05
2.82903e-05
-2.37186e-05
2.58011e-05
-2.61263e-05
1.40653e-05
-2.36152e-05
5.5924e-06
-1.98469e-05
1.11695e-06
-1.6499e-05
-1.21324e-06
-1.37905e-05
-3.09032e-06
-1.08204e-05
-6.31512e-06
-7.30861e-06
-9.56961e-06
-5.29725e-06
-9.53384e-06
-7.80416e-06
-5.46617e-06
-9.88249e-06
-5.93152e-06
-7.78883e-06
-1.14633e-05
-3.63571e-06
-1.30046e-05
-3.66748e-06
-6.06263e-06
-1.1387e-05
6.16868e-06
-2.06003e-05
1.11326e-05
-1.7089e-05
-3.78735e-06
-9.32786e-06
-1.28529e-05
-2.64242e-06
-1.28142e-05
-7.15667e-06
1.41896e-06
-3.67733e-06
1.56494e-05
-1.31691e-05
3.27008e-05
-3.31954e-05
4.83162e-05
-4.83411e-05
4.09469e-05
-4.69041e-05
1.26287e-05
-4.08686e-05
-4.43069e-07
-3.338e-05
-6.37161e-06
-2.71459e-05
-7.44734e-06
-2.3481e-05
-6.75513e-06
-2.06469e-05
-9.14921e-06
-1.87791e-05
-1.14373e-05
-1.95833e-05
-8.72961e-06
-2.15267e-05
-3.52267e-06
-1.88659e-05
-8.59227e-06
-1.36036e-05
-1.67256e-05
-9.01878e-06
-1.75893e-05
-5.35913e-06
-9.72212e-06
-6.77172e-06
7.58141e-06
-1.14289e-05
1.57897e-05
-1.02487e-05
-4.96752e-06
-6.9546e-06
-1.6147e-05
-5.20213e-06
-1.45667e-05
-6.36181e-06
-5.99694e-06
-1.86614e-05
3.43109e-05
-2.80763e-05
4.21159e-05
-3.48856e-05
5.51258e-05
-4.23217e-05
4.83828e-05
-4.39392e-05
1.42463e-05
-4.02651e-05
-4.11717e-06
-3.57647e-05
-1.0872e-05
-3.15613e-05
-1.16506e-05
-2.92522e-05
-9.06414e-06
-2.82384e-05
-1.01631e-05
-2.94322e-05
-1.02436e-05
-3.42264e-05
-3.93552e-06
-3.07685e-05
-6.98051e-06
-2.49877e-05
-1.43731e-05
-2.00518e-05
-2.16615e-05
-1.56669e-05
-2.19742e-05
-1.1157e-05
-1.42319e-05
-5.60312e-06
2.02756e-06
-4.1969e-06
1.43835e-05
-5.11731e-06
-4.04718e-06
-4.73306e-06
-1.65312e-05
-6.43039e-06
-1.28694e-05
-7.06946e-07
-1.20854e-05
-2.71119e-05
6.14226e-05
-3.77582e-05
5.27624e-05
-3.83831e-05
5.57511e-05
-3.70029e-05
4.70028e-05
-3.69372e-05
1.41806e-05
-3.51182e-05
-5.93624e-06
-3.29299e-05
-1.30603e-05
-3.18679e-05
-1.27125e-05
-3.02368e-05
-1.06952e-05
-3.1494e-05
-8.90581e-06
-3.54285e-05
-6.30905e-06
-3.64022e-05
-2.96168e-06
-3.21297e-05
-1.12528e-05
-2.79796e-05
-1.85232e-05
-2.5107e-05
-2.4534e-05
-2.23554e-05
-2.47258e-05
-1.92459e-05
-1.73415e-05
-1.31704e-05
-4.04775e-06
-3.99344e-06
5.2067e-06
-2.66377e-06
-5.37685e-06
-9.03544e-06
-1.01595e-05
-1.45356e-05
-7.36934e-06
-1.19304e-07
-1.51231e-05
-2.52874e-05
8.67096e-05
-4.05132e-05
6.79894e-05
-4.47415e-05
5.99795e-05
-4.24725e-05
4.4734e-05
-4.07493e-05
1.24575e-05
-3.78507e-05
-8.83478e-06
-3.31914e-05
-1.77196e-05
-2.99623e-05
-1.59415e-05
-2.95774e-05
-1.10802e-05
-3.09466e-05
-7.53656e-06
-3.20466e-05
-5.20883e-06
-2.90628e-05
-5.94535e-06
-2.81752e-05
-1.21403e-05
-2.73861e-05
-1.93123e-05
-2.75005e-05
-2.44196e-05
-2.81943e-05
-2.4032e-05
-2.82814e-05
-1.72543e-05
-2.4297e-05
-8.03217e-06
-1.60166e-05
-3.07374e-06
-1.58655e-05
-5.52795e-06
-1.89101e-05
-7.11519e-06
-2.1203e-05
-5.07651e-06
-1.36669e-06
-1.99554e-05
-1.90917e-05
0.000105801
-3.3316e-05
8.22139e-05
-3.97619e-05
6.6425e-05
-3.84991e-05
4.34709e-05
-3.61799e-05
1.01384e-05
-3.43974e-05
-1.06172e-05
-3.314e-05
-1.8977e-05
-3.09034e-05
-1.8178e-05
-2.95627e-05
-1.24207e-05
-2.97948e-05
-7.30411e-06
-2.94634e-05
-5.54018e-06
-2.83549e-05
-7.05371e-06
-2.84291e-05
-1.20659e-05
-2.85896e-05
-1.91518e-05
-2.93845e-05
-2.36247e-05
-3.02435e-05
-2.31729e-05
-3.01574e-05
-1.73403e-05
-2.78184e-05
-1.03711e-05
-2.47083e-05
-6.18386e-06
-2.38605e-05
-6.37559e-06
-2.44584e-05
-6.51705e-06
-2.43641e-05
-5.1705e-06
-3.28106e-06
-2.24496e-05
-1.15007e-05
0.000117302
-2.12786e-05
9.19926e-05
-2.54411e-05
7.05877e-05
-2.54414e-05
4.34711e-05
-2.58641e-05
1.05611e-05
-2.69172e-05
-9.56427e-06
-2.90816e-05
-1.68126e-05
-3.05009e-05
-1.67587e-05
-3.09455e-05
-1.1976e-05
-2.99505e-05
-8.29889e-06
-2.8146e-05
-7.34465e-06
-2.64397e-05
-8.75995e-06
-2.71339e-05
-1.1372e-05
-2.83002e-05
-1.79856e-05
-2.9396e-05
-2.25289e-05
-3.0257e-05
-2.23116e-05
-3.04497e-05
-1.71475e-05
-2.95888e-05
-1.12318e-05
-2.79622e-05
-7.81036e-06
-2.71056e-05
-7.23207e-06
-2.65953e-05
-7.02728e-06
-2.54604e-05
-6.3056e-06
-5.37242e-06
-2.33693e-05
-3.4292e-06
0.000120731
-8.26002e-06
9.68235e-05
-9.65809e-06
7.19867e-05
-1.00709e-05
4.38841e-05
-1.3233e-05
1.37232e-05
-1.78598e-05
-4.9375e-06
-2.38099e-05
-1.08626e-05
-2.84222e-05
-1.21462e-05
-2.98467e-05
-1.05515e-05
-2.83376e-05
-9.80775e-06
-2.62452e-05
-9.437e-06
-2.48684e-05
-1.01368e-05
-2.47819e-05
-1.14585e-05
-2.62243e-05
-1.65432e-05
-2.80178e-05
-2.07353e-05
-2.95638e-05
-2.07654e-05
-3.002e-05
-1.66911e-05
-2.93624e-05
-1.18892e-05
-2.81078e-05
-9.06498e-06
-2.71971e-05
-8.1428e-06
-2.62931e-05
-7.93155e-06
-2.49607e-05
-7.63821e-06
-7.31791e-06
-2.30152e-05
4.67987e-06
0.000116051
3.10204e-06
9.84014e-05
3.50286e-06
7.15861e-05
2.7584e-06
4.46286e-05
-2.47448e-06
1.89559e-05
-9.9481e-06
2.53609e-06
-1.59044e-05
-4.906e-06
-2.01644e-05
-7.88576e-06
-2.20106e-05
-8.70481e-06
-2.26115e-05
-9.20665e-06
-2.23028e-05
-9.74566e-06
-2.19398e-05
-1.04998e-05
-2.12507e-05
-1.21475e-05
-2.24231e-05
-1.53707e-05
-2.4803e-05
-1.83552e-05
-2.6979e-05
-1.85892e-05
-2.77949e-05
-1.58752e-05
-2.71227e-05
-1.25614e-05
-2.59912e-05
-1.01965e-05
-2.50387e-05
-9.09534e-06
-2.41633e-05
-8.807e-06
-2.30389e-05
-8.76252e-06
-8.83738e-06
-2.15193e-05
1.02085e-05
0.000105843
1.1628e-05
9.69823e-05
1.26554e-05
7.05586e-05
1.13699e-05
4.59139e-05
6.08462e-06
2.4241e-05
-6.04509e-07
9.22527e-06
-6.29203e-06
7.81756e-07
-1.04246e-05
-3.75295e-06
-1.29888e-05
-6.14037e-06
-1.44923e-05
-7.70305e-06
-1.53279e-05
-8.91005e-06
-1.57195e-05
-1.01082e-05
-1.61571e-05
-1.17099e-05
-1.74676e-05
-1.40601e-05
-1.97461e-05
-1.60766e-05
-2.1938e-05
-1.63972e-05
-2.29478e-05
-1.48653e-05
-2.28368e-05
-1.26724e-05
-2.21446e-05
-1.08887e-05
-2.13678e-05
-9.87209e-06
-2.06877e-05
-9.48698e-06
-1.99261e-05
-9.52391e-06
-9.7926e-06
-1.89708e-05
1.2871e-05
9.29725e-05
1.71623e-05
9.26913e-05
1.87765e-05
6.8944e-05
1.7779e-05
4.69113e-05
1.3676e-05
2.83438e-05
8.1806e-06
1.47208e-05
3.07697e-06
5.88563e-06
-1.0385e-06
3.62713e-07
-4.0648e-06
-3.11396e-06
-6.25456e-06
-5.51332e-06
-7.83651e-06
-7.32815e-06
-9.03055e-06
-8.91412e-06
-1.0171e-05
-1.05695e-05
-1.17922e-05
-1.24388e-05
-1.3915e-05
-1.39536e-05
-1.59253e-05
-1.43868e-05
-1.71573e-05
-1.36333e-05
-1.75199e-05
-1.23097e-05
-1.73274e-05
-1.10812e-05
-1.69264e-05
-1.02731e-05
-1.64894e-05
-9.92401e-06
-1.60631e-05
-9.95024e-06
-1.02696e-05
-1.55862e-05
1.32395e-05
7.97331e-05
1.9872e-05
8.60586e-05
2.24587e-05
6.63571e-05
2.22237e-05
4.71464e-05
1.94175e-05
3.115e-05
1.52222e-05
1.89163e-05
1.08814e-05
1.02265e-05
7.01244e-06
4.23178e-06
3.82636e-06
7.21286e-08
1.25777e-06
-2.94479e-06
-8.1228e-07
-5.25809e-06
-2.54498e-06
-7.18128e-06
-4.17159e-06
-8.94264e-06
-5.99445e-06
-1.06156e-05
-8.02328e-06
-1.19245e-05
-9.90999e-06
-1.24999e-05
-1.12621e-05
-1.22812e-05
-1.19762e-05
-1.15956e-05
-1.22101e-05
-1.08474e-05
-1.21869e-05
-1.02964e-05
-1.20706e-05
-1.00404e-05
-1.19376e-05
-1.00832e-05
-1.04125e-05
-1.17948e-05
1.21332e-05
6.76e-05
2.02261e-05
7.79653e-05
2.39222e-05
6.26612e-05
2.46404e-05
4.64284e-05
2.30623e-05
3.27283e-05
2.009e-05
2.18888e-05
1.66226e-05
1.3694e-05
1.32279e-05
7.62652e-06
1.0175e-05
3.12504e-06
7.52127e-06
-2.91135e-07
5.23275e-06
-2.96957e-06
3.21706e-06
-5.16543e-06
1.3296e-06
-7.05494e-06
-5.8868e-07
-8.69713e-06
-2.54171e-06
-9.9713e-06
-4.33777e-06
-1.07038e-05
-5.74865e-06
-1.08704e-05
-6.6927e-06
-1.06516e-05
-7.2436e-06
-1.02966e-05
-7.54064e-06
-9.99939e-06
-7.71259e-06
-9.86838e-06
-7.8445e-06
-9.95118e-06
-1.02727e-05
-7.98416e-06
1.03105e-05
5.72894e-05
1.89441e-05
6.93315e-05
2.35681e-05
5.80375e-05
2.52252e-05
4.47715e-05
2.47364e-05
3.32174e-05
2.28614e-05
2.3764e-05
2.02906e-05
1.62649e-05
1.75137e-05
1.04034e-05
1.48137e-05
5.82505e-06
1.23137e-05
2.20882e-06
1.00428e-05
-6.98683e-07
7.96832e-06
-3.09093e-06
6.01573e-06
-5.10226e-06
4.10791e-06
-6.78923e-06
2.24858e-06
-8.11195e-06
5.44378e-07
-8.99968e-06
-8.73084e-07
-9.45292e-06
-1.94529e-06
-9.5794e-06
-2.70522e-06
-9.53656e-06
-3.23865e-06
-9.46581e-06
-3.64033e-06
-9.46648e-06
-3.98938e-06
-9.60189e-06
-9.91556e-06
-4.34629e-06
8.36458e-06
4.89245e-05
1.67932e-05
6.09031e-05
2.19648e-05
5.28661e-05
2.43838e-05
4.23525e-05
2.48041e-05
3.27972e-05
2.38786e-05
2.46895e-05
2.21591e-05
1.79845e-05
2.00568e-05
1.25058e-05
1.78396e-05
8.04229e-06
1.56574e-05
4.39094e-06
1.35792e-05
1.37958e-06
1.16173e-05
-1.12907e-06
9.74879e-06
-3.23368e-06
7.94507e-06
-4.98552e-06
6.21709e-06
-6.38398e-06
4.62765e-06
-7.41025e-06
3.25399e-06
-8.0792e-06
2.13641e-06
-8.46166e-06
1.26121e-06
-8.66115e-06
5.76041e-07
-8.78041e-06
1.327e-08
-8.90349e-06
-4.93399e-07
-9.09505e-06
-9.40644e-06
-1.00243e-06
6.64621e-06
4.22781e-05
1.43863e-05
5.31632e-05
1.96923e-05
4.756e-05
2.26169e-05
3.94277e-05
2.37407e-05
3.16734e-05
2.35996e-05
2.48305e-05
2.26369e-05
1.89472e-05
2.11925e-05
1.39502e-05
1.95057e-05
9.72908e-06
1.77301e-05
6.16667e-06
1.5954e-05
3.15581e-06
1.42188e-05
6.06158e-07
1.25358e-05
-1.55055e-06
1.09063e-05
-3.35609e-06
9.34792e-06
-4.82556e-06
7.90194e-06
-5.96423e-06
6.61632e-06
-6.7935e-06
5.51893e-06
-7.36412e-06
4.60537e-06
-7.74743e-06
3.84399e-06
-8.0189e-06
3.18779e-06
-8.24721e-06
2.58485e-06
-8.49208e-06
-8.80539e-06
1.9838e-06
5.28878e-06
3.69896e-05
1.21134e-05
4.63386e-05
1.72282e-05
4.24451e-05
2.04028e-05
3.62529e-05
2.20195e-05
3.00566e-05
2.24875e-05
2.43625e-05
2.21556e-05
1.92789e-05
2.13008e-05
1.4805e-05
2.01291e-05
1.09008e-05
1.87845e-05
7.51141e-06
1.73608e-05
4.57967e-06
1.59142e-05
2.05288e-06
1.44757e-05
-1.12065e-07
1.3065e-05
-1.94536e-06
1.17046e-05
-3.4651e-06
1.04259e-05
-4.68553e-06
9.26177e-06
-5.62933e-06
8.2327e-06
-6.33499e-06
7.33916e-06
-6.85386e-06
6.56258e-06
-7.24233e-06
5.87111e-06
-7.55576e-06
5.22577e-06
-7.84678e-06
-8.16474e-06
4.5851e-06
4.28931e-06
3.27004e-05
1.01691e-05
4.04587e-05
1.49001e-05
3.77139e-05
1.8119e-05
3.30338e-05
2.00348e-05
2.81407e-05
2.0938e-05
2.34591e-05
2.10968e-05
1.912e-05
2.07334e-05
1.51684e-05
2.00206e-05
1.16136e-05
1.90861e-05
8.44608e-06
1.80195e-05
5.64635e-06
1.68815e-05
3.19092e-06
1.57123e-05
1.05715e-06
1.45409e-05
-7.73884e-07
1.33931e-05
-2.3173e-06
1.2296e-05
-3.5884e-06
1.12748e-05
-4.60806e-06
1.03461e-05
-5.40625e-06
9.51335e-06
-6.02115e-06
8.76664e-06
-6.49565e-06
8.08515e-06
-6.8743e-06
7.44078e-06
-7.20241e-06
-7.52544e-06
6.80153e-06
3.5824e-06
2.9118e-05
8.61057e-06
3.54304e-05
1.28875e-05
3.34368e-05
1.60116e-05
2.99096e-05
1.80636e-05
2.60887e-05
1.92421e-05
2.22805e-05
1.97529e-05
1.86091e-05
1.97728e-05
1.51484e-05
1.9443e-05
1.19434e-05
1.88712e-05
9.0179e-06
1.81372e-05
6.38042e-06
1.72988e-05
4.02943e-06
1.6398e-05
1.95802e-06
1.5467e-05
1.5712e-07
1.45333e-05
-1.38345e-06
1.36214e-05
-2.6765e-06
1.2753e-05
-3.73955e-06
1.19428e-05
-4.59598e-06
1.11964e-05
-5.27477e-06
1.05098e-05
-5.80904e-06
9.8703e-06
-6.23472e-06
9.25844e-06
-6.59045e-06
-6.9174e-06
8.65055e-06
3.08198e-06
2.60358e-05
7.40878e-06
3.11036e-05
1.12461e-05
2.95994e-05
1.41967e-05
2.69591e-05
1.62582e-05
2.40272e-05
1.7576e-05
2.09629e-05
1.83158e-05
1.78694e-05
1.8618e-05
1.48463e-05
1.85933e-05
1.19682e-05
1.83276e-05
9.28377e-06
1.78868e-05
6.82132e-06
1.73216e-05
4.59467e-06
1.66716e-05
2.60816e-06
1.59684e-05
8.60381e-07
1.5239e-05
-6.54025e-07
1.45068e-05
-1.94424e-06
1.37913e-05
-3.02391e-06
1.31064e-05
-3.91108e-06
1.24596e-05
-4.62791e-06
1.18509e-05
-5.20026e-06
1.12735e-05
-5.65721e-06
1.07148e-05
-6.0316e-06
-6.36041e-06
1.0158e-05
2.70541e-06
2.33304e-05
6.47757e-06
2.73315e-05
9.93411e-06
2.61429e-05
1.26751e-05
2.42182e-05
1.4656e-05
2.20466e-05
1.601e-05
1.9609e-05
1.68854e-05
1.69943e-05
1.739e-05
1.43419e-05
1.76039e-05
1.17545e-05
1.75899e-05
9.29786e-06
1.73991e-05
7.01225e-06
1.70733e-05
4.92063e-06
1.66472e-05
3.0344e-06
1.61503e-05
1.35736e-06
1.56082e-05
-1.11866e-07
1.50429e-05
-1.37894e-06
1.44728e-05
-2.45375e-06
1.39117e-05
-3.3499e-06
1.33682e-05
-4.08432e-06
1.28452e-05
-4.67726e-06
1.23405e-05
-5.15236e-06
1.18465e-05
-5.53749e-06
-5.86568e-06
1.13518e-05
2.39614e-06
2.09344e-05
5.70324e-06
2.40244e-05
8.8163e-06
2.303e-05
1.13474e-05
2.16872e-05
1.31901e-05
2.0204e-05
1.45281e-05
1.82713e-05
1.54911e-05
1.60315e-05
1.61501e-05
1.36831e-05
1.6555e-05
1.13498e-05
1.67479e-05
9.10505e-06
1.67664e-05
6.99388e-06
1.66442e-05
5.04303e-06
1.64113e-05
3.26743e-06
1.60946e-05
1.67414e-06
1.5718e-05
2.64776e-07
1.53024e-05
-9.6328e-07
1.48653e-05
-2.01655e-06
1.44203e-05
-2.90487e-06
1.3977e-05
-3.641e-06
1.35405e-05
-4.24076e-06
1.31116e-05
-4.72342e-06
1.26868e-05
-5.11261e-06
-5.43767e-06
1.22587e-05
2.08804e-06
1.88464e-05
4.98403e-06
2.11286e-05
7.68045e-06
2.03338e-05
9.96816e-06
1.93996e-05
1.17167e-05
1.84555e-05
1.30711e-05
1.6917e-05
1.41301e-05
1.49726e-05
1.49283e-05
1.28851e-05
1.54949e-05
1.07832e-05
1.58591e-05
8.74096e-06
1.60501e-05
6.80302e-06
1.60964e-05
4.99685e-06
1.6025e-05
3.33899e-06
1.58606e-05
1.83863e-06
1.56257e-05
4.99786e-07
1.534e-05
-6.77507e-07
1.50203e-05
-1.69678e-06
1.46802e-05
-2.56465e-06
1.43297e-05
-3.29047e-06
1.39754e-05
-3.88651e-06
1.36204e-05
-4.36842e-06
1.3264e-05
-4.75625e-06
-5.0759e-06
1.29021e-05
1.67383e-06
1.71726e-05
4.21501e-06
1.85876e-05
6.51799e-06
1.80308e-05
8.49875e-06
1.74188e-05
1.02109e-05
1.67433e-05
1.16515e-05
1.54764e-05
1.28286e-05
1.37956e-05
1.37575e-05
1.19562e-05
1.44601e-05
1.00806e-05
1.49619e-05
8.23925e-06
1.52897e-05
6.4753e-06
1.54702e-05
4.81649e-06
1.55287e-05
3.28063e-06
1.54886e-05
1.87886e-06
1.53711e-05
6.17444e-07
1.51948e-05
-5.01106e-07
1.49757e-05
-1.47763e-06
1.47271e-05
-2.316e-06
1.44594e-05
-3.0227e-06
1.418e-05
-3.60713e-06
1.38935e-05
-4.08197e-06
1.36013e-05
-4.46418e-06
-4.77648e-06
1.33018e-05
1.44143e-06
1.57313e-05
3.50863e-06
1.65205e-05
5.43933e-06
1.61001e-05
7.17849e-06
1.56796e-05
8.87216e-06
1.50497e-05
1.03904e-05
1.39582e-05
1.1659e-05
1.2527e-05
1.26828e-05
1.09323e-05
1.3482e-05
9.28148e-06
1.40819e-05
7.6394e-06
1.4509e-05
6.04822e-06
1.47893e-05
4.53632e-06
1.49469e-05
3.12315e-06
1.5004e-05
1.82191e-06
1.49804e-05
6.41218e-07
1.48934e-05
-4.14048e-07
1.47582e-05
-1.3423e-06
1.45873e-05
-2.14502e-06
1.4391e-05
-2.8264e-06
1.41773e-05
-3.39348e-06
1.39519e-05
-3.85656e-06
1.37176e-05
-4.22994e-06
-4.53339e-06
1.34744e-05
1.49625e-06
1.42352e-05
3.06204e-06
1.49547e-05
4.6539e-06
1.45082e-05
6.27112e-06
1.40624e-05
7.90261e-06
1.34182e-05
9.39856e-06
1.24622e-05
1.06792e-05
1.12463e-05
1.1734e-05
9.87761e-06
1.25769e-05
8.4386e-06
1.32303e-05
6.98614e-06
1.37183e-05
5.56027e-06
1.4065e-05
4.18976e-06
1.42927e-05
2.89557e-06
1.44217e-05
1.69298e-06
1.44701e-05
5.92867e-07
1.44537e-05
-3.97617e-07
1.43863e-05
-1.27475e-06
1.42794e-05
-2.03805e-06
1.41429e-05
-2.68992e-06
1.39851e-05
-3.23563e-06
1.38121e-05
-3.68356e-06
1.36279e-05
-4.04579e-06
-4.33935e-06
1.34338e-05
1.45413e-06
1.27811e-05
2.85123e-06
1.35575e-05
4.2843e-06
1.30751e-05
5.7831e-06
1.25636e-05
7.2764e-06
1.19249e-05
8.66421e-06
1.10744e-05
9.87917e-06
1.00314e-05
1.09018e-05
8.85506e-06
1.17376e-05
7.60292e-06
1.24024e-05
6.32141e-06
1.29161e-05
5.04671e-06
1.3299e-05
3.80689e-06
1.35708e-05
2.6238e-06
1.37494e-05
1.51444e-06
1.38506e-05
4.91772e-07
1.38879e-05
-4.34946e-07
1.38735e-05
-1.2602e-06
1.38175e-05
-1.98207e-06
1.37295e-05
-2.60175e-06
1.36172e-05
-3.12334e-06
1.34875e-05
-3.55377e-06
1.3345e-05
-3.90331e-06
-4.1864e-06
1.3192e-05
1.394e-06
1.1387e-05
2.77997e-06
1.21714e-05
4.13936e-06
1.17157e-05
5.50527e-06
1.11978e-05
6.84367e-06
1.05865e-05
8.08989e-06
9.82821e-06
9.19735e-06
8.92394e-06
1.01471e-05
7.90539e-06
1.09389e-05
6.81119e-06
1.15828e-05
5.67758e-06
1.20937e-05
4.53589e-06
1.24881e-05
3.41251e-06
1.27824e-05
2.3295e-06
1.29916e-05
1.30523e-06
1.31289e-05
3.5459e-07
1.32052e-05
-5.1124e-07
1.32304e-05
-1.2853e-06
1.32133e-05
-1.96487e-06
1.31624e-05
-2.55069e-06
1.30854e-05
-3.04631e-06
1.29895e-05
-3.45775e-06
1.28799e-05
-3.79372e-06
-4.06632e-06
1.27598e-05
1.37055e-06
1.00164e-05
2.74183e-06
1.07999e-05
4.03622e-06
1.04213e-05
5.28388e-06
9.95008e-06
6.47576e-06
9.39463e-06
7.57971e-06
8.72424e-06
8.56781e-06
7.93586e-06
9.42603e-06
7.04719e-06
1.01526e-05
6.0846e-06
1.07541e-05
5.0761e-06
1.12417e-05
4.04834e-06
1.16285e-05
3.02568e-06
1.1928e-05
2.03004e-06
1.21523e-05
1.08096e-06
1.23117e-05
1.95333e-07
1.24142e-05
-6.13656e-07
1.24669e-05
-1.33796e-06
1.24771e-05
-1.97489e-06
1.24522e-05
-2.52571e-06
1.24002e-05
-2.99418e-06
1.23284e-05
-3.38585e-06
1.22428e-05
-3.70814e-06
-3.97085e-06
1.21473e-05
1.34005e-06
8.67616e-06
2.67412e-06
9.46573e-06
3.89654e-06
9.19877e-06
5.03599e-06
8.81053e-06
6.09854e-06
8.332e-06
7.07265e-06
7.75007e-06
7.94468e-06
7.06379e-06
8.70683e-06
6.285e-06
9.35848e-06
5.4329e-06
9.90487e-06
4.52966e-06
1.03551e-05
3.59813e-06
1.072e-05
2.66071e-06
1.10109e-05
1.73918e-06
1.12375e-05
8.54454e-07
1.14071e-05
2.58572e-08
1.15244e-05
-7.30838e-07
1.15934e-05
-1.40681e-06
1.16193e-05
-2.0007e-06
1.16093e-05
-2.51561e-06
1.15715e-05
-2.95634e-06
1.15141e-05
-3.32831e-06
1.14437e-05
-3.63771e-06
-3.89197e-06
1.13648e-05
1.28414e-06
7.3919e-06
2.55442e-06
8.19533e-06
3.69669e-06
8.05636e-06
4.73595e-06
7.77113e-06
5.68491e-06
7.38293e-06
6.54359e-06
6.89131e-06
7.30807e-06
6.29924e-06
7.97618e-06
5.61683e-06
8.54952e-06
4.85949e-06
9.03351e-06
4.04561e-06
9.4365e-06
3.19512e-06
9.76838e-06
2.32885e-06
1.00391e-05
1.46851e-06
1.02568e-05
6.36827e-07
1.04261e-05
-1.43336e-07
1.05476e-05
-8.52172e-07
1.06213e-05
-1.48042e-06
1.0651e-05
-2.03027e-06
1.06439e-05
-2.50848e-06
1.06094e-05
-2.92171e-06
1.05564e-05
-3.27531e-06
1.04926e-05
-3.57388e-06
-3.82223e-06
1.04228e-05
1.20596e-06
6.18584e-06
2.39343e-06
7.00777e-06
3.44985e-06
6.99982e-06
4.3943e-06
6.82657e-06
5.24098e-06
6.53617e-06
5.99588e-06
6.13636e-06
6.66124e-06
5.63383e-06
7.23914e-06
5.03888e-06
7.73342e-06
4.36517e-06
8.15028e-06
3.62874e-06
8.49812e-06
2.8473e-06
8.78683e-06
2.04019e-06
9.02635e-06
1.22907e-06
9.2244e-06
4.38883e-07
9.38329e-06
-3.02124e-07
9.49798e-06
-9.66761e-07
9.56371e-06
-1.54607e-06
9.58339e-06
-2.0499e-06
9.56613e-06
-2.49117e-06
9.52323e-06
-2.87878e-06
9.46526e-06
-3.21732e-06
9.40038e-06
-3.50897e-06
-3.75534e-06
9.33354e-06
1.12408e-06
5.06168e-06
2.22209e-06
5.90976e-06
3.19005e-06
6.03183e-06
4.0424e-06
5.97422e-06
4.79334e-06
5.78523e-06
5.4521e-06
5.47761e-06
6.02463e-06
5.06132e-06
6.51574e-06
4.54777e-06
6.93077e-06
3.95016e-06
7.27648e-06
3.28306e-06
7.56155e-06
2.56229e-06
7.79645e-06
1.80537e-06
7.99246e-06
1.03316e-06
8.15869e-06
2.72738e-07
8.29619e-06
-4.39554e-07
8.39148e-06
-1.062e-06
8.43333e-06
-1.58789e-06
8.42646e-06
-2.04302e-06
8.38438e-06
-2.4491e-06
8.3218e-06
-2.8162e-06
8.25065e-06
-3.14617e-06
8.17893e-06
-3.4372e-06
-3.68703e-06
8.11068e-06
1.06742e-06
3.99424e-06
2.08192e-06
4.89541e-06
2.96057e-06
5.15329e-06
3.72061e-06
5.2143e-06
4.37823e-06
5.12772e-06
4.94502e-06
4.91091e-06
5.429e-06
4.57742e-06
5.83614e-06
4.1407e-06
6.17195e-06
3.61441e-06
6.44283e-06
3.01227e-06
6.65707e-06
2.34813e-06
6.82575e-06
1.63678e-06
6.9627e-06
8.9629e-07
7.08136e-06
1.54135e-07
7.1843e-06
-5.42473e-07
7.24345e-06
-1.12115e-06
7.23958e-06
-1.58405e-06
7.18563e-06
-1.9891e-06
7.10356e-06
-2.36707e-06
7.01195e-06
-2.72461e-06
6.9227e-06
-3.0569e-06
6.84181e-06
-3.35625e-06
-3.61612e-06
6.771e-06
1.07649e-06
2.91785e-06
2.02044e-06
3.95174e-06
2.80539e-06
4.36858e-06
3.46857e-06
4.55131e-06
4.03203e-06
4.56443e-06
4.50925e-06
4.43383e-06
4.90858e-06
4.1782e-06
5.23527e-06
3.8141e-06
5.49329e-06
3.35649e-06
5.68691e-06
2.81874e-06
5.8224e-06
2.21274e-06
5.91001e-06
1.54924e-06
5.96635e-06
8.39998e-07
6.01427e-06
1.06228e-07
6.06545e-06
-5.93669e-07
6.06296e-06
-1.11871e-06
5.98151e-06
-1.50266e-06
5.85621e-06
-1.86386e-06
5.72206e-06
-2.23297e-06
5.59826e-06
-2.60082e-06
5.49249e-06
-2.9511e-06
5.40559e-06
-3.26927e-06
-3.5456e-06
5.33519e-06
1.21585e-06
1.7022e-06
2.0839e-06
3.08406e-06
2.7556e-06
3.69716e-06
3.31292e-06
3.9942e-06
3.78114e-06
4.09637e-06
4.17279e-06
4.04231e-06
4.49408e-06
3.85702e-06
4.74731e-06
3.56097e-06
4.93283e-06
3.17106e-06
5.0506e-06
2.70104e-06
5.10194e-06
2.16146e-06
5.09211e-06
1.55911e-06
5.03707e-06
8.95052e-07
4.97164e-06
1.71648e-07
4.94428e-06
-5.66356e-07
4.83676e-06
-1.01125e-06
4.63185e-06
-1.29782e-06
4.41561e-06
-1.64769e-06
4.23038e-06
-2.04778e-06
4.08494e-06
-2.45539e-06
3.97466e-06
-2.84078e-06
3.89196e-06
-3.18649e-06
-3.48308e-06
3.82955e-06
1.47063e-06
2.31828e-07
2.24373e-06
2.31123e-06
2.79227e-06
3.14882e-06
3.24682e-06
3.5398e-06
3.62928e-06
3.71402e-06
3.94875e-06
3.72292e-06
4.20702e-06
3.59882e-06
4.40173e-06
3.36633e-06
4.52828e-06
3.04456e-06
4.58062e-06
2.64875e-06
4.55175e-06
2.19036e-06
4.43517e-06
1.67571e-06
4.23077e-06
1.09944e-06
3.96634e-06
4.36047e-07
3.77477e-06
-3.74837e-07
3.47753e-06
-7.14065e-07
3.10284e-06
-9.23189e-07
2.8146e-06
-1.3595e-06
2.61556e-06
-1.84876e-06
2.48243e-06
-2.32226e-06
2.39272e-06
-2.75104e-06
2.33085e-06
-3.12454e-06
-3.43873e-06
2.28658e-06
1.13214e-06
2.1661e-06
2.78029e-06
3.20536e-06
3.54755e-06
3.83139e-06
4.058e-06
4.22265e-06
4.31763e-06
4.33202e-06
4.25064e-06
4.05226e-06
3.70083e-06
3.13578e-06
2.34896e-06
1.62993e-06
1.2254e-06
1.01125e-06
8.94484e-07
8.2869e-07
7.89892e-07
7.65491e-07
7.48884e-07
-1.04531e-05
-9.98298e-08
-1.00621e-05
-3.91005e-07
-9.37755e-06
-6.84564e-07
-7.99983e-07
-8.57757e-06
-9.29197e-06
4.30726e-07
-9.75537e-06
7.24093e-08
-1.00659e-05
-3.7404e-07
-7.44056e-07
-1.01218e-05
-4.46412e-06
1.36441e-06
-5.86979e-06
1.47808e-06
-7.43774e-06
1.1939e-06
5.9885e-07
-8.78062e-06
2.49667e-06
1.20728e-06
9.89379e-07
2.9854e-06
-1.52353e-06
3.70676e-06
3.21498e-06
-4.13966e-06
2.11369e-06
5.12585e-07
1.40651e-06
3.69259e-06
-9.07238e-07
6.02052e-06
5.62667e-06
-3.31897e-06
-6.22856e-06
7.44187e-07
-6.64803e-06
4.11205e-06
-6.8536e-06
6.22615e-06
5.30393e-06
-6.53088e-06
-1.3416e-05
2.07466e-06
-1.25311e-05
3.22709e-06
-1.00586e-05
3.7537e-06
2.71008e-06
-7.46482e-06
-1.42097e-05
1.16163e-06
-1.24266e-05
1.44412e-06
-9.93723e-06
1.26447e-06
6.99078e-07
-7.92624e-06
-1.85829e-05
-2.1095e-07
-1.69135e-05
-2.25299e-07
-1.51552e-05
-4.9381e-07
-9.73563e-07
-1.34827e-05
-2.11546e-05
-1.50604e-06
-1.97466e-05
-1.63324e-06
-1.83501e-05
-1.89034e-06
-2.25922e-06
-1.70645e-05
-2.22344e-05
-2.64112e-06
-2.10643e-05
-2.80328e-06
-1.99311e-05
-3.02355e-06
-3.27131e-06
-1.89191e-05
-2.20806e-05
-3.57563e-06
-2.11582e-05
-3.72566e-06
-2.02918e-05
-3.88995e-06
-4.03526e-06
-1.95278e-05
-2.07969e-05
-4.29792e-06
-2.00995e-05
-4.42303e-06
-1.94619e-05
-4.52744e-06
-4.59219e-06
-1.89049e-05
-1.84667e-05
-4.80204e-06
-1.79858e-05
-4.90393e-06
-1.75466e-05
-4.9666e-06
-4.97751e-06
-1.71613e-05
-1.53212e-05
-5.06709e-06
-1.50628e-05
-5.16228e-06
-1.48263e-05
-5.20314e-06
-5.1831e-06
-1.46207e-05
-1.17374e-05
-5.12442e-06
-1.16796e-05
-5.22002e-06
-1.16308e-05
-5.25191e-06
-5.21869e-06
-1.15952e-05
-8.06805e-06
-5.04038e-06
-8.16172e-06
-5.12633e-06
-8.26122e-06
-5.15238e-06
-5.11592e-06
-8.36397e-06
-4.53511e-06
-4.85147e-06
-4.73424e-06
-4.92722e-06
-4.93797e-06
-4.94863e-06
-4.91318e-06
-5.1407e-06
-1.26158e-06
-4.59231e-06
-1.52938e-06
-4.65941e-06
-1.79994e-06
-4.67804e-06
-4.64621e-06
-2.06689e-06
1.68437e-06
-4.2929e-06
1.37841e-06
-4.35341e-06
1.07149e-06
-4.37107e-06
-4.34448e-06
7.69811e-07
4.2702e-06
-3.97796e-06
3.95073e-06
-4.03387e-06
3.63174e-06
-4.05199e-06
-4.03154e-06
3.31888e-06
6.4902e-06
-3.66653e-06
6.17582e-06
-3.71941e-06
5.86289e-06
-3.73898e-06
-3.72493e-06
5.55638e-06
8.35633e-06
-3.3722e-06
8.06012e-06
-3.42313e-06
7.76583e-06
-3.44463e-06
-3.43677e-06
7.47774e-06
9.88957e-06
-3.10371e-06
9.61979e-06
-3.15331e-06
9.352e-06
-3.17682e-06
-3.17455e-06
9.08979e-06
1.1114e-05
-2.86584e-06
1.0875e-05
-2.91436e-06
1.06378e-05
-2.93961e-06
-2.94208e-06
1.04053e-05
1.20531e-05
-2.66025e-06
1.18463e-05
-2.70766e-06
1.16409e-05
-2.73419e-06
-2.74041e-06
1.14391e-05
1.27281e-05
-2.48637e-06
1.25529e-05
-2.53251e-06
1.23784e-05
-2.55976e-06
-2.5687e-06
1.22066e-05
1.31575e-05
-2.34214e-06
1.30117e-05
-2.38679e-06
1.2866e-05
-2.41417e-06
-2.42486e-06
1.27222e-05
1.33568e-05
-2.22457e-06
1.32374e-05
-2.26751e-06
1.31177e-05
-2.29449e-06
-2.3061e-06
1.29989e-05
1.33394e-05
-2.13016e-06
1.3243e-05
-2.17123e-06
1.31459e-05
-2.1974e-06
-2.20921e-06
1.3049e-05
1.3117e-05
-2.05519e-06
1.30401e-05
-2.09432e-06
1.2962e-05
-2.11937e-06
-2.13089e-06
1.28836e-05
1.27005e-05
-1.99585e-06
1.26392e-05
-2.03311e-06
1.25767e-05
-2.05692e-06
-2.06782e-06
1.25136e-05
1.20999e-05
-1.94844e-06
1.20508e-05
-1.98402e-06
1.20005e-05
-2.00665e-06
-2.01683e-06
1.19495e-05
1.13257e-05
-1.9094e-06
1.12854e-05
-1.94369e-06
1.12441e-05
-1.96538e-06
-1.97496e-06
1.12022e-05
1.0389e-05
-1.87553e-06
1.03544e-05
-1.90909e-06
1.03193e-05
-1.93028e-06
-1.93958e-06
1.0284e-05
9.30223e-06
-1.84418e-06
9.27094e-06
-1.87777e-06
9.23978e-06
-1.89908e-06
-1.90862e-06
9.20887e-06
8.0802e-06
-1.81362e-06
8.05061e-06
-1.84812e-06
8.02189e-06
-1.87031e-06
-1.88071e-06
7.99405e-06
6.74088e-06
-1.7834e-06
6.71252e-06
-1.81969e-06
6.68578e-06
-1.84349e-06
-1.85537e-06
6.66052e-06
5.30652e-06
-1.75463e-06
5.28028e-06
-1.79337e-06
5.25618e-06
-1.81931e-06
-1.8331e-06
5.234e-06
3.80493e-06
-1.72993e-06
3.78292e-06
-1.77128e-06
3.76311e-06
-1.79943e-06
-1.81512e-06
3.74521e-06
2.2698e-06
-1.71309e-06
2.25504e-06
-1.75647e-06
2.24202e-06
-1.78635e-06
-1.80363e-06
2.23059e-06
7.4284e-07
7.37556e-07
7.32939e-07
7.29003e-07
-6.735e-06
-1.61206e-06
-6.71051e-06
-2.86124e-06
-7.28777e-06
-3.6814e-06
-8.13222e-06
-4.29226e-06
-8.69537e-06
-4.99898e-06
-8.33009e-06
-4.54667e-06
-6.93208e-06
-9.61003e-08
-6.26684e-06
3.72605e-06
-4.58208e-06
3.81079e-06
-2.31365e-06
4.33998e-06
-7.17329e-07
3.98865e-06
3.24986e-07
3.71397e-06
2.1288e-06
4.50438e-06
4.71304e-06
5.21156e-06
7.11227e-06
3.96319e-06
7.7679e-06
6.81772e-07
6.91617e-06
-3.26485e-06
4.7512e-06
-7.04813e-06
-1.01162e-05
-9.49993e-06
-2.2339e-06
-9.514e-06
-2.84716e-06
-1.03434e-05
-2.85199e-06
-1.19338e-05
-2.70187e-06
-1.36767e-05
-3.25608e-06
-1.40202e-05
-4.20315e-06
-1.14105e-05
-2.70587e-06
-7.92853e-06
2.44098e-07
-4.83078e-06
7.13047e-07
-1.9184e-06
1.42761e-06
3.79108e-07
1.69115e-06
2.10806e-06
1.98502e-06
3.97336e-06
2.63908e-06
6.24857e-06
2.93636e-06
8.25919e-06
1.95257e-06
8.97598e-06
-3.50223e-08
8.1029e-06
-2.39177e-06
5.27825e-06
-4.22347e-06
-4.83797e-06
-9.81036e-06
-1.20414e-06
-1.04391e-05
-2.2184e-06
-1.17237e-05
-1.56732e-06
-1.39448e-05
-4.80785e-07
-1.68485e-05
-3.52329e-07
-1.68912e-05
-4.16044e-06
-1.32253e-05
-6.37179e-06
-8.298e-06
-4.68323e-06
-4.44931e-06
-3.13565e-06
-1.13862e-06
-1.88307e-06
1.3499e-06
-7.97369e-07
3.23719e-06
9.77389e-08
5.14111e-06
7.35151e-07
7.29532e-06
7.82141e-07
9.02891e-06
2.18977e-07
9.41932e-06
-4.25432e-07
7.50455e-06
-4.76988e-07
3.8267e-06
-5.4562e-07
-1.01126e-06
-8.52381e-06
3.18002e-06
-9.81876e-06
-9.23521e-07
-1.08959e-05
-4.90248e-07
-1.22532e-05
8.76514e-07
-1.31796e-05
5.73995e-07
-1.41278e-05
-3.21219e-06
-1.29556e-05
-7.54403e-06
-8.77244e-06
-8.86635e-06
-4.46e-06
-7.44808e-06
-7.63333e-07
-5.57973e-06
1.02889e-06
-2.58956e-06
2.45399e-06
-1.32732e-06
4.78045e-06
-1.59124e-06
7.61786e-06
-2.05518e-06
9.67771e-06
-1.84081e-06
9.43913e-06
-1.86801e-07
5.36718e-06
3.59496e-06
1.07406e-07
4.71413e-06
-9.03853e-07
-5.70834e-06
5.56942e-06
-5.34178e-06
-1.29019e-06
-3.59368e-06
-2.23839e-06
-8.18136e-07
-1.89902e-06
2.86552e-06
-3.10973e-06
6.71835e-06
-7.06504e-06
1.04103e-05
-1.12359e-05
1.39008e-05
-1.23567e-05
1.38612e-05
-7.40843e-06
1.21779e-05
-3.8964e-06
1.19135e-05
-2.32517e-06
1.22758e-05
-1.68968e-06
1.14253e-05
-7.40709e-07
1.02692e-05
-8.99203e-07
9.94191e-06
-1.5135e-06
8.3437e-06
1.41146e-06
5.97833e-06
5.96033e-06
3.48532e-06
7.20718e-06
2.58149e-06
-4.73703e-06
3.77557e-06
-3.4114e-06
-2.61586e-06
-1.28315e-06
-4.36665e-06
2.07164e-06
-5.25377e-06
6.06036e-06
-7.09836e-06
9.54227e-06
-1.05469e-05
1.19276e-05
-1.36213e-05
1.44797e-05
-1.49088e-05
1.61934e-05
-9.12217e-06
1.63941e-05
-4.09709e-06
1.58175e-05
-1.74854e-06
1.59643e-05
-1.83651e-06
1.6769e-05
-1.54536e-06
1.69078e-05
-1.03791e-06
1.38174e-05
1.57698e-06
9.08898e-06
6.13997e-06
4.28817e-06
1.07612e-05
-1.11455e-06
1.261e-05
1.46694e-06
-4.38222e-06
6.92899e-07
-2.60188e-06
-4.39628e-06
-6.37382e-07
-6.33116e-06
2.44775e-06
-8.33896e-06
6.18679e-06
-1.08373e-05
9.44567e-06
-1.38057e-05
1.04137e-05
-1.45893e-05
9.70034e-06
-1.41955e-05
1.00425e-05
-9.46438e-06
1.06958e-05
-4.75047e-06
1.10026e-05
-2.05524e-06
1.0483e-05
-1.31678e-06
1.18157e-05
-2.87788e-06
1.19837e-05
-1.20583e-06
9.48859e-06
4.07216e-06
5.61359e-06
1.00151e-05
1.88844e-06
1.44864e-05
-1.19609e-06
1.56945e-05
2.7083e-07
-5.49528e-06
-1.7381e-06
-4.30781e-06
-5.58367e-06
-2.63097e-06
-8.00785e-06
-6.74149e-07
-1.02958e-05
1.15825e-06
-1.26697e-05
1.88722e-06
-1.45347e-05
2.28763e-06
-1.49898e-05
1.87514e-06
-1.37831e-05
1.9245e-06
-9.51369e-06
2.49415e-06
-5.31995e-06
3.41401e-06
-2.9749e-06
4.48204e-06
-2.38464e-06
4.82097e-06
-3.21666e-06
4.20565e-06
-5.90416e-07
2.81463e-06
5.46332e-06
1.34528e-06
1.14845e-05
7.83409e-07
1.50483e-05
2.2408e-06
1.42371e-05
2.51162e-06
-1.09211e-05
-4.29959e-06
-9.32532e-06
-7.17954e-06
-7.92333e-06
-9.4098e-06
-6.71631e-06
-1.15027e-05
-5.81965e-06
-1.35664e-05
-5.43851e-06
-1.4916e-05
-5.4505e-06
-1.49779e-05
-5.78277e-06
-1.34508e-05
-5.77156e-06
-9.5248e-06
-5.27541e-06
-5.81594e-06
-4.14489e-06
-4.10529e-06
-2.92384e-06
-3.60557e-06
-2.92316e-06
-3.21726e-06
-3.12746e-06
-3.86038e-07
-2.86424e-06
5.20018e-06
-1.80741e-06
1.04277e-05
3.79282e-07
1.28616e-05
3.70919e-06
1.09072e-05
6.22079e-06
-1.46481e-05
-6.71593e-06
-1.31e-05
-8.72757e-06
-1.1929e-05
-1.05809e-05
-1.1093e-05
-1.23388e-05
-1.07935e-05
-1.38661e-05
-1.10357e-05
-1.46738e-05
-1.15192e-05
-1.44946e-05
-1.21135e-05
-1.28565e-05
-1.23392e-05
-9.29891e-06
-1.20217e-05
-6.13341e-06
-1.09771e-05
-5.14981e-06
-9.97858e-06
-4.60397e-06
-9.51094e-06
-3.68484e-06
-9.04765e-06
-8.49263e-07
-7.805e-06
3.95761e-06
-5.26802e-06
7.89072e-06
-2.17056e-06
9.76416e-06
4.90314e-07
8.24631e-06
6.71109e-06
-1.70118e-05
-8.62319e-06
-1.56736e-05
-1.00658e-05
-1.469e-05
-1.15645e-05
-1.41343e-05
-1.28945e-05
-1.41826e-05
-1.38179e-05
-1.47769e-05
-1.40794e-05
-1.56322e-05
-1.36392e-05
-1.64587e-05
-1.20298e-05
-1.66411e-05
-9.11631e-06
-1.63117e-05
-6.46274e-06
-1.56901e-05
-5.77127e-06
-1.50354e-05
-5.25858e-06
-1.46319e-05
-4.08835e-06
-1.41026e-05
-1.3785e-06
-1.31463e-05
3.00135e-06
-1.11131e-05
5.85761e-06
-8.1946e-06
6.84564e-06
-5.10882e-06
5.16051e-06
1.60225e-06
-1.81364e-05
-1.00145e-05
-1.70699e-05
-1.11321e-05
-1.63209e-05
-1.23135e-05
-1.59948e-05
-1.32207e-05
-1.6192e-05
-1.36207e-05
-1.68251e-05
-1.34462e-05
-1.77665e-05
-1.26977e-05
-1.85066e-05
-1.12895e-05
-1.85794e-05
-9.04335e-06
-1.82068e-05
-6.8352e-06
-1.82325e-05
-5.74555e-06
-1.83663e-05
-5.12479e-06
-1.85163e-05
-3.93831e-06
-1.85575e-05
-1.33728e-06
-1.82587e-05
2.70265e-06
-1.68691e-05
4.46802e-06
-1.33012e-05
3.27781e-06
-7.60362e-06
-5.37144e-07
-6.0014e-06
-1.79007e-05
-1.10186e-05
-1.71755e-05
-1.18574e-05
-1.67512e-05
-1.27378e-05
-1.6632e-05
-1.334e-05
-1.68622e-05
-1.33903e-05
-1.74793e-05
-1.2829e-05
-1.82598e-05
-1.1917e-05
-1.88591e-05
-1.06901e-05
-1.90135e-05
-8.88889e-06
-1.88948e-05
-6.95389e-06
-1.91005e-05
-5.53996e-06
-1.96445e-05
-4.58075e-06
-2.02665e-05
-3.31628e-06
-2.06845e-05
-9.19225e-07
-1.99656e-05
1.98389e-06
-1.80769e-05
2.57942e-06
-1.41048e-05
-6.94357e-07
-7.61565e-06
-7.02631e-06
-1.36171e-05
-1.6503e-05
-1.16769e-05
-1.61768e-05
-1.21836e-05
-1.60698e-05
-1.28449e-05
-1.61802e-05
-1.32295e-05
-1.64701e-05
-1.31004e-05
-1.69977e-05
-1.23013e-05
-1.76102e-05
-1.13045e-05
-1.81894e-05
-1.01108e-05
-1.84835e-05
-8.59484e-06
-1.85649e-05
-6.87255e-06
-1.86708e-05
-5.43416e-06
-1.8986e-05
-4.26552e-06
-1.9352e-05
-2.95012e-06
-1.91032e-05
-1.16796e-06
-1.75798e-05
4.60605e-07
-1.49618e-05
-3.84876e-08
-1.15688e-05
-4.08735e-06
-6.7233e-06
-1.18719e-05
-2.03404e-05
-1.42907e-05
-1.2007e-05
-1.42653e-05
-1.22089e-05
-1.44646e-05
-1.26456e-05
-1.48012e-05
-1.28928e-05
-1.52347e-05
-1.26667e-05
-1.57259e-05
-1.18101e-05
-1.62473e-05
-1.07831e-05
-1.6721e-05
-9.63721e-06
-1.70336e-05
-8.28222e-06
-1.71046e-05
-6.80162e-06
-1.70851e-05
-5.45359e-06
-1.70426e-05
-4.30797e-06
-1.67862e-05
-3.2064e-06
-1.58303e-05
-2.12372e-06
-1.37477e-05
-1.62189e-06
-1.08155e-05
-2.97066e-06
-7.69843e-06
-7.20449e-06
-4.39198e-06
-1.51784e-05
-2.47324e-05
-1.15854e-05
-1.20166e-05
-1.17676e-05
-1.20267e-05
-1.21811e-05
-1.22319e-05
-1.272e-05
-1.23537e-05
-1.33062e-05
-1.20805e-05
-1.3822e-05
-1.12942e-05
-1.42785e-05
-1.03266e-05
-1.46626e-05
-9.25314e-06
-1.48891e-05
-8.05569e-06
-1.48987e-05
-6.79195e-06
-1.4731e-05
-5.62122e-06
-1.43916e-05
-4.6473e-06
-1.37256e-05
-3.87223e-06
-1.24351e-05
-3.41411e-06
-1.03388e-05
-3.71816e-06
-7.69775e-06
-5.61173e-06
-4.98603e-06
-9.91626e-06
-2.62014e-06
-1.75444e-05
-2.73526e-05
-8.62539e-06
-1.17551e-05
-9.0048e-06
-1.16472e-05
-9.53064e-06
-1.17059e-05
-1.01853e-05
-1.1699e-05
-1.08606e-05
-1.14051e-05
-1.14078e-05
-1.0747e-05
-1.18457e-05
-9.88863e-06
-1.21711e-05
-8.92766e-06
-1.23322e-05
-7.8946e-06
-1.22799e-05
-6.84416e-06
-1.20076e-05
-5.89347e-06
-1.15051e-05
-5.14971e-06
-1.0676e-05
-4.70116e-06
-9.37781e-06
-4.71231e-06
-7.5755e-06
-5.52046e-06
-5.52337e-06
-7.66388e-06
-3.68447e-06
-1.17552e-05
-2.39588e-06
-1.8833e-05
-2.97485e-05
-5.60777e-06
-1.12881e-05
-6.13315e-06
-1.11217e-05
-6.75098e-06
-1.1088e-05
-7.44206e-06
-1.10078e-05
-8.12413e-06
-1.07229e-05
-8.69579e-06
-1.01753e-05
-9.13481e-06
-9.44959e-06
-9.43548e-06
-8.62696e-06
-9.56669e-06
-7.76335e-06
-9.48854e-06
-6.92224e-06
-9.1841e-06
-6.19784e-06
-8.6415e-06
-5.69225e-06
-7.82333e-06
-5.51929e-06
-6.68133e-06
-5.8543e-06
-5.25973e-06
-6.94205e-06
-3.78268e-06
-9.14094e-06
-2.60917e-06
-1.29287e-05
-1.98548e-06
-1.94567e-05
-3.17339e-05
-2.669e-06
-1.0686e-05
-3.28938e-06
-1.05012e-05
-3.95584e-06
-1.04214e-05
-4.65309e-06
-1.03105e-05
-5.32244e-06
-1.00535e-05
-5.89208e-06
-9.60561e-06
-6.33054e-06
-9.01109e-06
-6.6239e-06
-8.33357e-06
-6.75165e-06
-7.63555e-06
-6.6859e-06
-6.98793e-06
-6.41063e-06
-6.47305e-06
-5.92031e-06
-6.18254e-06
-5.20898e-06
-6.23059e-06
-4.28446e-06
-6.7788e-06
-3.21756e-06
-8.00894e-06
-2.17999e-06
-1.01785e-05
-1.41121e-06
-1.36975e-05
-1.13459e-06
-1.97333e-05
-3.28685e-05
9.46499e-08
-1.00107e-05
-5.72521e-07
-9.8339e-06
-1.25334e-06
-9.7405e-06
-1.93673e-06
-9.627e-06
-2.58157e-06
-9.40862e-06
-3.13666e-06
-9.05046e-06
-3.57095e-06
-8.57676e-06
-3.86654e-06
-8.03793e-06
-4.00777e-06
-7.49426e-06
-3.98027e-06
-7.01536e-06
-3.77338e-06
-6.6799e-06
-3.3879e-06
-6.56797e-06
-2.83012e-06
-6.78833e-06
-2.13682e-06
-7.47208e-06
-1.38081e-06
-8.76492e-06
-6.90371e-07
-1.08689e-05
-2.32443e-07
-1.41554e-05
-2.04723e-07
-1.97609e-05
-3.30732e-05
2.62127e-06
-9.31296e-06
1.94627e-06
-9.1587e-06
1.27752e-06
-9.07161e-06
6.2257e-07
-8.97194e-06
1.00832e-08
-8.79606e-06
-5.23365e-07
-8.51696e-06
-9.50648e-07
-8.14943e-06
-1.25427e-06
-7.73425e-06
-1.42193e-06
-7.32654e-06
-1.446e-06
-6.99123e-06
-1.32583e-06
-6.80001e-06
-1.06379e-06
-6.82996e-06
-6.78261e-07
-7.17382e-06
-2.112e-07
-7.93909e-06
2.68842e-07
-9.24491e-06
6.62432e-07
-1.12624e-05
8.40786e-07
-1.43337e-05
5.99609e-07
-1.95197e-05
-3.24735e-05
4.87379e-06
-8.63021e-06
4.22069e-06
-8.50545e-06
3.58392e-06
-8.43474e-06
2.96822e-06
-8.35618e-06
2.39349e-06
-8.2213e-06
1.88598e-06
-8.00944e-06
1.46773e-06
-7.73115e-06
1.15387e-06
-7.42033e-06
9.53462e-07
-7.12606e-06
8.69709e-07
-6.9074e-06
8.99611e-07
-6.82983e-06
1.0336e-06
-6.96387e-06
1.24891e-06
-7.38906e-06
1.50458e-06
-8.19471e-06
1.73971e-06
-9.47998e-06
1.87028e-06
-1.1393e-05
1.77878e-06
-1.42421e-05
1.26463e-06
-1.90055e-05
-3.12089e-05
6.83593e-06
-7.98829e-06
6.22488e-06
-7.89435e-06
5.63356e-06
-7.84341e-06
5.06441e-06
-7.78705e-06
4.53108e-06
-7.68799e-06
4.05234e-06
-7.5307e-06
3.64511e-06
-7.32389e-06
3.32133e-06
-7.09648e-06
3.08719e-06
-6.89183e-06
2.94287e-06
-6.76298e-06
2.88222e-06
-6.76908e-06
2.89202e-06
-6.97358e-06
2.94844e-06
-7.4454e-06
3.01337e-06
-8.25956e-06
3.03459e-06
-9.50114e-06
2.93886e-06
-1.12972e-05
2.61146e-06
-1.39146e-05
1.83424e-06
-1.82282e-05
-2.93746e-05
8.50447e-06
-7.40295e-06
7.94765e-06
-7.3376e-06
7.40969e-06
-7.30554e-06
6.89124e-06
-7.26866e-06
6.40131e-06
-7.19811e-06
5.95304e-06
-7.08243e-06
5.55876e-06
-6.92957e-06
5.22703e-06
-6.76467e-06
4.96131e-06
-6.62599e-06
4.75931e-06
-6.56086e-06
4.61266e-06
-6.62232e-06
4.50641e-06
-6.86724e-06
4.41725e-06
-7.35615e-06
4.312e-06
-8.15424e-06
4.14764e-06
-9.33671e-06
3.86455e-06
-1.1014e-05
3.36205e-06
-1.3412e-05
2.38793e-06
-1.72539e-05
-2.69865e-05
9.88429e-06
-6.88205e-06
9.38753e-06
-6.84098e-06
8.90637e-06
-6.82449e-06
8.43999e-06
-6.80238e-06
7.99398e-06
-6.75214e-06
7.57707e-06
-6.66551e-06
7.19757e-06
-6.55e-06
6.86079e-06
-6.42778e-06
6.5675e-06
-6.33259e-06
6.31322e-06
-6.30646e-06
6.0878e-06
-6.3968e-06
5.87522e-06
-6.65457e-06
5.65309e-06
-7.13395e-06
5.39269e-06
-7.89377e-06
5.05966e-06
-9.00361e-06
4.61061e-06
-1.05649e-05
3.97364e-06
-1.2775e-05
2.92621e-06
-1.62064e-05
-2.40602e-05
1.09847e-05
-6.42769e-06
1.05491e-05
-6.40561e-06
1.01248e-05
-6.40028e-06
9.7098e-06
-6.38743e-06
9.30702e-06
-6.34938e-06
8.9217e-06
-6.28016e-06
8.55872e-06
-6.18694e-06
8.22032e-06
-6.08929e-06
7.90471e-06
-6.01689e-06
7.60521e-06
-6.00687e-06
7.30982e-06
-6.10134e-06
7.00119e-06
-6.34587e-06
6.65665e-06
-6.78935e-06
6.24886e-06
-7.48592e-06
5.74694e-06
-8.5016e-06
5.1148e-06
-9.93265e-06
4.29735e-06
-1.19574e-05
3.11701e-06
-1.50259e-05
-2.09431e-05
1.18169e-05
-6.03802e-06
1.14406e-05
-6.02945e-06
1.10708e-05
-6.03063e-06
1.0705e-05
-6.02164e-06
1.03439e-05
-5.98831e-06
9.99e-06
-5.92627e-06
9.64524e-06
-5.84215e-06
9.30913e-06
-5.75312e-06
8.97739e-06
-5.68509e-06
8.64109e-06
-5.67052e-06
8.28616e-06
-5.74636e-06
7.89318e-06
-5.95284e-06
7.43736e-06
-6.33349e-06
6.88878e-06
-6.93727e-06
6.21237e-06
-7.8251e-06
5.3655e-06
-9.08566e-06
4.28372e-06
-1.08754e-05
2.79675e-06
-1.35387e-05
-1.81463e-05
1.23927e-05
-5.70871e-06
1.20717e-05
-5.70853e-06
1.17528e-05
-5.71188e-06
1.1433e-05
-5.70193e-06
1.11116e-05
-5.66695e-06
1.07889e-05
-5.60351e-06
1.04642e-05
-5.51746e-06
1.01347e-05
-5.42361e-06
9.79383e-06
-5.34425e-06
9.4306e-06
-5.30727e-06
9.02875e-06
-5.34447e-06
8.56641e-06
-5.49046e-06
8.01569e-06
-5.7827e-06
7.342e-06
-6.26349e-06
6.50252e-06
-6.98551e-06
5.44218e-06
-8.02518e-06
4.08352e-06
-9.51662e-06
2.31075e-06
-1.17657e-05
-1.58354e-05
1.27241e-05
-5.43399e-06
1.24531e-05
-5.43775e-06
1.21807e-05
-5.43961e-06
1.19035e-05
-5.4248e-06
1.16196e-05
-5.38313e-06
1.13275e-05
-5.31152e-06
1.10248e-05
-5.21482e-06
1.07067e-05
-5.10545e-06
1.03646e-05
-5.00216e-06
9.98566e-06
-4.92837e-06
9.5519e-06
-4.91069e-06
9.0394e-06
-4.9779e-06
8.41769e-06
-5.16092e-06
7.64847e-06
-5.49417e-06
6.68322e-06
-6.02013e-06
5.45908e-06
-6.8009e-06
3.89489e-06
-7.95226e-06
1.91629e-06
-9.78695e-06
-1.3919e-05
1.28222e-05
-5.20733e-06
1.25958e-05
-5.21148e-06
1.23651e-05
-5.20908e-06
1.21267e-05
-5.18658e-06
1.18781e-05
-5.1346e-06
1.16164e-05
-5.04997e-06
1.13378e-05
-4.93629e-06
1.10359e-05
-4.80356e-06
1.07008e-05
-4.66708e-06
1.03184e-05
-4.54594e-06
9.86945e-06
-4.46173e-06
9.32919e-06
-4.43759e-06
8.66638e-06
-4.49802e-06
7.84223e-06
-4.66991e-06
6.80843e-06
-4.98621e-06
5.50504e-06
-5.49736e-06
3.86409e-06
-6.31115e-06
1.8537e-06
-7.77636e-06
-1.20652e-05
1.26981e-05
-5.02192e-06
1.25104e-05
-5.02395e-06
1.23167e-05
-5.01552e-06
1.21136e-05
-4.98363e-06
1.1898e-05
-4.91917e-06
1.16665e-05
-4.81852e-06
1.1414e-05
-4.68385e-06
1.11331e-05
-4.52276e-06
1.08133e-05
-4.34721e-06
1.04395e-05
-4.17219e-06
9.99248e-06
-4.01463e-06
9.44756e-06
-3.8926e-06
8.77481e-06
-3.82518e-06
7.93836e-06
-3.83336e-06
6.89566e-06
-3.94339e-06
5.59703e-06
-4.19861e-06
3.99171e-06
-4.70569e-06
2.08632e-06
-5.87081e-06
-9.97882e-06
1.23626e-05
-4.87099e-06
1.22079e-05
-4.86946e-06
1.20465e-05
-4.85424e-06
1.18752e-05
-4.8124e-06
1.16906e-05
-4.73469e-06
1.14887e-05
-4.61676e-06
1.12641e-05
-4.45928e-06
1.10088e-05
-4.26749e-06
1.07117e-05
-4.05015e-06
1.0358e-05
-3.81845e-06
9.92855e-06
-3.58512e-06
9.39995e-06
-3.36394e-06
8.7448e-06
-3.16996e-06
7.93199e-06
-3.02047e-06
6.92678e-06
-2.93809e-06
5.69027e-06
-2.96201e-06
4.17723e-06
-3.19253e-06
2.33792e-06
-4.03135e-06
-7.64083e-06
1.18264e-05
-4.748e-06
1.16994e-05
-4.74259e-06
1.15659e-05
-4.72081e-06
1.14229e-05
-4.66949e-06
1.12671e-05
-4.57899e-06
1.10944e-05
-4.44408e-06
1.0899e-05
-4.26392e-06
1.0673e-05
-4.04144e-06
1.04052e-05
-3.78239e-06
1.00812e-05
-3.49442e-06
9.68256e-06
-3.18643e-06
9.18733e-06
-2.86867e-06
8.57086e-06
-2.55345e-06
7.807e-06
-2.25655e-06
6.86876e-06
-1.99978e-06
5.72704e-06
-1.8202e-06
4.34115e-06
-1.80653e-06
2.57742e-06
-2.26749e-06
-5.06334e-06
1.1101e-05
-4.6469e-06
1.09967e-05
-4.63829e-06
1.0887e-05
-4.61109e-06
1.07691e-05
-4.55168e-06
1.064e-05
-4.44988e-06
1.04955e-05
-4.2996e-06
1.03301e-05
-4.0985e-06
1.0136e-05
-3.84736e-06
9.90271e-06
-3.54907e-06
9.61612e-06
-3.20782e-06
9.25861e-06
-2.82891e-06
8.8093e-06
-2.41935e-06
8.24542e-06
-1.98955e-06
7.54437e-06
-1.55547e-06
6.68479e-06
-1.14016e-06
5.64413e-06
-7.79484e-07
4.3871e-06
-5.49421e-07
2.78695e-06
-6.67229e-07
-2.27633e-06
1.01994e-05
-4.56235e-06
1.01133e-05
-4.55215e-06
1.00236e-05
-4.52136e-06
9.92788e-06
-4.4559e-06
9.82312e-06
-4.34508e-06
9.70555e-06
-4.182e-06
9.57007e-06
-3.96301e-06
9.4096e-06
-3.68689e-06
9.2143e-06
-3.35377e-06
8.97089e-06
-2.96443e-06
8.66227e-06
-2.5203e-06
8.26777e-06
-2.02487e-06
7.76478e-06
-1.48658e-06
7.13175e-06
-9.22438e-07
6.34866e-06
-3.57061e-07
5.39122e-06
1.77994e-07
4.21536e-06
6.26503e-07
2.69517e-06
8.5307e-07
4.18882e-07
9.13666e-06
-4.49009e-06
9.06516e-06
-4.48053e-06
8.99233e-06
-4.44842e-06
8.91586e-06
-4.37932e-06
8.83305e-06
-4.2622e-06
8.74063e-06
-4.08952e-06
8.63423e-06
-3.85659e-06
8.50776e-06
-3.56042e-06
8.35254e-06
-3.19858e-06
8.15636e-06
-2.7683e-06
7.90258e-06
-2.26658e-06
7.56993e-06
-1.69227e-06
7.13415e-06
-1.05085e-06
6.57299e-06
-3.61311e-07
5.8658e-06
3.50128e-07
4.98149e-06
1.06232e-06
3.86092e-06
1.74712e-06
2.35576e-06
2.35832e-06
2.77468e-06
7.93132e-06
-4.42725e-06
7.87178e-06
-4.42081e-06
7.81325e-06
-4.38972e-06
7.75348e-06
-4.31941e-06
7.69014e-06
-4.19876e-06
7.62059e-06
-4.01991e-06
7.54147e-06
-3.77744e-06
7.44806e-06
-3.46702e-06
7.3334e-06
-3.08396e-06
7.18695e-06
-2.62191e-06
6.9929e-06
-2.07261e-06
6.72889e-06
-1.42834e-06
6.36745e-06
-6.89479e-07
5.88585e-06
1.20238e-07
5.26567e-06
9.70281e-07
4.47143e-06
1.85656e-06
3.4388e-06
2.77979e-06
2.04386e-06
3.75331e-06
4.81857e-06
6.60606e-06
-4.37263e-06
6.55701e-06
-4.37154e-06
6.51091e-06
-4.34343e-06
6.46564e-06
-4.27398e-06
6.41924e-06
-4.15224e-06
6.36981e-06
-3.97041e-06
6.31519e-06
-3.72279e-06
6.25242e-06
-3.40428e-06
6.17693e-06
-3.00853e-06
6.08092e-06
-2.52598e-06
5.95057e-06
-1.94236e-06
5.76254e-06
-1.24039e-06
5.48404e-06
-4.11058e-07
5.09298e-06
5.11229e-07
4.57957e-06
1.48366e-06
3.90519e-06
2.53093e-06
3.00249e-06
3.68251e-06
1.76895e-06
4.98691e-06
6.58754e-06
5.1883e-06
-4.32677e-06
5.14937e-06
-4.33239e-06
5.11457e-06
-4.30844e-06
5.08194e-06
-4.24119e-06
5.04995e-06
-4.12015e-06
5.01748e-06
-3.93788e-06
4.98359e-06
-3.6889e-06
4.94736e-06
-3.36808e-06
4.90729e-06
-2.96853e-06
4.85995e-06
-2.47873e-06
4.79608e-06
-1.87859e-06
4.69293e-06
-1.13734e-06
4.5086e-06
-2.26816e-07
4.22019e-06
7.99578e-07
3.83908e-06
1.86474e-06
3.31837e-06
3.05163e-06
2.58051e-06
4.42038e-06
1.52954e-06
6.03792e-06
8.11709e-06
3.71024e-06
-4.29164e-06
3.68189e-06
-4.30385e-06
3.65777e-06
-4.28416e-06
3.63624e-06
-4.21953e-06
3.61621e-06
-4.10004e-06
3.59723e-06
-3.91886e-06
3.57944e-06
-3.67111e-06
3.56379e-06
-3.35247e-06
3.55224e-06
-2.95704e-06
3.54754e-06
-2.47411e-06
3.55011e-06
-1.88125e-06
3.54474e-06
-1.13204e-06
3.47448e-06
-1.56628e-07
3.30224e-06
9.71765e-07
3.08691e-06
2.08005e-06
2.75335e-06
3.38518e-06
2.20624e-06
4.96751e-06
1.34475e-06
6.89943e-06
9.46185e-06
2.20809e-06
-4.26901e-06
2.19095e-06
-4.28658e-06
2.17712e-06
-4.27022e-06
2.16532e-06
-4.20765e-06
2.15493e-06
-4.08961e-06
2.14593e-06
-3.90984e-06
2.13903e-06
-3.66423e-06
2.13627e-06
-3.34974e-06
2.14206e-06
-2.96288e-06
2.16531e-06
-2.49742e-06
2.22248e-06
-1.93848e-06
2.32934e-06
-1.23896e-06
2.41898e-06
-2.46304e-07
2.40946e-06
9.81252e-07
2.40803e-06
2.08147e-06
2.2818e-06
3.51141e-06
1.93405e-06
5.31526e-06
1.25794e-06
7.57556e-06
1.07198e-05
7.20947e-07
7.15317e-07
7.10904e-07
7.0724e-07
7.04178e-07
7.01819e-07
7.00701e-07
7.02299e-07
7.10303e-07
7.33631e-07
7.95834e-07
9.58157e-07
1.33471e-06
1.73666e-06
1.96965e-06
2.02213e-06
1.75977e-06
1.14741e-06
)
;

boundaryField
{
    leftWall
    {
        type            calculated;
        value           uniform 0;
    }
    rightWall
    {
        type            calculated;
        value           uniform 0;
    }
    lowerWall
    {
        type            calculated;
        value           uniform 0;
    }
    atmosphere
    {
        type            calculated;
        value           nonuniform List<scalar> 
46
(
-9.0013e-07
1.27743e-06
2.53473e-06
3.1148e-06
3.37189e-06
3.43913e-06
3.37226e-06
3.20171e-06
2.94959e-06
2.63438e-06
2.27176e-06
1.8741e-06
1.45085e-06
1.00107e-06
4.11946e-07
4.92659e-09
-5.18688e-07
-1.14536e-06
-1.73201e-06
-2.25645e-06
-2.71221e-06
-3.1001e-06
-3.42207e-06
-1.70702e-06
-1.75116e-06
-1.78171e-06
-1.79967e-06
-4.26088e-06
-4.28089e-06
-4.26576e-06
-4.20395e-06
-4.08654e-06
-3.90748e-06
-3.66312e-06
-3.35136e-06
-2.97091e-06
-2.52078e-06
-2.00071e-06
-1.40131e-06
-6.2288e-07
5.79293e-07
1.84847e-06
3.45893e-06
5.57762e-06
8.18793e-06
1.18672e-05
)
;
    }
    defaultFaces
    {
        type            empty;
        value           nonuniform 0();
    }
}


// ************************************************************************* //
