/*--------------------------------*- C++ -*----------------------------------*\
| =========                 |                                                 |
| \\      /  F ield         | OpenFOAM: The Open Source CFD Toolbox           |
|  \\    /   O peration     | Version:  2.3.0                                 |
|   \\  /    A nd           | Web:      www.OpenFOAM.org                      |
|    \\/     M anipulation  |                                                 |
\*---------------------------------------------------------------------------*/
FoamFile
{
    version     2.0;
    format      ascii;
    class       surfaceScalarField;
    location    "1.5";
    object      phi;
}
// * * * * * * * * * * * * * * * * * * * * * * * * * * * * * * * * * * * * * //

dimensions      [0 3 -1 0 0 0 0];

internalField   nonuniform List<scalar> 
4432
(
-1.65073e-06
1.65073e-06
-3.01055e-07
-1.34968e-06
2.07081e-06
-2.37187e-06
4.67602e-06
-2.6052e-06
7.17216e-06
-2.49615e-06
9.46468e-06
-2.29252e-06
1.15575e-05
-2.09281e-06
1.34839e-05
-1.92638e-06
1.52705e-05
-1.78659e-06
1.6922e-05
-1.65154e-06
1.84159e-05
-1.49386e-06
1.97043e-05
-1.28846e-06
2.07258e-05
-1.02145e-06
2.13823e-05
-6.5651e-07
2.14558e-05
-7.35153e-08
2.0678e-05
7.77855e-07
1.92732e-05
1.40473e-06
1.73786e-05
1.89467e-06
1.50045e-05
2.37406e-06
1.19233e-05
3.08125e-06
7.62321e-06
4.30006e-06
2.67404e-06
4.94916e-06
2.67404e-06
-5.41151e-09
1.65613e-06
1.37651e-06
-2.73161e-06
3.4034e-06
-4.39876e-06
5.54975e-06
-4.75155e-06
7.65102e-06
-4.59743e-06
9.62584e-06
-4.26734e-06
1.14585e-05
-3.92548e-06
1.31635e-05
-3.6314e-06
1.47546e-05
-3.37762e-06
1.62308e-05
-3.12772e-06
1.75744e-05
-2.83742e-06
1.87532e-05
-2.46731e-06
1.97212e-05
-1.98951e-06
2.04203e-05
-1.35554e-06
2.0771e-05
-4.24218e-07
2.0642e-05
9.06871e-07
1.98734e-05
2.1733e-06
1.84206e-05
3.34749e-06
1.62536e-05
4.541e-06
1.32939e-05
6.041e-06
9.3736e-06
8.22034e-06
4.77799e-06
9.54476e-06
7.45203e-06
9.49917e-07
7.06206e-07
2.41957e-06
-4.20127e-06
4.12593e-06
-6.10512e-06
5.92639e-06
-6.55202e-06
7.72616e-06
-6.3972e-06
9.45454e-06
-5.99573e-06
1.10891e-05
-5.56005e-06
1.2635e-05
-5.1773e-06
1.40982e-05
-4.84081e-06
1.54742e-05
-4.50376e-06
1.67472e-05
-4.11033e-06
1.78901e-05
-3.61028e-06
1.88621e-05
-2.96145e-06
1.96052e-05
-2.09866e-06
2.00592e-05
-8.78181e-07
2.01743e-05
7.91777e-07
1.97265e-05
2.62108e-06
1.85419e-05
4.53209e-06
1.65425e-05
6.54038e-06
1.37302e-05
8.85337e-06
1.00952e-05
1.18553e-05
5.75917e-06
1.38808e-05
1.32112e-05
1.49767e-06
-7.91464e-07
2.99194e-06
-5.69555e-06
4.44521e-06
-7.55839e-06
5.96577e-06
-8.07259e-06
7.52377e-06
-7.9552e-06
9.05428e-06
-7.52625e-06
1.05337e-05
-7.03947e-06
1.19648e-05
-6.60837e-06
1.33497e-05
-6.22577e-06
1.46816e-05
-5.83561e-06
1.59445e-05
-5.37328e-06
1.71142e-05
-4.77995e-06
1.81539e-05
-4.00113e-06
1.90132e-05
-2.95797e-06
1.96439e-05
-1.50885e-06
1.99909e-05
4.44726e-07
1.98113e-05
2.80067e-06
1.88762e-05
5.46718e-06
1.71005e-05
8.31608e-06
1.45007e-05
1.14532e-05
1.10645e-05
1.52915e-05
6.64927e-06
1.8296e-05
1.98605e-05
1.76748e-06
-2.55894e-06
3.16892e-06
-7.097e-06
4.37495e-06
-8.76443e-06
5.65894e-06
-9.35659e-06
7.02283e-06
-9.31909e-06
8.3968e-06
-8.90022e-06
9.75969e-06
-8.40235e-06
1.11177e-05
-7.96641e-06
1.24722e-05
-7.5802e-06
1.38133e-05
-7.17677e-06
1.5124e-05
-6.68393e-06
1.638e-05
-6.03597e-06
1.75476e-05
-5.16876e-06
1.85829e-05
-3.99322e-06
1.94387e-05
-2.36471e-06
2.00339e-05
-1.50487e-07
2.0127e-05
2.70754e-06
1.94747e-05
6.11947e-06
1.7991e-05
9.79978e-06
1.56933e-05
1.3751e-05
1.2505e-05
1.84798e-05
7.92183e-06
2.28792e-05
2.77823e-05
1.84195e-06
-4.40089e-06
2.98791e-06
-8.24296e-06
3.91984e-06
-9.69635e-06
4.99846e-06
-1.04352e-05
6.21071e-06
-1.05313e-05
7.46728e-06
-1.01568e-05
8.75242e-06
-9.6875e-06
1.00807e-05
-9.29469e-06
1.14534e-05
-8.95295e-06
1.28571e-05
-8.5804e-06
1.42706e-05
-8.09745e-06
1.56675e-05
-7.43284e-06
1.7014e-05
-6.51526e-06
1.82677e-05
-5.24695e-06
1.93778e-05
-3.47479e-06
2.02488e-05
-1.02153e-06
2.06448e-05
2.31157e-06
2.03245e-05
6.43976e-06
1.92311e-05
1.08933e-05
1.73742e-05
1.56078e-05
1.4596e-05
2.1258e-05
9.92727e-06
2.7548e-05
3.77096e-05
1.71314e-06
-6.11403e-06
2.46404e-06
-8.99386e-06
3.10322e-06
-1.03355e-05
4.00429e-06
-1.13363e-05
5.10158e-06
-1.16286e-05
6.275e-06
-1.13302e-05
7.51831e-06
-1.09308e-05
8.8583e-06
-1.06347e-05
1.02958e-05
-1.03904e-05
1.18106e-05
-1.00952e-05
1.3375e-05
-9.66185e-06
1.49571e-05
-9.01499e-06
1.652e-05
-8.0781e-06
1.80191e-05
-6.74602e-06
1.93999e-05
-4.85564e-06
2.05638e-05
-2.18538e-06
2.12895e-05
1.58589e-06
2.13689e-05
6.36036e-06
2.07961e-05
1.1466e-05
1.95644e-05
1.68395e-05
1.74948e-05
2.33275e-05
1.29046e-05
3.21382e-05
5.06142e-05
1.33873e-06
-7.45275e-06
1.63448e-06
-9.2896e-06
1.99337e-06
-1.06944e-05
2.74694e-06
-1.20898e-05
3.75942e-06
-1.26411e-05
4.87466e-06
-1.24454e-05
6.10321e-06
-1.21593e-05
7.48794e-06
-1.20194e-05
9.02672e-06
-1.19292e-05
1.06889e-05
-1.17573e-05
1.24373e-05
-1.14102e-05
1.4232e-05
-1.08098e-05
1.60303e-05
-9.87634e-06
1.77831e-05
-8.49887e-06
1.9432e-05
-6.5045e-06
2.08928e-05
-3.64617e-06
2.19637e-05
5.14963e-07
2.25422e-05
5.78191e-06
2.26242e-05
1.13839e-05
2.21623e-05
1.73014e-05
2.11747e-05
2.43151e-05
1.76275e-05
3.56854e-05
6.82416e-05
-2.75332e-06
2.75332e-06
1.47949e-06
-4.23284e-06
6.32135e-06
-4.84187e-06
1.22478e-05
-5.92645e-06
1.79332e-05
-5.68536e-06
2.12742e-05
-3.34106e-06
2.15491e-05
-2.74916e-07
1.94914e-05
2.05773e-06
1.53541e-05
4.13731e-06
1.08492e-05
4.50494e-06
6.1097e-06
4.73949e-06
2.94575e-06
3.16393e-06
1.14182e-06
1.80392e-06
-1.14572e-06
2.28757e-06
-2.53947e-06
1.39376e-06
-3.18965e-06
6.50164e-07
-4.27296e-06
1.08328e-06
-4.55069e-06
2.77718e-07
-4.55068e-06
4.72931e-07
2.28041e-06
4.01475e-06
-7.77465e-06
7.1389e-06
-7.96604e-06
1.0854e-05
-9.64161e-06
1.47395e-05
-9.57075e-06
1.72781e-05
-5.87971e-06
1.79183e-05
-9.15091e-07
1.65837e-05
3.39235e-06
1.40816e-05
6.6394e-06
1.17859e-05
6.8006e-06
8.67505e-06
7.85039e-06
5.42792e-06
6.41106e-06
3.05474e-06
4.17706e-06
7.47294e-07
4.59501e-06
-1.07959e-06
3.22065e-06
-2.27594e-06
1.84653e-06
-3.09744e-06
1.90477e-06
-2.71484e-06
-1.04903e-07
-7.2655e-06
2.34283e-06
-6.24141e-08
5.53737e-06
-1.09692e-05
7.18813e-06
-9.61678e-06
9.32461e-06
-1.17781e-05
1.20297e-05
-1.22758e-05
1.39084e-05
-7.75845e-06
1.42216e-05
-1.22824e-06
1.27553e-05
4.85861e-06
1.14553e-05
7.9394e-06
1.10356e-05
7.22027e-06
9.93254e-06
8.95344e-06
7.21888e-06
9.12473e-06
4.60355e-06
6.79242e-06
2.09166e-06
7.10692e-06
6.34866e-09
5.30597e-06
-1.50577e-06
3.35866e-06
-2.27905e-06
2.67805e-06
-1.57328e-06
-8.10685e-07
-8.83876e-06
3.69922e-06
-3.76162e-06
6.81134e-06
-1.40813e-05
6.95661e-06
-9.76206e-06
7.63625e-06
-1.24577e-05
9.43207e-06
-1.40716e-05
1.08342e-05
-9.16061e-06
1.07886e-05
-1.18258e-06
9.54187e-06
6.10528e-06
9.30915e-06
8.17215e-06
9.97718e-06
6.55226e-06
1.02294e-05
8.70123e-06
8.6905e-06
1.06636e-05
5.88994e-06
9.59297e-06
3.21161e-06
9.78525e-06
9.38882e-07
7.57871e-06
-8.27545e-07
5.12509e-06
-1.72889e-06
3.57941e-06
-1.20554e-06
-1.33404e-06
-1.00443e-05
5.55071e-06
-9.31232e-06
8.5665e-06
-1.70971e-05
6.84161e-06
-8.03718e-06
5.88856e-06
-1.15047e-05
6.72697e-06
-1.491e-05
7.86713e-06
-1.03008e-05
7.85746e-06
-1.17289e-06
7.20886e-06
6.7539e-06
7.49956e-06
7.88144e-06
8.55929e-06
5.49252e-06
9.87331e-06
7.38719e-06
9.39462e-06
1.11423e-05
6.78488e-06
1.22027e-05
4.18962e-06
1.23805e-05
1.85708e-06
9.91124e-06
-1.19164e-07
7.10132e-06
-1.33611e-06
4.79637e-06
-1.24428e-06
-1.42586e-06
-1.12886e-05
8.75563e-06
-1.8068e-05
1.21955e-05
-2.05369e-05
7.54672e-06
-3.38846e-06
4.34399e-06
-8.30194e-06
4.11537e-06
-1.46814e-05
5.25282e-06
-1.14382e-05
5.5997e-06
-1.51979e-06
5.41907e-06
6.93454e-06
5.76855e-06
7.53195e-06
6.8282e-06
4.43286e-06
8.69497e-06
5.52041e-06
9.19843e-06
1.06389e-05
7.62055e-06
1.37806e-05
5.16969e-06
1.48314e-05
2.83397e-06
1.2247e-05
7.11283e-07
9.224e-06
-8.649e-07
6.37255e-06
-1.27187e-06
-1.0189e-06
-1.25604e-05
1.4908e-05
-3.2976e-05
2.02923e-05
-2.59213e-05
1.02834e-05
6.62052e-06
3.32062e-06
-1.33921e-06
2.05082e-06
-1.34116e-05
3.13755e-06
-1.25249e-05
3.6903e-06
-2.07255e-06
3.66297e-06
6.96187e-06
3.756e-06
7.43892e-06
4.69646e-06
3.49239e-06
6.50051e-06
3.71636e-06
8.24841e-06
8.89099e-06
8.53037e-06
1.34986e-05
6.62607e-06
1.67357e-05
4.02691e-06
1.48461e-05
1.76439e-06
1.14865e-05
2.34168e-08
8.11354e-06
-8.95135e-07
-1.0034e-07
-1.34556e-05
2.39306e-05
-5.69066e-05
2.81783e-05
-3.01689e-05
1.54892e-05
1.93096e-05
3.17744e-06
1.09726e-05
5.6288e-07
-1.0797e-05
1.35329e-06
-1.33153e-05
1.87397e-06
-2.59324e-06
1.67362e-06
7.16222e-06
1.46522e-06
7.64731e-06
2.02926e-06
2.92836e-06
3.65623e-06
2.08939e-06
6.54397e-06
6.00324e-06
8.30379e-06
1.17388e-05
8.20494e-06
1.68345e-05
5.47343e-06
1.75776e-05
3.41054e-06
1.35494e-05
1.51867e-06
1.00054e-05
3.03409e-07
1.11493e-06
-1.31522e-05
8.11617e-07
-8.26437e-06
5.59601e-08
-8.53394e-06
-3.64203e-09
-1.06348e-05
1.25221e-06
-1.33457e-05
3.24022e-06
-1.46291e-05
5.47717e-06
-1.46824e-05
8.10039e-06
-1.47826e-05
1.12663e-05
-1.51854e-05
1.49416e-05
-1.56044e-05
1.90154e-05
-1.58312e-05
2.33744e-05
-1.57692e-05
2.79039e-05
-1.53393e-05
3.24897e-05
-1.44621e-05
3.70108e-05
-1.302e-05
4.13281e-05
-1.08218e-05
4.53225e-05
-7.64057e-06
4.8806e-05
-2.96857e-06
5.18494e-05
2.73853e-06
5.43732e-05
8.86011e-06
5.63732e-05
1.53014e-05
5.88387e-05
2.18497e-05
6.53025e-05
2.92216e-05
3.56373e-05
9.79068e-05
-2.02635e-06
-6.23801e-06
-4.39449e-06
-6.16581e-06
-5.25855e-06
-9.77073e-06
-4.01047e-06
-1.45937e-05
-1.94981e-06
-1.66897e-05
1.96528e-07
-1.68287e-05
2.8792e-06
-1.74652e-05
6.35531e-06
-1.86615e-05
1.05082e-05
-1.97573e-05
1.51569e-05
-2.04799e-05
2.016e-05
-2.07723e-05
2.53757e-05
-2.0555e-05
3.06712e-05
-1.97576e-05
3.59207e-05
-1.82695e-05
4.09755e-05
-1.58766e-05
4.57514e-05
-1.24165e-05
5.04875e-05
-7.70468e-06
5.52611e-05
-2.03508e-06
5.98706e-05
4.2506e-06
6.43136e-05
1.08584e-05
6.92462e-05
1.69172e-05
7.64867e-05
2.19811e-05
2.38746e-05
8.82494e-05
-3.5975e-06
-2.64051e-06
-6.84474e-06
-2.91857e-06
-8.00038e-06
-8.61511e-06
-6.43889e-06
-1.61552e-05
-4.40249e-06
-1.87262e-05
-2.59442e-06
-1.86368e-05
4.78674e-08
-2.01075e-05
3.66129e-06
-2.22749e-05
7.98106e-06
-2.40771e-05
1.28085e-05
-2.53073e-05
1.80207e-05
-2.59845e-05
2.34617e-05
-2.5996e-05
2.8989e-05
-2.52848e-05
3.44977e-05
-2.37782e-05
3.98416e-05
-2.12205e-05
4.49417e-05
-1.75166e-05
5.01218e-05
-1.28847e-05
5.54564e-05
-7.36976e-06
6.07579e-05
-1.05087e-06
6.59952e-05
5.62103e-06
7.12483e-05
1.16641e-05
7.69644e-05
1.6265e-05
1.67985e-05
8.40404e-05
-3.90446e-06
1.26395e-06
-6.43756e-06
-3.85492e-07
-5.90839e-06
-9.14429e-06
-4.22117e-06
-1.78425e-05
-3.08724e-06
-1.98601e-05
-1.62901e-06
-2.0095e-05
7.65719e-07
-2.25023e-05
3.9834e-06
-2.54926e-05
7.86043e-06
-2.79541e-05
1.22634e-05
-2.97103e-05
1.71058e-05
-3.08269e-05
2.21843e-05
-3.10745e-05
2.73293e-05
-3.04299e-05
3.24805e-05
-2.89294e-05
3.74998e-05
-2.62397e-05
4.22874e-05
-2.23043e-05
4.72073e-05
-1.78047e-05
5.24018e-05
-1.25642e-05
5.76429e-05
-6.29194e-06
6.27748e-05
4.89059e-07
6.82653e-05
6.17366e-06
7.43943e-05
1.0136e-05
1.04213e-05
8.07715e-05
-1.08298e-05
1.20937e-05
-3.52597e-06
-7.68908e-06
8.38647e-06
-2.10567e-05
8.43484e-06
-1.78909e-05
4.27369e-06
-1.56989e-05
5.69735e-06
-2.15188e-05
5.83153e-06
-2.26364e-05
7.07701e-06
-2.67381e-05
9.53749e-06
-3.04146e-05
1.30448e-05
-3.32176e-05
1.71388e-05
-3.4921e-05
2.14379e-05
-3.53735e-05
2.56995e-05
-3.46914e-05
2.99161e-05
-3.31459e-05
3.4039e-05
-3.03627e-05
3.79423e-05
-2.62076e-05
4.217e-05
-2.20324e-05
4.69936e-05
-1.73877e-05
5.23946e-05
-1.1693e-05
5.7985e-05
-5.1013e-06
6.41077e-05
5.09808e-08
7.19352e-05
2.30847e-06
1.98925e-06
8.03672e-05
-2.95757e-06
1.50512e-05
1.28059e-05
-2.34526e-05
3.02137e-05
-3.84645e-05
4.01158e-05
-2.77929e-05
3.43696e-05
-9.95265e-06
3.53044e-05
-2.24536e-05
3.35662e-05
-2.08982e-05
1.90708e-05
-1.22426e-05
1.23116e-05
-2.36554e-05
1.39448e-05
-3.48508e-05
1.71093e-05
-3.80854e-05
2.07428e-05
-3.9007e-05
2.41244e-05
-3.8073e-05
2.72706e-05
-3.62921e-05
2.99549e-05
-3.3047e-05
3.22009e-05
-2.84536e-05
3.57373e-05
-2.55688e-05
4.06985e-05
-2.23489e-05
4.70502e-05
-1.80447e-05
5.3255e-05
-1.13061e-05
5.86521e-05
-5.34611e-06
6.25767e-05
-1.61611e-06
1.24406e-05
5.21253e-05
1.18806e-05
3.17055e-06
3.06269e-05
-4.2199e-05
4.19659e-05
-4.98036e-05
5.02262e-05
-3.60533e-05
4.65277e-05
-6.25402e-06
4.40105e-05
-1.99363e-05
4.93112e-05
-2.61988e-05
4.55372e-05
-8.46869e-06
2.10896e-05
7.92361e-07
8.26154e-06
-2.20228e-05
1.16403e-05
-4.14642e-05
1.63765e-05
-4.37433e-05
2.00374e-05
-4.1734e-05
2.33614e-05
-3.96161e-05
2.61047e-05
-3.57903e-05
2.53208e-05
-2.76698e-05
2.80563e-05
-2.83044e-05
3.25801e-05
-2.68727e-05
3.8604e-05
-2.40686e-05
4.32687e-05
-1.59709e-05
3.96204e-05
-1.69769e-06
2.81358e-05
9.86877e-06
2.9922e-05
1.06554e-05
2.70523e-05
-2.38816e-05
4.2886e-05
-5.80328e-05
5.04009e-05
-5.73185e-05
5.23557e-05
-3.80081e-05
4.75551e-05
-1.45343e-06
3.95732e-05
-1.19546e-05
3.66908e-05
-2.33164e-05
2.83608e-05
-1.38558e-07
1.84785e-05
1.06748e-05
1.34656e-05
-1.70096e-05
1.24747e-05
-4.04734e-05
1.36876e-05
-4.49562e-05
1.54267e-05
-4.3473e-05
1.74431e-05
-4.16324e-05
2.02593e-05
-3.86066e-05
2.18767e-05
-2.92872e-05
2.07164e-05
-2.71441e-05
2.0613e-05
-2.67693e-05
2.24258e-05
-2.58814e-05
2.25063e-05
-1.60513e-05
1.84082e-05
2.40031e-06
7.53391e-06
2.07425e-05
4.32108e-05
-5.75548e-06
3.2519e-05
-5.64006e-05
4.40286e-05
-6.95426e-05
4.64709e-05
-5.97608e-05
4.57571e-05
-3.72944e-05
4.66084e-05
-2.30469e-06
3.39507e-05
7.03034e-07
1.54479e-05
-4.81366e-06
1.08756e-05
4.43387e-06
1.6532e-05
5.01824e-06
1.75047e-05
-1.79822e-05
1.41727e-05
-3.71413e-05
1.14011e-05
-4.21846e-05
1.04852e-05
-4.25572e-05
9.3658e-06
-4.0513e-05
6.57035e-06
-3.58112e-05
6.32671e-06
-2.90436e-05
4.95232e-06
-2.57697e-05
2.86982e-06
-2.46869e-05
-7.58214e-08
-2.29358e-05
-1.95783e-06
-1.41692e-05
-4.13251e-06
4.57519e-06
-9.06609e-06
2.56762e-05
5.14999e-05
-1.7355e-05
3.10376e-05
-8.74381e-05
3.19069e-05
-7.04118e-05
2.01946e-05
-4.80487e-05
1.00506e-05
-2.71503e-05
7.29241e-06
4.53428e-07
2.52473e-07
7.74303e-06
-7.08479e-06
2.52374e-06
-3.6307e-06
9.79934e-07
5.94175e-06
-4.55436e-06
7.72473e-06
-1.97651e-05
3.34945e-06
-3.27661e-05
-8.68467e-07
-3.79667e-05
-4.40413e-06
-3.90216e-05
-7.71296e-06
-3.72043e-05
-1.06249e-05
-3.28994e-05
-1.25074e-05
-2.71612e-05
-1.52437e-05
-2.30334e-05
-1.90343e-05
-2.08963e-05
-2.20294e-05
-1.99409e-05
-2.42516e-05
-1.1947e-05
-2.54617e-05
5.7852e-06
-2.7573e-05
2.77875e-05
5.56597e-05
-3.17328e-05
8.24709e-06
-9.56853e-05
-6.87699e-07
-6.14779e-05
-1.2133e-05
-3.66038e-05
-2.15925e-05
-1.76907e-05
-2.29743e-05
1.83466e-06
-2.17446e-05
6.51305e-06
-2.09467e-05
1.7258e-06
-1.66779e-05
-3.28895e-06
-1.07638e-05
-1.04685e-05
-9.24733e-06
-2.12816e-05
-1.18768e-05
-3.01368e-05
-1.55251e-05
-3.43185e-05
-1.93536e-05
-3.51932e-05
-2.30483e-05
-3.35096e-05
-2.61222e-05
-2.98255e-05
-2.82704e-05
-2.50133e-05
-3.05071e-05
-2.07967e-05
-3.36094e-05
-1.77942e-05
-3.83622e-05
-1.51881e-05
-4.25402e-05
-7.76889e-06
-4.4634e-05
7.87903e-06
-4.66355e-05
2.97892e-05
5.4163e-05
-4.51387e-05
-1.55998e-05
-8.00857e-05
-2.64692e-05
-5.06088e-05
-3.44328e-05
-2.86406e-05
-4.00491e-05
-1.20745e-05
-3.85486e-05
3.34143e-07
-3.48025e-05
2.76642e-06
-3.15423e-05
-1.53447e-06
-2.75327e-05
-7.29871e-06
-2.38198e-05
-1.41813e-05
-2.31373e-05
-2.19641e-05
-2.52543e-05
-2.80199e-05
-2.85532e-05
-3.10197e-05
-3.22677e-05
-3.14788e-05
-3.59117e-05
-2.98655e-05
-3.90434e-05
-2.66939e-05
-4.14128e-05
-2.26441e-05
-4.36002e-05
-1.86092e-05
-4.65642e-05
-1.48303e-05
-5.13066e-05
-1.04456e-05
-5.65005e-05
-2.57491e-06
-5.97272e-05
1.11058e-05
-5.88681e-05
2.89299e-05
4.81956e-05
-5.29013e-05
-2.25749e-05
-5.75113e-05
-3.54437e-05
-3.77402e-05
-4.29495e-05
-2.11351e-05
-4.62204e-05
-8.80425e-06
-4.45611e-05
-1.3251e-06
-4.1049e-05
-7.45509e-07
-3.78336e-05
-4.74973e-06
-3.49278e-05
-1.02046e-05
-3.30145e-05
-1.60946e-05
-3.31972e-05
-2.17814e-05
-3.5276e-05
-2.59412e-05
-3.83634e-05
-2.79323e-05
-4.18687e-05
-2.79736e-05
-4.53369e-05
-2.63973e-05
-4.84311e-05
-2.35998e-05
-5.10376e-05
-2.00377e-05
-5.35002e-05
-1.61467e-05
-5.64101e-05
-1.19204e-05
-6.01768e-05
-6.67904e-06
-6.38574e-05
1.10545e-06
-6.51736e-05
1.2422e-05
-6.25357e-05
2.62921e-05
4.08026e-05
-5.51425e-05
-2.18564e-05
-3.56554e-05
-3.54722e-05
-2.41247e-05
-4.29145e-05
-1.36928e-05
-4.57024e-05
-6.0163e-06
-4.47819e-05
-2.24564e-06
-4.24591e-05
-3.0681e-06
-4.03066e-05
-6.90244e-06
-3.87474e-05
-1.17636e-05
-3.82037e-05
-1.66383e-05
-3.91067e-05
-2.08787e-05
-4.12736e-05
-2.37743e-05
-4.4186e-05
-2.50199e-05
-4.74145e-05
-2.47452e-05
-5.06161e-05
-2.31959e-05
-5.3555e-05
-2.06609e-05
-5.61644e-05
-1.74281e-05
-5.86075e-05
-1.37037e-05
-6.11122e-05
-9.41593e-06
-6.36705e-05
-4.1208e-06
-6.5479e-05
2.91404e-06
-6.507e-05
1.20131e-05
-6.12984e-05
2.25204e-05
3.32131e-05
-5.37089e-05
-1.94632e-05
-1.61926e-05
-3.18162e-05
-1.17714e-05
-3.87464e-05
-6.76261e-06
-4.15824e-05
-3.18017e-06
-4.16197e-05
-2.20849e-06
-4.05724e-05
-4.11564e-06
-3.96079e-05
-7.86689e-06
-3.91953e-05
-1.21759e-05
-3.96124e-05
-1.62211e-05
-4.10117e-05
-1.94794e-05
-4.32343e-05
-2.15517e-05
-4.59525e-05
-2.23018e-05
-4.88645e-05
-2.18333e-05
-5.17252e-05
-2.03354e-05
-5.43677e-05
-1.80184e-05
-5.67272e-05
-1.50686e-05
-5.88369e-05
-1.15939e-05
-6.07132e-05
-7.53979e-06
-6.2165e-05
-2.66885e-06
-6.25792e-05
3.32838e-06
-6.1053e-05
1.04871e-05
-5.68803e-05
1.83478e-05
2.61677e-05
-4.98349e-05
-1.59281e-05
-2.64585e-07
-2.65154e-05
-1.18448e-06
-3.26888e-05
-5.89229e-07
-3.55718e-05
-2.97428e-07
-3.63677e-05
-1.41241e-06
-3.63288e-05
-4.15493e-06
-3.63132e-05
-7.88228e-06
-3.67269e-05
-1.1762e-05
-3.77549e-05
-1.51933e-05
-3.94366e-05
-1.77978e-05
-4.16379e-05
-1.93506e-05
-4.41352e-05
-1.98046e-05
-4.6714e-05
-1.92545e-05
-4.91982e-05
-1.78513e-05
-5.14627e-05
-1.57539e-05
-5.34362e-05
-1.3095e-05
-5.50807e-05
-9.94931e-06
-5.63186e-05
-6.30191e-06
-5.69302e-05
-2.05719e-06
-5.64818e-05
2.88018e-06
-5.44341e-05
8.43949e-06
-5.03895e-05
1.43031e-05
2.00311e-05
-4.42529e-05
-1.25483e-05
1.2284e-05
-2.08084e-05
7.075e-06
-2.58354e-05
4.43788e-06
-2.85294e-05
2.39657e-06
-2.9757e-05
-1.84536e-07
-3.03792e-05
-3.5329e-06
-3.10057e-05
-7.25572e-06
-3.19476e-05
-1.082e-05
-3.33245e-05
-1.38165e-05
-3.51281e-05
-1.59945e-05
-3.72442e-05
-1.72346e-05
-3.95097e-05
-1.75391e-05
-4.17671e-05
-1.69973e-05
-4.38849e-05
-1.57336e-05
-4.57643e-05
-1.38746e-05
-4.73333e-05
-1.1526e-05
-4.85268e-05
-8.75577e-06
-4.9244e-05
-5.58476e-06
-4.93e-05
-2.00134e-06
-4.84088e-05
1.98904e-06
-4.62578e-05
6.28852e-06
-4.26369e-05
1.06823e-05
1.4918e-05
-3.75237e-05
-8.92796e-06
2.12118e-05
-1.47194e-05
1.28664e-05
-1.85227e-05
8.2412e-06
-2.08699e-05
4.74396e-06
-2.22719e-05
1.21723e-06
-2.32749e-05
-2.52993e-06
-2.42917e-05
-6.23895e-06
-2.5541e-05
-9.57092e-06
-2.70928e-05
-1.22646e-05
-2.89166e-05
-1.41708e-05
-3.09135e-05
-1.52376e-05
-3.29575e-05
-1.54951e-05
-3.49279e-05
-1.5027e-05
-3.67229e-05
-1.39388e-05
-3.82621e-05
-1.23356e-05
-3.94796e-05
-1.03085e-05
-4.03092e-05
-7.92607e-06
-4.0661e-05
-5.23287e-06
-4.04007e-05
-2.26164e-06
-3.93515e-05
9.39877e-07
-3.73411e-05
4.27826e-06
-3.42692e-05
7.61041e-06
1.08001e-05
-3.01513e-05
-4.98021e-06
2.61917e-05
-8.51688e-06
1.6403e-05
-1.1019e-05
1.07433e-05
-1.29466e-05
6.67163e-06
-1.43618e-05
2.63209e-06
-1.55581e-05
-1.33361e-06
-1.67935e-05
-5.00371e-06
-1.82065e-05
-8.1579e-06
-1.98288e-05
-1.06423e-05
-2.16177e-05
-1.2382e-05
-2.34862e-05
-1.33692e-05
-2.53325e-05
-1.36487e-05
-2.70611e-05
-1.32984e-05
-2.85911e-05
-1.24089e-05
-2.9857e-05
-1.10698e-05
-3.08032e-05
-9.36234e-06
-3.13743e-05
-7.355e-06
-3.15028e-05
-5.10447e-06
-3.11012e-05
-2.66315e-06
-3.00681e-05
-9.30396e-08
-2.83179e-05
2.52814e-06
-2.58127e-05
5.10534e-06
7.57448e-06
-2.2587e-05
-2.54055e-07
2.64458e-05
-1.97688e-06
1.81258e-05
-3.62376e-06
1.23902e-05
-5.16006e-06
8.2079e-06
-6.51048e-06
3.9826e-06
-7.7869e-06
-5.72493e-08
-9.13163e-06
-3.65899e-06
-1.06186e-05
-6.67079e-06
-1.22491e-05
-9.01182e-06
-1.39737e-05
-1.06576e-05
-1.57152e-05
-1.16279e-05
-1.73895e-05
-1.19745e-05
-1.89194e-05
-1.17686e-05
-2.02399e-05
-1.10884e-05
-2.12986e-05
-1.00112e-05
-2.20514e-05
-8.6096e-06
-2.24569e-05
-6.94946e-06
-2.24705e-05
-5.09092e-06
-2.20413e-05
-3.09223e-06
-2.11195e-05
-1.01475e-06
-1.96685e-05
1.07731e-06
-1.76876e-05
3.12452e-06
5.10534e-06
-1.52183e-05
5.05836e-06
2.13873e-05
4.5366e-06
1.86476e-05
3.19794e-06
1.37288e-05
1.95949e-06
9.44645e-06
7.30507e-07
5.21168e-06
-5.40922e-07
1.21402e-06
-1.91052e-06
-2.28922e-06
-3.40066e-06
-5.18039e-06
-4.98964e-06
-7.42284e-06
-6.62406e-06
-9.0233e-06
-8.23527e-06
-1.00167e-05
-9.75314e-06
-1.04567e-05
-1.11146e-05
-1.04072e-05
-1.22675e-05
-9.93546e-06
-1.31702e-05
-9.10843e-06
-1.37894e-05
-7.99025e-06
-1.40971e-05
-6.64177e-06
-1.40669e-05
-5.12102e-06
-1.36745e-05
-3.48455e-06
-1.2901e-05
-1.78804e-06
-1.17409e-05
-8.26695e-08
-1.02112e-05
1.59499e-06
3.24895e-06
-8.35467e-06
7.41223e-06
1.39748e-05
8.93775e-06
1.71222e-05
8.47297e-06
1.41937e-05
7.67203e-06
1.02476e-05
6.70959e-06
6.17393e-06
5.58233e-06
2.34102e-06
4.30441e-06
-1.01115e-06
2.90187e-06
-3.77769e-06
1.41926e-06
-5.94021e-06
-8.46147e-08
-7.51945e-06
-1.54618e-06
-8.5551e-06
-2.90524e-06
-9.09758e-06
-4.10956e-06
-9.20273e-06
-5.11666e-06
-8.92823e-06
-5.89358e-06
-8.33139e-06
-6.4156e-06
-7.4681e-06
-6.66463e-06
-6.39266e-06
-6.62767e-06
-5.15786e-06
-6.29709e-06
-3.81493e-06
-5.6728e-06
-2.41209e-06
-4.76573e-06
-9.89515e-07
-3.6014e-06
4.30806e-07
1.8671e-06
-2.21951e-06
6.54432e-06
7.43067e-06
9.96352e-06
1.37032e-05
1.10768e-05
1.30809e-05
1.11926e-05
1.01318e-05
1.07922e-05
6.57399e-06
1.00379e-05
3.09514e-06
9.03059e-06
-3.72989e-09
7.85215e-06
-2.59918e-06
6.57627e-06
-4.66427e-06
5.27203e-06
-6.21513e-06
4.00318e-06
-7.28614e-06
2.82584e-06
-7.92013e-06
1.78686e-06
-8.16361e-06
9.23188e-07
-8.06444e-06
2.62466e-07
-7.67058e-06
-1.76056e-07
-7.02946e-06
-3.8068e-07
-6.1879e-06
-3.46436e-07
-5.19189e-06
-7.52552e-08
-4.08584e-06
4.23115e-07
-2.9102e-06
1.12998e-06
-1.69621e-06
2.01731e-06
-4.56478e-07
8.34367e-07
3.04999e-06
4.53268e-06
2.89827e-06
8.60688e-06
9.62927e-06
1.10854e-05
1.06026e-05
1.23351e-05
8.88186e-06
1.27474e-05
6.16162e-06
1.25858e-05
3.25696e-06
1.20322e-05
5.50004e-07
1.12231e-05
-1.78986e-06
1.02638e-05
-3.70472e-06
9.23936e-06
-5.19046e-06
8.21971e-06
-6.26631e-06
7.2622e-06
-6.96244e-06
6.41275e-06
-7.31395e-06
5.70666e-06
-7.35822e-06
5.16969e-06
-7.13351e-06
4.81882e-06
-6.67845e-06
4.6629e-06
-6.03178e-06
4.70319e-06
-5.23194e-06
4.93353e-06
-4.31592e-06
5.34023e-06
-3.31671e-06
5.90241e-06
-2.25831e-06
6.59308e-06
-1.14714e-06
4.49951e-08
7.38245e-06
2.9184e-06
-2.01357e-08
6.67061e-06
5.87725e-06
9.74052e-06
7.53248e-06
1.18017e-05
6.8205e-06
1.29699e-05
4.99367e-06
1.34501e-05
2.77708e-06
1.34335e-05
5.66691e-07
1.30782e-05
-1.43429e-06
1.25083e-05
-3.13454e-06
1.18213e-05
-4.50323e-06
1.10944e-05
-5.53916e-06
1.03886e-05
-6.25641e-06
9.75181e-06
-6.67686e-06
9.22019e-06
-6.82643e-06
8.82004e-06
-6.73327e-06
8.56853e-06
-6.42682e-06
8.47431e-06
-5.9374e-06
8.53813e-06
-5.29556e-06
8.7532e-06
-4.5308e-06
9.10571e-06
-3.66909e-06
9.57587e-06
-2.7284e-06
1.01397e-05
-1.71097e-06
-5.881e-07
1.07729e-05
2.01183e-06
-2.03193e-06
5.14801e-06
2.74098e-06
8.17114e-06
4.50932e-06
1.05503e-05
4.4414e-06
1.21882e-05
3.35607e-06
1.31698e-05
1.79548e-06
1.36333e-05
1.03034e-07
1.37168e-05
-1.51766e-06
1.35397e-05
-2.95736e-06
1.32e-05
-4.16347e-06
1.27768e-05
-5.11575e-06
1.23329e-05
-5.81225e-06
1.19177e-05
-6.26138e-06
1.15689e-05
-6.47748e-06
1.13141e-05
-6.47843e-06
1.11718e-05
-6.28449e-06
1.1152e-05
-5.91751e-06
1.12568e-05
-5.40018e-06
1.14809e-05
-4.75473e-06
1.18126e-05
-4.00059e-06
1.22348e-05
-3.15056e-06
1.27278e-05
-2.20387e-06
-1.13256e-06
1.32724e-05
1.60024e-06
-3.632e-06
4.18675e-06
1.54228e-07
6.8802e-06
1.81618e-06
9.21819e-06
2.10362e-06
1.10252e-05
1.54923e-06
1.22937e-05
5.26804e-07
1.30949e-05
-6.98306e-07
1.35255e-05
-1.94829e-06
1.36823e-05
-3.11427e-06
1.36517e-05
-4.13286e-06
1.35069e-05
-4.97077e-06
1.3308e-05
-5.61319e-06
1.31035e-05
-6.05677e-06
1.29313e-05
-6.30525e-06
1.28199e-05
-6.36696e-06
1.27889e-05
-6.25344e-06
1.28501e-05
-5.9785e-06
1.30075e-05
-5.55736e-06
1.32584e-05
-5.00538e-06
1.3594e-05
-4.336e-06
1.4001e-05
-3.55744e-06
1.44637e-05
-2.66656e-06
-1.63676e-06
1.49678e-05
1.43337e-06
-5.06544e-06
3.60375e-06
-2.01616e-06
5.91801e-06
-4.97857e-07
8.04768e-06
-2.58893e-08
9.82384e-06
-2.26817e-07
1.11952e-05
-8.44579e-07
1.21827e-05
-1.68575e-06
1.28431e-05
-2.60871e-06
1.3245e-05
-3.51614e-06
1.34567e-05
-4.34441e-06
1.354e-05
-5.05399e-06
1.35486e-05
-5.62171e-06
1.35272e-05
-6.03535e-06
1.35119e-05
-6.28997e-06
1.35307e-05
-6.38571e-06
1.36038e-05
-6.3264e-06
1.37442e-05
-6.11862e-06
1.39578e-05
-5.77079e-06
1.42446e-05
-5.29202e-06
1.4599e-05
-4.69031e-06
1.50113e-05
-3.96976e-06
1.54699e-05
-3.12526e-06
-2.13166e-06
1.59646e-05
1.34416e-06
-6.40995e-06
3.20265e-06
-3.87433e-06
5.17923e-06
-2.47466e-06
7.05898e-06
-1.90556e-06
8.70715e-06
-1.8749e-06
1.0063e-05
-2.20032e-06
1.112e-05
-2.74259e-06
1.19055e-05
-3.39401e-06
1.24636e-05
-4.07409e-06
1.28443e-05
-4.72496e-06
1.30966e-05
-5.3063e-06
1.32656e-05
-5.79072e-06
1.33904e-05
-6.16015e-06
1.35036e-05
-6.40324e-06
1.36316e-05
-6.51364e-06
1.37941e-05
-6.48877e-06
1.40046e-05
-6.32902e-06
1.42708e-05
-6.03688e-06
1.45947e-05
-5.61595e-06
1.49736e-05
-5.0694e-06
1.54014e-05
-4.39767e-06
1.58698e-05
-3.59385e-06
-2.63417e-06
1.63722e-05
1.25277e-06
-7.66285e-06
2.86149e-06
-5.4827e-06
4.55924e-06
-4.17277e-06
6.2028e-06
-3.549e-06
7.69166e-06
-3.36373e-06
8.9702e-06
-3.47877e-06
1.00208e-05
-3.79307e-06
1.08534e-05
-4.22639e-06
1.14945e-05
-4.71505e-06
1.1979e-05
-5.20945e-06
1.23444e-05
-5.67166e-06
1.26266e-05
-6.07306e-06
1.28587e-05
-6.39229e-06
1.3069e-05
-6.61367e-06
1.32814e-05
-6.726e-06
1.35143e-05
-6.72169e-06
1.37813e-05
-6.59605e-06
1.40909e-05
-6.34661e-06
1.44471e-05
-5.97228e-06
1.48496e-05
-5.47207e-06
1.52949e-05
-4.84316e-06
1.5778e-05
-4.07699e-06
-3.15094e-06
1.62948e-05
1.13364e-06
-8.79614e-06
2.52846e-06
-6.87741e-06
3.99678e-06
-5.64102e-06
5.43305e-06
-4.98498e-06
6.76144e-06
-4.69208e-06
7.93564e-06
-4.65294e-06
8.93583e-06
-4.79319e-06
9.76317e-06
-5.05366e-06
1.04332e-05
-5.38507e-06
1.097e-05
-5.7462e-06
1.14011e-05
-6.10289e-06
1.1755e-05
-6.42705e-06
1.20585e-05
-6.69587e-06
1.23357e-05
-6.89096e-06
1.26074e-05
-6.99777e-06
1.28906e-05
-7.00492e-06
1.31982e-05
-6.90378e-06
1.35393e-05
-6.68788e-06
1.39192e-05
-6.35227e-06
1.43395e-05
-5.89245e-06
1.47991e-05
-5.3028e-06
1.52953e-05
-4.57318e-06
-3.6818e-06
1.58262e-05
9.91864e-07
-9.78747e-06
2.19575e-06
-8.08137e-06
3.46955e-06
-6.91426e-06
4.72445e-06
-6.23954e-06
5.9005e-06
-5.8681e-06
6.96038e-06
-5.71277e-06
7.88597e-06
-5.7187e-06
8.67491e-06
-5.84254e-06
9.33636e-06
-6.04649e-06
9.88684e-06
-6.29669e-06
1.03468e-05
-6.56289e-06
1.07381e-05
-6.81843e-06
1.10824e-05
-7.04016e-06
1.13996e-05
-7.20822e-06
1.17076e-05
-7.30584e-06
1.20217e-05
-7.31898e-06
1.23539e-05
-7.23605e-06
1.27134e-05
-7.04751e-06
1.31065e-05
-6.74534e-06
1.35362e-05
-6.32218e-06
1.40034e-05
-5.76997e-06
1.45074e-05
-5.07712e-06
-4.22226e-06
1.50477e-05
8.43003e-07
-1.06303e-05
1.87481e-06
-9.11325e-06
2.97671e-06
-8.01555e-06
4.06817e-06
-7.33086e-06
5.10009e-06
-6.9e-06
6.04252e-06
-6.6551e-06
6.88027e-06
-6.55633e-06
7.61005e-06
-6.57222e-06
8.23745e-06
-6.67381e-06
8.77404e-06
-6.83321e-06
9.23493e-06
-7.02371e-06
9.63688e-06
-7.22033e-06
9.99699e-06
-7.40021e-06
1.03317e-05
-7.54287e-06
1.06561e-05
-7.6302e-06
1.09835e-05
-7.64641e-06
1.13253e-05
-7.57782e-06
1.16904e-05
-7.41264e-06
1.20855e-05
-7.1405e-06
1.25151e-05
-6.75176e-06
1.29814e-05
-6.23633e-06
1.34854e-05
-5.58126e-06
-4.76526e-06
1.40281e-05
7.0422e-07
-1.13347e-05
1.5804e-06
-9.98938e-06
2.524e-06
-8.95897e-06
3.46294e-06
-8.26995e-06
4.35659e-06
-7.79369e-06
5.18081e-06
-7.47924e-06
5.92328e-06
-7.29869e-06
6.58087e-06
-7.2297e-06
7.15719e-06
-7.25e-06
7.66046e-06
-7.33633e-06
8.10181e-06
-7.46491e-06
8.494e-06
-7.61236e-06
8.8504e-06
-7.75648e-06
9.1843e-06
-7.87668e-06
9.50835e-06
-7.9542e-06
9.83415e-06
-7.97221e-06
1.0172e-05
-7.9157e-06
1.05306e-05
-7.77131e-06
1.09169e-05
-7.52697e-06
1.13363e-05
-7.17132e-06
1.17924e-05
-6.69265e-06
1.22877e-05
-6.07679e-06
-5.30226e-06
1.28244e-05
5.86694e-07
-1.19217e-05
1.32049e-06
-1.07231e-05
2.11422e-06
-9.75295e-06
2.90775e-06
-9.06376e-06
3.66759e-06
-8.55358e-06
4.37406e-06
-8.18564e-06
5.0173e-06
-7.94189e-06
5.59475e-06
-7.80707e-06
6.10885e-06
-7.76397e-06
6.56544e-06
-7.79274e-06
6.97262e-06
-7.8719e-06
7.33991e-06
-7.97949e-06
7.67762e-06
-8.09406e-06
7.99633e-06
-8.1953e-06
8.30647e-06
-8.26432e-06
8.61804e-06
-8.28382e-06
8.94028e-06
-8.23804e-06
9.2815e-06
-8.11267e-06
9.64887e-06
-7.89452e-06
1.00484e-05
-7.57104e-06
1.04848e-05
-7.12932e-06
1.09621e-05
-6.55422e-06
-5.82397e-06
1.14836e-05
4.91476e-07
-1.24133e-05
1.09179e-06
-1.13233e-05
1.74286e-06
-1.04044e-05
2.39806e-06
-9.7191e-06
3.02923e-06
-9.18468e-06
3.62006e-06
-8.77641e-06
4.16297e-06
-8.48475e-06
4.65614e-06
-8.30015e-06
5.1013e-06
-8.20898e-06
5.5025e-06
-8.19378e-06
5.86543e-06
-8.23467e-06
6.19698e-06
-8.31089e-06
6.50486e-06
-8.40182e-06
6.79732e-06
-8.48767e-06
7.08283e-06
-8.5498e-06
7.36986e-06
-8.57088e-06
7.66663e-06
-8.53491e-06
7.98092e-06
-8.4271e-06
8.31993e-06
-8.2337e-06
8.69017e-06
-7.94143e-06
9.09744e-06
-7.53669e-06
9.54694e-06
-7.00374e-06
-6.32059e-06
1.00436e-05
4.11361e-07
-1.28246e-05
8.80838e-07
-1.17928e-05
1.39849e-06
-1.09221e-05
1.92552e-06
-1.0246e-05
2.43582e-06
-9.69479e-06
2.91577e-06
-9.25621e-06
3.36016e-06
-8.92901e-06
3.76819e-06
-8.70803e-06
4.14125e-06
-8.58186e-06
4.48201e-06
-8.53436e-06
4.79421e-06
-8.54671e-06
5.08254e-06
-8.59907e-06
5.35255e-06
-8.67168e-06
5.61047e-06
-8.74545e-06
5.86302e-06
-8.80226e-06
6.11725e-06
-8.82508e-06
6.38032e-06
-8.79802e-06
6.65941e-06
-8.70628e-06
6.96154e-06
-8.53593e-06
7.29355e-06
-8.27351e-06
7.66206e-06
-7.9052e-06
8.07357e-06
-7.41516e-06
-6.78152e-06
8.53468e-06
3.23624e-07
-1.3148e-05
6.65701e-07
-1.21348e-05
1.06581e-06
-1.13221e-05
1.48076e-06
-1.06607e-05
1.88216e-06
-1.00959e-05
2.25906e-06
-9.63292e-06
2.6095e-06
-9.27926e-06
2.93433e-06
-9.03267e-06
3.23495e-06
-8.88229e-06
3.51299e-06
-8.81224e-06
3.77066e-06
-8.80421e-06
4.01088e-06
-8.83911e-06
4.23738e-06
-8.89799e-06
4.45467e-06
-8.96256e-06
4.66792e-06
-9.01538e-06
4.88284e-06
-9.03993e-06
5.1055e-06
-9.0207e-06
5.34231e-06
-8.94316e-06
5.5999e-06
-8.7936e-06
5.88511e-06
-8.55879e-06
6.20514e-06
-8.22522e-06
6.56762e-06
-7.77756e-06
-7.19461e-06
6.98084e-06
1.4939e-07
-1.32973e-05
4.08849e-07
-1.23942e-05
7.28336e-07
-1.16414e-05
1.05807e-06
-1.09902e-05
1.367e-06
-1.04047e-05
1.65095e-06
-9.91675e-06
1.91393e-06
-9.54212e-06
2.15939e-06
-9.278e-06
2.38912e-06
-9.1119e-06
2.60406e-06
-9.02709e-06
2.80525e-06
-9.00529e-06
2.99425e-06
-9.02796e-06
3.17336e-06
-9.07694e-06
3.34566e-06
-9.13472e-06
3.51493e-06
-9.18456e-06
3.68558e-06
-9.21057e-06
3.86254e-06
-9.19774e-06
4.05123e-06
-9.13199e-06
4.25755e-06
-9.00008e-06
4.48796e-06
-8.78932e-06
4.74968e-06
-8.48703e-06
5.05108e-06
-8.07898e-06
-7.54538e-06
5.40189e-06
-2.43104e-07
-1.30541e-05
5.81036e-08
-1.26955e-05
3.78911e-07
-1.19622e-05
6.63175e-07
-1.12745e-05
8.96088e-07
-1.06377e-05
1.09644e-06
-1.01171e-05
1.27871e-06
-9.7244e-06
1.4494e-06
-9.44872e-06
1.61072e-06
-9.27325e-06
1.76318e-06
-9.17958e-06
1.90705e-06
-9.14915e-06
2.04295e-06
-9.16381e-06
2.17211e-06
-9.20602e-06
2.29644e-06
-9.25899e-06
2.41849e-06
-9.30662e-06
2.5414e-06
-9.33358e-06
2.66885e-06
-9.32536e-06
2.80501e-06
-9.26838e-06
2.95464e-06
-9.14993e-06
3.1232e-06
-8.95808e-06
3.31717e-06
-8.68114e-06
3.5447e-06
-8.30658e-06
-7.81716e-06
3.81644e-06
-9.36244e-07
-1.2118e-05
-4.09873e-07
-1.3222e-05
6.47931e-08
-1.2437e-05
3.23501e-07
-1.15333e-05
4.8148e-07
-1.07958e-05
6.02687e-07
-1.02385e-05
7.0979e-07
-9.83164e-06
8.10053e-07
-9.54913e-06
9.05537e-07
-9.36887e-06
9.96506e-07
-9.27065e-06
1.08283e-06
-9.23552e-06
1.16458e-06
-9.24557e-06
1.24229e-06
-9.28373e-06
1.31694e-06
-9.33367e-06
1.38998e-06
-9.37975e-06
1.4633e-06
-9.40704e-06
1.53918e-06
-9.40143e-06
1.62028e-06
-9.3497e-06
1.70974e-06
-9.2396e-06
1.81129e-06
-9.05979e-06
1.9296e-06
-8.79956e-06
2.07086e-06
-8.44791e-06
-7.99019e-06
2.24388e-06
-2.04525e-06
-5.72236e-07
-8.38267e-08
6.59854e-08
1.33318e-07
1.77484e-07
2.13804e-07
2.47136e-07
2.78876e-07
3.09202e-07
3.38004e-07
3.65226e-07
3.90971e-07
4.15518e-07
4.39322e-07
4.63004e-07
4.87345e-07
5.13285e-07
5.41945e-07
5.747e-07
6.13359e-07
6.60436e-07
7.19837e-07
8.71068e-05
1.08e-05
8.28498e-05
4.25693e-06
8.39608e-05
-1.11097e-06
-6.54172e-06
9.05025e-05
9.15835e-05
7.46594e-06
9.27193e-05
3.12107e-06
9.30204e-05
-1.41208e-06
-5.45368e-06
9.19324e-05
8.65582e-05
4.94813e-06
8.77361e-05
1.94322e-06
8.77036e-05
-1.37957e-06
-4.26405e-06
8.65139e-05
8.29385e-05
2.78112e-06
8.42107e-05
6.71104e-07
8.37307e-05
-8.99617e-07
-2.97682e-07
7.97643e-05
8.08612e-05
2.28715e-06
7.5501e-05
6.03126e-06
6.45695e-05
1.00319e-05
1.22561e-05
5.20157e-05
3.95141e-05
1.48981e-05
2.52937e-05
2.02514e-05
1.26586e-05
2.26671e-05
2.53253e-05
-4.10697e-07
1.44789e-06
2.41062e-05
-8.66705e-06
3.03665e-05
-2.06724e-05
3.46723e-05
4.11343e-05
-3.64814e-05
-1.28913e-05
3.12419e-05
-2.11945e-05
3.86699e-05
-3.19237e-05
4.54014e-05
5.29008e-05
-4.36901e-05
-2.19093e-05
3.57963e-05
-2.63322e-05
4.30929e-05
-3.06493e-05
4.97186e-05
5.60789e-05
-3.38272e-05
-3.24425e-05
3.65059e-05
-3.19481e-05
4.25983e-05
-3.0325e-05
4.80952e-05
5.31265e-05
-2.73728e-05
-4.23114e-05
3.36788e-05
-3.81996e-05
3.84868e-05
-3.30094e-05
4.2905e-05
4.69236e-05
-2.68067e-05
-4.82327e-05
2.90099e-05
-4.25029e-05
3.27569e-05
-3.58935e-05
3.62957e-05
3.95883e-05
-2.85584e-05
-5.00523e-05
2.39198e-05
-4.40995e-05
2.6804e-05
-3.74307e-05
2.96268e-05
3.23504e-05
-3.01927e-05
-4.88964e-05
1.91074e-05
-4.33957e-05
2.13033e-05
-3.73168e-05
2.3548e-05
2.58091e-05
-3.07756e-05
-4.55988e-05
1.48712e-05
-4.08354e-05
1.65398e-05
-3.56126e-05
1.83251e-05
2.02028e-05
-3.00063e-05
-4.06978e-05
1.13161e-05
-3.67503e-05
1.25923e-05
-3.24448e-05
1.40197e-05
1.55798e-05
-2.78219e-05
-3.46438e-05
8.43626e-06
-3.14777e-05
9.42623e-06
-2.80372e-05
1.05792e-05
1.18815e-05
-2.43389e-05
-2.78852e-05
6.17018e-06
-2.54147e-05
6.95572e-06
-2.27374e-05
7.90189e-06
8.9989e-06
-1.98547e-05
-2.08477e-05
4.43085e-06
-1.89651e-05
5.07314e-06
-1.69291e-05
5.86587e-06
6.80188e-06
-1.47321e-05
-1.39103e-05
3.1229e-06
-1.25035e-05
3.66628e-06
-1.0984e-05
4.34632e-06
5.1573e-06
-9.33942e-06
-7.38548e-06
2.15374e-06
-6.34861e-06
2.62936e-06
-5.22924e-06
3.22691e-06
3.94128e-06
-4.01326e-06
-1.50554e-06
1.43974e-06
-7.45012e-07
1.86877e-06
7.61393e-08
2.40572e-06
3.04569e-06
9.71715e-07
3.57982e-06
9.09871e-07
4.14176e-06
1.30683e-06
4.74834e-06
1.79915e-06
2.38192e-06
5.41213e-06
7.78548e-06
5.06868e-07
8.21119e-06
8.8117e-07
8.67049e-06
1.33986e-06
1.87801e-06
9.1744e-06
1.10948e-05
1.85013e-07
1.14337e-05
5.42376e-07
1.17986e-05
9.74886e-07
1.47766e-06
1.21989e-05
1.35477e-05
-9.02978e-08
1.38365e-05
2.53464e-07
1.41465e-05
6.64852e-07
1.1391e-06
1.4485e-05
1.52209e-05
-3.43457e-07
1.54857e-05
-1.1408e-08
1.57681e-05
3.82349e-07
8.33191e-07
1.6074e-05
1.62112e-05
-5.90182e-07
1.64686e-05
-2.68824e-07
1.67412e-05
1.09721e-07
5.40979e-07
1.70334e-05
1.66214e-05
-8.39408e-07
1.68808e-05
-5.28236e-07
1.71537e-05
-1.63245e-07
2.51248e-07
1.74434e-05
1.65505e-05
-1.09512e-06
1.68162e-05
-7.9395e-07
1.70943e-05
-4.41424e-07
-4.16783e-08
1.73872e-05
1.6089e-05
-1.3579e-06
1.63617e-05
-1.06676e-06
1.66462e-05
-7.26056e-07
-3.39704e-07
1.69441e-05
1.53158e-05
-1.62609e-06
1.55941e-05
-1.34518e-06
1.58839e-05
-1.01604e-06
-6.42288e-07
1.61864e-05
1.42985e-05
-1.89666e-06
1.45795e-05
-1.62636e-06
1.48722e-05
-1.30886e-06
-9.47415e-07
1.51773e-05
1.30934e-05
-2.16579e-06
1.33737e-05
-1.90667e-06
1.3666e-05
-1.60123e-06
-1.25226e-06
1.39708e-05
1.17471e-05
-2.42926e-06
1.20226e-05
-2.18208e-06
1.23108e-05
-1.88946e-06
-1.55361e-06
1.26122e-05
1.0297e-05
-2.68253e-06
1.05633e-05
-2.44828e-06
1.08435e-05
-2.16956e-06
-1.84796e-06
1.11379e-05
8.77282e-06
-2.92053e-06
9.02499e-06
-2.70037e-06
9.29249e-06
-2.43698e-06
-2.13129e-06
9.57589e-06
7.19758e-06
-3.1372e-06
7.42957e-06
-2.9323e-06
7.67852e-06
-2.68587e-06
-2.39824e-06
7.94553e-06
5.58949e-06
-3.32478e-06
5.79315e-06
-3.13592e-06
6.01526e-06
-2.90795e-06
-2.6407e-06
6.25774e-06
3.96485e-06
-3.4732e-06
4.12899e-06
-3.30005e-06
4.31195e-06
-3.0909e-06
-2.84553e-06
4.51679e-06
2.34218e-06
-3.57151e-06
2.45336e-06
-3.41122e-06
2.58097e-06
-3.2185e-06
-2.99362e-06
2.72905e-06
7.5554e-07
7.97148e-07
8.46898e-07
9.07519e-07
7.20915e-05
-3.84956e-05
6.57585e-05
-2.3836e-05
4.17773e-05
4.32908e-05
7.24467e-06
4.55052e-05
-3.19109e-06
-3.61293e-07
-2.6779e-06
-1.38285e-05
-1.36711e-06
-3.904e-06
-3.59148e-06
9.38658e-06
-6.04946e-06
1.01053e-05
-5.56275e-06
2.44166e-06
-1.17612e-06
-2.29724e-06
6.47142e-06
-1.64433e-06
1.23171e-05
5.89311e-06
1.68067e-05
1.23449e-05
1.64919e-05
1.78924e-05
1.69812e-05
1.30601e-05
1.24753e-05
1.45113e-05
8.48226e-06
5.10793e-06
-4.66991e-06
7.86036e-05
-2.51667e-05
5.75569e-05
-2.78927e-06
2.91749e-05
7.16729e-05
1.9716e-06
7.27086e-05
-1.0034e-05
1.16443e-05
-1.03847e-05
-1.34778e-05
-6.85233e-06
-7.43631e-06
-1.26889e-05
1.52231e-05
-1.99383e-05
1.73548e-05
-1.8809e-05
1.31238e-06
-1.43473e-05
-6.75892e-06
-8.03968e-06
-7.952e-06
-9.09838e-07
-1.23676e-06
7.0869e-06
4.34816e-06
1.95651e-05
5.41419e-06
3.05478e-05
2.07743e-06
3.91427e-05
5.91642e-06
2.63175e-05
1.79331e-05
2.16476e-05
7.21517e-05
-1.08045e-05
3.64525e-05
3.29099e-05
1.11915e-05
9.69337e-05
-6.26972e-06
9.01697e-05
-1.85253e-05
2.38999e-05
-2.11127e-05
-1.08905e-05
-1.95785e-05
-8.97052e-06
-2.22914e-05
1.7936e-05
-2.73596e-05
2.2423e-05
-2.85908e-05
2.54357e-06
-2.69711e-05
-8.3786e-06
-2.26816e-05
-1.22416e-05
-1.29241e-05
-1.09942e-05
-5.29575e-07
-8.04641e-06
1.05679e-05
-5.68331e-06
1.95213e-05
-6.87597e-06
2.99683e-05
-4.5306e-06
2.43146e-05
2.35867e-05
4.59621e-05
5.80849e-05
1.08749e-05
1.52378e-05
7.5757e-05
-6.8178e-06
0.000118989
-1.60195e-05
9.93714e-05
-2.916e-05
3.70406e-05
-3.47748e-05
-5.27568e-06
-3.61368e-05
-7.60858e-06
-3.1376e-05
1.31753e-05
-2.68434e-05
1.78903e-05
-3.05967e-05
6.29687e-06
-3.12226e-05
-7.75264e-06
-2.61948e-05
-1.72694e-05
-1.69016e-05
-2.02874e-05
-7.61244e-06
-1.73356e-05
-2.32347e-06
-1.09723e-05
1.59542e-06
-1.07949e-05
6.69328e-06
-9.62848e-06
1.08088e-05
1.94712e-05
5.6771e-05
1.7609e-05
4.52817e-05
-3.02647e-05
0.000123631
-5.29616e-05
0.000141686
-5.11034e-05
9.75133e-05
-4.93696e-05
3.53068e-05
-4.99016e-05
-4.74368e-06
-4.91651e-05
-8.34497e-06
-3.87451e-05
2.75527e-06
-2.80858e-05
7.23092e-06
-2.35733e-05
1.78442e-06
-2.34045e-05
-7.9214e-06
-2.04429e-05
-2.02311e-05
-1.53463e-05
-2.53839e-05
-1.06151e-05
-2.20668e-05
-1.20182e-05
-9.5691e-06
-1.62447e-05
-6.56838e-06
-1.54572e-05
-1.0416e-05
-8.56826e-06
1.25823e-05
4.82027e-05
-4.76451e-05
9.2516e-05
-8.79503e-05
0.000163936
-9.49683e-05
0.000148704
-7.84317e-05
8.09765e-05
-6.46775e-05
2.15526e-05
-5.99447e-05
-9.47648e-06
-5.37765e-05
-1.45131e-05
-4.2133e-05
-8.8882e-06
-2.80278e-05
-6.87425e-06
-1.78252e-05
-8.41818e-06
-1.10664e-05
-1.46801e-05
-9.30559e-06
-2.1992e-05
-8.82514e-06
-2.58644e-05
-7.61198e-06
-2.328e-05
-1.3562e-05
-3.61911e-06
-3.04017e-05
1.02713e-05
-3.25186e-05
-8.29912e-06
-2.22256e-05
2.28921e-06
2.59772e-05
-7.93987e-05
0.000135434
-9.15228e-05
0.00017606
-7.88848e-05
0.000136067
-6.5882e-05
6.79738e-05
-5.92502e-05
1.49208e-05
-5.56059e-05
-1.31208e-05
-5.04302e-05
-1.96888e-05
-4.14874e-05
-1.7831e-05
-3.02634e-05
-1.80981e-05
-1.8288e-05
-2.03936e-05
-8.59996e-06
-2.43682e-05
-1.80888e-06
-2.8783e-05
-1.10864e-07
-2.75624e-05
3.67544e-06
-2.70662e-05
1.33567e-05
-1.33003e-05
-3.20735e-06
2.68354e-05
-2.86652e-05
1.71586e-05
-2.80147e-05
1.63874e-06
-2.03758e-06
-6.26297e-05
0.000154373
-5.7195e-05
0.000170625
-4.53585e-05
0.00012423
-4.08424e-05
6.34577e-05
-4.36625e-05
1.77408e-05
-4.59082e-05
-1.0875e-05
-4.45816e-05
-2.10154e-05
-3.88629e-05
-2.35498e-05
-2.98703e-05
-2.70907e-05
-1.98765e-05
-3.03874e-05
-1.1981e-05
-3.22636e-05
-6.368e-06
-3.4396e-05
-4.32095e-06
-2.96095e-05
-4.4109e-07
-3.09461e-05
5.80594e-06
-1.95474e-05
1.55269e-05
1.71143e-05
9.2979e-06
2.33876e-05
2.91545e-06
8.02115e-06
8.77945e-07
-3.26997e-05
0.000153245
-1.89266e-05
0.000156852
-9.68719e-06
0.000114991
-9.77334e-06
6.35438e-05
-2.13549e-05
2.93223e-05
-3.51135e-05
2.88359e-06
-4.04476e-05
-1.56812e-05
-3.5639e-05
-2.83584e-05
-2.82312e-05
-3.44985e-05
-2.03812e-05
-3.82374e-05
-1.43419e-05
-3.8303e-05
-1.24577e-05
-3.62803e-05
-9.84493e-06
-3.22222e-05
-1.19864e-05
-2.88046e-05
-1.01921e-05
-2.13417e-05
3.7515e-06
3.17064e-06
1.11578e-05
1.59812e-05
9.76965e-06
9.40939e-06
1.06478e-05
-1.43567e-05
0.000140229
3.94058e-06
0.000138554
1.12639e-05
0.000107667
6.48961e-06
6.83179e-05
-3.41066e-06
3.92225e-05
-1.45079e-05
1.39807e-05
-2.28783e-05
-7.3108e-06
-2.68266e-05
-2.44102e-05
-2.6246e-05
-3.50791e-05
-2.50339e-05
-3.94495e-05
-2.33164e-05
-4.00203e-05
-2.17504e-05
-3.78463e-05
-2.04732e-05
-3.34992e-05
-2.02573e-05
-2.90205e-05
-2.10414e-05
-2.05576e-05
-1.20789e-05
-5.79192e-06
-2.99196e-06
6.89434e-06
-3.85492e-07
6.80312e-06
1.02624e-05
-8.9097e-06
0.000122332
8.70705e-06
0.000120938
1.73036e-05
9.90705e-05
1.56769e-05
6.99447e-05
9.99764e-06
4.49015e-05
2.29518e-06
2.16831e-05
-5.69944e-06
6.83875e-07
-1.26109e-05
-1.74988e-05
-1.7181e-05
-3.05091e-05
-2.04162e-05
-3.62143e-05
-2.29574e-05
-3.74792e-05
-2.45017e-05
-3.63019e-05
-2.54266e-05
-3.25743e-05
-2.69696e-05
-2.74775e-05
-2.74058e-05
-2.01215e-05
-2.43434e-05
-8.85434e-06
-1.68055e-05
-6.43332e-07
-9.84857e-06
-1.53633e-07
4.13884e-07
-9.4823e-06
0.000103256
8.0967e-06
0.000103359
1.82828e-05
8.88843e-05
2.04146e-05
6.78127e-05
1.83912e-05
4.69249e-05
1.34608e-05
2.66134e-05
6.61942e-06
7.52515e-06
-1.25449e-06
-9.62489e-06
-8.9058e-06
-2.28577e-05
-1.53922e-05
-2.97278e-05
-1.98885e-05
-3.29828e-05
-2.34494e-05
-3.2741e-05
-2.67247e-05
-2.9299e-05
-3.01229e-05
-2.40794e-05
-3.22843e-05
-1.79601e-05
-3.05386e-05
-1.06e-05
-2.41453e-05
-7.03646e-06
-1.30443e-05
-1.12545e-05
-1.26304e-05
-1.18733e-05
8.4937e-05
4.79224e-06
8.66931e-05
1.59168e-05
7.77595e-05
2.09323e-05
6.27971e-05
2.16541e-05
4.62032e-05
1.88909e-05
2.93767e-05
1.3373e-05
1.30429e-05
5.773e-06
-2.02492e-06
-2.74338e-06
-1.43413e-05
-9.69895e-06
-2.27722e-05
-1.51479e-05
-2.75338e-05
-2.03038e-05
-2.75851e-05
-2.53229e-05
-2.42799e-05
-3.02424e-05
-1.91599e-05
-3.3675e-05
-1.45275e-05
-3.22705e-05
-1.20045e-05
-2.51965e-05
-1.41105e-05
-1.30401e-05
-2.34109e-05
-2.56704e-05
-1.433e-05
6.84911e-05
7.88981e-07
7.15739e-05
1.19844e-05
6.6564e-05
1.85261e-05
5.62554e-05
2.10247e-05
4.37047e-05
1.99986e-05
3.04029e-05
1.59089e-05
1.71328e-05
9.38638e-06
4.49772e-06
1.90488e-06
-6.8597e-06
-4.42078e-06
-1.64465e-05
-1.05384e-05
-2.14162e-05
-1.64435e-05
-2.168e-05
-2.25001e-05
-1.82233e-05
-2.7722e-05
-1.3938e-05
-3.08389e-05
-1.14106e-05
-2.96286e-05
-1.32148e-05
-2.30703e-05
-2.06687e-05
-1.31794e-05
-3.33017e-05
-3.88498e-05
-1.58763e-05
5.43611e-05
-2.5927e-06
5.82904e-05
7.93186e-06
5.60397e-05
1.48915e-05
4.92959e-05
1.83697e-05
4.02265e-05
1.86856e-05
3.0087e-05
1.61027e-05
1.97157e-05
1.12098e-05
9.3907e-06
5.2984e-06
-9.4827e-07
-5.82847e-07
-1.05652e-05
-6.6439e-06
-1.53551e-05
-1.31314e-05
-1.51924e-05
-1.91495e-05
-1.22053e-05
-2.32672e-05
-9.82026e-06
-2.48537e-05
-9.82422e-06
-2.35874e-05
-1.44811e-05
-1.97725e-05
-2.44836e-05
-1.27218e-05
-4.03522e-05
-5.15716e-05
-1.60778e-05
4.26169e-05
-4.7391e-06
4.69518e-05
4.65143e-06
4.66493e-05
1.13484e-05
4.2599e-05
1.52452e-05
3.63298e-05
1.6487e-05
2.88451e-05
1.53386e-05
2.08642e-05
1.21608e-05
1.25687e-05
7.55765e-06
3.65496e-06
1.94589e-06
-4.95327e-06
-4.18815e-06
-9.221e-06
-1.04724e-05
-8.90822e-06
-1.50618e-05
-7.61596e-06
-1.76547e-05
-7.22741e-06
-1.81107e-05
-9.36829e-06
-1.71114e-05
-1.54804e-05
-1.50928e-05
-2.65021e-05
-1.08466e-05
-4.45982e-05
-6.2418e-05
-1.4859e-05
3.31371e-05
-5.47272e-06
3.75657e-05
2.62314e-06
3.85534e-05
8.69427e-06
3.65279e-05
1.25861e-05
3.2438e-05
1.43662e-05
2.70651e-05
1.42433e-05
2.09872e-05
1.24046e-05
1.44075e-05
8.84679e-06
7.21289e-06
3.49384e-06
3.99723e-07
-2.41815e-06
-3.30903e-06
-7.22471e-06
-4.10173e-06
-1.04725e-05
-4.36828e-06
-1.19726e-05
-5.72737e-06
-1.19421e-05
-9.39885e-06
-1.09735e-05
-1.6449e-05
-9.50119e-06
-2.79743e-05
-7.11838e-06
-4.69808e-05
-6.95363e-05
-1.23932e-05
2.56757e-05
-4.84616e-06
3.00186e-05
1.90977e-06
3.17973e-05
7.22468e-06
3.1213e-05
1.08619e-05
2.88008e-05
1.28129e-05
2.51143e-05
1.31913e-05
2.06089e-05
1.20632e-05
1.55356e-05
9.25736e-06
1.00188e-05
4.87796e-06
4.7791e-06
2.4892e-07
1.31993e-06
-3.37314e-06
-4.79744e-07
-5.6072e-06
-2.13429e-06
-6.4696e-06
-4.86505e-06
-6.24072e-06
-9.62773e-06
-5.43401e-06
-1.72556e-05
-4.51065e-06
-2.88975e-05
-3.19197e-06
-4.82993e-05
-7.27282e-05
-8.98408e-06
1.99276e-05
-3.05215e-06
2.40866e-05
2.40662e-06
2.63386e-05
6.89224e-06
2.67275e-05
1.01231e-05
2.55701e-05
1.20067e-05
2.32308e-05
1.25732e-05
2.00423e-05
1.18545e-05
1.62542e-05
9.82384e-06
1.20494e-05
6.66911e-06
7.93377e-06
3.32755e-06
4.66142e-06
7.2841e-07
2.11934e-06
-8.16158e-07
-5.89774e-07
-1.34106e-06
-4.3402e-06
-1.10797e-06
-9.86082e-06
-5.63563e-07
-1.78e-05
-2.33792e-07
-2.92272e-05
-1.64665e-07
-4.83683e-05
-7.28928e-05
-4.98843e-06
1.55766e-05
-4.10667e-07
1.95089e-05
3.90485e-06
2.20232e-05
7.55881e-06
2.30737e-05
1.03006e-05
2.28282e-05
1.20091e-05
2.15222e-05
1.26602e-05
1.93911e-05
1.22849e-05
1.66294e-05
1.09227e-05
1.34116e-05
8.79403e-06
1.00624e-05
6.51603e-06
6.93941e-06
4.70536e-06
3.92996e-06
3.62296e-06
4.92572e-07
3.25114e-06
-3.96843e-06
3.37914e-06
-9.98883e-06
3.6474e-06
-1.80682e-05
3.53808e-06
-2.91178e-05
1.58028e-06
-4.64105e-05
-7.13126e-05
-7.60598e-07
1.2324e-05
2.72774e-06
1.60206e-05
6.08644e-06
1.86645e-05
9.00517e-06
2.01549e-05
1.12701e-05
2.05631e-05
1.27625e-05
2.00297e-05
1.3444e-05
1.87096e-05
1.33317e-05
1.67417e-05
1.24877e-05
1.42556e-05
1.11132e-05
1.14369e-05
9.60373e-06
8.44887e-06
8.34919e-06
5.18444e-06
7.54083e-06
1.30087e-06
7.17263e-06
-3.60029e-06
7.0781e-06
-9.89432e-06
6.96851e-06
-1.79586e-05
6.3241e-06
-2.84734e-05
3.22478e-06
-4.33112e-05
-6.80878e-05
3.39153e-06
9.90418e-06
6.03282e-06
1.33794e-05
8.62799e-06
1.60693e-05
1.09378e-05
1.7845e-05
1.27867e-05
1.87141e-05
1.40687e-05
1.87477e-05
1.47408e-05
1.80375e-05
1.48113e-05
1.66711e-05
1.43375e-05
1.47295e-05
1.34701e-05
1.23042e-05
1.24624e-05
9.45653e-06
1.15503e-05
6.09645e-06
1.08531e-05
1.99803e-06
1.03559e-05
-3.10314e-06
9.92512e-06
-9.46355e-06
9.31701e-06
-1.73505e-05
8.04617e-06
-2.72026e-05
4.96076e-06
-4.02258e-05
-6.31271e-05
7.21986e-06
8.09651e-06
9.22813e-06
1.1371e-05
1.12401e-05
1.40572e-05
1.30722e-05
1.60128e-05
1.45827e-05
1.72034e-05
1.56802e-05
1.76502e-05
1.63212e-05
1.73965e-05
1.65053e-05
1.64871e-05
1.62734e-05
1.49612e-05
1.57231e-05
1.28544e-05
1.50072e-05
1.01724e-05
1.42617e-05
6.84186e-06
1.35453e-05
2.71446e-06
1.28272e-05
-2.38503e-06
1.19942e-05
-8.63063e-06
1.08574e-05
-1.62136e-05
9.10718e-06
-2.54524e-05
6.18788e-06
-3.73065e-05
-5.69392e-05
1.05528e-05
6.71807e-06
1.21073e-05
9.81633e-06
1.36928e-05
1.24716e-05
1.5168e-05
1.45375e-05
1.64189e-05
1.59525e-05
1.73666e-05
1.67024e-05
1.79683e-05
1.67947e-05
1.8214e-05
1.62413e-05
1.81245e-05
1.50506e-05
1.77547e-05
1.32241e-05
1.71841e-05
1.07429e-05
1.64793e-05
7.54659e-06
1.56552e-05
3.53856e-06
1.46631e-05
-1.39295e-06
1.33973e-05
-7.36477e-06
1.17053e-05
-1.45216e-05
9.41537e-06
-2.31625e-05
6.31081e-06
-3.4202e-05
-5.06284e-05
1.32918e-05
5.62511e-06
1.45361e-05
8.57191e-06
1.58238e-05
1.11838e-05
1.70453e-05
1.33161e-05
1.81075e-05
1.48902e-05
1.89419e-05
1.58679e-05
1.95054e-05
1.6231e-05
1.97789e-05
1.59677e-05
1.97643e-05
1.5065e-05
1.94827e-05
1.35056e-05
1.89645e-05
1.1261e-05
1.8227e-05
8.28407e-06
1.72523e-05
4.51325e-06
1.59766e-05
-1.1726e-07
1.42919e-05
-5.68002e-06
1.20543e-05
-1.2284e-05
9.1106e-06
-2.02188e-05
5.49086e-06
-3.05823e-05
-4.51376e-05
1.54004e-05
4.7096e-06
1.64442e-05
7.52809e-06
1.75346e-05
1.00934e-05
1.85849e-05
1.22657e-05
1.9518e-05
1.3957e-05
2.02726e-05
1.51131e-05
2.08052e-05
1.56982e-05
2.10885e-05
1.56842e-05
2.11086e-05
1.50447e-05
2.08616e-05
1.37525e-05
2.03452e-05
1.17774e-05
1.95448e-05
9.08441e-06
1.84208e-05
5.63732e-06
1.69012e-05
1.40236e-06
1.48822e-05
-3.66106e-06
1.22372e-05
-9.63897e-06
8.84379e-06
-1.68254e-05
4.85775e-06
-2.65962e-05
-4.02798e-05
1.6889e-05
3.8945e-06
1.78119e-05
6.60514e-06
1.87794e-05
9.12581e-06
1.97214e-05
1.13235e-05
2.05722e-05
1.3106e-05
2.12758e-05
1.44093e-05
2.17878e-05
1.5186e-05
2.20745e-05
1.53974e-05
2.21102e-05
1.5009e-05
2.18732e-05
1.39894e-05
2.13404e-05
1.23102e-05
2.04782e-05
9.94664e-06
1.92356e-05
6.8799e-06
1.75417e-05
3.09631e-06
1.53082e-05
-1.42757e-06
1.24462e-05
-6.77688e-06
8.91201e-06
-1.32911e-05
4.72399e-06
-2.24081e-05
-3.55557e-05
1.77996e-05
3.12823e-06
1.86564e-05
5.74824e-06
1.95533e-05
8.22871e-06
2.04321e-05
1.04445e-05
2.12353e-05
1.23027e-05
2.19106e-05
1.37338e-05
2.24133e-05
1.46833e-05
2.27047e-05
1.51059e-05
2.27507e-05
1.49629e-05
2.25185e-05
1.42216e-05
2.19722e-05
1.28566e-05
2.10679e-05
1.08509e-05
1.97507e-05
8.19712e-06
1.79549e-05
4.89222e-06
1.56096e-05
9.17784e-07
1.26574e-05
-3.82453e-06
9.09204e-06
-9.72569e-06
4.95724e-06
-1.82732e-05
-3.05984e-05
1.81925e-05
2.37904e-06
1.90182e-05
4.9223e-06
1.9879e-05
7.36763e-06
2.07251e-05
9.59822e-06
2.15047e-05
1.15229e-05
2.21687e-05
1.30697e-05
2.2672e-05
1.41799e-05
2.29732e-05
1.48047e-05
2.3033e-05
1.49031e-05
2.28118e-05
1.44429e-05
2.22668e-05
1.34015e-05
2.13499e-05
1.17679e-05
2.0006e-05
9.54111e-06
1.81755e-05
6.72282e-06
1.58014e-05
3.292e-06
1.28427e-05
-8.65695e-07
9.29703e-06
-6.17994e-06
5.36192e-06
-1.4338e-05
-2.52365e-05
1.81362e-05
1.62983e-06
1.89513e-05
4.1069e-06
1.9797e-05
6.52176e-06
2.0629e-05
8.766e-06
2.14003e-05
1.07516e-05
2.20641e-05
1.24058e-05
2.2576e-05
1.3668e-05
2.28933e-05
1.44874e-05
2.29741e-05
1.48224e-05
2.27755e-05
1.46415e-05
2.22523e-05
1.39248e-05
2.13555e-05
1.26648e-05
2.00326e-05
1.08641e-05
1.82305e-05
8.52511e-06
1.59027e-05
5.61995e-06
1.30272e-05
2.00991e-06
9.61981e-06
-2.7725e-06
5.74167e-06
-1.04598e-05
-1.94948e-05
1.77002e-05
8.7357e-07
1.85148e-05
3.29202e-06
1.93562e-05
5.68012e-06
2.01844e-05
7.93773e-06
2.09555e-05
9.98049e-06
2.16253e-05
1.1736e-05
2.21508e-05
1.31426e-05
2.24896e-05
1.41486e-05
2.25993e-05
1.47126e-05
2.24366e-05
1.48043e-05
2.1956e-05
1.44054e-05
2.11105e-05
1.35104e-05
1.98514e-05
1.21233e-05
1.81317e-05
1.0245e-05
1.59106e-05
7.84114e-06
1.31692e-05
4.7514e-06
9.99154e-06
4.05175e-07
6.11447e-06
-6.58278e-06
-1.33804e-05
1.695e-05
1.09706e-07
1.77674e-05
2.47446e-06
1.86089e-05
4.83847e-06
1.9437e-05
7.10954e-06
2.02107e-05
9.20681e-06
2.08885e-05
1.10582e-05
2.14297e-05
1.26013e-05
2.17936e-05
1.37847e-05
2.19389e-05
1.45673e-05
2.18234e-05
1.49199e-05
2.14034e-05
1.48255e-05
2.06347e-05
1.42792e-05
1.94734e-05
1.32847e-05
1.78772e-05
1.18413e-05
1.58062e-05
9.91225e-06
1.32234e-05
7.33419e-06
1.01802e-05
3.44833e-06
6.28997e-06
-2.69256e-06
-7.09048e-06
1.59453e-05
-6.58533e-07
1.67645e-05
1.65518e-06
1.76061e-05
3.99678e-06
1.84339e-05
6.28167e-06
1.9209e-05
8.43162e-06
1.98934e-05
1.03738e-05
2.04497e-05
1.20451e-05
2.084e-05
1.33943e-05
2.10254e-05
1.4382e-05
2.09652e-05
1.49802e-05
2.06183e-05
1.51725e-05
1.99436e-05
1.4954e-05
1.89017e-05
1.43267e-05
1.74539e-05
1.32892e-05
1.55592e-05
1.1807e-05
1.31604e-05
9.73309e-06
1.00493e-05
6.55936e-06
5.95748e-06
1.39927e-06
-1.13298e-06
1.47382e-05
-1.426e-06
1.55562e-05
8.3716e-07
1.63957e-05
3.1572e-06
1.72206e-05
5.45678e-06
1.79937e-05
7.65857e-06
1.86808e-05
9.68663e-06
1.92495e-05
1.14763e-05
1.96659e-05
1.2978e-05
1.98933e-05
1.41546e-05
1.98931e-05
1.49804e-05
1.96258e-05
1.54399e-05
1.90524e-05
1.55275e-05
1.81355e-05
1.52438e-05
1.68379e-05
1.45868e-05
1.51142e-05
1.35308e-05
1.28754e-05
1.19719e-05
9.80251e-06
9.6323e-06
5.42957e-06
5.77225e-06
4.29667e-06
1.3373e-05
-2.18686e-06
1.41864e-05
2.38424e-08
1.50214e-05
2.32222e-06
1.584e-05
4.63826e-06
1.6606e-05
6.89258e-06
1.7291e-05
9.0016e-06
1.78688e-05
1.08984e-05
1.83101e-05
1.25367e-05
1.85808e-05
1.3884e-05
1.86431e-05
1.49181e-05
1.84575e-05
1.56255e-05
1.79848e-05
1.60003e-05
1.71863e-05
1.60424e-05
1.60214e-05
1.57518e-05
1.4436e-05
1.51163e-05
1.23213e-05
1.40867e-05
9.43299e-06
1.25207e-05
4.96253e-06
1.02428e-05
9.25932e-06
1.18862e-05
-2.93509e-06
1.26919e-05
-7.8183e-07
1.3521e-05
1.49325e-06
1.43304e-05
3.82879e-06
1.50845e-05
6.13844e-06
1.57633e-05
8.32279e-06
1.63486e-05
1.0313e-05
1.68157e-05
1.20696e-05
1.7132e-05
1.35677e-05
1.72593e-05
1.47909e-05
1.71566e-05
1.57282e-05
1.67821e-05
1.63749e-05
1.60928e-05
1.67318e-05
1.50418e-05
1.68029e-05
1.35644e-05
1.65938e-05
1.15492e-05
1.61021e-05
8.74927e-06
1.53207e-05
4.6623e-06
1.433e-05
1.39218e-05
1.03048e-05
-3.66392e-06
1.11006e-05
-1.57757e-06
1.19245e-05
6.69329e-07
1.27245e-05
3.02878e-06
1.34639e-05
5.39898e-06
1.41362e-05
7.65037e-06
1.47326e-05
9.71658e-06
1.52314e-05
1.15707e-05
1.55996e-05
1.31995e-05
1.57971e-05
1.45934e-05
1.57807e-05
1.57448e-05
1.5505e-05
1.66507e-05
1.49228e-05
1.73141e-05
1.39808e-05
1.77451e-05
1.26058e-05
1.79688e-05
1.06873e-05
1.80207e-05
8.01756e-06
1.79906e-05
4.33855e-06
1.80092e-05
1.82605e-05
8.64553e-06
-4.36386e-06
9.42878e-06
-2.36081e-06
1.02519e-05
-1.53874e-07
1.10463e-05
2.23429e-06
1.17728e-05
4.67238e-06
1.2448e-05
6.97506e-06
1.30699e-05
9.09459e-06
1.36153e-05
1.10253e-05
1.40479e-05
1.27669e-05
1.43248e-05
1.43165e-05
1.44012e-05
1.56685e-05
1.42302e-05
1.68217e-05
1.37618e-05
1.77826e-05
1.29422e-05
1.85647e-05
1.16963e-05
1.92147e-05
9.89928e-06
1.98178e-05
7.40149e-06
2.04886e-05
4.0391e-06
2.13718e-05
2.22997e-05
6.91264e-06
-5.01875e-06
7.67753e-06
-3.12574e-06
8.50931e-06
-9.85738e-07
9.31208e-06
1.43142e-06
1.0035e-05
3.94932e-06
1.07408e-05
6.26925e-06
1.14214e-05
8.41392e-06
1.20406e-05
1.0406e-05
1.2556e-05
1.22516e-05
1.29234e-05
1.39492e-05
1.30997e-05
1.54923e-05
1.30412e-05
1.68802e-05
1.27002e-05
1.81236e-05
1.20251e-05
1.92398e-05
1.09366e-05
2.03032e-05
9.30187e-06
2.14526e-05
6.99272e-06
2.27978e-05
3.87279e-06
2.4492e-05
2.61726e-05
5.09663e-06
-5.59862e-06
5.82564e-06
-3.85479e-06
6.68337e-06
-1.84355e-06
7.53442e-06
5.80288e-07
8.27909e-06
3.20456e-06
9.08009e-06
5.46819e-06
9.87631e-06
7.61767e-06
1.06064e-05
9.67587e-06
1.12233e-05
1.16348e-05
1.16876e-05
1.34849e-05
1.19641e-05
1.52159e-05
1.20183e-05
1.6826e-05
1.18126e-05
1.83292e-05
1.12947e-05
1.97576e-05
1.03887e-05
2.12092e-05
8.98125e-06
2.28601e-05
6.90574e-06
2.48734e-05
3.97053e-06
2.74273e-05
3.01432e-05
3.17232e-06
-6.04191e-06
3.80524e-06
-4.48775e-06
4.69474e-06
-2.7331e-06
5.69508e-06
-4.20105e-07
6.5813e-06
2.3183e-06
7.6148e-06
4.43466e-06
8.59366e-06
6.63881e-06
9.46042e-06
8.80911e-06
1.01817e-05
1.09135e-05
1.07331e-05
1.29334e-05
1.1093e-05
1.4856e-05
1.12401e-05
1.66789e-05
1.11512e-05
1.84181e-05
1.07876e-05
2.01212e-05
1.00895e-05
2.19073e-05
8.97503e-06
2.39746e-05
7.30551e-06
2.6543e-05
4.62635e-06
3.01066e-05
3.47696e-05
1.10977e-06
1.46652e-06
2.17447e-06
3.57017e-06
5.26601e-06
6.66969e-06
7.83551e-06
8.8108e-06
9.60231e-06
1.02047e-05
1.06091e-05
1.08033e-05
1.07744e-05
1.05081e-05
9.97066e-06
9.03656e-06
7.81541e-06
5.61223e-06
)
;

boundaryField
{
    leftWall
    {
        type            calculated;
        value           uniform 0;
    }
    rightWall
    {
        type            calculated;
        value           uniform 0;
    }
    lowerWall
    {
        type            calculated;
        value           uniform 0;
    }
    atmosphere
    {
        type            calculated;
        value           nonuniform List<scalar> 
46
(
-1.00729e-05
-1.46951e-05
-1.29255e-05
-1.16832e-05
-1.08633e-05
-1.02828e-05
-9.86813e-06
-9.58262e-06
-9.40073e-06
-9.30104e-06
-9.26436e-06
-9.27281e-06
-9.3095e-06
-9.35827e-06
-9.40364e-06
-9.43085e-06
-9.42591e-06
-9.37578e-06
-9.26838e-06
-9.09263e-06
-8.83827e-06
-8.49501e-06
-8.0496e-06
-3.60721e-06
-3.45283e-06
-3.26825e-06
-3.05424e-06
-6.24418e-06
-4.84453e-06
-3.44107e-06
-1.81582e-06
6.22441e-07
3.03097e-06
5.47299e-06
7.83382e-06
1.0122e-05
1.2331e-05
1.44516e-05
1.64846e-05
1.84469e-05
2.03875e-05
2.24447e-05
2.49088e-05
2.77642e-05
3.23099e-05
4.03818e-05
)
;
    }
    defaultFaces
    {
        type            empty;
        value           nonuniform 0();
    }
}


// ************************************************************************* //
