/*--------------------------------*- C++ -*----------------------------------*\
| =========                 |                                                 |
| \\      /  F ield         | OpenFOAM: The Open Source CFD Toolbox           |
|  \\    /   O peration     | Version:  2.3.0                                 |
|   \\  /    A nd           | Web:      www.OpenFOAM.org                      |
|    \\/     M anipulation  |                                                 |
\*---------------------------------------------------------------------------*/
FoamFile
{
    version     2.0;
    format      ascii;
    class       surfaceScalarField;
    location    "1.55";
    object      phi;
}
// * * * * * * * * * * * * * * * * * * * * * * * * * * * * * * * * * * * * * //

dimensions      [0 3 -1 0 0 0 0];

internalField   nonuniform List<scalar> 
4432
(
-4.30568e-06
4.30568e-06
-8.24464e-06
3.93896e-06
-5.49727e-06
-2.74737e-06
3.88567e-06
-9.38294e-06
1.998e-05
-1.60944e-05
2.8649e-05
-8.66894e-06
2.33664e-05
5.28257e-06
1.13398e-05
1.20266e-05
2.95596e-06
8.38382e-06
9.03501e-07
2.05246e-06
2.28514e-06
-1.38164e-06
4.20795e-06
-1.92281e-06
5.92704e-06
-1.71909e-06
7.54911e-06
-1.62207e-06
8.72755e-06
-1.17844e-06
8.27956e-06
4.47998e-07
4.74202e-06
3.53753e-06
-4.95165e-07
5.23718e-06
-3.92727e-06
3.4321e-06
-4.4009e-06
4.73626e-07
-3.70721e-06
-6.93685e-07
-2.18129e-06
-1.52592e-06
-2.1813e-06
-4.9488e-06
9.25447e-06
-9.17077e-06
8.16093e-06
-8.3857e-06
-3.53244e-06
-3.08747e-06
-1.46812e-05
1.13794e-05
-3.05612e-05
2.69155e-05
-2.42051e-05
2.93477e-05
2.85042e-06
2.25243e-05
1.88501e-05
1.53803e-05
1.55278e-05
1.06397e-05
6.79304e-06
7.02138e-06
2.23667e-06
4.92149e-06
1.77085e-07
5.18827e-06
-1.98586e-06
6.82225e-06
-3.25605e-06
8.17876e-06
-2.53496e-06
9.45441e-06
-8.27655e-07
1.10117e-05
1.98023e-06
1.12691e-05
4.97979e-06
9.26965e-06
5.43156e-06
5.87153e-06
3.87174e-06
3.08798e-06
2.08987e-06
1.32264e-06
2.39399e-07
-8.58658e-07
-4.74561e-06
1.40001e-05
-1.03057e-05
1.3721e-05
-1.25745e-05
-1.2636e-06
-1.25589e-05
-1.46968e-05
-3.09621e-06
-4.0024e-05
1.54935e-05
-4.27948e-05
2.44007e-05
-6.05678e-06
2.1479e-05
2.17717e-05
1.62383e-05
2.07686e-05
1.09143e-05
1.2117e-05
6.01631e-06
7.13466e-06
3.53217e-06
2.66123e-06
4.1415e-06
-2.59519e-06
6.31407e-06
-5.42862e-06
7.84969e-06
-4.07058e-06
8.21092e-06
-1.18887e-06
9.57849e-06
6.12654e-07
1.25406e-05
2.0177e-06
1.42312e-05
3.74095e-06
1.2437e-05
5.66587e-06
8.34971e-06
6.17718e-06
4.13247e-06
4.45663e-06
3.27381e-06
-5.25446e-06
1.92545e-05
-1.00473e-05
1.85138e-05
-1.10724e-05
-2.38441e-07
-1.42949e-05
-1.14743e-05
-1.2942e-05
-4.13768e-05
9.39338e-07
-5.66762e-05
1.68449e-05
-2.19624e-05
1.63947e-05
2.2222e-05
1.23268e-05
2.48365e-05
7.50877e-06
1.6935e-05
3.78534e-06
1.08581e-05
2.85487e-06
3.5917e-06
4.38962e-06
-4.12992e-06
6.89613e-06
-7.93513e-06
8.34019e-06
-5.51464e-06
7.85405e-06
-7.02749e-07
7.32817e-06
1.13853e-06
9.37814e-06
-3.22577e-08
1.30651e-05
5.39527e-08
1.42897e-05
4.44132e-06
1.15031e-05
8.9638e-06
6.44992e-06
9.50976e-06
9.72373e-06
-4.29225e-06
2.35468e-05
-4.92636e-06
1.91479e-05
-4.04981e-06
-1.11499e-06
-8.51288e-06
-7.01122e-06
-1.4707e-05
-3.51827e-05
-1.08454e-05
-6.05378e-05
6.57013e-06
-3.93779e-05
1.04391e-05
1.8353e-05
8.09631e-06
2.71793e-05
4.36189e-06
2.06694e-05
2.66803e-06
1.25519e-05
3.54589e-06
2.71384e-06
6.17171e-06
-6.75575e-06
9.33852e-06
-1.11019e-05
1.06424e-05
-6.81857e-06
9.02229e-06
9.17403e-07
6.43009e-06
3.73074e-06
6.69032e-06
-2.92486e-07
1.07595e-05
-4.01526e-06
1.43392e-05
8.61698e-07
1.35657e-05
9.7373e-06
8.77742e-06
1.4298e-05
1.85011e-05
-1.69119e-06
2.5238e-05
3.08818e-06
1.43686e-05
4.69544e-06
-2.72225e-06
2.86342e-06
-5.1792e-06
-9.74109e-06
-2.25782e-05
-2.00725e-05
-5.02064e-05
-6.32592e-06
-5.31245e-05
5.60674e-06
6.42032e-06
5.19821e-06
2.75879e-05
2.99179e-06
2.28758e-05
3.10845e-06
1.24353e-05
5.42748e-06
3.94817e-07
9.30678e-06
-1.06351e-05
1.37088e-05
-1.55039e-05
1.52097e-05
-8.31947e-06
1.24576e-05
3.66953e-06
7.73682e-06
8.45148e-06
5.97611e-06
1.46823e-06
9.71923e-06
-7.7584e-06
1.47792e-05
-4.19826e-06
1.58132e-05
8.70329e-06
1.14671e-05
1.86441e-05
2.99682e-05
1.06024e-06
2.41778e-05
1.03155e-05
5.11331e-06
1.29506e-05
-5.35739e-06
1.2817e-05
-5.04558e-06
-1.55312e-06
-8.20806e-06
-2.18137e-05
-2.99458e-05
-1.50831e-05
-5.9855e-05
1.97244e-06
-1.06352e-05
3.6092e-06
2.59511e-05
3.38969e-06
2.30954e-05
4.92315e-06
1.09018e-05
8.38267e-06
-3.0647e-06
1.35689e-05
-1.58213e-05
1.90855e-05
-2.10205e-05
2.10698e-05
-1.03037e-05
1.7193e-05
7.54631e-06
1.01561e-05
1.54883e-05
7.39917e-06
4.22518e-06
1.15802e-05
-1.19394e-05
1.70997e-05
-9.71774e-06
1.92173e-05
6.58573e-06
1.6348e-05
2.15133e-05
4.63163e-05
3.94537e-06
2.02324e-05
1.64237e-05
-7.36498e-06
2.17976e-05
-1.07313e-05
2.03294e-05
-3.57737e-06
6.75316e-06
5.36819e-06
-1.83734e-05
-4.81924e-06
-2.08501e-05
-5.73784e-05
-2.81416e-06
-2.86712e-05
3.28375e-06
1.98532e-05
5.67739e-06
2.07017e-05
8.46485e-06
8.11436e-06
1.2892e-05
-7.4918e-06
1.82317e-05
-2.11611e-05
2.31785e-05
-2.59673e-05
2.41956e-05
-1.13209e-05
1.777e-05
1.39719e-05
9.57949e-06
2.36789e-05
9.94653e-06
3.85814e-06
1.74674e-05
-1.94604e-05
2.2634e-05
-1.48843e-05
2.44795e-05
4.74018e-06
2.05046e-05
2.54882e-05
6.68209e-05
-5.3418e-06
5.3418e-06
-6.72547e-06
1.38367e-06
6.12279e-06
-1.28483e-05
2.36654e-05
-1.75426e-05
3.0598e-05
-6.9326e-06
2.61341e-05
4.46394e-06
2.04288e-05
5.70524e-06
2.29715e-05
-2.54263e-06
3.36618e-05
-1.06903e-05
3.86027e-05
-4.94088e-06
3.08533e-05
7.74935e-06
2.29826e-05
7.87071e-06
1.48731e-05
8.10955e-06
9.17282e-07
1.39558e-05
-1.20287e-05
1.2946e-05
-1.68674e-05
4.83869e-06
-2.16969e-05
4.8295e-06
-1.77207e-05
-3.97618e-06
-1.77207e-05
-7.53453e-06
1.28763e-05
-1.08027e-05
4.65187e-06
6.4635e-07
-2.42973e-05
1.76633e-05
-3.45596e-05
3.0611e-05
-1.98803e-05
3.42633e-05
8.11649e-07
3.18929e-05
8.07556e-06
3.16698e-05
-2.31945e-06
3.68959e-05
-1.59165e-05
4.12395e-05
-9.28438e-06
3.85728e-05
1.0416e-05
3.05229e-05
1.59206e-05
1.81413e-05
2.04912e-05
2.27897e-06
2.98182e-05
-1.19022e-05
2.71272e-05
-1.55758e-05
8.51227e-06
-1.66769e-05
5.93059e-06
-1.21505e-05
-8.5026e-06
-2.98712e-05
-8.72236e-06
2.15987e-05
-9.51594e-06
5.44544e-06
1.70791e-06
-3.55212e-05
1.3445e-05
-4.62966e-05
2.40007e-05
-3.0436e-05
2.94344e-05
-4.62205e-06
3.09881e-05
6.52185e-06
3.08614e-05
-2.19276e-06
3.25285e-05
-1.75837e-05
3.47995e-05
-1.15553e-05
3.12541e-05
1.39614e-05
2.00004e-05
2.71744e-05
4.90121e-06
3.55903e-05
-1.41516e-06
3.61345e-05
-1.02037e-07
2.58141e-05
2.85178e-06
5.55847e-06
-1.79566e-06
1.0578e-05
-2.7507e-06
-7.54755e-06
-3.26219e-05
-7.22482e-06
2.88235e-05
-4.14061e-06
2.36124e-06
7.51549e-06
-4.71773e-05
1.51272e-05
-5.39084e-05
1.92008e-05
-3.45096e-05
2.35215e-05
-8.94278e-06
2.71523e-05
2.89102e-06
2.50611e-05
-1.01538e-07
2.3234e-05
-1.57566e-05
2.53183e-05
-1.36396e-05
1.96428e-05
1.96368e-05
1.89523e-06
4.4922e-05
-1.42237e-05
5.17092e-05
-1.36318e-05
3.55427e-05
-1.71951e-06
1.39018e-05
1.42958e-05
-1.04569e-05
1.76708e-05
7.2031e-06
9.96547e-06
1.57739e-07
-2.26564e-05
-3.73339e-06
3.25569e-05
2.65029e-06
-4.02244e-06
1.41057e-05
-5.86327e-05
2.14217e-05
-6.12244e-05
2.0256e-05
-3.33439e-05
2.04367e-05
-9.12349e-06
2.20004e-05
1.32736e-06
1.85083e-05
3.39052e-06
1.57443e-05
-1.29926e-05
1.70706e-05
-1.49659e-05
6.49178e-06
3.02157e-05
-1.61284e-05
6.75421e-05
-3.32337e-05
6.88145e-05
-2.92108e-05
3.15198e-05
-1.48991e-05
-4.09905e-07
8.13676e-06
-3.34928e-05
1.87694e-05
-3.42951e-06
1.36487e-05
5.27839e-06
-9.00767e-06
1.79551e-07
3.23774e-05
1.17887e-05
-1.56315e-05
2.23875e-05
-6.92316e-05
2.95415e-05
-6.83784e-05
2.48251e-05
-2.86274e-05
1.71488e-05
-1.44723e-06
1.56345e-05
2.84168e-06
1.58455e-05
3.17952e-06
1.31288e-05
-1.02759e-05
7.85947e-06
-9.69646e-06
-7.92536e-06
4.60005e-05
-2.80961e-05
8.77128e-05
-3.70364e-05
7.77548e-05
-3.46964e-05
2.91798e-05
-2.37924e-05
-1.13139e-05
-2.74495e-06
-5.45403e-05
1.25608e-05
-1.87352e-05
1.10949e-05
6.74426e-06
2.08722e-06
9.76808e-06
2.26093e-05
2.61591e-05
-3.20226e-05
3.5039e-05
-7.81114e-05
3.95031e-05
-7.28426e-05
3.09682e-05
-2.00925e-05
1.79937e-05
1.15272e-05
1.4578e-05
6.25741e-06
1.64602e-05
1.29731e-06
1.21536e-05
-5.96937e-06
6.79234e-08
2.38925e-06
-1.80408e-05
6.41092e-05
-3.40404e-05
0.000103713
-3.96082e-05
8.33226e-05
-4.50007e-05
3.45723e-05
-3.7001e-05
-1.93136e-05
-1.61309e-05
-7.54104e-05
2.68083e-06
-3.75469e-05
6.2342e-06
3.19089e-06
8.32142e-06
2.74504e-05
-4.8411e-06
4.52342e-05
-4.98064e-05
5.05307e-05
-8.34078e-05
5.12651e-05
-7.35771e-05
4.19002e-05
-1.07275e-05
2.47013e-05
2.87261e-05
1.58635e-05
1.50953e-05
1.54928e-05
1.66791e-06
1.00737e-05
-5.50231e-07
-3.34073e-06
1.58037e-05
-1.9663e-05
8.04315e-05
-2.41498e-05
0.000108199
-2.26255e-05
8.17983e-05
-3.50165e-05
4.69633e-05
-4.05131e-05
-1.3817e-05
-2.74765e-05
-8.8447e-05
-8.05697e-06
-5.69665e-05
1.13597e-06
-6.00205e-06
9.45739e-06
2.90248e-05
-8.79237e-06
6.23519e-05
-4.06921e-05
8.53112e-05
-3.36907e-05
7.49705e-05
6.76335e-06
3.16821e-05
4.86566e-05
-3.35683e-05
6.04312e-05
-5.66646e-05
-3.42821e-05
-3.0915e-05
-5.44207e-05
2.63315e-06
-1.36949e-05
1.92478e-05
4.08708e-06
2.87586e-05
-1.39647e-06
3.88812e-05
-1.76144e-05
4.72144e-05
-2.94943e-05
4.92838e-05
-2.80367e-05
4.0493e-05
-2.53004e-06
2.51715e-05
2.92934e-05
2.00671e-05
2.87833e-05
3.54527e-05
-1.15274e-05
5.25178e-05
-3.65255e-05
6.55824e-05
-2.79488e-05
7.60344e-05
-5.71185e-06
8.91201e-05
1.24024e-05
2.75945e-05
0.000128346
4.17614e-05
-5.05537e-05
8.55286e-05
-8.44594e-05
7.93927e-05
-2.75548e-05
2.79142e-05
5.82419e-05
9.0481e-06
6.75227e-05
-2.47679e-05
9.42472e-05
-6.60375e-05
6.98754e-06
-6.61275e-05
-5.43307e-05
-3.10177e-05
-4.88048e-05
1.01208e-06
-2.79427e-05
2.19387e-05
-2.23231e-05
3.64247e-05
-3.21004e-05
4.19879e-05
-3.50574e-05
3.45481e-05
-2.05969e-05
2.38848e-05
8.1333e-06
2.40944e-05
2.90837e-05
3.66835e-05
1.61942e-05
4.70128e-05
-2.18568e-05
5.10762e-05
-4.05888e-05
6.19449e-05
-3.88175e-05
7.89435e-05
-2.27105e-05
9.77575e-05
-6.41159e-06
2.30757e-06
0.000123044
6.94501e-06
-5.74987e-05
3.65259e-05
-0.00011404
7.76224e-05
-6.86515e-05
9.00583e-05
4.58063e-05
4.55651e-05
0.000112016
3.89635e-05
0.000100849
2.1426e-05
2.4525e-05
-5.29375e-06
-2.7611e-05
-2.2771e-05
-3.13275e-05
-9.7767e-06
-4.0937e-05
1.44098e-05
-4.65097e-05
3.25169e-05
-5.02074e-05
2.97026e-05
-3.22432e-05
2.09774e-05
-1.18716e-05
2.67236e-05
2.38703e-06
4.59437e-05
9.86369e-06
5.98266e-05
2.31129e-06
4.99863e-05
-1.20164e-05
3.42188e-05
-2.48213e-05
3.2355e-05
-3.69537e-05
4.58563e-05
-3.62118e-05
6.65495e-05
-2.71048e-05
-2.13399e-05
9.0197e-05
9.19142e-06
-6.669e-05
4.82817e-05
-0.00015313
0.000108569
-0.000128939
0.000173701
-1.93255e-05
0.000193519
9.2198e-05
0.000161619
0.000132749
0.00015773
2.8414e-05
0.00018203
-5.19106e-05
0.000153984
-3.28195e-06
0.000106634
6.41298e-06
0.000102213
-4.2089e-05
0.000103948
-5.19418e-05
7.60865e-05
-4.38192e-06
5.18144e-05
1.24005e-05
5.30522e-05
1.14931e-06
7.46971e-05
-1.17813e-05
9.12687e-05
-1.42603e-05
8.22023e-05
-2.95008e-06
5.51768e-05
2.20414e-06
3.52837e-05
-1.70606e-05
3.34404e-05
-3.43685e-05
4.37509e-05
-3.74153e-05
-3.80492e-05
6.04602e-05
2.01687e-06
-6.87071e-05
5.4903e-05
-0.000206017
0.000136851
-0.000210887
0.000218135
-0.000100609
0.000287945
2.23881e-05
0.000341464
7.92298e-05
0.000319658
5.02201e-05
0.000283657
-1.59098e-05
0.000276366
4.00955e-06
0.000256028
2.67504e-05
0.000202638
1.13008e-05
0.000157065
-6.36815e-06
0.0001166
3.60827e-05
6.17354e-05
6.7265e-05
5.69729e-05
5.91203e-06
8.05815e-05
-3.53898e-05
0.000105597
-3.92756e-05
0.000122651
-2.00044e-05
0.000122393
2.46267e-06
0.000110743
-5.41096e-06
0.000102388
-2.60139e-05
9.93306e-05
-3.43574e-05
-4.13e-05
0.000102581
8.05891e-07
-6.9513e-05
5.08457e-05
-0.000256056
0.00012126
-0.000281302
0.000196062
-0.000175411
0.000260405
-4.19547e-05
0.000324301
1.53339e-05
0.000362967
1.15539e-05
0.000340426
6.63139e-06
0.000303025
4.141e-05
0.000251741
7.80349e-05
0.000188004
7.50369e-05
0.000127512
5.41245e-05
9.90826e-05
6.45121e-05
5.17031e-05
0.000114645
-8.93555e-06
6.65509e-05
1.89008e-05
-6.32261e-05
7.12295e-05
-9.16044e-05
9.8325e-05
-4.70998e-05
0.000125847
-2.50592e-05
0.000152673
-3.22375e-05
0.000205244
-7.85849e-05
0.000259843
-8.89557e-05
-4.85796e-05
0.000267122
1.14671e-05
-8.09801e-05
4.35066e-05
-0.000288096
8.53718e-05
-0.000323167
0.000137967
-0.000228006
0.000180207
-8.41945e-05
0.000223811
-2.82706e-05
0.000256534
-2.11694e-05
0.000268191
-5.02524e-06
0.000258279
5.13216e-05
0.000225538
0.000110776
0.000173657
0.000126918
0.000128266
9.9515e-05
0.000103125
8.96536e-05
8.72482e-05
0.000130522
6.88457e-05
8.49533e-05
9.51692e-05
-8.95497e-05
0.000124421
-0.000120857
0.00012271
-4.53882e-05
9.57877e-05
1.86289e-06
0.000129228
-6.56774e-05
0.000177747
-0.000127104
0.000213824
-0.000125033
-6.40624e-05
0.000229307
2.35902e-05
-0.00010457
3.80036e-05
-0.000302509
5.99087e-05
-0.000345072
8.34478e-05
-0.000251545
0.00010651
-0.000107257
0.000139122
-6.08824e-05
0.000164586
-4.66334e-05
0.000174833
-1.52716e-05
0.000173173
5.29815e-05
0.000154229
0.00012972
0.00012369
0.000157457
9.45977e-05
0.000128607
5.46088e-05
0.000129643
6.75417e-05
0.000117589
0.000118362
3.4133e-05
0.000114119
-8.53062e-05
0.00010105
-0.000107788
7.29865e-05
-1.73251e-05
8.60139e-05
-1.11641e-05
0.000121085
-0.000100749
0.000145777
-0.000151796
0.000157094
-0.000136351
-5.56542e-05
0.000148686
2.00107e-05
-0.000124581
3.13519e-05
-0.000313851
4.11618e-05
-0.000354882
4.88624e-05
-0.000259246
5.78933e-05
-0.000116288
8.06224e-05
-8.36115e-05
9.39295e-05
-5.99408e-05
9.1245e-05
-1.25872e-05
7.85724e-05
6.56543e-05
6.82385e-05
0.000140054
6.22327e-05
0.000163463
4.95628e-05
0.000141277
2.64806e-05
0.000152725
5.8781e-05
8.52889e-05
0.000109302
-1.63882e-05
0.000110988
-8.69916e-05
9.05525e-05
-8.73527e-05
8.10612e-05
-7.83391e-06
0.000105563
-3.56654e-05
0.000121431
-0.000116618
0.000132162
-0.000162526
0.000120608
-0.000124797
-2.48949e-05
8.98486e-05
9.99234e-06
-0.000134573
2.54431e-05
-0.000329302
2.59824e-05
-0.000355421
2.74036e-05
-0.000260667
2.53945e-05
-0.000114279
3.11312e-05
-8.93483e-05
3.06953e-05
-5.95052e-05
1.67643e-05
1.34386e-06
7.79875e-07
8.16389e-05
-9.71705e-06
0.000150551
-6.99325e-06
0.000160739
7.60053e-06
0.000126683
5.12313e-05
0.000109094
9.29541e-05
4.35661e-05
0.000116107
-3.95407e-05
0.000114872
-8.57568e-05
0.000103277
-7.57577e-05
0.000113278
-1.78356e-05
0.000111393
-3.378e-05
0.000113429
-0.000118654
0.000112931
-0.000162028
7.46799e-05
-8.65455e-05
1.50541e-05
3.47308e-05
7.38343e-06
-0.000141957
2.61987e-05
-0.000348117
1.99399e-05
-0.000349163
1.49784e-05
-0.000255705
4.20549e-07
-9.97211e-05
-1.56351e-05
-7.32926e-05
-2.95205e-05
-4.56197e-05
-5.24227e-05
2.42461e-05
-7.58917e-05
0.000105108
-8.24468e-05
0.000157106
-4.81139e-05
0.000126406
6.9161e-06
7.16531e-05
7.72346e-05
3.87755e-05
0.000125786
-4.98489e-06
0.000137494
-5.12494e-05
0.000127129
-7.53916e-05
0.000113598
-6.22263e-05
0.000111787
-1.60251e-05
9.31445e-05
-1.51371e-05
8.1863e-05
-0.000107373
5.05349e-05
-0.0001307
-2.55646e-05
-1.04461e-05
7.77684e-05
-8.82789e-05
1.25844e-05
-0.000154541
2.88058e-05
-0.000364338
2.00285e-05
-0.000340385
2.90676e-06
-0.000238584
-2.72135e-05
-6.96006e-05
-5.37643e-05
-4.67419e-05
-7.6814e-05
-2.25699e-05
-9.53739e-05
4.28061e-05
-0.000100686
0.00011042
-7.62232e-05
0.000132643
-2.14721e-05
7.16545e-05
3.46217e-05
1.55593e-05
9.11895e-05
-1.77922e-05
0.000129903
-4.3698e-05
0.000143925
-6.52719e-05
0.00013698
-6.84464e-05
0.000117918
-4.31645e-05
9.07734e-05
1.11193e-05
5.30718e-05
2.25646e-05
2.73347e-05
-8.16357e-05
-4.49826e-05
-5.83823e-05
-0.000121565
6.61363e-05
0.000140038
-0.000183834
2.43809e-05
-0.000178922
3.12762e-05
-0.000371234
1.32536e-05
-0.000322363
-1.61978e-05
-0.000209132
-4.82654e-05
-3.75331e-05
-7.68494e-05
-1.81581e-05
-9.37972e-05
-5.62217e-06
-9.49833e-05
4.39924e-05
-7.51612e-05
9.0598e-05
-3.14483e-05
8.89297e-05
2.15473e-05
1.8659e-05
6.83643e-05
-3.12577e-05
0.000103981
-5.34091e-05
0.000124027
-6.37439e-05
0.000124824
-6.60684e-05
0.000111672
-5.52951e-05
9.03886e-05
-2.18808e-05
5.4023e-05
4.74849e-05
1.24138e-05
6.41737e-05
-2.18433e-05
-4.73785e-05
-9.33452e-05
1.31196e-05
-0.000153755
0.000126546
0.000185925
-0.000199643
3.49653e-05
-0.000213888
3.09069e-05
-0.000367175
-4.37356e-06
-0.000287082
-4.15831e-05
-0.000171923
-6.4008e-05
-1.51081e-05
-7.99738e-05
-2.19247e-06
-8.38722e-05
-1.72375e-06
-6.75153e-05
2.76356e-05
-3.08554e-05
5.39382e-05
2.13808e-05
3.66935e-05
5.67091e-05
-1.66693e-05
7.45792e-05
-4.91279e-05
8.05409e-05
-5.93709e-05
8.09641e-05
-6.41673e-05
7.91517e-05
-6.4256e-05
7.23691e-05
-4.85127e-05
5.67678e-05
-6.27968e-06
2.67053e-05
7.75475e-05
-1.30054e-05
0.000103884
-4.85105e-05
-1.18735e-05
-9.00661e-05
5.46753e-05
-0.00013395
0.00017043
0.000211214
-0.000159239
4.0437e-05
-0.000254324
1.93941e-05
-0.000346132
-2.78477e-05
-0.000239841
-6.95489e-05
-0.000130222
-8.02692e-05
-4.38756e-06
-7.98592e-05
-2.60249e-06
-7.17826e-05
-9.80018e-06
-4.69088e-05
2.76194e-06
-6.43177e-06
1.34612e-05
3.0791e-05
-5.29361e-07
3.91442e-05
-2.50226e-05
3.3232e-05
-4.32158e-05
3.10113e-05
-5.71501e-05
3.58575e-05
-6.90135e-05
4.28421e-05
-7.12405e-05
4.49146e-05
-5.05854e-05
3.57821e-05
2.85256e-06
1.38478e-05
9.94815e-05
-2.19123e-05
0.000139644
-5.21863e-05
1.84005e-05
-6.60967e-05
6.85857e-05
-9.36035e-05
0.000197937
0.000220612
-0.000103002
3.27341e-05
-0.000287059
-8.76919e-06
-0.000304629
-5.77995e-05
-0.00019081
-9.62752e-05
-9.17464e-05
-9.33722e-05
-7.29035e-06
-8.06768e-05
-1.52977e-05
-6.7183e-05
-2.3294e-05
-4.80944e-05
-1.63266e-05
-2.36586e-05
-1.09745e-05
-9.02518e-06
-1.51628e-05
-5.5484e-06
-2.84994e-05
-5.81123e-06
-4.29528e-05
-4.63757e-06
-5.83235e-05
-1.35696e-06
-7.2294e-05
5.07639e-06
-7.7674e-05
1.30704e-05
-5.85797e-05
1.73837e-05
-1.46093e-06
1.40974e-05
0.000102768
-1.02906e-05
0.000164032
-4.40301e-05
5.214e-05
-4.79177e-05
7.24733e-05
-5.11838e-05
0.000201203
0.000222797
-5.33689e-05
8.30597e-06
-0.000295365
-4.22322e-05
-0.000254091
-8.35404e-05
-0.000149501
-0.00010957
-6.57163e-05
-9.78396e-05
-1.90209e-05
-8.2504e-05
-3.06333e-05
-7.17319e-05
-3.40662e-05
-5.97258e-05
-2.83327e-05
-4.64455e-05
-2.42549e-05
-3.61698e-05
-2.54385e-05
-3.16249e-05
-3.30443e-05
-3.04599e-05
-4.4118e-05
-3.12168e-05
-5.75666e-05
-3.22323e-05
-7.12786e-05
-3.07212e-05
-7.91854e-05
-2.13583e-05
-6.79429e-05
-2.83728e-06
-1.99821e-05
1.52445e-05
8.46861e-05
7.14683e-06
0.00017213
-3.6605e-05
9.58919e-05
-3.27318e-05
6.86001e-05
-1.14783e-05
0.00017995
0.000221237
-9.91839e-06
-1.89192e-05
-0.000276446
-6.33476e-05
-0.000209662
-9.57733e-05
-0.000117076
-0.000108337
-5.31527e-05
-9.60788e-05
-3.1279e-05
-8.52647e-05
-4.14475e-05
-7.85413e-05
-4.07898e-05
-7.01847e-05
-3.66893e-05
-6.02282e-05
-3.42114e-05
-5.09669e-05
-3.46998e-05
-4.50585e-05
-3.89526e-05
-4.3238e-05
-4.59382e-05
-4.5798e-05
-5.50065e-05
-5.17281e-05
-6.53486e-05
-5.69752e-05
-7.39385e-05
-5.37126e-05
-7.12057e-05
-3.52629e-05
-3.8432e-05
6.69721e-06
4.27262e-05
3.40547e-05
0.000144773
-6.54934e-07
0.000130601
-1.39691e-05
8.19143e-05
2.39581e-05
0.000142023
0.000198452
4.6744e-05
-3.18959e-05
-0.00024455
-6.67405e-05
-0.000174817
-9.26146e-05
-9.12013e-05
-9.95479e-05
-4.62194e-05
-9.23765e-05
-3.84505e-05
-8.84709e-05
-4.53531e-05
-8.5148e-05
-4.41128e-05
-7.84474e-05
-4.33898e-05
-6.90471e-05
-4.36117e-05
-5.90556e-05
-4.46914e-05
-5.12715e-05
-4.67367e-05
-4.77159e-05
-4.94937e-05
-4.95194e-05
-5.3203e-05
-5.67924e-05
-5.80757e-05
-6.7251e-05
-6.348e-05
-7.35034e-05
-6.49534e-05
-6.23127e-05
-4.96227e-05
-2.07005e-05
1.11394e-06
3.67769e-05
8.72953e-05
3.87591e-05
0.000128619
1.08157e-05
0.000109858
3.83034e-05
0.000114535
0.000152851
8.3904e-05
-3.30768e-05
-0.000211473
-5.99166e-05
-0.000147977
-8.18692e-05
-6.92487e-05
-8.955e-05
-3.85385e-05
-8.97113e-05
-3.82891e-05
-9.17505e-05
-4.3314e-05
-9.1014e-05
-4.48493e-05
-8.52754e-05
-4.91283e-05
-7.54187e-05
-5.34684e-05
-6.38015e-05
-5.63088e-05
-5.37955e-05
-5.67428e-05
-4.79937e-05
-5.52955e-05
-4.74428e-05
-5.37539e-05
-5.22988e-05
-5.32197e-05
-6.22346e-05
-5.35443e-05
-7.38308e-05
-5.33571e-05
-7.66164e-05
-4.68369e-05
-5.25593e-05
-2.29432e-05
9.2338e-06
2.55021e-05
5.60275e-05
8.18252e-05
5.75718e-05
0.000108313
5.75566e-05
0.00011455
0.000120404
9.00037e-05
-3.03738e-05
-0.000181099
-4.90273e-05
-0.000129324
-6.99611e-05
-4.83148e-05
-8.1406e-05
-2.70934e-05
-8.87065e-05
-3.09885e-05
-9.55505e-05
-3.64699e-05
-9.70509e-05
-4.33489e-05
-9.17429e-05
-5.44363e-05
-8.03959e-05
-6.48154e-05
-6.6032e-05
-7.06727e-05
-5.30227e-05
-6.97522e-05
-4.48861e-05
-6.34319e-05
-4.26566e-05
-5.59832e-05
-4.51717e-05
-5.07046e-05
-5.16139e-05
-4.71021e-05
-6.0794e-05
-4.41771e-05
-6.8052e-05
-3.95789e-05
-6.17509e-05
-2.92443e-05
-2.68556e-05
-9.39325e-06
3.21438e-05
2.28258e-05
7.79972e-05
6.24598e-05
9.55726e-05
9.69749e-05
0.000108151
0.000107825
-2.75042e-05
-0.000153595
-3.68692e-05
-0.000119959
-6.00101e-05
-2.51738e-05
-7.64456e-05
-1.06578e-05
-9.03302e-05
-1.71039e-05
-0.000101819
-2.4981e-05
-0.000106074
-3.90942e-05
-0.000101584
-5.89265e-05
-8.95035e-05
-7.68955e-05
-7.31857e-05
-8.69906e-05
-5.62461e-05
-8.66918e-05
-4.32553e-05
-7.64227e-05
-3.7248e-05
-6.19905e-05
-3.74635e-05
-5.0489e-05
-4.20711e-05
-4.24946e-05
-4.80892e-05
-3.81591e-05
-5.23981e-05
-3.527e-05
-5.04891e-05
-3.11534e-05
-3.51467e-05
-2.47357e-05
1.7093e-06
-1.403e-05
5.87522e-05
5.41698e-06
0.000115642
4.00856e-05
7.62117e-05
0.000147581
-2.77456e-05
-0.000125849
-2.8643e-05
-0.000119061
-5.34577e-05
-3.59133e-07
-7.5095e-05
1.09797e-05
-9.5577e-05
3.37801e-06
-0.000112606
-7.95207e-06
-0.000120876
-3.08245e-05
-0.000120003
-5.97989e-05
-0.000113242
-8.36571e-05
-0.000101588
-9.86442e-05
-8.41802e-05
-0.0001041
-6.23771e-05
-9.82256e-05
-4.39986e-05
-8.03689e-05
-3.45732e-05
-5.99143e-05
-3.46838e-05
-4.2384e-05
-3.93058e-05
-3.35369e-05
-4.21133e-05
-3.24623e-05
-3.9866e-05
-3.34006e-05
-3.02409e-05
-3.43608e-05
-9.08455e-06
-3.51864e-05
2.84263e-05
-3.20939e-05
8.51358e-05
-1.66239e-05
2.04384e-05
0.000140909
-3.13459e-05
-9.45035e-05
-3.01959e-05
-0.000120211
-4.94801e-05
1.89251e-05
-7.69059e-05
3.84056e-05
-0.000104361
3.08328e-05
-0.000127031
1.4718e-05
-0.000140022
-1.78331e-05
-0.000146883
-5.29377e-05
-0.000151174
-7.93666e-05
-0.000149776
-0.000100042
-0.000137233
-0.000116643
-0.00011223
-0.000123228
-8.04078e-05
-0.000112191
-5.21613e-05
-8.81609e-05
-3.72072e-05
-5.73379e-05
-3.53543e-05
-3.53898e-05
-3.71272e-05
-3.06893e-05
-3.5435e-05
-3.50929e-05
-2.88143e-05
-4.09817e-05
-1.60602e-05
-4.79407e-05
7.11873e-06
-5.5273e-05
4.46925e-05
-5.41978e-05
-3.12625e-05
9.63933e-05
-3.68725e-05
-5.7631e-05
-4.06478e-05
-0.000116436
-4.24341e-05
2.07115e-05
-7.8503e-05
7.44745e-05
-0.000112983
6.53125e-05
-0.000141467
4.32022e-05
-0.000160693
1.39288e-06
-0.000179876
-3.37545e-05
-0.000198752
-6.04904e-05
-0.000207973
-9.08211e-05
-0.000199468
-0.000125148
-0.000174056
-0.000148641
-0.000136558
-0.000149689
-9.6132e-05
-0.000128587
-6.11554e-05
-9.23146e-05
-4.23573e-05
-5.41878e-05
-3.78392e-05
-3.52073e-05
-3.5942e-05
-3.69903e-05
-3.15592e-05
-4.53647e-05
-2.48892e-05
-5.46108e-05
-1.42939e-05
-6.58684e-05
6.1013e-06
-7.4593e-05
-6.70738e-05
4.19127e-05
-3.53054e-05
-2.23256e-05
-4.57375e-05
-0.000106004
-3.50625e-05
1.00366e-05
-7.74898e-05
0.000116902
-0.000117355
0.000105178
-0.000150475
7.63219e-05
-0.000180168
3.10867e-05
-0.000214825
9.01831e-07
-0.00024667
-2.86445e-05
-0.00025973
-7.77613e-05
-0.000250437
-0.000134441
-0.000225002
-0.000174075
-0.000188265
-0.000186426
-0.000145063
-0.000171789
-0.000100797
-0.000136581
-6.42669e-05
-9.07183e-05
-4.55698e-05
-5.39044e-05
-3.98661e-05
-4.26939e-05
-3.67437e-05
-4.84872e-05
-3.37695e-05
-5.7585e-05
-3.13675e-05
-6.82705e-05
-2.51499e-05
-8.08106e-05
-8.38868e-05
-8.33689e-06
-1.44335e-05
-7.89215e-06
-3.66636e-05
-8.37737e-05
-2.63775e-05
-2.4947e-07
-7.10273e-05
0.000161552
-0.000115596
0.000149747
-0.000154397
0.000115122
-0.000194305
7.09955e-05
-0.000238975
4.55712e-05
-0.000272621
5.0016e-06
-0.000280045
-7.03376e-05
-0.000268384
-0.000146103
-0.000245276
-0.000197183
-0.00021341
-0.000218291
-0.000174369
-0.000210831
-0.000131732
-0.000179218
-8.99906e-05
-0.000132459
-5.84665e-05
-8.54285e-05
-4.50923e-05
-5.6068e-05
-4.20197e-05
-5.15599e-05
-4.14442e-05
-5.81606e-05
-4.38117e-05
-6.59031e-05
-4.83775e-05
-7.62447e-05
-8.49516e-05
-4.73128e-05
1.41331e-05
-2.20252e-05
-1.4727e-05
-5.49136e-05
-1.58724e-05
8.95914e-07
-5.99946e-05
0.000205674
-0.000107073
0.000196825
-0.000150893
0.000158943
-0.000195636
0.000115738
-0.000239307
8.92421e-05
-0.000264984
3.0678e-05
-0.000268482
-6.68396e-05
-0.000259624
-0.00015496
-0.000240074
-0.000216733
-0.000211455
-0.00024691
-0.000176919
-0.000245366
-0.000139505
-0.000216632
-0.000101799
-0.000170165
-6.9009e-05
-0.000118218
-4.94782e-05
-7.55988e-05
-4.49275e-05
-5.61107e-05
-4.66753e-05
-5.64129e-05
-5.14122e-05
-6.11662e-05
-6.1189e-05
-6.6468e-05
-7.42111e-05
-7.19296e-05
2.44873e-05
-4.65126e-05
1.04155e-05
-4.08419e-05
-3.1112e-06
1.44228e-05
-4.46834e-05
0.000247246
-9.1631e-05
0.000243772
-0.000136397
0.000203709
-0.000178934
0.000158276
-0.000214161
0.000124468
-0.00023259
4.91077e-05
-0.000237462
-6.19677e-05
-0.000233634
-0.000158788
-0.000219231
-0.000231136
-0.000194232
-0.000271909
-0.000161501
-0.000278098
-0.000126314
-0.000251819
-9.24501e-05
-0.000204029
-6.54153e-05
-0.000145253
-4.9313e-05
-9.17011e-05
-4.39409e-05
-6.14828e-05
-4.80165e-05
-5.23374e-05
-5.47984e-05
-5.43843e-05
-6.5867e-05
-5.53994e-05
-5.81545e-05
-8.19236e-05
2.43843e-05
-7.0897e-05
2.65594e-05
-4.3017e-05
8.84776e-06
3.21346e-05
-2.76196e-05
0.000283714
-7.17058e-05
0.000287859
-0.000112658
0.000244661
-0.000148486
0.000194104
-0.000173645
0.000149627
-0.000186326
6.17883e-05
-0.000192574
-5.57191e-05
-0.000193721
-0.000157641
-0.000187288
-0.00023757
-0.000168741
-0.000290456
-0.000140076
-0.000306763
-0.000108147
-0.000283747
-7.48634e-05
-0.000237313
-4.87218e-05
-0.000171395
-4.01429e-05
-0.00010028
-3.90156e-05
-6.26102e-05
-4.47796e-05
-4.65734e-05
-5.42889e-05
-4.48749e-05
-6.55924e-05
-4.4096e-05
-4.20015e-05
-8.17455e-05
2.49102e-05
-9.58073e-05
3.80963e-05
-5.62028e-05
2.06463e-05
4.95847e-05
-1.04049e-05
0.000314765
-4.89034e-05
0.000326357
-8.3253e-05
0.000279011
-0.000110321
0.000221172
-0.000126759
0.000166066
-0.000134153
6.9182e-05
-0.000139455
-5.0417e-05
-0.00014362
-0.000153476
-0.000143719
-0.00023747
-0.00013241
-0.000301766
-0.000112385
-0.000326788
-8.9559e-05
-0.000306573
-6.0441e-05
-0.000266431
-3.15826e-05
-0.000200253
-2.40345e-05
-0.000107828
-3.12063e-05
-5.54385e-05
-3.88113e-05
-3.89684e-05
-5.0729e-05
-3.29572e-05
-6.25476e-05
-3.22773e-05
-2.80249e-05
-7.65243e-05
2.47985e-05
-0.000120606
3.8839e-05
-7.02433e-05
2.527e-05
6.31537e-05
5.90186e-06
0.000334133
-2.36515e-05
0.000355911
-5.04727e-05
0.000305832
-6.82759e-05
0.000238975
-7.6202e-05
0.000173992
-7.92441e-05
7.22242e-05
-8.41717e-05
-4.54893e-05
-8.96105e-05
-0.000148038
-9.3873e-05
-0.000233208
-8.93199e-05
-0.000306319
-7.9711e-05
-0.000336397
-6.8257e-05
-0.000318027
-4.88755e-05
-0.000285813
-2.35786e-05
-0.00022555
-1.15072e-05
-0.0001199
-2.32785e-05
-4.36673e-05
-3.42724e-05
-2.79745e-05
-4.63941e-05
-2.08356e-05
-5.83558e-05
-2.03155e-05
-1.66906e-05
-6.96901e-05
2.21865e-05
-0.000142792
2.91822e-05
-7.7239e-05
2.05302e-05
7.18058e-05
1.59022e-05
0.000338761
2.46202e-06
0.000369351
-1.45453e-05
0.00032284
-2.55155e-05
0.000249946
-2.49904e-05
0.000173467
-2.37879e-05
7.10218e-05
-2.95716e-05
-3.97058e-05
-3.68062e-05
-0.000140803
-4.4627e-05
-0.000225387
-4.75808e-05
-0.000303365
-4.86433e-05
-0.000335335
-4.75059e-05
-0.000319164
-3.8427e-05
-0.000294892
-2.35825e-05
-0.000240395
-1.10472e-05
-0.000132435
-1.95696e-05
-3.5145e-05
-3.37385e-05
-1.38057e-05
-4.39059e-05
-1.06682e-05
-5.42671e-05
-9.95432e-06
-8.2851e-06
-6.26724e-05
1.35821e-05
-0.000156374
1.29733e-05
-7.66303e-05
9.65392e-06
7.51252e-05
2.02427e-05
0.000328172
2.70139e-05
0.00036258
2.42157e-05
0.000325638
2.02675e-05
0.000253894
2.5571e-05
0.000168163
2.83743e-05
6.82184e-05
2.23242e-05
-3.36558e-05
1.12434e-05
-0.000129722
2.39316e-08
-0.000214168
-1.08803e-05
-0.000292461
-2.32995e-05
-0.000322915
-3.22432e-05
-0.000310221
-3.3033e-05
-0.000294102
-2.93337e-05
-0.000244094
-2.27399e-05
-0.000139029
-2.54577e-05
-3.24273e-05
-3.73356e-05
-1.92763e-06
-4.46069e-05
-3.39673e-06
-5.12159e-05
-3.34531e-06
-2.80005e-06
-5.67008e-05
9.56334e-07
-0.000157331
-1.66697e-06
-7.4007e-05
-7.45819e-06
8.09165e-05
1.7472e-05
0.000303242
4.23676e-05
0.000337684
5.74733e-05
0.000310532
6.50971e-05
0.00024627
7.21033e-05
0.000161157
7.30448e-05
6.72768e-05
6.48788e-05
-2.54898e-05
4.96774e-05
-0.000114521
3.39535e-05
-0.000198444
1.5814e-05
-0.000274321
-5.98634e-06
-0.000301115
-2.43341e-05
-0.000291873
-3.5733e-05
-0.000282703
-4.25192e-05
-0.000237308
-4.27699e-05
-0.000138778
-3.93433e-05
-3.58539e-05
-4.41038e-05
2.83288e-06
-4.78067e-05
3.06308e-07
-4.99609e-05
-1.19108e-06
-4.47016e-07
-5.23139e-05
-1.04694e-05
-0.000146861
-1.49281e-05
-6.95482e-05
-2.06008e-05
8.65892e-05
1.15933e-05
0.000271048
4.64103e-05
0.000302867
7.59829e-05
0.00028096
9.49795e-05
0.000227273
0.000103552
0.000152585
0.000101837
6.89917e-05
9.14829e-05
-1.51361e-05
7.40755e-05
-9.71132e-05
5.65629e-05
-0.000180931
3.30405e-05
-0.000250799
3.27095e-06
-0.000271345
-2.31653e-05
-0.000265437
-4.50998e-05
-0.000260769
-6.08542e-05
-0.000221554
-6.46656e-05
-0.000134967
-5.72879e-05
-4.32315e-05
-5.30103e-05
-1.44481e-06
-5.14743e-05
-1.22968e-06
-4.94731e-05
-3.19224e-06
-1.23992e-06
-4.86803e-05
-2.04349e-05
-0.000126426
-2.62263e-05
-6.37566e-05
-2.71871e-05
8.75501e-05
6.22777e-06
0.000237633
4.22646e-05
0.000266831
7.73151e-05
0.000245909
0.000102168
0.00020242
0.000112952
0.000141801
0.000111382
7.05615e-05
0.000100609
-4.36272e-06
8.46298e-05
-8.11338e-05
6.81873e-05
-0.000164488
4.09388e-05
-0.00022355
6.41295e-06
-0.00023682
-2.53534e-05
-0.00023367
-5.52749e-05
-0.000230848
-7.70791e-05
-0.00019975
-8.19911e-05
-0.000130055
-7.26196e-05
-5.26029e-05
-6.11808e-05
-1.28837e-05
-5.40285e-05
-8.38202e-06
-4.87984e-05
-8.42249e-06
-4.75775e-06
-4.52808e-05
-2.65017e-05
-9.99245e-05
-3.34766e-05
-5.67814e-05
-2.40672e-05
7.81407e-05
5.98784e-06
0.000207578
3.67764e-05
0.000236042
6.83985e-05
0.000214287
9.25839e-05
0.000178235
0.000104405
0.000129979
0.000104499
7.04676e-05
9.53894e-05
4.74747e-06
8.52702e-05
-7.10145e-05
7.06459e-05
-0.000149864
4.11168e-05
-0.000194021
6.21968e-06
-0.000201922
-2.62691e-05
-0.000201182
-5.9325e-05
-0.000197792
-8.45642e-05
-0.000174511
-9.0839e-05
-0.00012378
-8.02643e-05
-6.31777e-05
-6.53863e-05
-2.77617e-05
-5.45014e-05
-1.9267e-05
-4.66896e-05
-1.62344e-05
-1.02831e-05
-4.11644e-05
-2.78233e-05
-7.2101e-05
-3.17933e-05
-5.28113e-05
-1.05382e-05
5.68857e-05
1.29674e-05
0.000184073
3.52636e-05
0.000213746
5.76198e-05
0.000191931
7.63234e-05
0.000159531
8.65693e-05
0.000119733
8.73235e-05
6.97134e-05
8.22344e-05
9.83666e-06
7.8989e-05
-6.77691e-05
6.44122e-05
-0.000135287
3.54005e-05
-0.000165009
5.23614e-06
-0.000171758
-2.29227e-05
-0.000173023
-5.28598e-05
-0.000167855
-7.84264e-05
-0.000148944
-8.79733e-05
-0.000114233
-7.9084e-05
-7.20671e-05
-6.36855e-05
-4.31602e-05
-5.066e-05
-3.22926e-05
-4.16345e-05
-2.52598e-05
-1.65638e-05
-3.53538e-05
-2.45178e-05
-4.75831e-05
-3.12226e-05
-4.61067e-05
1.54424e-06
2.41187e-05
2.55143e-05
0.000160103
3.85883e-05
0.000200672
4.89745e-05
0.000181544
5.97507e-05
0.000148755
6.61962e-05
0.000113288
6.56228e-05
7.02866e-05
6.4965e-05
1.04944e-05
6.56235e-05
-6.84277e-05
5.01507e-05
-0.000119814
2.60972e-05
-0.000140956
4.36221e-06
-0.000150023
-1.60109e-05
-0.00015265
-3.74734e-05
-0.000146392
-5.78865e-05
-0.000128531
-6.93207e-05
-0.000102799
-6.47926e-05
-7.65951e-05
-5.19997e-05
-5.5953e-05
-4.09858e-05
-4.33064e-05
-3.31693e-05
-3.30762e-05
-2.21376e-05
-2.75954e-05
-1.40118e-05
-3.35714e-05
-2.74271e-05
-3.26917e-05
8.66898e-06
-1.19774e-05
4.08028e-05
0.000127969
4.639e-05
0.000195084
4.41037e-05
0.00018383
4.51165e-05
0.000147742
4.70538e-05
0.00011135
4.83065e-05
6.90339e-05
4.71687e-05
1.16322e-05
4.47705e-05
-6.60295e-05
3.0847e-05
-0.000105891
1.58443e-05
-0.000125953
3.27439e-06
-0.000137453
-8.72765e-06
-0.000140647
-2.0272e-05
-0.000134848
-3.07575e-05
-0.000118045
-3.85347e-05
-9.50219e-05
-3.88671e-05
-7.62626e-05
-3.16206e-05
-6.31994e-05
-2.5216e-05
-4.97109e-05
-2.06516e-05
-3.76405e-05
-2.55742e-05
-1.72149e-05
4.82329e-06
1.1303e-05
4.48265e-05
6.05726e-05
5.68886e-05
4.9142e-05
4.20738e-05
3.74263e-05
3.11849e-05
2.0603e-05
1.61701e-05
1.05934e-05
5.76492e-06
1.44225e-06
-2.77468e-06
-6.68306e-06
-8.80525e-06
-9.10035e-06
-9.0413e-06
-8.63277e-06
-8.1161e-06
-7.6085e-06
-6.72548e-06
0.000118156
1.01903e-05
0.000112768
5.38821e-06
0.000111486
1.28231e-06
-3.58321e-06
0.000115069
0.000133854
-6.18745e-07
0.000142854
-3.61182e-06
0.000151741
-7.60507e-06
-1.18881e-05
0.000160046
0.000100141
-1.05629e-05
0.000108757
-1.22273e-05
0.000115782
-1.46304e-05
-1.76733e-05
0.000121567
6.94064e-05
-1.95091e-05
7.83587e-05
-2.11796e-05
8.68671e-05
-2.31387e-05
-2.68519e-05
9.60457e-05
0.000106512
-2.34397e-05
0.000109756
-2.44237e-05
0.000114574
-2.79563e-05
-3.62751e-05
0.000123997
0.000252204
-8.52121e-06
0.00022877
-9.89436e-07
0.000194841
5.97224e-06
-8.26324e-06
0.000166829
0.000222937
-2.15119e-06
0.000205342
1.66065e-05
0.000177094
3.42206e-05
1.34369e-05
0.000155393
0.000138325
8.20982e-06
0.000125762
2.91694e-05
0.000121163
3.88204e-05
1.52639e-05
0.000119336
8.126e-05
1.67984e-05
8.47199e-05
2.57097e-05
9.86732e-05
2.48672e-05
2.17382e-05
9.21988e-05
2.11567e-05
3.03726e-05
1.05123e-05
3.63541e-05
-6.48533e-06
4.18649e-05
5.54817e-05
-4.02289e-05
-0.000113226
5.53194e-05
-0.000145352
6.84805e-05
-0.000180705
7.72184e-05
7.8837e-05
-0.000204061
-0.000213844
8.53292e-05
-0.000234908
8.95448e-05
-0.000238447
8.07566e-05
6.62171e-05
-0.000225827
-0.000214677
0.000100363
-0.00021467
8.95382e-05
-0.000203696
6.97825e-05
5.12524e-05
-0.000188731
-0.000165755
0.000106879
-0.000167754
9.15379e-05
-0.000169185
7.12135e-05
5.35519e-05
-0.000171485
-0.000105149
0.000109026
-0.000113491
9.98804e-05
-0.000126338
8.406e-05
6.68304e-05
-0.000139617
-5.20904e-05
0.000107748
-5.74416e-05
0.000105232
-7.22146e-05
9.8833e-05
8.56273e-05
-9.10114e-05
-7.66527e-06
0.000105494
-6.15011e-06
0.000103717
-1.05302e-05
0.000103213
9.8326e-05
-2.32289e-05
5.07907e-05
0.000101448
5.40227e-05
0.000100485
5.67576e-05
0.000100478
0.000101035
5.40482e-05
0.000100734
8.46179e-05
0.000113005
8.82135e-05
0.000122955
9.05279e-05
9.52153e-05
0.000128775
0.000110778
6.38432e-05
0.000130695
6.82965e-05
0.000149929
7.1294e-05
7.68857e-05
0.000168259
0.000116831
5.48377e-05
0.000126073
5.90548e-05
0.000138216
5.91504e-05
5.73639e-05
0.000157738
0.000153476
4.89428e-05
0.000154653
5.7878e-05
0.000150618
6.31851e-05
5.67402e-05
0.000151242
0.000160084
2.97683e-05
0.00017176
4.62021e-05
0.000172895
6.20499e-05
6.59184e-05
0.000163717
0.000121171
4.99027e-06
0.000142405
2.49685e-05
0.000156403
4.8052e-05
6.44773e-05
0.000157844
6.30685e-05
-1.61656e-05
8.48498e-05
3.18722e-06
0.000106762
2.61395e-05
4.76995e-05
0.00012354
6.17541e-06
-3.0678e-05
2.59594e-05
-1.65968e-05
4.9835e-05
2.26388e-06
2.18507e-05
7.56836e-05
-4.01527e-05
-3.78383e-05
-2.70251e-05
-2.97244e-05
-7.76788e-06
-1.69933e-05
7.2175e-07
1.33611e-05
-7.32882e-05
-3.64796e-05
-6.96498e-05
-3.33629e-05
-6.08424e-05
-2.58008e-05
-1.31263e-05
-4.69944e-05
-8.92953e-05
-2.91078e-05
-9.39208e-05
-2.87375e-05
-9.41657e-05
-2.5556e-05
-1.7859e-05
-8.9433e-05
-9.09962e-05
-1.98571e-05
-0.000100032
-1.9702e-05
-0.000106943
-1.86447e-05
-1.49735e-05
-0.000109828
-8.44852e-05
-1.18963e-05
-9.32984e-05
-1.08887e-05
-0.000102162
-9.7812e-06
-7.63737e-06
-0.000109498
-7.55575e-05
-6.02882e-06
-8.19174e-05
-4.52875e-06
-8.87703e-05
-2.92818e-06
-7.48544e-07
-9.56591e-05
-6.66902e-05
-2.01092e-06
-7.07334e-05
-4.85493e-07
-7.49064e-05
1.24497e-06
3.33944e-06
-7.89943e-05
-5.92248e-05
5.13106e-07
-6.15016e-05
1.79137e-06
-6.35564e-05
3.29969e-06
5.08953e-06
-6.53064e-05
-5.32166e-05
1.41567e-06
-5.39858e-05
2.56057e-06
-5.45745e-05
3.88831e-06
5.39611e-06
-5.48811e-05
-4.82855e-05
1.0207e-06
-4.78647e-05
2.13974e-06
-4.73595e-05
3.38303e-06
4.7379e-06
-4.67013e-05
-4.38378e-05
-4.22368e-07
-4.24998e-05
8.01601e-07
-4.12062e-05
2.08941e-06
3.43296e-06
-3.99013e-05
-3.90363e-05
-2.55052e-06
-3.71096e-05
-1.12518e-06
-3.53326e-05
3.12445e-07
1.76475e-06
-3.36644e-05
-3.29563e-05
-4.94805e-06
-3.08681e-05
-3.21336e-06
-2.90093e-05
-1.54633e-06
7.0624e-08
-2.73152e-05
-2.54505e-05
-7.09289e-06
-2.35986e-05
-5.06531e-06
-2.1971e-05
-3.17391e-06
-1.37058e-06
-2.05299e-05
-1.58525e-05
-8.45534e-06
-1.4688e-05
-6.22983e-06
-1.36551e-05
-4.20684e-06
-2.3332e-06
-1.26925e-05
-6.21804e-06
-5.71174e-06
-5.23856e-06
-4.81951e-06
0.000138939
-2.87113e-05
0.000148939
-5.98065e-05
0.000146482
-8.09503e-05
0.000140029
-6.71248e-05
0.000124721
4.58116e-06
8.26848e-05
7.07619e-05
4.01038e-05
5.76763e-05
2.9875e-05
1.18967e-05
1.7365e-05
1.19598e-05
6.20865e-06
2.696e-05
-9.67051e-06
9.63106e-05
1.51396e-06
9.70148e-05
5.57481e-05
2.75641e-05
4.36415e-05
5.907e-05
-4.36139e-05
7.34384e-05
-6.68936e-05
-6.51673e-05
-4.2387e-05
-8.1473e-05
-1.58745e-05
-3.25146e-05
-6.41707e-06
0.000175068
-4.37337e-05
0.00017868
-6.34185e-05
0.000174787
-7.70572e-05
0.000163205
-5.55424e-05
0.000140852
2.69342e-05
8.80579e-05
0.000123556
4.54812e-05
0.000100253
1.45437e-05
4.28342e-05
-3.40919e-06
2.99127e-05
6.28788e-06
1.72629e-05
3.1135e-05
7.14635e-05
5.11104e-05
7.70394e-05
7.10007e-05
7.67386e-06
8.86464e-05
4.14243e-05
4.80139e-05
0.000114071
-4.00864e-05
2.2933e-05
-5.20564e-05
-6.95031e-05
-2.60941e-05
-5.84768e-05
-3.25112e-05
0.000135661
-5.78273e-05
0.000145894
-7.36514e-05
0.000146064
-7.72274e-05
0.000133167
-4.2645e-05
0.000108415
5.16856e-05
8.50907e-06
0.000223462
-5.46153e-05
0.000163377
-6.8332e-05
5.65509e-05
-4.74558e-05
9.03644e-06
-2.97507e-05
-4.42166e-07
8.3461e-06
3.33667e-05
5.70503e-05
2.83352e-05
5.22394e-05
1.24848e-05
7.60985e-05
1.75652e-05
0.000124894
6.52752e-05
7.56273e-05
7.21999e-05
-1.56863e-05
2.18105e-05
-2.50132e-05
-4.91499e-05
-5.75244e-05
0.000121038
-8.28196e-05
0.000141557
-9.417e-05
0.000141928
-7.75989e-05
8.16696e-05
1.76135e-05
3.13263e-06
0.000130223
-7.91334e-05
0.000305728
-0.000121106
0.00020535
-0.00011573
5.11748e-05
-9.83338e-05
-8.35958e-06
-9.18979e-05
-6.87796e-06
-7.15264e-05
1.29952e-05
-2.66887e-05
-1.65026e-05
4.90507e-06
-1.9109e-05
3.58908e-05
-1.34205e-05
9.17878e-05
9.37816e-06
0.000136465
2.75226e-05
9.50984e-05
6.31772e-05
2.10475e-06
4.38437e-05
-5.54196e-05
0.000147392
-0.000106215
0.000143155
-8.99334e-05
9.84784e-05
-3.29222e-05
3.43778e-05
8.1714e-05
-1.03885e-05
0.000174989
-3.89979e-05
0.000334337
-8.42354e-05
0.000250587
-0.00014554
0.00011248
-0.000204922
5.10217e-05
-0.000238163
2.63632e-05
-0.00018777
-3.73974e-05
-0.000116925
-8.73477e-05
-3.29867e-05
-0.000103047
3.29956e-05
-7.94028e-05
7.0043e-05
-2.76692e-05
9.07531e-05
6.81252e-06
7.21128e-05
8.18175e-05
1.07363e-05
0.00010522
-4.46833e-05
0.000158481
-9.78665e-05
0.000111221
-4.2673e-05
3.79513e-05
4.03474e-05
2.05078e-06
0.000117614
1.72466e-05
0.000159793
4.85188e-05
0.000303065
1.28218e-05
0.000286284
-5.73233e-05
0.000182625
-0.000115681
0.000109379
-0.000139674
5.03567e-05
-0.000132232
-4.48391e-05
-0.000105814
-0.000113766
-6.42822e-05
-0.000144579
9.91225e-07
-0.000144676
4.71065e-05
-7.37845e-05
4.87388e-05
5.18013e-06
2.85399e-06
0.000127702
-1.83431e-05
0.000126417
-6.30264e-05
9.85774e-05
-4.10505e-05
4.42404e-05
1.1664e-05
-2.65871e-05
0.000111175
-2.83018e-05
0.000119329
2.72973e-05
0.000104194
0.000106557
0.000223806
9.7313e-05
0.000295527
4.82223e-05
0.000231716
6.3971e-07
0.000156961
-3.62516e-05
8.72479e-05
-6.38175e-05
-1.72732e-05
-5.78146e-05
-0.000119769
-4.47332e-05
-0.000157661
-2.03701e-05
-0.000169039
1.31954e-05
-0.00010735
1.57529e-06
1.68002e-05
-4.6331e-05
0.000175609
-2.68579e-05
0.000106944
-8.98844e-05
7.9996e-05
-1.71083e-06
9.20611e-06
8.24538e-05
-6.7832e-05
0.000188213
-7.58391e-05
0.000127336
-1.49505e-05
4.33053e-05
9.32591e-05
0.000115596
0.000146415
0.000242372
0.000138124
0.000240007
0.000103785
0.000191301
6.47898e-05
0.000126243
1.88673e-05
2.86492e-05
-2.79285e-06
-9.81087e-05
-9.84333e-06
-0.00015061
-2.44797e-05
-0.000154403
-1.37307e-05
-0.000118099
-3.07603e-05
3.38297e-05
-4.64867e-05
0.000191335
-1.88116e-05
7.92692e-05
-0.000108696
1.60292e-05
7.44587e-05
-7.25647e-05
0.000171048
-8.42242e-05
0.000199873
-3.86539e-05
8.17657e-05
4.53762e-06
1.13675e-07
5.97971e-05
6.03365e-05
0.000133439
0.00016873
0.0001633
0.000210145
0.000157259
0.000197342
0.000131187
0.000152314
8.91075e-05
7.07288e-05
4.96588e-05
-5.866e-05
2.61528e-05
-0.000127104
-1.79991e-05
-0.000110251
-2.96016e-05
-0.000106497
-1.82796e-05
2.25077e-05
-2.85624e-05
0.000201618
-1.48535e-06
5.21922e-05
-0.000110181
-0.000131504
0.000165734
-0.000136397
0.000175941
-3.13177e-05
9.47934e-05
4.49727e-05
5.47536e-06
5.34712e-05
-8.38494e-06
4.97944e-05
6.40132e-05
9.0858e-05
0.000127667
0.000138376
0.000162627
0.00015764
0.000178079
0.00014996
0.000159994
0.00011652
0.000104169
7.91749e-05
-2.13147e-05
5.13766e-05
-9.93056e-05
-7.65942e-06
-5.1215e-05
-2.59997e-05
-8.81563e-05
-1.5112e-05
1.16199e-05
-5.77313e-06
0.000192279
1.66358e-05
2.97833e-05
-9.35456e-05
-0.000192677
0.000154351
-9.61412e-05
7.94045e-05
4.16115e-06
-5.50897e-06
3.63024e-05
-2.66659e-05
4.06013e-05
-1.26838e-05
4.49067e-05
5.97079e-05
5.2163e-05
0.00012041
9.35313e-05
0.000121259
0.000126523
0.000145087
0.000134327
0.000152189
9.97043e-05
0.000138791
6.98705e-05
8.51901e-06
4.25716e-05
-7.20067e-05
-1.20141e-05
3.37056e-06
-3.64829e-05
-6.36874e-05
-1.99565e-05
-4.90655e-06
1.89827e-05
0.00015334
2.82691e-05
2.04969e-05
-6.52765e-05
-0.000161369
8.98931e-05
-8.94746e-05
7.50977e-06
-5.15863e-05
-4.33973e-05
-3.84753e-05
-3.97769e-05
-3.20628e-05
-1.90963e-05
-4.29587e-07
2.80745e-05
2.92544e-05
9.07264e-05
6.41653e-05
8.63481e-05
8.84292e-05
0.000120823
9.87348e-05
0.000141884
6.6645e-05
0.000170881
5.25847e-05
2.25793e-05
1.05505e-05
-2.99724e-05
-4.02756e-05
5.41965e-05
-6.09511e-05
-4.30119e-05
-3.22506e-05
-3.36071e-05
3.3304e-05
8.77852e-05
4.03362e-05
1.34647e-05
-2.49403e-05
-0.000162335
6.34967e-05
-0.000149173
-5.65208e-06
-0.000143909
-4.86617e-05
-0.000136434
-4.72519e-05
-0.000123442
-3.20882e-05
-9.24465e-05
-2.92089e-06
-3.24563e-05
3.07363e-05
1.21443e-05
4.17475e-05
4.09263e-05
9.20414e-05
5.35938e-05
0.000129216
5.76728e-05
0.000166802
4.75074e-05
3.27446e-05
-5.72353e-06
2.32585e-05
-2.33833e-05
7.18563e-05
-3.08772e-05
-3.5518e-05
-1.75609e-05
-4.69234e-05
4.34301e-05
2.67943e-05
4.83757e-05
8.51912e-06
2.34354e-05
-0.00017631
6.83218e-05
-0.0001756
-6.36179e-06
-0.000168652
-5.56093e-05
-0.000155389
-6.05151e-05
-0.000141651
-4.58263e-05
-0.000129112
-1.54595e-05
-9.1294e-05
-7.08209e-06
-5.56001e-05
6.05358e-06
-1.73602e-05
5.38015e-05
1.09107e-05
0.000100945
5.98297e-05
0.000117883
3.37392e-05
5.8835e-05
1.69833e-06
5.52993e-05
9.93691e-06
6.36178e-05
-6.28791e-06
-1.92932e-05
-1.7427e-05
-3.57843e-05
1.63961e-05
-7.0288e-06
1.56718e-05
9.24351e-06
3.91072e-05
-0.000163936
9.26412e-05
-0.000183474
1.31763e-05
-0.000208498
-3.05849e-05
-0.000216325
-5.26886e-05
-0.000197618
-6.45334e-05
-0.000158797
-5.42803e-05
-0.000116984
-4.88948e-05
-8.52312e-05
-2.56996e-05
-5.53107e-05
2.38809e-05
-2.43518e-05
6.99862e-05
1.38546e-05
7.96768e-05
4.05499e-06
6.86347e-05
-2.90217e-06
6.22565e-05
1.42491e-05
4.64666e-05
-6.25832e-06
1.21412e-06
-2.44164e-05
-1.76262e-05
-1.09744e-05
-2.04707e-05
9.52161e-07
-2.68297e-06
4.00594e-05
-0.000130753
0.000132383
-0.00016337
4.57931e-05
-0.000187313
-6.64252e-06
-0.000210001
-3.00003e-05
-0.000223598
-5.09365e-05
-0.000213491
-6.43876e-05
-0.000191948
-7.04377e-05
-0.000160749
-5.68979e-05
-0.000117422
-1.94468e-05
-6.8349e-05
2.09136e-05
-2.95088e-05
4.08365e-05
-5.54998e-06
4.46759e-05
1.51736e-05
4.15329e-05
3.02782e-05
3.1362e-05
1.66888e-05
1.48035e-05
-3.30709e-06
2.36986e-06
-1.03076e-05
-1.34699e-05
-4.70535e-06
-8.28515e-06
3.53541e-05
-6.90139e-05
0.000178168
-0.000104528
8.13077e-05
-0.000111036
-1.3473e-07
-0.000123906
-1.71309e-05
-0.000155608
-1.92344e-05
-0.000170792
-4.9203e-05
-0.000169479
-7.17512e-05
-0.000145022
-8.13545e-05
-0.00010201
-6.24589e-05
-5.50836e-05
-2.6013e-05
-1.55252e-05
1.27816e-06
1.40935e-05
1.50572e-05
3.37216e-05
2.19048e-05
4.15305e-05
2.3553e-05
3.39361e-05
2.23979e-05
1.48383e-05
2.14678e-05
-7.29135e-06
8.65988e-06
-1.38424e-05
-1.73402e-06
2.15119e-05
2.59868e-05
0.00020623
-2.02383e-05
0.000127533
-3.97633e-05
1.93902e-05
-3.28803e-05
-2.40139e-05
-6.44069e-05
1.22922e-05
-0.000105915
-7.69473e-06
-0.000131119
-4.65471e-05
-0.000118102
-9.43714e-05
-8.12196e-05
-9.93414e-05
-4.04165e-05
-6.68161e-05
-6.6829e-06
-3.24553e-05
1.7639e-05
-9.26468e-06
3.15959e-05
7.94782e-06
3.57933e-05
1.93557e-05
2.97307e-05
2.84606e-05
1.56983e-05
3.55004e-05
-1.86915e-06
2.62274e-05
-9.01808e-06
5.41507e-06
1.24938e-05
0.000117149
0.000217856
7.69187e-05
0.000167763
2.28281e-05
7.34809e-05
6.25442e-06
-7.44028e-06
-4.91491e-06
2.34616e-05
-4.30016e-05
3.0392e-05
-8.46475e-05
-4.90127e-06
-8.70717e-05
-9.19471e-05
-6.25797e-05
-0.000123833
-3.33486e-05
-9.60473e-05
-7.8862e-06
-5.79177e-05
1.05623e-05
-2.77132e-05
2.03718e-05
-1.86158e-06
2.21957e-05
1.75318e-05
1.65432e-05
3.41132e-05
7.61382e-06
4.443e-05
-5.18091e-07
3.43594e-05
-3.61429e-06
8.51138e-06
8.87949e-06
0.000182383
0.000203731
0.000157083
0.000193064
9.9831e-05
0.000130732
4.96016e-05
4.2789e-05
4.02379e-05
3.28253e-05
1.02096e-05
6.04203e-05
-3.48372e-05
4.01455e-05
-5.38038e-05
-7.29806e-05
-4.53145e-05
-0.000132323
-3.02285e-05
-0.000111133
-1.47169e-05
-7.34293e-05
-3.09691e-06
-3.93332e-05
3.45026e-06
-8.40875e-06
3.66159e-06
1.73206e-05
1.25122e-07
3.76498e-05
-3.9351e-06
4.84903e-05
-3.30906e-06
3.37334e-05
-1.43564e-06
6.63796e-06
7.44382e-06
0.000201055
0.000160414
0.000203187
0.000190932
0.000160997
0.000172923
9.51755e-05
0.00010861
6.25692e-05
6.54315e-05
4.30879e-05
7.99016e-05
4.93082e-06
7.83026e-05
-2.49022e-05
-4.31475e-05
-3.17759e-05
-0.000125449
-3.08756e-05
-0.000112033
-2.57564e-05
-7.85484e-05
-2.07995e-05
-4.42901e-05
-1.83459e-05
-1.08624e-05
-1.93548e-05
1.83295e-05
-2.06476e-05
3.89427e-05
-1.65049e-05
4.43476e-05
-6.17342e-06
2.34019e-05
-1.21512e-06
1.67956e-06
6.22866e-06
0.000187004
0.000124652
0.000207558
0.000170378
0.000182833
0.000197648
0.000125275
0.000166169
8.18793e-05
0.000108827
5.26554e-05
0.000109126
2.34279e-05
0.00010753
-3.63999e-06
-1.60796e-05
-2.2346e-05
-0.000106743
-3.25067e-05
-0.000101873
-3.63372e-05
-7.47179e-05
-3.7672e-05
-4.29552e-05
-3.863e-05
-9.90437e-06
-3.88225e-05
1.8522e-05
-3.42702e-05
3.43904e-05
-2.0941e-05
3.10182e-05
-5.6854e-06
8.14627e-06
-1.4031e-06
-2.60284e-06
4.82549e-06
0.000169929
0.00011844
0.000188808
0.000151499
0.000178329
0.000208127
0.000137168
0.00020733
9.51818e-05
0.000150813
5.97067e-05
0.000144601
3.24138e-05
0.000134823
7.83067e-06
8.50365e-06
-1.49821e-05
-8.39299e-05
-3.1629e-05
-8.52257e-05
-4.16583e-05
-6.46886e-05
-4.72641e-05
-3.73496e-05
-4.92199e-05
-7.94859e-06
-4.63491e-05
1.56512e-05
-3.53497e-05
2.3391e-05
-1.58027e-05
1.14712e-05
-2.87844e-06
-4.77812e-06
-1.10016e-06
-4.3812e-06
3.72529e-06
0.000152409
0.000123876
0.000161154
0.000142754
0.000155545
0.000213735
0.000129036
0.000233839
9.58234e-05
0.000184025
6.17502e-05
0.000178674
3.93333e-05
0.00015724
1.89112e-05
2.89259e-05
-4.61953e-06
-6.03991e-05
-2.45147e-05
-6.53305e-05
-3.80369e-05
-5.11664e-05
-4.54975e-05
-2.98891e-05
-4.59965e-05
-7.44957e-06
-3.81184e-05
7.77301e-06
-2.24143e-05
7.68683e-06
-6.02616e-06
-4.91706e-06
-3.88627e-07
-1.04157e-05
-2.9795e-07
-4.47194e-06
3.42733e-06
0.000126958
0.000120457
0.000129446
0.000140266
0.0001237
0.000219481
0.00010659
0.00025095
8.71e-05
0.000203515
5.88463e-05
0.000206928
4.4692e-05
0.000171394
3.10385e-05
4.25795e-05
9.74672e-06
-3.91073e-05
-9.56621e-06
-4.60176e-05
-2.37958e-05
-3.69369e-05
-3.06984e-05
-2.29865e-05
-2.90778e-05
-9.0701e-06
-1.90015e-05
-2.30336e-06
-5.48785e-06
-5.82688e-06
1.99422e-06
-1.23992e-05
1.82706e-06
-1.02486e-05
5.25533e-07
-3.17044e-06
3.95289e-06
9.61929e-05
9.99481e-05
9.22798e-05
0.000144179
7.87611e-05
0.000233
7.10808e-05
0.00025863
6.24614e-05
0.000212134
4.84388e-05
0.00022095
4.92825e-05
0.000170551
4.48619e-05
4.70002e-05
2.89322e-05
-2.31775e-05
1.24167e-05
-2.95021e-05
-9.76304e-07
-2.3544e-05
-6.89177e-06
-1.7071e-05
-5.13337e-06
-1.08285e-05
1.73413e-06
-9.1709e-06
7.10643e-06
-1.11992e-05
6.02179e-06
-1.13146e-05
3.04817e-06
-7.27503e-06
9.7241e-07
-1.09464e-06
4.92536e-06
4.7799e-05
6.55102e-05
4.6979e-05
0.000144999
3.03115e-05
0.000249667
3.51035e-05
0.000253838
2.77166e-05
0.000219521
3.77978e-05
0.000210869
5.62754e-05
0.000152073
5.92983e-05
4.39773e-05
4.65554e-05
-1.04345e-05
3.267e-05
-1.56167e-05
2.16058e-05
-1.24796e-05
1.54305e-05
-1.08957e-05
1.40352e-05
-9.43315e-06
1.41543e-05
-9.2901e-06
1.17324e-05
-8.77733e-06
7.24839e-06
-6.83056e-06
3.35555e-06
-3.38214e-06
1.34708e-06
9.13914e-07
6.27253e-06
-1.61952e-05
3.4711e-05
-7.11561e-06
0.00013592
-5.41647e-06
0.000247968
9.91427e-06
0.000238507
1.26067e-05
0.000216829
3.81027e-05
0.000185373
6.60323e-05
0.000124144
6.96153e-05
4.03944e-05
5.60955e-05
3.08525e-06
4.27808e-05
-2.30186e-06
3.32801e-05
-2.97888e-06
2.65803e-05
-4.19595e-06
2.17314e-05
-4.58421e-06
1.69382e-05
-4.49697e-06
1.16351e-05
-3.47424e-06
6.6803e-06
-1.87569e-06
3.31815e-06
-1.98993e-08
1.72152e-06
2.51068e-06
7.99414e-06
-6.63439e-05
1.16218e-05
-4.4452e-05
0.000114028
-1.75749e-05
0.000221091
-5.22369e-07
0.000221455
1.59848e-05
0.000200322
4.75252e-05
0.000153833
7.25647e-05
9.91041e-05
7.11084e-05
4.18508e-05
5.64949e-05
1.76987e-05
4.36481e-05
1.0545e-05
3.43539e-05
6.31536e-06
2.69758e-05
3.1821e-06
2.08126e-05
1.57898e-06
1.52314e-05
1.08421e-06
1.01897e-05
1.56746e-06
6.24576e-06
2.06833e-06
3.4926e-06
2.73338e-06
1.95912e-06
4.04431e-06
9.95332e-06
-9.90671e-05
8.60496e-07
-6.98536e-05
8.48142e-05
-2.58561e-05
0.000177094
-2.60325e-06
0.000198202
2.444e-05
0.000173278
5.17617e-05
0.000126511
6.88123e-05
8.20536e-05
6.26471e-05
4.8016e-05
5.00829e-05
3.0263e-05
3.97576e-05
2.08704e-05
3.15854e-05
1.44875e-05
2.47278e-05
1.00396e-05
1.88522e-05
7.45454e-06
1.38173e-05
6.11903e-06
9.67376e-06
5.71104e-06
6.36819e-06
5.37397e-06
3.69904e-06
5.40264e-06
2.03725e-06
5.7062e-06
1.19906e-05
-0.00011302
4.38302e-06
-8.70836e-05
5.88775e-05
-3.98756e-05
0.000129886
-6.07112e-06
0.000164397
2.37282e-05
0.000143479
4.56765e-05
0.000104563
5.33009e-05
7.44292e-05
4.85464e-05
5.27704e-05
4.08817e-05
3.79277e-05
3.39497e-05
2.78023e-05
2.78088e-05
2.06284e-05
2.22359e-05
1.56124e-05
1.73117e-05
1.23787e-05
1.30861e-05
1.03446e-05
9.53829e-06
9.25884e-06
6.44024e-06
8.47206e-06
3.75493e-06
8.088e-06
1.90562e-06
7.55554e-06
1.38962e-05
-0.000105099
1.38232e-05
-9.33528e-05
4.7131e-05
-5.66468e-05
9.31797e-05
-1.77231e-05
0.000125473
1.46176e-05
0.000111138
3.09313e-05
8.82492e-05
3.59596e-05
6.94008e-05
3.50906e-05
5.36394e-05
3.18879e-05
4.11303e-05
2.79561e-05
3.1734e-05
2.38003e-05
2.4784e-05
1.96546e-05
1.97579e-05
1.57445e-05
1.62888e-05
1.2219e-05
1.38701e-05
9.09872e-06
1.23791e-05
6.24962e-06
1.13212e-05
3.68891e-06
1.06487e-05
1.67703e-06
9.56736e-06
1.55731e-05
-8.52182e-05
2.00473e-05
-8.099e-05
4.29028e-05
-5.79548e-05
7.01446e-05
-2.27011e-05
9.02197e-05
2.33757e-06
8.60996e-05
1.57185e-05
7.48682e-05
2.22465e-05
6.28726e-05
2.4531e-05
5.13549e-05
2.41919e-05
4.14693e-05
2.2388e-05
3.35377e-05
1.98061e-05
2.73658e-05
1.68773e-05
2.26866e-05
1.39057e-05
1.92604e-05
1.10499e-05
1.67259e-05
8.37096e-06
1.5058e-05
5.8761e-06
1.3816e-05
3.54604e-06
1.29786e-05
1.45023e-06
1.1663e-05
1.70233e-05
-6.66728e-05
2.14137e-05
-6.16996e-05
3.79296e-05
-4.68182e-05
5.52631e-05
-2.4137e-05
6.75385e-05
-6.06576e-06
6.80282e-05
5.81331e-06
6.29889e-05
1.30548e-05
5.5631e-05
1.67289e-05
4.76806e-05
1.78873e-05
4.03106e-05
1.74391e-05
3.39858e-05
1.60238e-05
2.8781e-05
1.40804e-05
2.463e-05
1.19055e-05
2.14353e-05
9.65981e-06
1.89715e-05
7.47245e-06
1.72453e-05
5.36107e-06
1.59272e-05
3.30274e-06
1.50368e-05
1.2929e-06
1.36727e-05
1.83161e-05
-5.35367e-05
2.00694e-05
-4.79576e-05
3.23504e-05
-3.70599e-05
4.43654e-05
-2.24051e-05
5.28836e-05
-9.40732e-06
5.50303e-05
4.16396e-07
5.31651e-05
7.08825e-06
4.8959e-05
1.10135e-05
4.37552e-05
1.28517e-05
3.84722e-05
1.32311e-05
3.36063e-05
1.26445e-05
2.93675e-05
1.14561e-05
2.58184e-05
9.92817e-06
2.29632e-05
8.2217e-06
2.0678e-05
6.47366e-06
1.89933e-05
4.72343e-06
1.76773e-05
2.98112e-06
1.6779e-05
1.16564e-06
1.5488e-05
1.94816e-05
-4.39009e-05
1.7269e-05
-3.84861e-05
2.69355e-05
-3.0098e-05
3.59773e-05
-1.98314e-05
4.26169e-05
-1.02898e-05
4.54886e-05
-2.51217e-06
4.53874e-05
3.19144e-06
4.32553e-05
6.89619e-06
4.00503e-05
8.97121e-06
3.63971e-05
9.81253e-06
3.27649e-05
9.76873e-06
2.94112e-05
9.121e-06
2.64661e-05
8.09237e-06
2.39918e-05
6.82733e-06
2.1943e-05
5.45352e-06
2.0367e-05
4.01275e-06
1.9118e-05
2.55639e-06
1.82352e-05
1.01488e-06
1.70294e-05
2.04964e-05
-3.62856e-05
1.36533e-05
-3.1266e-05
2.19159e-05
-2.46959e-05
2.94072e-05
-1.71874e-05
3.51083e-05
-1.00273e-05
3.83284e-05
-3.93118e-06
3.92911e-05
7.69379e-07
3.85546e-05
4.04964e-06
3.677e-05
6.09348e-06
3.43531e-05
7.13237e-06
3.1726e-05
7.40274e-06
2.91409e-05
7.11583e-06
2.67531e-05
6.45127e-06
2.46565e-05
5.53031e-06
2.2864e-05
4.46503e-06
2.14323e-05
3.30045e-06
2.02825e-05
2.0977e-06
1.94379e-05
8.03488e-07
1.83235e-05
2.12999e-05
-2.97372e-05
9.7261e-06
-2.52558e-05
1.74345e-05
-2.00586e-05
2.421e-05
-1.44458e-05
2.94954e-05
-9.04917e-06
3.29317e-05
-4.34155e-06
3.45834e-05
-5.85833e-07
3.47988e-05
2.19671e-06
3.39874e-05
4.04034e-06
3.25095e-05
5.08834e-06
3.0678e-05
5.50079e-06
2.87285e-05
5.43313e-06
2.68208e-05
5.02004e-06
2.50696e-05
4.36276e-06
2.35214e-05
3.55158e-06
2.22435e-05
2.63906e-06
2.11951e-05
1.65307e-06
2.04239e-05
5.61408e-07
1.94151e-05
2.18613e-05
-2.3576e-05
5.98695e-06
-1.97904e-05
1.36488e-05
-1.5754e-05
2.01736e-05
-1.15775e-05
2.53188e-05
-7.57062e-06
2.89248e-05
-4.0228e-06
3.10355e-05
-1.11626e-06
3.18922e-05
1.10264e-06
3.17684e-05
2.63944e-06
3.09727e-05
3.57021e-06
2.97473e-05
4.00293e-06
2.82958e-05
4.04474e-06
2.67791e-05
3.79587e-06
2.53186e-05
3.33549e-06
2.39818e-05
2.73235e-06
2.28468e-05
2.0348e-06
2.18927e-05
1.25095e-06
2.12077e-05
3.33515e-07
2.03326e-05
2.21948e-05
-1.74208e-05
2.87787e-06
-1.44951e-05
1.07231e-05
-1.15475e-05
1.7226e-05
-8.57991e-06
2.23513e-05
-5.74125e-06
2.60861e-05
-3.20292e-06
2.84972e-05
-1.08761e-06
2.97769e-05
5.54328e-07
3.01265e-05
1.72238e-06
2.98046e-05
2.4556e-06
2.90141e-05
2.82039e-06
2.79311e-05
2.89386e-06
2.67057e-05
2.74307e-06
2.54695e-05
2.4275e-06
2.42975e-05
1.98792e-06
2.32864e-05
1.48316e-06
2.23975e-05
8.86408e-07
2.18045e-05
1.55109e-07
2.10639e-05
2.235e-05
-1.09489e-05
1.13417e-06
-9.19968e-06
8.97386e-06
-7.37465e-06
1.54009e-05
-5.51523e-06
2.04918e-05
-3.71438e-06
2.42852e-05
-2.08234e-06
2.68651e-05
-7.00508e-07
2.8395e-05
3.74498e-07
2.90515e-05
1.14664e-06
2.90325e-05
1.63722e-06
2.85235e-05
1.8818e-06
2.76866e-05
1.92665e-06
2.66609e-05
1.82015e-06
2.55761e-05
1.60581e-06
2.4512e-05
1.31012e-06
2.35822e-05
9.72868e-07
2.27348e-05
5.59861e-07
2.22176e-05
3.8132e-08
2.15856e-05
2.23881e-05
-4.09352e-06
-3.44597e-06
-2.78347e-06
-2.09331e-06
-1.40644e-06
-7.72281e-07
-2.31361e-07
1.9804e-07
4.99932e-07
6.87652e-07
7.75739e-07
7.82837e-07
7.28946e-07
6.3513e-07
5.15517e-07
3.76539e-07
2.0172e-07
-1.49644e-08
)
;

boundaryField
{
    leftWall
    {
        type            calculated;
        value           uniform 0;
    }
    rightWall
    {
        type            calculated;
        value           uniform 0;
    }
    lowerWall
    {
        type            calculated;
        value           uniform 0;
    }
    atmosphere
    {
        type            calculated;
        value           nonuniform List<scalar> 
46
(
-3.8395e-05
-3.91715e-05
-4.5501e-05
0.000112222
0.000198768
0.000191577
0.00015481
0.000115998
7.52752e-05
2.22141e-05
-6.15966e-05
-0.000100314
-0.000121124
-0.00013313
-0.000136431
-0.000130939
-0.000115923
-9.47268e-05
-7.63216e-05
-6.36079e-05
-5.02275e-05
-3.81481e-05
-2.64572e-05
-8.96281e-06
-6.73617e-06
-4.68005e-06
-2.75227e-06
4.08176e-07
8.3263e-06
1.47384e-05
1.98016e-05
2.35984e-05
2.62309e-05
2.78541e-05
2.86221e-05
2.87306e-05
2.83359e-05
2.75986e-05
2.66539e-05
2.56301e-05
2.46058e-05
2.37018e-05
2.28738e-05
2.23924e-05
2.18023e-05
2.23731e-05
)
;
    }
    defaultFaces
    {
        type            empty;
        value           nonuniform 0();
    }
}


// ************************************************************************* //
