/*--------------------------------*- C++ -*----------------------------------*\
| =========                 |                                                 |
| \\      /  F ield         | OpenFOAM: The Open Source CFD Toolbox           |
|  \\    /   O peration     | Version:  2.3.0                                 |
|   \\  /    A nd           | Web:      www.OpenFOAM.org                      |
|    \\/     M anipulation  |                                                 |
\*---------------------------------------------------------------------------*/
FoamFile
{
    version     2.0;
    format      ascii;
    class       volScalarField;
    location    "1.4e-05";
    object      p;
}
// * * * * * * * * * * * * * * * * * * * * * * * * * * * * * * * * * * * * * //

dimensions      [1 -1 -2 0 0 0 0];

internalField   nonuniform List<scalar> 
7500
(
-19241.795
314.22427
5815.0149
-4749.9565
-12925.389
24791.705
-3389.9953
9405.3098
3588.5773
1730.0354
11228.494
5630.7556
12954.737
-6145.2203
14555.9
6904.8894
-240.41196
10285.474
3130.2279
18447.35
2718.3312
8287.59
3652.1234
24096.453
2041.6095
11746.477
15807.518
241.56716
17543.897
11351.583
11367.988
23852.781
36992.4
-1387.5487
43010.292
18895.735
-6998.4142
27661.437
-9921.6981
20979.025
51717.663
13144.988
35870.487
10677.818
48926
40494.057
4161.1132
38720.591
68304.903
85492.828
31073.003
15262.903
31597.279
63826.298
46915.329
9363.4312
-7504.2183
28506.136
56267.334
-5420.5159
9248.5797
34527.693
-4207.3342
-26886.368
-29934.473
5644.4691
-8123.0005
-28339.411
50384.872
28876.492
-5400.1054
76907.6
27292.534
-35261.479
5240.4078
-19462.593
969.15162
5974.9729
-5220.0042
-12707.227
23335.025
-1830.8202
8326.0428
3683.7772
2372.3874
10927.417
5874.3786
12499.333
-5528.8797
13578.789
8156.8794
-1468.6433
10921.78
3935.0519
16474.244
4851.6726
7059.9257
3732.7713
24887.52
539.75226
13036.98
15308.045
-385.58163
19117.188
8720.0746
14854.794
22390.857
34810.315
3191.4086
39196.891
19751.23
-6204.551
25198.231
-6182.2106
19323.31
50264.314
15373.664
33841.621
13420.24
46790.625
39278.899
8838.1866
36986.04
64740.14
86292.368
33612.999
13856.051
32830.827
64286.853
43917.213
11323.223
-5301.1184
26394.293
55625.241
-2495.5007
8470.1154
34677.865
-5211.2791
-27483.235
-28239.225
2317.2475
-5953.7165
-25967.718
46552.876
28893.183
-3079.9741
74350.662
29427.582
-31870.42
3647.731
-20098.699
1115.0842
7603.0043
-6576.6255
-10899.148
21063.58
-1830.1399
8677.9009
3345.4017
2166.8467
11096.335
6674.6509
10635.946
-2841.342
10615.65
9746.8071
-896.14964
9107.2088
6451.5068
13685.351
7020.4908
6505.1649
3137.1744
25908.23
-607.79317
13217.36
15798.339
-2145.2428
21973.831
5438.6563
17459.973
23793.066
27762.367
11403.299
35661.398
17580.936
-2217.0451
20042.083
-1733.249
20692.288
43997.239
19990.663
32037.286
15969.644
44991.914
34802.371
15493.426
37875.063
59887.185
83759.185
39410.489
14287.973
31413.807
64403.435
42232.881
11443.779
-2051.7755
27165.437
51223.075
564.79126
8607.7186
33205.09
-5440.8109
-28642.607
-24904.698
-3684.7898
-4372.5636
-19439.286
38814.373
29108.121
1838.6753
67313.719
31980.163
-23793.548
2356.0908
-20558.258
566.34391
9737.4082
-7560.784
-9747.4231
19215.457
-1247.5939
7030.4553
4853.8021
2173.8444
9344.7463
9632.049
7685.8462
-483.24904
8649.2357
10142.924
356.39777
7357.8752
8838.0533
10581.797
9300.5441
6735.0397
2167.7829
26394.161
-1068.6025
13031.37
15974.506
-3536.35
24764.328
1959.8342
20585.379
25018.18
20301.613
20929.849
31366.834
14658.027
3171.5813
13572.574
2938.8895
23987.155
36108.436
23804.571
30877.797
19757.492
41393.076
30300.231
23039.095
39900.107
56136.905
77823.134
45379.894
16813.784
31206.965
61611.13
40428.586
13006.143
-160.59883
26781.265
47699.899
3606.0294
9486.1359
32302.444
-8422.2938
-27844.449
-17707.477
-13485.307
-5321.4018
-9592.8205
28351.197
30312.766
11266.167
57365.121
32514.517
-13590.571
2200.2008
-21044.297
364.68015
11210.535
-7896.1178
-8468.3779
16053.996
992.28076
4700.9812
5316.4898
3476.0029
7946.4354
10818.367
6315.8857
1665.9537
5773.6123
11584.543
584.14123
6251.8384
11581.98
6792.2164
11701.574
7156.1039
1479.3199
26351.848
-1232.223
12948.249
15760.32
-4615.9337
27051.402
-1268.3797
24132.411
25669.576
14305.441
29332.786
26860.503
12035.008
8119.3589
8501.6325
6523.8764
27428.124
29223.565
25927.775
30289.715
25152.209
36091.042
25318.286
30750.836
42082.606
54162.826
72116.432
49549.215
19411.305
33402.436
57533.588
37727.842
15460.872
2977.7832
24344.224
42998.885
7131.4774
10682.589
33328.972
-12159.262
-28331.675
-10239.296
-21961.234
-7444.0209
229.50448
17419.377
30013.304
21047.467
47575.292
32354.741
-2244.6461
2999.6124
-21936.8
685.59003
12302.101
-8399.0339
-6264.1016
12130.284
2789.5969
3532.9678
5389.2023
3615.726
8209.9814
11207.456
4467.7787
4832.3997
2535.1287
12466.827
1714.44
4469.2265
13816.858
4581.3075
12884.833
7030.9312
2635.9395
24553.837
-165.54379
12639.16
14433.464
-3336.9348
26128.602
-1728.6826
26409.864
24277.5
12663.168
34979.129
21829.655
11276.563
10674.747
4492.0252
10851.493
29578.529
23934.114
27122.009
30166.758
29744.357
30921.789
23001.947
35743.153
42895.458
53411.995
66861.076
53548.504
23924.317
34065.285
51450.959
38297.759
16940.249
5266.7477
24567.772
36183.67
8428.7654
12562.685
33565.548
-13448.705
-27655.05
-6779.7062
-27978.618
-8956.9498
7423.9618
10078.979
29826.798
28721.671
38702.915
31553.603
8084.9779
5291.7762
-23209
1053.6717
13683.651
-9305.7071
-4112.4617
9167.3712
3410.2901
2430.7756
7116.2642
2600.4357
8036.408
12729.321
2565.6459
6168.2484
1971.8362
11457.734
3324.8042
3991.5556
13286.357
4580.9465
14070.117
5357.397
5463.2683
21759.597
1003.0425
13267.254
11287.728
460.24294
23028.359
-1031.0476
28334.64
21263.126
14568.891
38146.705
17697.713
10750.743
11986.268
1717.2427
14167.017
31356.17
20589.513
27472.286
30772.587
32778.805
24725.248
24683.264
40663.528
40600.265
53686.539
63331.099
53896.681
32330.274
35734.376
40560.882
41190.963
20537.994
4371.7408
27051.105
32085.974
6595.453
13957.139
31507.756
-15455.182
-24459.505
-4853.4754
-31387.708
-10324.505
11199.04
6046.4376
30094.7
34029.252
32967.805
31409.466
14779.41
7568.5969
-24304.872
1074.73
15000.33
-9807.4819
-2827.6064
6981.0843
4494.6943
624.54132
9038.8508
2751.0825
7312.0888
13140.259
2819.9722
5328.2193
2316.4464
11158.475
3574.826
5010.7369
11640.773
4815.0211
15273.244
4428.1925
7143.1558
19494.645
2565.951
12639.132
9643.5766
3477.8262
19524.397
1892.1666
27558.13
19063.397
18883.466
37080.3
15419.368
10911.5
12024.377
1035.1095
15152.505
32921.15
18848.954
28166.102
31648.221
32941.88
20111.426
26492.925
44065.634
39784.211
53378.795
60629.016
52799.764
41675.058
38559.501
29215.225
42427.557
24716.994
4904.5891
27668.578
30593.255
6104.7128
14673.529
28140.646
-17360.136
-25273.192
-6534.1279
-29491.856
-10120.663
12285.81
5357.5412
30549.552
37386.616
30240.166
31840.481
20274.546
9106.9014
-24860.285
766.19892
15759.015
-9532.7817
-2014.6146
4786.0904
5980.2407
-632.58012
9909.065
3308.2624
7803.5459
12092.562
3396.5385
5134.5148
1677.0182
11105.509
4472.5291
5300.2685
10301.36
5966.365
14039.4
5723.8222
8394.7367
15625.156
6828.7933
9351.3162
9570.0196
6952.252
14017.613
6941.9669
25439.249
17798.212
23963.915
34307.136
12993.926
11224.747
12025.553
2184.941
13717.994
34297.61
18896.775
28058.395
34190.554
29619.15
17437.465
30406.227
42888.947
39893.646
56097.906
55556.06
50541.985
54129.674
37979.731
21790.709
43909.563
23235.984
8664.586
29062.642
26901.203
8609.5243
16685.454
22110.541
-14768.779
-27106.49
-15257.957
-28295.806
-8653.0159
11612.289
8216.152
31516.722
40378.552
30815.163
30784.953
24376.443
12168.012
-25035.741
466.67316
16036.691
-9132.9474
-997.84824
2865.5439
6533.6671
-802.88417
10645.034
2948.2694
8723.0003
11825.147
2857.5436
5351.2437
1927.0738
9245.8564
6597.2991
5320.2554
8395.2776
8732.2986
11454.583
6694.4058
11148.783
10607.695
11097.838
7196.1757
7980.2826
10977.499
10102.246
9620.5952
23301.883
20075.631
26381.914
31988.871
12111.157
9689.1517
11271.787
5366.1746
12387.098
32081.452
21558.061
29032.352
34070.701
26920.001
17838.714
31870.503
41928.938
40960.992
57393.465
52485.404
46512.625
67336.65
35824.912
17095.028
48736.04
17119.344
10963.805
33663.037
22292.449
10568.063
19866.155
12860.986
-11494.136
-24200.429
-21710.606
-30072.148
-10685.521
9311.9946
10275.055
31632.09
43135.846
33546.841
29364.738
28336.052
17064.71
-24958.905
212.99036
16202.208
-8988.7664
22.657608
1744.3141
6128.7171
-683.56025
11510.487
2906.2209
8532.9489
12004.567
3175.6932
4083.0087
3621.1377
7286.6688
7611.6045
5880.1765
6798.0207
10850.999
10389.486
6629.2493
12663.395
8915.3351
11152.818
7747.9975
6900.1381
11686.181
9683.4973
11400.662
19137.81
25494.744
27712.432
27530.004
13754.742
9399.5602
7992.0911
7990.486
14465.676
27804.628
21864.258
33864.746
30621.072
21247.994
27014.324
29416.203
35612.872
50112.122
54338.011
48273.942
47941.888
72352.71
34993.629
15811.108
52043.603
14595.829
11736.555
35146.66
20232.387
13061.641
22518.366
3358.322
-11904.906
-23457.592
-23234.098
-27491.034
-12925.041
7426.4645
10931.542
30244.518
44596.42
31440.518
25104.279
34414.098
20769.614
-24704.938
-118.69148
16388.717
-8792.2303
544.79011
1147.5161
5454.467
-285.81727
11586.701
3822.8034
8389.3762
10636.742
4968.2772
2486.352
4548.4998
7127.8532
7472.2185
5547.8447
6729.2935
11758.614
9679.8274
8534.8301
10412.221
10937.63
9641.4991
6954.3537
8154.8107
11335.18
8581.8396
13064.167
17192.646
28197.838
31255.8
21852.304
13745.315
12725.547
3445.8107
9334.0408
17321.388
24801.351
21465.771
37005.601
27725.936
14435.203
34595.365
33238.798
27003.655
56911.704
54443.692
41998.269
54684.804
69238.101
33968.347
17677.508
47701.615
18136.389
14650.046
32576.583
21824.596
15028.398
22081.974
1146.3618
-12652.751
-24765.003
-25391.129
-25199.65
-11589.409
5380.2233
12334.602
30433.79
44449.722
30567.759
21784.551
33823.549
22185.367
-24313.57
-579.33524
16449.167
-8340.9054
716.68862
675.5898
4422.6682
884.9577
11092.807
4361.2856
9583.9542
8275.0099
6234.4713
2100.01
4402.6213
7605.9561
7696.1916
4429.2814
6725.2178
13238.807
7734.5676
11995.171
7788.0409
11879.995
9882.4734
5719.5891
7979.8581
12655.154
7447.7292
11159.98
19754.771
27818.984
34689.22
18303.199
10905.994
17546.011
-1603.4149
10565.612
20440.194
19969.861
24686.094
36332.65
24516.284
13363.232
34407.161
35150.104
28755.499
57953.959
52266.029
41593.691
56114.483
65984.567
33880.559
17375.39
44704.617
19068.625
15015.6
31774.961
21570.641
16662.284
23569.319
2883.3252
-12150.061
-24724.355
-25628.088
-28644.551
-9903.1342
5685.0735
10119.803
34736.518
45797.184
30659.927
24806.309
34238.722
20208.313
-23783.585
-1091.0176
16258.87
-7707.6424
809.71158
478.06291
2904.6847
2204.2425
11179.65
4025.7023
10899.946
7013.4772
6306.0127
1895.8367
4694.2723
7884.4365
7455.6758
4286.7436
5889.7663
14608.147
6821.9709
13187.332
7990.1382
10890.413
9542.3331
6116.2704
7245.3654
12759.1
7524.598
8570.7031
22227.566
26497.83
36225.706
15952.333
9270.5244
17320.95
-1073.6736
12235.124
20149.12
19036.021
25725.122
36359.062
21180.592
12791.992
34007.327
34608.436
30339.808
59389.357
53246.072
41658.198
56965.306
68844.469
33426.911
19986.067
42756.834
16832.058
15503.259
30602.581
23883.934
18234.246
22578.558
-697.78293
-11927.026
-26563.401
-26023.555
-26735.535
-10362.935
7579.6264
10935.363
28830.263
44911.796
31974.596
26066.825
33939.695
18433.406
-23248.294
-1537.0041
15874.939
-6935.0658
735.67236
523.86142
1653.6069
2925.5902
11570.682
4226.8216
10813.584
6747.6972
6772.6708
862.48822
5085.9102
9157.4568
5816.5519
4586.7073
5924.2612
13628.494
8413.4807
12239.062
7844.0245
11510.883
8332.9072
4819.0742
8520.1737
11221.198
6096.0475
8969.294
23631.022
26708.373
37032.828
14530.743
9240.1539
15735.563
-2125.9798
14920.641
20511.642
18733.977
26485.996
39198.843
22312.973
13117.018
34045.806
33342.445
29853.199
58179.002
51018.326
43971.084
56487.165
63723.124
32655.845
20013.491
42691.37
18578.89
14055.288
30747.606
23526.919
16408.564
20547.828
-3123.1792
-13801.954
-29547.339
-28950.855
-27359.053
-8330.1445
4211.3718
9558.7978
24871.092
42276.415
32211.85
31044.433
35159.903
17259.726
-22721.548
-1916.5151
15348.974
-5966.2219
561.90915
112.83357
1223.1438
3697.6935
10997.779
5703.1764
10104.096
5607.698
8222.2853
54.504505
4401.872
11088.314
4624.7846
3140.3606
7762.8037
10635.459
10026.559
12481.342
5420.5481
11620.044
9090.3415
5112.8295
8907.5231
11125.717
4457.3287
9209.1727
24461.699
27675.82
38307.558
14898.997
9402.2217
15445.083
-3128.9284
15837.204
20672.398
16992.438
26110.301
36460.122
21360.926
13972.214
33541.954
34692.482
29430.893
57017.497
48800.135
41910.1
56849.453
60152.064
29788.832
21121.935
38956.459
13701.338
13955.063
28546.937
20529.955
17568.669
18375.86
-6827.1478
-17037.314
-33955.886
-29670.618
-29784.111
-22087.61
-6639.4767
5963.5562
22766.705
37879.332
28044.239
30700.813
37265.555
16743.797
-22136.099
-2260.4417
14602.089
-4865.9738
782.88981
-1156.3591
808.34687
5633.6412
9381.5857
7334.4011
10323.388
3447.2212
9000.5107
301.5508
3563.9231
10992.872
5703.6934
151.24796
9315.9818
8382.8818
11574.754
12890.831
5172.0522
10703.436
9522.469
6021.2503
9597.3214
11840.918
4035.2409
9101.235
24573.774
26798.488
37280.364
14297.809
8992.8173
15372.025
-2762.0583
16089.542
20946.807
16657.362
27245.341
35774.15
20213.804
13269.866
32514.204
34673.658
27243.812
53709.869
45798.575
41494.587
58390.312
54398.814
25726.231
18441.819
36093.953
13556.895
15414.494
27563.78
16733.819
17395.595
16441.129
-7969.0789
-21479.76
-38258.823
-35202.182
-31451.268
-26532.398
-18074.898
2428.6531
22053.15
33821.473
25988.227
28592.786
35853.647
14825.277
-21503.394
-2519.0618
13617.044
-3998.0221
1716.5163
-2591.6462
-597.37654
8391.9627
8063.3312
7933.5347
11164.649
2089.4569
7652.4767
670.23254
3875.4738
8834.6196
6506.8726
530.55051
9709.1928
7329.896
12563.163
13816.248
5542.3825
10728.061
9796.4086
5534.6467
8760.3447
10606.504
3820.8167
9718.3399
24570.575
27036.265
36445.562
12704.744
7747.2413
15177.646
-3204.0387
15703.199
21489.821
16300.35
27327.943
34965.778
18130.939
13524.044
33937.214
35953.502
25376.267
52042.337
45884.054
39978.631
57434.318
48594.226
21910.765
19829.812
34677.139
15147.993
17313.752
27196.013
19747.312
15111.072
8146.6073
-10673.788
-30124.556
-42094.955
-50788.504
-33026.291
-30801.727
-25305.542
1237.8806
34139.703
34524.139
27050.97
31011.511
34332.151
12927.606
-20939.496
-2610.6142
12599.398
-3673.4987
2841.4414
-3270.3089
-2619.4521
10356.843
8021.036
7534.336
11130.613
2309.5387
5234.5165
749.64058
4762.1409
8608.5495
6605.1209
1227.7672
10443.754
7232.7926
12385.555
13424.187
4402.9
10372.754
9785.7639
5709.8627
9568.8704
11398.95
3657.3522
9487.7275
23612.667
26522.087
35774.565
10221.406
4377.7634
15054.944
-2530.6839
13827.068
19735.673
14051.799
28367.515
35172.867
15522.333
11880.028
34358.094
35680.317
26717.144
52687.559
44397.434
38043.932
58827.544
46052.489
17644.364
19579.396
33947.601
16202.235
17616.045
27425.413
21187.772
14748.905
4091.2911
-12995.564
-32316.247
-44556.599
-64716.873
-32085.907
-37034.648
-31727.11
3452.5234
34410.132
31897.341
25744.638
30596.278
33166.525
10872.867
-20490.227
-2543.5569
11803.647
-3551.8609
3063.4464
-3061.5789
-4258.5184
10835.766
8401.5567
7116.4692
9852.3808
3348.4778
5089.915
625.21112
5772.124
9030.6929
6492.8493
601.34181
9880.4669
7107.4561
12101.638
13884.958
4973.8877
9923.18
9727.6328
4976.6845
8814.0632
10539.962
3513.038
8966.2349
21692.268
25808.982
34998.523
9035.554
1554.4664
13522.302
-2791.5487
11613.454
19901.521
16092.19
33213.149
32729.626
11790.973
8631.934
33920
33800.802
25762.128
53844.132
42847.601
38299.84
62215.089
45340.441
12569.713
19984.028
34158.307
16774.775
14359.422
25993.089
20866.937
5845.8812
1296.2379
-18214.487
-34100.56
-45841.56
-60650.747
-32985.776
-42896.619
-35770.371
-2146.6879
31451.358
34935.362
24556.781
32912.582
34015.175
9707.6297
-20089.431
-2443.73
11253.299
-2788.7927
2022.4059
-2800.9521
-5392.7908
10656.623
7804.0512
8191.9542
9349.5099
4388.6742
5690.2114
411.95229
5329.8806
8508.659
6459.4906
1029.6993
10103.085
7252.2177
11619.695
13125.579
4536.5883
9561.7694
9779.0667
4605.5816
8748.1105
10609.041
3820.4778
8345.3191
20733.658
25270.318
34031.35
8592.6738
-268.93618
10778.666
-3731.1964
10884.763
17643.063
15042.225
38026.09
31400.762
7904.6925
3563.6177
36412.693
31470.534
22556.648
54140.853
41258.03
38010.955
63349.127
42452.852
7747.1591
19207.336
33969.889
18937.466
15013.911
24797.99
17589.609
-1092.4987
-1518.9328
-27284.075
-36471.985
-47331.499
-58904.04
-33103.797
-45542.339
-34595.262
-1238.3009
36770.614
38677.346
27005.783
38946.274
33158.684
8100.4646
-19636.136
-2443.07
10651.48
-922.32098
878.91114
-3256.7779
-6373.1127
10622.182
7662.0475
9534.9306
9594.0569
4027.8391
5331.8605
171.48661
5643.8663
8597.6821
6551.7783
606.98199
9851.9215
7460.3004
11522.252
11991.384
4378.8411
9073.7508
9555.7049
4487.7591
8268.0403
10271.753
4278.7131
8737.2835
20161.516
24249.517
33263.214
9135.5018
1051.0338
8103.2331
-5860.556
10638.648
20450.751
13544.897
39349.32
29384.753
4792.9418
2961.0722
35711.86
30435.229
20202.071
52525.346
36066.942
37100.551
64520.538
39342.089
2463.8624
18328.396
33638.772
23763.407
17731.602
23302.757
17649.32
-4807.1154
-3236.0564
-33627.551
-42025.269
-48629.169
-60214.108
-41094.85
-46999.746
-29547.531
3597.2414
34481.667
38521.181
30362
42244.856
31004.038
6223.2333
-19112.381
-2534.1656
9617.6417
1407.2329
1084.2189
-4166.6421
-5742.5889
10860.837
7910.0718
9169.4786
9410.7335
3926.4693
5549.3423
105.38187
5523.8623
8441.6474
6795.464
1048.3551
9687.3318
7576.9712
11544.232
10777.925
3116.1598
7847.363
8081.7209
4936.6644
8175.2118
9467.2656
4080.0409
8226.5617
18966.997
22926.532
32443.725
10589.442
5293.5129
6663.6621
-6355.4131
10981.81
17520.488
9906.8996
41215.714
27606.334
103.3547
-312.86253
35581.759
27613.168
19335.833
48218.491
29829.022
32420.983
65909.911
36318.097
-2470.1136
15956.701
33251.307
27784.022
20391.517
20818.383
17878.923
-8056.2805
-965.52412
-35775.893
-48120.229
-49201.748
-62090.277
-45382.711
-47041.374
-28710.482
4980.6235
32660.331
35244.408
29006.462
41083.74
26677.484
4054.7168
-18850.511
-2464.6278
8097.3415
2847.5655
2101.7622
-4314.088
-4601.16
10692.384
7539.922
9121.5976
9371.1109
3840.7293
5551.9551
-13.302921
5437.891
8410.2861
6887.6154
1141.8201
9483.0513
7532.7629
10882.575
10140.944
2917.7257
6229.7879
5373.6568
4962.7935
7416.8325
9130.4212
3710.6247
8111.7026
17875.672
21331.736
30622.529
10862.221
11652.713
6287.4944
-4801.1661
12823.675
15611.243
7099.6042
41465.988
23519.357
-7576.018
-5680.3291
34150.161
23294.076
18720.955
45338.155
26793.005
29560.557
67560.425
31883.184
-3586.8489
15414.399
32862.648
30449.82
20948.657
23602.379
15453.079
-9567.5967
9680.6872
-38172.792
-51972.719
-51126.686
-62976.41
-46618.602
-46096.852
-26687.067
7128.604
28605.259
26347.719
25910.146
38939.144
22440.091
1616.1797
-19578.474
-1771.5548
6521.906
2949.8536
2550.9326
-4391.5753
-4818.6765
10794.779
7645.0285
9028.2323
9088.378
3796.5591
5632.8735
-139.15336
5234.5415
8307.4677
6894.4232
1303.1866
9203.1457
7420.3003
10558.303
9787.0893
2354.9689
4325.6284
2174.4282
4677.6838
6209.4448
9460.2902
3559.2631
7960.6317
16692.326
19720.126
24292.194
9697.2007
13543.863
4834.0674
-5718.814
15360.332
13788.566
608.16345
27148.546
12457.946
-13984.349
-9988.3846
33212.531
21991.977
19280.847
43867.512
27464.886
30527.008
67345.794
27507.247
-2043.2936
17278.047
31606.659
31799.701
22530.344
20919.18
13858.634
-12474.377
7730.1985
-42309.385
-54813.881
-55321.222
-63300.882
-44690.241
-38767.08
-24268.355
7660.6424
25020.95
27245.898
28346.769
38972.746
21555.499
1934.006
-21214.36
-205.24415
5297.4592
3166.3437
2606.1055
-4629.6386
-4781.4489
10789.262
7562.9619
8917.8094
8761.5578
3752.2526
5545.7088
-311.71974
4985.3935
8295.8149
6813.3414
1339.4327
8832.0311
7294.4622
10474.818
9688.7654
1696.6763
2669.6437
-1065.6872
4279.7791
4743.5052
10195.185
3865.6085
7605.6141
15760.197
17598.215
20748.688
10064.118
13997.905
2475.1892
-7035.0173
18146.991
9329.0141
-8641.0986
5673.7616
10484.119
-11818.907
-13375.166
32450.182
21912.849
20376.295
41736.525
28857.658
33356.56
60134.915
22960.91
-456.24695
20314.66
31115.763
33203.558
21544.06
21866.255
13416.448
-15598.867
-16635.07
-42697.931
-54416.751
-61892.12
-63988.964
-44994.907
-34432.229
-20602.439
7040.9211
23184.528
26769.828
33740.127
40476.776
21186.007
3540.8076
-20463.719
1083.6641
4130.8009
3524.4646
2551.2367
-4725.5411
-4775.3488
10864.948
7495.8833
8810.4718
8421.4024
3734.8795
5481.4348
-510.00718
4779.8706
8262.0671
6630.5998
1313.019
8444.2617
7201.939
10030.114
9832.5637
1405.8801
942.99696
-4196.4804
3237.7614
3463.7438
11434.108
4304.9898
7217.6628
15149.302
15584.385
17824.287
10730.78
13237.429
853.52232
-8182.5338
20685.959
6177.6888
-14457.837
1782.3502
11358.441
-9772.015
-10718.206
31264.899
23526.693
21922.282
40201.955
29122.148
32971.858
55704.604
15899.07
-1786.2772
22733.841
31060.271
35433.038
20671.447
22724.122
11508.404
-19365.321
-23477.689
-43315.431
-55406.937
-66909.296
-67645.018
-46559.261
-33089.873
-17224.442
7274.0649
22905.186
29003.345
35289.794
40711.155
22785.915
6775.4052
-11305.878
171.87065
3495.9105
3712.746
2537.6309
-4767.286
-4706.2362
10940.631
7420.9126
8696.4053
8072.4467
3732.6299
5368.0091
-721.50416
4549.2152
8180.2719
6290.6302
1305.6032
7995.9175
7159.5357
9844.0676
9966.353
1351.7913
-317.36126
-6738.6978
2021.5029
2220.9554
12536.811
4280.8008
6662.4349
14762.256
13521.545
14073.541
11438.066
12428.203
1790.054
-8668.4229
19695.236
5404.6403
-13562.335
7222.5708
12344.623
-7653.803
-5150.7279
29185.692
23532.274
24754.363
39086.441
30019.823
30157.461
49717.011
9070.828
-6130.7562
23989.482
29999.341
37233.662
21517.207
24644.593
12648.942
-21191.579
-30057.787
-45144.403
-55349.057
-68949.359
-67851.92
-47203.508
-32612.145
-13434.848
9055.4924
24199.441
31201.819
35388.619
39229.885
25217.015
8945.264
5335.3634
-376.03624
3381.1969
3651.6482
2482.8842
-4818.282
-4635.9155
10916.269
7341.9574
8565.6913
7730.3485
3736.2401
5228.8815
-909.46618
4281.9491
7999.8995
5647.6329
1430.5773
7496.3309
6902.5196
9597.9995
9950.3481
1618.7828
-1172.5194
-8132.0717
1068.7233
885.86892
13384.38
3848.9372
6088.1078
14843.296
12100.014
10811.782
12100.512
11484.91
2675.5536
-8150.1758
17104.174
4058.3975
4440.2223
17172.652
14695.211
-3374.0689
-297.20637
27326.866
23353.368
25776.641
38846.908
31682.75
28253.955
41001.423
5420.6285
-10075.502
25519.495
25072.434
36424.042
22425.847
25306.6
16881.237
-21517.649
-37075.043
-48712.87
-54684.271
-68314.928
-69562.755
-50405.177
-33090.643
-6745.1403
10669.787
24803.616
34106.18
38022.911
38813.426
27028.842
8796.0628
7427.0638
1271.0354
3265.5918
3648.2818
2461.9287
-4903.3155
-4564.832
10841.716
7253.2756
8458.0748
7422.4182
3743.1654
5087.1065
-1044.7319
3926.4986
7710.0428
4906.8391
1595.1673
6964.287
6574.8168
9145.8587
9627.1593
2167.4909
-1730.5392
-7863.9342
547.55707
216.11336
14561.536
3838.3619
5470.4337
14989.953
11123.115
7958.4508
12204.61
10594.168
3737.1756
-7755.9799
17794.91
3336.1856
8127.7147
22357.856
15673.291
910.60543
4839.8138
27037.839
24713.799
25727.169
39050.714
30092.804
28529.695
39226.732
2754.1039
-14238.767
26498.118
22429.823
35184.149
22196.072
25432.361
17663.463
-26911.003
-39763.868
-53814.652
-58437.376
-68235.2
-70468.615
-52625.997
-33416.148
-3859.8796
10765.598
27214.605
35480.059
33277.841
37327.204
28015.254
8608.9222
-2287.5885
2270.6597
3311.4651
3671.7762
2450.6276
-4998.8734
-4517.6203
10754.235
7160.8842
8357.9514
7152.8883
3758.1012
4945.0196
-1138.3082
3486.9577
7311.3534
4209.8525
1839.8387
6397.7768
6199.1691
8537.2332
8995.2381
2972.4092
-1884.5784
-6214.3949
935.1977
1272.1458
15625.156
4062.824
4855.7576
15061.809
10099.718
5206.8265
11847.75
9683.0976
3586.3053
-6609.2038
19179.769
3026.3438
6003.2613
24838.995
16576.824
3249.7569
8160.0777
25503.897
25595.542
25033.223
38975.764
25851.543
30404.14
43047.21
1760.9524
-20349.646
27476.12
21230.509
33919.154
20660.399
24384.24
12669.802
-33375.44
-41532.422
-54364.16
-61603.248
-69057.849
-69874.788
-55195.28
-33336.106
-3853.5706
8804.1894
28408.338
36211.124
30522.264
35285.778
27218.727
8090.39
-2377.0809
2102.06
3369.3972
3713.1927
2443.7162
-5112.1935
-4507.0719
10651.094
7064.1187
8250.5728
6942.1883
3798.5681
4801.6792
-1178.7878
3012.369
6824.2772
3474.9764
2167.6827
5701.2746
5701.5951
7710.1625
7970.8596
4124.0398
-2085.901
-3408.1036
2307.2437
3576.9762
16507.449
4102.6437
4600.0308
14985.676
9261.755
2720.5289
11331.841
9351.7845
1886.2024
-6604.8903
16860.949
1889.3088
9759.802
26719.159
16347.415
5370.8524
9585.9173
25342.704
26375.102
24863.786
38804.967
23601.424
32082.538
48359.727
3777.3464
-17799.362
27731.601
18656.576
33668.674
18891.425
22456.033
9854.6545
-37662.606
-41836.275
-54430.182
-61804.421
-69140.946
-69753.496
-58900.238
-33048.971
-6603.0136
6167.2174
28797.015
34572.251
28640.717
33354.762
25151.444
7066.6599
-2158.0346
2246.3713
3453.0186
3761.6975
2425.7943
-5247.1954
-4519.8577
10538.95
6954.411
8143.365
6761.1197
3866.9023
4646.762
-1193.445
2568.4996
6292.1038
2561.284
2329.5841
4842.0221
5195.041
6731.6505
6401.9765
5123.6164
-2054.3416
-628.61464
3714.516
5545.4535
16746.485
3886.4481
4590.0933
14940.121
7700.7254
678.82072
11574.753
9273.3124
-210.68576
-7644.3755
17864.953
1629.84
11107.65
26574.225
14866.519
7168.7965
10122.114
25623.482
27513.244
24693.662
38089.344
23314.984
33620.351
50915.437
7078.4234
-7024.8125
29300.254
18845.274
34456.301
17120.851
18854.491
13216.685
-35731.864
-40718.416
-58110.305
-65857.501
-70809.775
-71516.686
-66206.571
-37873.987
-10660.815
3731.1192
28899.213
31864.087
24940.07
33106.866
23023.231
6053.0097
-1760.8974
2333.398
3537.1503
3812.1177
2394.9226
-5403.7914
-4548.1007
10414.8
6826.0605
8027.5556
6576.3473
3952.8696
4483.8622
-1185.2147
2146.3575
5717.085
1538.3966
2426.7797
3801.1359
4652.2234
5680.7339
4562.4887
5655.7011
-2194.9759
1556.9523
5203.1979
6784.5455
15916.012
3659.9694
4652.0809
14976.289
5990.6247
-771.63518
12402.543
8632.1943
-1542.8242
-7872.968
17847.205
1648.5823
12068.493
21326.813
11561.171
8334.6123
10958.759
25234.702
28848.469
24527.58
36761.752
23270.124
35080.422
51785.197
10606.598
10932.923
30739.719
18276.66
33191.76
13671.791
14549.404
11846.696
-33021.451
-41044.533
-58184.206
-70671.372
-74912.423
-78345.879
-75411.571
-48620.839
-11771.889
9145.719
29743.128
32226.279
24399.774
31468.257
20485.452
4722.8435
-1344.5944
2480.4957
3625.4692
3860.3765
2349.6123
-5581.4041
-4588.6256
10274.196
6675.3992
7888.6682
6375.1213
4055.1703
4315.7396
-1114.8341
1765.3927
5049.7487
464.49205
2521.1267
2889.884
3954.309
4591.6659
2670.2307
5386.362
-2568.1592
3430.1514
6281.0059
7404.5591
15327.122
3879.5775
5355.0274
14727.611
4300.1251
-1873.4952
13652.828
7816.7482
-3113.0116
-8282.7313
18051.362
1716.5101
14418.637
25646.788
10304.677
8375.8811
11075.674
25329.592
29467.96
23996.93
35425.756
23569.25
35478.392
50801.656
14573.963
14114.789
30139.625
19911.238
32559.332
9617.5829
10132.317
7847.7448
-28995.283
-41364.436
-56789.974
-71037.023
-78174.46
-83633.461
-85502.218
-59969.651
-9707.929
13921.055
30449.204
32898.915
23736.166
29327.672
19766.07
3662.0398
-877.14695
2578.0458
3712.0982
3907.6533
2288.7787
-5781.1246
-4647.424
10111.238
6500.617
7735.4785
6140.4175
4135.8028
4139.0314
-984.09405
1451.6299
4294.1673
-487.51137
2822.7285
2310.3123
3427.2856
3708.7998
917.32727
4118.5812
-2864.9278
5408.9231
6396.2629
7716.7735
14917.386
4509.4827
6567.8893
14230.641
2874.7401
-2261.9913
14841.814
7486.8153
-4307.6369
-10084.188
18890.195
2179.8475
17875.485
28130.248
8653.9039
8243.4272
11443.265
25345.564
29747.003
23422.297
34542.463
23949.461
34986.019
47426.293
18959.899
17520.379
27712.912
23106.939
34326.529
6805.3977
5830.2519
3002.1859
-28963.549
-38666.781
-57185.94
-75890.572
-83296.673
-88909.333
-91925.499
-67068.758
-8733.4188
15851.387
30291.178
32742.843
23284.311
28665.244
19973.571
1988.7643
-421.63641
2755.4544
3800.2568
3948.0103
2214.2541
-6001.4022
-4733.1792
9924.0803
6302.5433
7568.2174
5892.1025
4190.1141
3946.0368
-840.4259
1250.8862
3534.0268
-1076.9526
3324.6884
2065.0613
3062.5589
3137.0322
-215.39029
2673.8616
-3348.4586
7288.6903
6713.6639
7962.4027
14202.463
5341.5715
7486.8768
13953.664
2120.0028
-2057.9671
15445.535
7309.7974
-5183.8164
-9584.3599
18614.49
3716.3468
19363.055
28245.394
7213.0646
8244.6471
12175.369
25239.549
29796.794
23119.816
33869.993
24218.545
33214.321
43236.662
20089.255
17612.854
23208.155
25542.069
35627.513
5125.3413
6041.0899
-2818.39
-34838.891
-40717.117
-57035.682
-79917.524
-87860.62
-95481.168
-96349.565
-70365.621
-9180.0052
19079.423
31867.616
31481.183
22473.8
27853.722
20453.21
2021.5561
76.078471
2833.4372
3897.7474
3984.8612
2122.5018
-6247.2287
-4853.9794
9718.6352
6086.2173
7390.8369
5674.581
4233.6345
3742.2577
-687.57695
1240.5078
2798.8201
-1273.5569
3917.1987
2222.1139
2911.5316
2679.8365
-693.80955
1639.1072
-3229.0052
8637.5923
7194.7907
8368.4817
13361.483
5725.2619
8305.0726
13935.48
1648.3791
-2001.0221
15531.868
6902.6802
-5362.9134
-11174.165
18589.139
5310.0046
19058.158
26561.084
5990.1318
7952.6182
12681.353
24350.856
29479.286
22897.146
33385.314
24251.342
32169.221
39124.149
17631.321
13619.146
24626.486
25776.026
36143.251
7646.5146
13053.934
-10253.672
-45922.891
-41728.161
-58407.438
-84590.786
-90823.9
-103086.2
-113157.32
-74849.83
-11298.908
18075.826
30676.961
30599.178
21250.904
26518.431
21237.661
4289.3417
539.31786
3058.1886
3935.5268
4012.3576
2018.7701
-6510.5337
-5010.3761
9502.147
5857.3152
7215.813
5552.1925
4289.4811
3618.653
-500.36659
1404.5496
2169.7946
-1114.2511
4535.4508
3038.9106
3128.7552
2413.6994
-292.53926
1214.5508
-1880.3622
9466.45
7450.7387
8461.5064
12728.708
5666.1534
8705.2425
14200.013
1940.4088
-2169.4749
14661.159
6632.3339
-2705.4362
-10251.094
18495.06
6921.7174
18518.558
22706.517
5228.0528
7431.9508
12892.132
23961.916
29107.736
22909.773
32572.693
24319.369
32642.449
37240.88
13881.741
17906.144
27956.142
26311.9
35606.207
10461.199
20511.3
-16317.314
-57439.553
-42681.336
-60073.22
-89742.889
-94798.472
-112031.64
-124147.08
-80340.896
-18083.594
15748.713
30119.112
29487.042
20383.824
26429.325
21610.15
4381.8483
1040.0416
3062.1648
4094.3484
4026.0234
1899.7442
-6786.3532
-5199.0228
9276.4216
5613.3745
7043.0426
5564.2134
4363.07
3698.1097
-211.71042
1719.209
1630.7893
-692.0147
5144.1115
4300.4799
3443.6488
2788.5915
1430.8199
1017.7535
200.28094
9952.8265
7499.7661
8485.627
12296.106
5650.2239
8791.3807
14040.462
3321.9801
-2197.4806
12802.661
7266.5917
-328.15264
-7081.0154
18094.882
7887.5963
17943.76
20064.754
5194.8503
7248.6275
12955.319
22131.547
28408.809
23007.192
31586.27
24555.925
32038.997
35747.288
13262.775
18985.992
28424.325
28094.094
34705.73
12406.606
24508.261
-17831.591
-66106.573
-43046.264
-63207.288
-93673.981
-97449.605
-118080.83
-132088.46
-85117.573
-22786.05
13745.225
30699.92
28155.809
16825.633
24734.129
22949.251
5416.6325
1476.046
3409.111
4057.8769
4035.444
1771.7787
-7059.9798
-5413.3273
9038.4628
5358.5842
6868.8012
5665.3688
4455.6186
4004.519
171.33726
2126.2152
1131.9058
-104.65902
5689.7053
5169.4259
3509.4994
3352.8377
3197.8313
990.86212
2350.2357
10046.846
7581.5569
8517.0372
11871.33
5868.3115
8733.8833
13582.056
4973.2806
-1993.4446
10379.61
8053.0053
1692.0948
-5880.2288
17613.628
7982.3212
17182.184
18660.567
6330.4771
8114.8624
13014.285
22634.435
27171.682
22812.17
30286.163
24348.543
29929.302
34975.558
13471.163
21642.334
29038.263
28977.203
34619.342
15149.807
27599.811
-17406.378
-72966.389
-42989.597
-68260.15
-99335.663
-99732.866
-123612.61
-137873.66
-87840.688
-25982.585
11405.622
30481.756
26724.918
13295.223
24123.545
22829.297
5945.7103
1975.1112
3237.39
4233.0375
4028.225
1639.4623
-7318.1356
-5637.3567
8773.2349
5096.424
6685.6629
5788.0567
4583.4563
4493.416
547.51272
2596.9108
698.81665
510.87308
6099.939
5385.8774
3211.1148
3472.6555
3889.0386
890.85816
4474.2899
9858.6923
7591.5533
8428.6681
11289.605
6230.2654
8748.368
13018.369
6587.7617
-1612.887
8191.2116
8664.0791
3214.6586
-2205.0422
16973.046
7895.6797
16502.055
17549.174
8576.5103
8634.8221
12151.055
22168.71
26303.199
22652.415
29628.94
24272.497
33082.734
35118.419
13361.385
22682.618
28242.845
29110.041
35348.011
19014.672
30035.266
-17412.432
-76862.087
-42877.241
-72979.294
-103312.25
-101623.2
-129274.79
-146132.44
-93950.083
-33670.895
4840.0242
27878.852
25100.243
10504.735
22645.736
23235.25
6354.029
2356.3118
3806.8131
4157.0958
4021.5502
1501.9007
-7556.3957
-5847.0693
8469.9827
4837.6774
6480.3836
5837.3281
4657.8452
5032.6729
937.43383
3133.4213
283.3189
986.05217
6440.4647
5298.0851
2852.4707
3119.0584
3478.0863
821.71868
5658.9793
9376.4515
7696.8459
8370.7172
10538.889
6643.6052
8800.7131
12342.043
8204.4598
-642.43877
6803.2468
9383.4696
4260.3654
2109.481
14838.144
8673.5894
15176.441
15031.247
9451.6241
9297.4666
12348.152
21449.955
25505.571
22694.311
29053.469
23926.16
31229.63
34786.56
15127.531
24397.466
27802.07
28848.799
35424.384
23530.464
31869.984
-19645.967
-79144.511
-43242.511
-79307.024
-107433.55
-103282.89
-134856.23
-152881.18
-99895.52
-36628.806
-1232.8802
31360.603
19926.204
6845.0343
21035.167
23134.968
6493.8204
2800.1313
3361.4317
4351.0663
3986.0522
1372.6038
-7719.8843
-6016.6222
8160.4066
4606.2598
6263.033
5752.6684
4489.0391
5375.6047
1351.9227
3677.714
-19.478668
1308.3849
6310.8925
4982.2199
2488.6805
2996.6712
3687.2883
1065.6004
6116.3706
9020.3265
7783.2619
8295.6506
9662.5428
7119.6667
8995.386
11804.036
9238.6573
1137.9807
6372.2557
10082.199
5514.0997
3278.4762
15835.059
9283.3484
15075.407
12701.464
9014.3226
9571.6896
12050.905
20826.818
24491.749
22518.229
28224.618
23308.099
30725.614
35104.222
16065.191
25818.907
27279.049
28639.203
35199.508
27452.134
32867.192
-22931.402
-80485.567
-43469.407
-86195.009
-112381.81
-104589.93
-140784.2
-153565.25
-99706.203
-32841.827
-706.08756
39110.032
14196.144
7055.1932
20178.562
21385.258
6455.1603
3116.7842
4170.3914
4200.4272
3938.0402
1241.3259
-7810.9503
-6103.107
7899.5018
4406.3016
6059.1549
5601.1781
4231.7476
5330.9491
1653.2282
4053.6328
-200.87223
1516.3329
6081.6787
4548.861
2437.2145
3914.6834
4313.8623
1533.415
5901.0426
8692.0868
7890.7576
8184.2766
8935.692
7650.8509
9167.7654
11409.192
9412.505
3382.4912
6738.0353
10544.628
7582.0286
4398.4087
14662.441
10086.648
15601.934
12001.467
7758.8506
9186.206
12598.568
20592.084
23871.678
22348.915
27339.829
22904.446
29705.255
33903.145
17175.901
26575.112
26665.874
29025.478
34922.955
30060.458
32732.539
-26843.786
-82247.558
-44296.899
-91295.498
-116041.89
-105150.82
-143941.22
-155539.62
-97051.553
-29929.768
-438.54871
41313.74
14515.229
7631.0609
20713.499
23399.052
5869.813
3493.2536
3416.4426
4379.6043
3852.0081
1126.0685
-7751.5375
-6036.4657
7665.8298
4238.8692
5887.5708
5370.6774
4235.6548
5330.619
1835.5584
4253.3985
-162.25811
1715.887
5759.0013
3905.9559
2566.782
5612.1907
4824.8446
2072.8309
5464.5773
8481.5342
7855.5098
8028.4792
8410.0732
8189.5898
9143.7899
11092.21
9226.7482
5815.2599
7798.2871
10049.757
7910.1768
4541.8663
12675.056
10741.388
16512.213
13550.64
7983.6901
9839.9353
12794.876
20573.947
23342.638
22292.257
26384.567
23068.188
28796.979
32441.715
17972.935
27136.42
25996.289
29406.112
34837.58
31143.609
32848.569
-27968.022
-82605.307
-46113.25
-95663.913
-117733.64
-105173.01
-144316.87
-155665.01
-94565.322
-30486.913
851.85323
34740.633
19759.92
7760.3572
19092.395
20388.312
1041.6617
3708.8964
4359.5252
4145.8161
3745.3906
1046.7621
-7475.4133
-5836.0625
7397.7179
4084.9172
5755.1913
5039.2057
4335.5808
5319.045
1929.7453
4282.4121
315.85336
1961.8873
5172.935
3101.6091
2535.2034
6478.1396
5167.2613
2650.3209
4864.0651
8146.736
7660.9867
7859.406
8305.6691
8713.8057
8967.4337
10981.305
8465.9304
8040.1772
9745.0282
10164.226
7912.6057
4020.2793
11612.597
11270.664
17236.065
14196.455
8130.263
10283.495
12615.165
20310.449
22719.58
22167.553
25747.293
23089.355
27621.101
30963.864
18478.15
27022.241
25530.03
29330.909
34400.274
31611.127
32640.973
-28092.947
-79858.993
-47699.645
-99035.081
-117460.15
-104102.69
-147300.01
-154933.14
-91154.054
-32331.68
7503.7969
25725.577
23121.793
7357.7691
17167.994
17694.284
-1230.0479
4046.8619
3420.7214
4327.9915
3594.6676
988.50373
-7001.9511
-5529.8024
7147.7565
3955.1559
5635.4883
4574.7152
4270.7796
5176.3427
1943.0169
4097.4489
781.72208
2216.7601
4443.4864
2428.4105
2561.864
6312.2618
5196.6059
3176.9625
4361.7699
7484.5878
7379.7515
7660.0859
8502.1884
9203.5463
8757.9187
10864.922
7629.6549
9235.8101
11072.314
9900.2731
8187.6532
3524.6697
10181.668
12675.717
17200.63
14286.208
7799.4415
9585.8226
12115.733
20122.739
22274.563
22010.187
25224.682
23045.255
26634.098
29717.565
18828.125
27086.991
25122.444
29037.97
33473.112
31860.957
32665.87
-29637.343
-77658.994
-48749.982
-100824.63
-115195.13
-99907.693
-143609.54
-150980.82
-86832.809
-29985.015
14248.184
24305.381
27654.102
2627.3735
14921.928
17368.87
-555.62179
4175.3141
4517.2117
4059.4186
3475.734
948.42448
-6229.668
-5001.4466
6935.268
3905.5255
5518.3613
4599.7605
4291.6917
5024.9264
1980.5595
3924.4751
696.73463
2400.5471
4380.1773
2648.069
2849.2002
6009.2455
5042.0957
3638.6558
4402.3827
6963.145
7098.266
7611.7348
8545.4119
9355.906
8581.2303
10629.618
6914.7465
9878.8581
12069.977
9934.9824
8452.4468
3387.7938
10445.159
13636.676
16580.793
13664.423
8107.6972
10086.567
12294.694
19214.85
21751.623
21716.429
24493.857
22627.813
25736.881
28768.344
19140.371
26857.78
24830.204
28822.653
32949.131
32016.309
32452.792
-30957.884
-74373.914
-50206.428
-100355.56
-110540.07
-94535.26
-133581.1
-136755.85
-79173.322
-23041.429
18358.34
26924.424
26908.838
-2499.9044
13978.306
16536.038
-368.51202
4383.878
3526.5506
4322.9359
3353.6247
1150.6907
-5191.7985
-4133.3003
6606.6088
3963.8779
5404.8486
4629.04
4408.1335
5008.1891
2119.2528
3930.4263
1141.0496
2738.3909
4354.6379
2790.7497
3237.8494
5785.1419
4818.0743
4070.5871
4748.9345
6544.1554
6950.0673
7749.6152
8360.5666
8970.6758
8483.7982
10416.06
6670.7688
10193.966
12120.57
9658.238
8904.6349
3972.2551
11474.899
13970.698
15817.729
13512.487
7897.1313
10947.21
14047.755
18540.677
20710.311
21347.053
23607.668
22319.812
25115.369
27554.34
19304.768
26579.844
24224.18
28529.224
32514.874
31725.979
31837.672
-30615.93
-68704.086
-51865.921
-98594.081
-104118.76
-88548.067
-125919.28
-123262.27
-70034.24
-17535.276
15750.236
25384.868
24124.914
-2151.0815
16815.45
20203.259
1811.5043
4464.4981
4496.0264
4055.0286
3224.5006
1450.1262
-3602.9727
-3220.2008
6134.7824
4025.7719
5229.914
4742.0458
4539.0955
4994.08
2329.312
3838.8849
2016.5334
3286.7102
3901.5872
2963.434
3423.177
5575.3799
4614.9363
4370.2779
5147.6815
6657.2375
6853.8426
7837.8199
7921.7698
8354.3916
8542.0736
10077.403
6674.2162
10575.667
11900.442
9372.6236
8871.6891
4582.6278
12476.057
13840.491
15052.535
13503.328
7707.3254
11646.609
14335.096
18141.675
20149.661
21083.796
22877.265
22098.491
24461.567
26394.724
19209.387
25602.433
23627.343
28209.718
31796.103
31379.014
31693.397
-28779.482
-62571.611
-52162.571
-95580.147
-96427.743
-82504.871
-116340.5
-110101.23
-62887.961
-13263.67
12443.603
23543.656
25166.753
3130.8644
19198.214
27280.427
4262.818
4335.858
3676.2315
4228.3929
3146.43
1851.4593
-2767.5265
-2048.1535
5972.6785
3838.9458
4946.8667
4924.7232
4680.5147
4948.2903
2441.3969
3711.9253
1962.2431
4158.0695
4205.0114
3254.0895
3540.465
5329.1163
4497.8883
4611.8028
5314.6651
6414.6064
6783.775
7521.5513
7937.9538
8270.381
8607.5763
9938.9052
6364.084
10572.698
11751.554
9203.8366
9074.1899
5211.9501
12245.466
13502.044
14577.577
13671.588
8665.7347
12281.353
14387.79
18162.635
19573.647
20710.222
22172.589
21639.668
23441.71
25449.974
19281.148
25103.021
23231.844
27661.368
30705.532
31048.142
30095.01
-24829.78
-56092.146
-52592.892
-92621.226
-88189.253
-76363.578
-105488.63
-93990.365
-53829.52
-9217.1115
11240.929
20933.395
22632.115
5806.4164
19691.803
27867.64
3133.8897
4476.5987
4337.39
3887.1961
3081.8548
2199.7035
-1709.4064
-959.22186
5467.8423
3296.416
4701.3977
5012.3406
4706.1956
4819.1839
2520.8556
3571.3084
1465.9001
4836.6026
4564.1085
3543.8413
3691.2695
5142.5166
4300.3554
4789.1182
5681.9409
6592.8934
6823.5636
7138.8946
8291.1108
8532.9551
8558.6203
9895.623
5937.3461
9568.4753
10519.525
8881.592
9235.9432
5876.3009
13283.522
13254.082
14117.974
13774.545
10266.123
13291.804
14372.913
17405.012
19247.259
20331.737
21488.492
21253.922
22721.875
24450.69
19177.905
24347.269
22767.24
26807.471
29772.12
30062.948
27585.906
-20589.612
-49296.047
-52854.994
-89324.142
-80390.166
-69837.384
-91530.117
-76387.627
-43436.617
-6416.6625
9985.9793
18759.773
20735.932
6276.6218
17758.705
20457.729
964.31717
4144.6017
3636.1868
4100.0658
3006.8932
2555.1566
-1090.7634
-242.35353
5125.0828
2862.6462
4582.6033
4884.6577
4689.9074
4718.1261
2577.3073
3457.3071
1546.4635
5040.4061
4550.8998
3540.5222
3840.6474
5064.8998
4141.4212
4980.6516
6544.6063
6930.9765
6904.5129
6969.7988
8402.7075
8630.7519
7948.7929
9606.7385
5295.7808
8975.6208
11355.662
8724.2354
9251.905
6493.9996
12398.245
12465.948
13789.733
13555.595
9957.3312
13330.578
14412.67
17440.441
18825.486
19825.631
20839.357
21001.559
22095.892
23381.854
18897.384
23583.318
22041.68
25813.544
28571.274
28499.881
24840.856
-19082.739
-43476.568
-53621.814
-85911.189
-72138.913
-62704.921
-73362.992
-56643.575
-34283.205
-5856.4494
8818.9421
16729.659
19195.29
6964.0425
16883.356
16605.988
751.02534
4360.2743
4128.9847
3803.2489
2857.0709
2596.3898
-277.07585
960.86928
4899.7289
2555.9459
4473.8301
4565.6046
4525.2764
4167.0363
2587.628
3127.246
2404.5742
5629.3511
4122.5089
3537.2451
3898.4033
4891.3708
4213.0281
5088.8745
6715.8882
6951.0694
7039.7407
6871.0047
8166.3199
8737.7928
7918.5277
9473.2135
6395.9884
8238.044
10248.231
8113.8795
9224.9003
6915.3039
12370.225
12292.68
13510.812
13433.084
10509.093
13601.316
14063.858
16126.176
18283.802
19425.363
20228.007
20621.345
21386.028
22519.817
18797.252
22731.973
21307.623
24664.415
26932.084
27231.51
20825.284
-19459.549
-39455.897
-55165.207
-83210.621
-64392.955
-58706.327
-64393.136
-44603.206
-27952.065
-5804.7977
7612.4431
14448.401
17046.99
7122.3696
15131.946
13434.05
508.79956
3797.5549
3455.6159
3898.5151
2697.6741
2864.9836
390.04159
1307.6424
4221.3384
3152.1411
4315.4075
4362.0941
4391.8992
3851.7131
2682.4946
3379.0486
2937.4753
5978.1898
4301.3168
3831.7499
4194.6145
4675.7857
4253.8415
5248.6021
6438.0673
6957.2093
7113.9247
6837.2505
7602.4631
8390.6627
8078.7413
9245.1137
7284.7206
9008.4361
9574.757
8115.9572
9234.7886
7250.3271
12163.722
12021.675
13221.281
13522.297
11170.43
13610.467
14272.537
16852.384
17846.863
18514.274
19603.204
19884.925
20474.294
21617.529
18199.658
21545.264
20560.835
23494.31
25475.405
25139.463
15778.097
-17514.951
-35151.842
-56911.576
-84065
-61613.609
-58784.785
-67340.218
-40052.359
-24825.569
-5750.5584
6211.5501
12584.095
15261.836
7065.3864
13877.509
11244.514
580.25027
4381.3188
3932.8677
3634.4158
2708.9006
2693.0033
843.36408
1819.1011
4510.3594
3554.0827
4230.8525
4109.4267
3833.6138
3878.2118
2911.4563
2901.825
3168.5836
5997.0977
4034.8118
4203.9074
4203.0787
4464.3069
3780.7037
5372.6404
6802.8393
6939.5858
7092.1145
6776.8057
7454.4509
8225.4331
7950.5214
8849.4503
7067.3673
9605.5027
8978.9123
8189.3072
9253.0525
7407.9076
12002.836
12091.341
13012.54
13289.119
11156.106
13574.527
13796.052
15468.672
17329.938
18522.347
19134.688
19862.156
20189.34
20733.805
18225.712
20669.81
19822.336
22036.665
23777.532
22273.954
10802.893
-15247.194
-31656.019
-58720.091
-84136.874
-59610.717
-55764.86
-70170.634
-36395.665
-22206.696
-5656.3201
5072.6467
10898.189
13563.18
6813.3376
12491.973
9340.5042
703.42569
3723.6696
3221.1883
3624.4726
2692.0117
2822.2359
1129.724
2113.9866
3506.7837
3717.5924
4226.277
3840.12
4033.8241
3888.0286
2809.4992
3813.6894
3565.5364
5258.269
4156.6237
4164.5335
4628.5322
3583.9969
2517.3907
4604.3137
6587.9099
6562.4652
7059.1149
6669.0779
7680.984
8079.0862
7562.8776
8437.633
7918.163
9554.9769
8597.1735
8981.8296
9719.9665
7929.3804
12240.394
11698.029
12744.664
12959.971
11412.669
13583.961
13748.802
16081.061
16799.825
17456.701
18816.627
19034.202
18935.056
19759.867
17218.046
20048.651
18898.822
20585.326
21625.133
19368.307
6934.295
-14052.968
-30626.284
-58214.722
-78738.71
-52908.348
-48962.966
-52318.019
-30696.546
-19582.069
-5475.1229
4036.2733
9306.2555
11904.096
6499.166
11152.406
7766.0998
725.20037
4070.382
3748.5618
3461.5752
2287.2702
2702.274
1922.5084
2364.7452
3726.797
3379.98
4107.4816
3654.0263
3322.3778
3171.9802
2866.4186
2333.4009
3338.1313
5234.5351
3797.3844
4218.751
4314.3924
2783.7951
2222.3029
5177.6618
6181.5063
6750.4931
6485.815
6124.4166
7686.6491
8066.761
7520.3184
8629.6034
8073.959
9236.6222
9216.6412
9425.5465
9445.8898
8262.2052
12146.807
11559.392
12507.149
12477.203
11546.825
13173.485
13571.503
14997.228
16368.991
17598.668
17959.603
18752.643
18516.598
18960.361
17358.625
18575.417
17907.283
19151.025
19047.853
16710.561
4778.8825
-10130.119
-31094.374
-57332.775
-74605.652
-47320.106
-43661.031
-43098.121
-27446.226
-17305.562
-5364.8834
3149.5469
7998.359
10377.582
6107.2141
9927.3017
6456.4017
766.22032
3504.4181
3128.3783
3400.8298
2554.9373
2102.4215
1713.646
2272.6308
2755.5345
3264.0923
3635.4843
3355.3124
4030.9962
2232.588
3177.005
4866.1507
3187.13
4458.0913
4531.1711
3688.5209
4309.8329
4066.7019
2776.3994
6109.9293
6429.1992
6080.5278
6480.6825
6076.4347
7605.4194
8596.2125
7686.8774
8988.2863
7114.6069
7683.5175
9272.3578
9498.5206
9373.1226
7941.0695
11544.38
11158.118
12230.373
12355.966
11438.283
13121.639
13556.314
15195.444
15855.738
16366.832
17788.486
18083.879
17478.294
18084.232
16212.258
18111.514
17089.427
17464.439
17177.34
14763.475
2632.6459
-8140.2224
-31352.484
-54533.685
-68604.784
-43703.514
-40576.598
-39976.074
-24335.885
-15425.069
-5317.9648
2364.2944
6772.1418
8979.9175
5692.848
8758.0798
5385.5277
753.80049
3760.3099
3478.7635
3348.1057
2775.2182
3070.1599
591.33589
1783.49
1861.1066
2840.3706
2831.2799
3948.0253
3646.5398
2827.0829
2135.3176
3120.0434
3411.0824
5028.371
3661.4857
3167.0958
3938.879
4783.4482
4041.1521
5601.724
6404.2608
6495.1486
6098.7823
5885.1297
7571.047
8280.5128
7665.6125
8594.9102
6924.3643
7217.7877
9092.7643
9153.3726
9292.1463
8271.3533
11248.651
10924.899
12002.833
12031.288
11769.223
12714.192
13226.612
14391.789
15537.159
16562.594
17001.926
17539.666
16736.392
17605.733
16567.974
16384.082
15637.752
15987.464
15176.426
11949.602
2737.3455
-7252.6422
-33193.347
-47926.251
-55775.652
-39726.778
-36387.836
-35778.13
-21586.814
-13971.005
-5257.7921
1690.1233
5723.7556
7680.8968
5266.9144
7687.9267
4510.6237
715.8162
3309.8513
2976.3472
3304.7557
2332.7689
3206.7155
1351.2672
1583.096
2302.6119
2634.4757
2304.1959
2221.9042
3299.1815
3656.3531
2772.0008
3544.8027
2803.1042
3964.6906
4194.4168
3527.7209
5253.4427
5146.0235
3811.0457
6274.0374
6299.294
5758.5354
5904.652
5832.9426
7752.9699
7913.6457
7514.1201
7702.3043
6752.0492
7866.0667
8801.439
9304.0723
9304.1278
8538.9327
11032.127
10659.289
11821.777
11735.148
11271.821
12598.555
13276.684
14173.279
14953.723
15270.268
16767.381
16940.196
16074.705
16813.625
15232.202
16445.193
14851.396
14577.492
14063.933
8971.5958
2726.3001
-6527.1552
-33094.683
-44427.45
-47965.553
-36254.974
-31886.27
-31137.129
-19597.767
-12707.459
-5191.4911
1099.8261
4756.6072
6535.4423
4844.3117
6700.0065
3787.4161
661.7647
3453.118
3195.4746
3235.4425
2600.2811
3156.2507
1807.3724
1326.305
891.02373
1787.3906
970.39764
3779.6152
2453.8434
2251.6217
2565.0515
2880.0997
2482.8557
4414.9
4413.1621
2880.2302
2348.301
5210.6715
4748.4737
5688.8492
6205.7632
6090.5111
5945.743
5618.6913
7414.8942
8499.1377
7630.2567
6331.2361
7818.5341
8579.3541
8587.8453
9465.2314
9359.1863
8603.0728
10652.926
10358.599
11442.522
11421.991
11641.315
12308.391
12863.953
13750.649
14678.561
15488.542
15907.97
15686.321
15038.93
16132.127
15358.437
14536.942
13398.505
12919.694
12072.555
6449.6094
1102.3987
-12338.16
-30052.333
-42237.481
-41557.269
-31856.721
-27661.558
-27785.233
-17771.634
-11575.646
-5108.9269
592.78831
3900.3893
5512.913
4432.1481
5799.0272
3185.2115
599.21543
3094.4862
2801.96
3086.2289
2235.3364
3123.2507
803.8274
675.06378
-150.65473
1597.3907
-564.56687
-2358.9607
2052.2877
2812.4363
1743.9463
3268.6011
3397.0356
3267.0963
4315.428
1793.0398
5557.0313
4919.7224
3474.4626
6148.888
5832.8373
5725.9731
6461.2751
6845.2198
6451.5051
7604.3449
6721.51
7402.0407
7668.1243
6916.866
8206.4004
9498.4817
8844.5224
8276.3824
10547.537
10182.779
11352.338
11147.372
11233.712
11957.409
12673.142
13236.709
14041.761
14186.413
15646.137
15340.437
15118.393
15822.733
14273.878
14073.112
12196.85
11598.644
10502.593
4477.1436
664.75535
-16258.645
-27453.213
-39775.218
-35720.56
-29242.619
-25340.27
-24506.383
-16236.638
-10574.342
-5019.8096
155.13574
3133.2262
4618.5078
4026.7365
4982.0118
2680.5496
532.41425
3174.1144
2959.489
3035.6155
2481.8521
2908.2877
1651.168
1113.6067
562.32023
297.89676
-1226.5054
1778.5392
2702.8821
3077.4241
4443.2094
4493.3406
1802.2536
4052.1037
4136.7284
2993.5724
3575.3084
3827.1676
3763.3709
5956.5474
5808.1515
6565.0794
6051.9134
6003.3511
6823.3579
8148.4819
6937.3824
6930.1829
8495.743
6650.5028
7886.7693
9467.0753
8712.2037
8556.9507
10386.781
9831.8018
10801.543
10865.565
11240.032
11795.449
12380.673
13044.118
13728.95
14346.917
14581.027
13837.994
14232.228
15264.317
13734.441
13156.387
11152.079
10549.537
9699.2082
3014.6132
-2398.0512
-18649.971
-27432.183
-37851.268
-31278.161
-26262.11
-22678.964
-21929.414
-14864.986
-9701.1744
-4919.2104
-221.19716
2456.7425
3842.6853
3622.589
4248.3757
2255.1526
464.45914
2877.2199
2642.2294
2856.4527
2188.1271
2755.4503
1294.8852
636.73351
1783.9503
-2016.7787
-1825.9494
4610.8908
1694.8923
2816.2435
1952.0659
4649.8872
1934.0571
2710.0051
3826.4065
2971.9014
6351.4304
5681.3303
4439.9857
6229.199
5329.7076
4972.5448
6522.1624
6927.9964
6365.6538
7009.3928
6191.2171
6816.9307
7901.2566
6678.6212
7183.1612
8943.0786
8366.9174
8690.3331
10140.557
9810.0533
10748.385
10556.271
11005.797
11331.202
12030.194
12336.082
13136.502
13206.049
14172.536
14235.174
14310.667
13736.723
13416.282
12403.798
9171.3766
8660.2388
7528.3874
1950.6271
-3249.1108
-20044.914
-26995.816
-32590.752
-26232.409
-23249.661
-20322.202
-19551.887
-13644.513
-8937.1406
-4808.6952
-543.48128
1862.262
3177.0181
3216.8976
3597.4777
1894.3528
397.5982
2919.0905
2757.1487
2816.4812
2411.766
2594.3628
1882.8631
1168.0977
1081.5193
-4742.4423
-1782.0618
6377.7251
-935.10941
2986.3756
3823.8564
3210.3952
957.24855
3247.1995
3941.3314
3422.4836
3158.5149
3938.5916
4048.2009
5359.0409
5842.4696
5306.1491
5370.571
6449.3787
6493.4253
7331.0325
6285.4551
6130.2414
7906.5806
7037.3982
6848.442
9164.5911
8369.9601
8631.0152
9747.5425
9341.6728
10209.096
10315.271
10751.513
11162.707
11735.028
12246.466
12729.031
13154.851
13366.669
12638.804
13044.465
14067.585
12647.915
11833.723
8485.7065
7798.6284
7498.0108
2113.0857
-2990.9409
-17225.432
-22915.793
-25934.166
-23127.719
-20946.911
-18406.294
-17484.499
-12549.866
-8261.3198
-4682.3116
-817.64763
1349.0174
2604.3943
2814.1533
3027.7057
1586.8882
333.36878
2672.5222
2509.0808
2642.0499
2190.641
2462.1637
1694.1465
1051.7491
1373.3243
-231.12381
-1200.8625
5217.4398
2860.3423
440.7556
2295.9456
6730.5846
-649.07876
1213.206
5304.3272
4537.5638
5353.0017
5494.2909
4429.2699
5924.7445
5552.8714
5427.1759
5994.2762
6472.093
7043.4759
6232.8793
4370.7833
6249.776
7861.5731
6497.3755
7280.1473
8272.4256
7990.673
8571.2471
9475.6036
9410.7819
10074.249
9995.1836
10509.527
10712.378
11327.876
11511.003
12198.588
12301.404
12745.541
13224.25
12957.266
12566.386
12446.622
10923.388
6829.1669
6521.0673
6278.2323
1921.5383
-5289.4742
-12631.988
-16414.796
-20059.128
-19924.919
-18644.524
-16579.017
-15655.056
-11552.662
-7661.0967
-4549.2813
-1049.6849
903.34166
2107.7414
2421.9287
2534.208
1323.6275
272.82834
2696.843
2590.1416
2626.0132
2357.2597
2410.8516
2161.7737
1739.0137
2548.6068
2782.9231
4829.3503
2811.3596
-3170.059
-791.00912
5992.5551
4897.8844
1319.0663
609.6321
3980.0747
3312.0379
3473.9103
4098.8034
4438.3957
4796.7521
4981.7105
5180.438
5686.5006
5858.7864
6095.4324
6459.9359
3920.7987
6879.756
7982.9828
5536.0768
7294.6849
8950.307
8459.4729
8409.6947
9181.7482
8937.2156
9653.5971
9726.4572
10182.489
10453.958
10973.093
11331.489
11715.321
11949.444
12156.964
11673.647
11714.444
12554.843
10267.009
10888.63
6555.5796
4831.731
4751.103
1477.0068
-8064.9764
-11968.023
-14596.239
-17280.687
-17429.019
-16651.889
-14973.574
-14040.985
-10642.18
-7122.4301
-4406.8104
-1244.358
519.83435
1675.2798
2048.1836
2108.6246
1097.3643
216.6239
2489.6765
2395.0567
2451.9575
2207.365
2326.0659
1999.5256
1851.4741
2234.3049
1986.7361
1857.9055
2337.1913
2921.4715
-2876.866
-313.99083
4206.0953
2391.5282
3982.5698
4539.4325
4534.0437
4650.218
5203.5198
4383.3446
5691.6852
5129.2463
5221.0561
5903.0551
6189.8206
6814.1773
7342.8792
5330.0818
3898.8244
4556.0997
5425.2783
7615.9257
7613.3444
7659.7559
8046.6785
8768.5152
8881.4932
9361.5415
9421.2241
9878.6028
10066.392
10561.046
10718.899
11205.131
11331.918
11522.546
11976.729
11624.311
11100.791
11443.76
11000.013
3405.1383
3674.8146
5979.2794
1844.5779
-8655.393
-11280.091
-11654.903
-14892.713
-15203.034
-14843.163
-13524.084
-12618.731
-9799.6936
-6635.4614
-4257.2166
-1405.8517
192.44909
1296.9419
1699.8784
1741.45
902.81155
164.98169
2516.7103
2451.3561
2474.055
2313.4658
2340.8026
2165.2465
2010.6896
1969.4301
1439.9375
749.54828
1.5669122
2561.53
-1173.094
-1879.0238
4521.8787
2842.0163
1843.9242
3816.6941
2942.5559
3738.8234
3432.8122
4419.8209
4140.901
5038.001
4590.8671
5216.9742
5199.2827
5590.6592
4838.271
6019.8866
6040.4827
3019.6376
6324.2148
8699.2822
8111.4662
8285.7595
8037.5056
8568.2852
8477.4007
8955.9232
9069.6298
9464.8934
9664.6558
10077.504
10308.031
10603.023
10711.893
10824.677
10468.698
10097.462
11254.149
8464.1165
11181.026
2665.5696
520.15892
3211.4427
-257.53247
-6265.7881
-8856.1633
-9012.3561
-11194.263
-12555.527
-12714.297
-11782.546
-10919.58
-8723.6759
-6018.1979
-4032.4267
-1580.0635
-194.887
822.97092
1239.3623
1276.5512
651.77563
92.895659
2321.2305
2286.9486
2278.6891
2211.6701
2226.2154
2224.5811
2062.9106
3127.2342
2133.9446
2181.941
3704.9412
3498.7869
1266.2346
3991.7993
4442.2202
2517.5007
4088.5824
3688.4928
4420.9877
4039.3834
4878.392
4109.79
5248.3483
4915.6398
5183.3194
5534.1826
5793.9189
6112.2091
6704.0917
5942.7794
6705.1655
5187.5425
5246.1016
6727.2022
6750.7026
7117.6069
7427.1741
7943.6126
8141.5739
8508.695
8664.4642
8999.9146
9180.9209
9516.2504
9679.3707
9920.269
9990.0332
10033.778
10034.776
9763.945
9059.1998
9265.7955
6263.5546
3492.7673
4257.4088
4321.7016
586.3146
-4145.6782
-6571.4762
-6609.579
-8633.981
-10377.723
-10703.13
-10033.012
-9237.0271
-7567.0003
-5359.838
-3740.0482
-1719.6578
-543.83607
350.85093
756.59282
818.01845
402.93913
16.575874
2362.2631
2324.5556
2350.0033
2270.5218
2314.3045
2247.4129
2129.1436
2425.5475
1224.8384
1056.951
2030.2182
1891.4511
1450.7464
1182.191
3318.4768
2773.7169
2812.0849
3613.6198
2961.9522
3916.4464
3245.762
4347.6299
3806.0397
4764.3385
4262.038
4866.8122
4746.5342
5102.6732
4744.947
5284.3916
5218.671
5000.415
6545.5157
7060.327
7209.5796
7455.7289
7404.9947
7710.6112
7814.2046
8092.0605
8271.0902
8540.6638
8716.0458
8976.1124
9115.7852
9279.4557
9313.2043
9295.9526
9154.9179
8649.9798
9017.787
6704.1398
7891.1178
4283.599
1790.1367
974.40789
-823.89118
-3354.0282
-5588.487
-5698.9907
-7399.9506
-8671.3073
-9087.9933
-8592.6804
-7885.4531
-6590.8931
-4799.808
-3456.2465
-1800.8193
-788.21087
-6.1077076
380.98704
473.86812
216.47832
-42.17467
2187.9929
2173.4099
2151.4763
2136.819
2119.3506
2126.7355
2070.6342
2228.1161
1713.2107
2382.1951
2996.5373
2915.8619
1906.1924
3076.6308
3556.1397
2701.3508
3749.0335
3181.6429
4110.7347
3520.8437
4514.842
3820.7362
4800.9684
4504.8568
4901.4217
5045.5686
5258.7589
5488.4259
5915.4353
5591.1771
6011.2168
5495.3896
5568.2905
6391.7067
6281.3145
6668.6595
6911.1013
7248.1443
7458.4888
7692.8622
7880.4438
8098.1062
8263.3356
8459.6007
8572.6147
8675.9356
8676.1944
8608.0722
8421.6977
8030.4113
7553.3723
6950.3696
5208.7522
3527.1558
3376.6218
2471.0491
-160.26898
-2616.406
-4604.2917
-4890.8647
-6522.8868
-7366.6974
-7789.0953
-7396.1584
-6789.6802
-5763.1326
-4313.7832
-3182.4161
-1832.3081
-953.45683
-272.04408
93.898003
215.32295
75.741096
-86.064659
2238.9608
2218.4024
2249.8842
2224.752
2279.8075
2276.4139
2246.0229
2547.8483
1936.042
2401.4839
2254.5224
2137.1934
2251.5409
2311.4153
2954.2742
2892.5585
2896.4318
3452.9288
2951.7824
3793.6582
3176.4934
4124.311
3612.2019
4390.4295
4053.1598
4559.3695
4488.1377
4752.3472
4678.767
4926.3099
5122.4964
5075.1469
5949.2611
6157.9938
6423.8649
6653.2256
6738.8963
6948.2949
7123.8605
7319.6959
7495.9014
7674.7559
7823.2014
7968.7491
8055.9849
8110.0203
8079.8214
7971.6781
7752.2752
7342.0518
7080.9894
5776.7507
5782.5421
3721.2032
2124.4417
840.89526
-519.94334
-2257.3061
-3904.4861
-4323.1913
-5707.8151
-6307.6952
-6705.0047
-6394.8141
-5884.8651
-5057.1089
-3887.0881
-2923.2108
-1825.4838
-1058.7138
-464.39116
-120.11191
23.317543
-29.236326
-117.60256
2066.004
2047.5272
2022.9045
2007.9895
1975.5377
1981.9278
1916.7832
1940.8954
1757.1066
2215.0819
2213.3031
2393.5747
2079.6857
2497.1863
2849.9726
2591.3839
3351.0788
2855.8882
3773.0273
3192.6703
4107.0859
3571.9527
4344.035
4143.1409
4484.3955
4577.2592
4743.0762
4936.5306
5219.5984
5152.0724
5450.8595
5306.9618
5488.4308
5855.9419
5926.5412
6197.5396
6399.0452
6610.8391
6788.1785
6961.7792
7120.733
7270.5495
7396.6972
7504.0303
7564.2567
7580.5756
7522.2394
7384.0622
7138.1484
6746.9383
6312.5931
5458.0323
4458.2262
3263.1948
2453.0232
1362.4243
-355.64846
-1873.9115
-3302.0677
-3806.0611
-4989.4008
-5436.4292
-5793.1262
-5551.6687
-5127.3068
-4451.006
-3507.7831
-2681.794
-1788.5522
-1118.9885
-598.9266
-275.95391
-117.15272
-106.96173
-139.01533
2134.049
2129.51
2164.9596
2140.9697
2212.6573
2213.4381
2251.8624
2413.388
2227.7379
2509.6194
2376.693
2406.9138
2491.2618
2582.4655
2773.882
2890.5223
2843.7904
3258.5444
2926.7095
3560.5951
3139.8919
3824.0591
3501.6064
4027.3753
3902.0073
4263.4334
4301.6193
4482.7339
4544.6789
4689.0891
4862.1716
4962.5047
5355.5599
5588.7613
5769.1298
5967.52
6125.5301
6302.1737
6464.2264
6617.8215
6757.8337
6883.4557
6986.668
7063.936
7098.5036
7085.0953
7002.8637
6842.412
6581.3532
6196.7506
5746.9224
4944.7489
4350.3348
3078.1972
2064.1843
936.29711
-312.38663
-1588.8833
-2802.3312
-3351.2774
-4343.9906
-4707.2717
-5016.2677
-4836.1445
-4485.5646
-3928.166
-3167.1233
-2459.9176
-1728.0851
-1144.9355
-688.10283
-386.05224
-217.64316
-163.529
-152.34713
1942.3979
1936.14
1914.5289
1909.019
1876.6124
1875.5454
1832.1461
1847.5112
1789.0849
2010.9273
1999.2659
2136.378
2095.2751
2279.6209
2550.5099
2464.1011
2988.39
2680.3773
3381.6902
2994.5285
3669.3154
3370.8759
3879.4894
3836.5363
4040.1317
4156.5822
4278.603
4442.5797
4624.2457
4699.685
4915.9109
4945.0866
5149.2846
5344.6504
5506.6016
5686.7531
5845.6365
6003.9394
6150.7768
6286.6065
6408.126
6512.7586
6594.3416
6646.8501
6658.7048
6621.4952
6520.0995
6343.6153
6074.4897
5697.4499
5230.7944
4530.1657
3822.8724
2825.2716
1923.1845
891.17084
-232.80614
-1339.3488
-2376.4509
-2943.5397
-3772.2932
-4090.1762
-4351.1875
-4224.1041
-3935.9994
-3476.0807
-2858.9333
-2257.4179
-1651.0242
-1144.7601
-741.96424
-460.5054
-287.3531
-203.31692
-159.39637
2010.6515
2003.5303
2037.4321
2027.1925
2094.8158
2103.6626
2173.5519
2246.0924
2241.615
2386.7036
2359.781
2401.476
2469.4819
2540.976
2636.7444
2759.6598
2774.6168
3020.3684
2888.2924
3271.3863
3101.2145
3493.7091
3407.8743
3693.0332
3744.6599
3959.2246
4076.6258
4216.5569
4332.4082
4451.339
4594.1658
4721.4792
4933.2591
5109.0705
5267.4423
5427.1825
5574.9369
5716.9277
5848.4443
5967.8363
6072.1225
6158.1039
6220.0988
6251.8481
6244.2902
6188.1365
6071.7436
5884.522
5612.3965
5244.0004
4781.0497
4151.1827
3485.5411
2605.4008
1767.8957
823.197
-157.82072
-1123.8128
-2012.4047
-2578.3787
-3268.206
-3562.275
-3779.7088
-3696.9384
-3462.2466
-3083.0411
-2580.1327
-2071.2446
-1563.4824
-1124.8417
-768.601
-507.41021
-333.46391
-229.80028
-161.67269
1859.3495
1851.7439
1839.2849
1830.7675
1812.695
1807.6207
1789.1731
1797.4905
1792.6956
1890.0382
1915.4623
2011.5042
2058.2728
2163.4483
2377.6527
2350.3752
2687.5914
2577.0214
3005.2226
2864.1563
3251.2625
3197.8788
3455.5013
3544.2104
3664.9776
3801.6083
3921.5217
4051.4661
4178.3676
4297.7234
4444.2164
4558.1812
4728.6082
4885.0611
5032.7064
5176.9137
5312.4505
5440.0948
5557.1449
5661.3334
5749.8612
5819.1594
5863.9556
5878.2212
5854.2108
5783.3407
5655.7403
5461.8853
5190.6239
4832.8732
4383.809
3811.7513
3177.9245
2398.5476
1642.9071
783.87823
-85.648507
-934.30338
-1700.9609
-2251.1842
-2827.0547
-3106.3508
-3287.9413
-3240.3901
-3051.5717
-2739.6914
-2328.3386
-1898.6714
-1470.3437
-1090.3362
-774.60382
-533.16278
-361.53738
-245.75247
-160.40253
1866.9431
1864.2066
1886.7172
1890.6492
1941.653
1961.2677
2025.9807
2076.6381
2126.4968
2206.565
2235.1509
2280.1862
2336.834
2396.8549
2469.5931
2556.3646
2617.1731
2758.9889
2802.1558
2970.8949
3015.0463
3174.0798
3264.6375
3399.858
3514.9073
3645.3096
3764.8541
3887.03
4007.4479
4126.8336
4256.0913
4378.3074
4526.9691
4668.781
4804.6862
4935.5149
5058.6734
5173.1331
5276.7307
5367.0078
5441.1637
5495.603
5525.4677
5525.0227
5487.4815
5405.2523
5269.7939
5072.7834
4805.3509
4460.1197
4031.2336
3506.434
2914.3642
2222.6283
1523.2741
754.1863
-18.707729
-766.9013
-1435.477
-1957.2405
-2442.8749
-2708.9213
-2864.6096
-2843.4226
-2693.8778
-2438.2908
-2100.7199
-1738.3445
-1375.1138
-1045.4513
-765.21005
-542.79741
-375.87238
-253.46185
-156.55276
1782.4367
1776.5897
1770.4063
1765.3087
1759.552
1757.6303
1755.1662
1765.5626
1781.0651
1829.521
1873.7465
1943.1227
2009.5165
2100.377
2243.0525
2283.6403
2488.5253
2496.7953
2703.8781
2742.9476
2916.5949
3014.6243
3141.5982
3262.0764
3376.5438
3496.0399
3611.4691
3727.3807
3842.7041
3958.4664
4078.7304
4198.5595
4330.3518
4459.2229
4583.449
4702.1937
4813.5019
4915.778
5006.9442
5084.548
5145.7695
5187.0898
5204.0995
5191.3844
5142.9332
5052.1226
4911.6562
4714.3543
4453.0616
4121.9082
3716.1993
3232.2327
2684.1095
2063.4372
1419.4459
731.05484
42.173675
-619.77487
-1210.3188
-1691.9016
-2109.1852
-2360.3005
-2499.6103
-2497.2835
-2381.022
-2172.5358
-1894.8015
-1589.3337
-1280.1174
-993.65144
-744.58747
-540.29106
-379.81035
-254.81687
-150.86696
1733.3685
1731.9458
1739.5271
1750.5288
1780.8803
1808.1288
1856.9901
1904.2206
1957.8137
2016.1463
2061.6876
2107.916
2157.8139
2211.636
2273.4232
2340.5797
2419.368
2509.335
2602.6582
2703.2133
2804.0031
2908.085
3017.7429
3129.6564
3239.5749
3351.3706
3461.5809
3571.6927
3681.6309
3792.1954
3905.0563
4019.1146
4138.3097
4255.7176
4368.9652
4476.58
4576.7884
4667.8226
4747.6032
4813.6905
4863.3694
4893.2146
4899.1711
4876.3364
4819.3375
4722.3596
4579.2566
4383.9194
4130.5106
3814.5946
3433.1171
2985.9337
2481.1736
1918.1064
1329.9049
712.10333
96.732918
-491.11954
-1016.6907
-1455.3026
-1819.808
-2054.3486
-2183.2732
-2194.7792
-2106.3804
-1937.2751
-1708.3852
-1450.9325
-1186.9391
-937.59424
-716.01321
-528.80026
-375.96337
-251.3559
-143.92301
1678.5827
1677.2781
1680.7231
1685.7747
1692.3291
1699.6565
1709.566
1726.1915
1749.6938
1786.3555
1831.2455
1888.4309
1954.0497
2032.5787
2126.4881
2203.6364
2315.5726
2389.6137
2498.2759
2588.0752
2692.0634
2792.4769
2895.9779
3000.8676
3105.3372
3210.5704
3315.2231
3419.6798
3524.0624
3628.9317
3734.9774
3842.0295
3950.8641
4057.9213
4160.9851
4258.3461
4348.2914
4428.9849
4498.376
4554.1185
4593.5648
4613.4306
4610.0113
4578.9231
4515.3638
4414.3297
4270.4961
4078.8182
3834.6414
3534.6783
3177.3031
2764.0832
2301.3148
1785.5301
1251.0176
695.73482
144.88142
-379.07093
-848.88749
-1246.0467
-1568.6471
-1786.136
-1907.7232
-1929.7755
-1864.5327
-1728.3151
-1539.5781
-1322.5558
-1096.6657
-879.30072
-682.01729
-510.81577
-366.39271
-244.32236
-136.16115
1623.6004
1622.3347
1625.3743
1631.916
1644.5903
1665.0743
1700.3499
1743.5522
1792.2043
1842.0048
1887.7892
1932.4071
1978.0613
2026.1282
2081.2141
2146.165
2228.8242
2307.6949
2400.0426
2489.0288
2583.8959
2679.2261
2776.5633
2875.1588
2973.9688
3073.1954
3172.2182
3271.0957
3369.8783
3468.835
3568.3034
3668.0753
3767.9328
3865.6751
3959.3445
4047.2714
4127.7655
4199.0194
4258.9791
4305.4393
4335.8584
4347.1462
4335.9083
4298.2142
4229.8202
4126.4285
3983.4639
3796.7723
3562.7684
3279.0511
2945.0648
2563.4289
2142.3914
1662.5344
1180.4524
680.67319
186.4982
-282.0913
-703.39895
-1062.1487
-1350.6378
-1551.555
-1667.2563
-1697.3622
-1651.1865
-1542.311
-1386.7023
-1203.7127
-1010.0515
-820.29565
-644.54793
-488.28728
-352.70664
-234.72125
-127.92674
1540.5372
1539.2799
1542.0805
1548.7783
1559.6266
1573.6769
1588.8153
1605.3926
1625.827
1654.5695
1693.9836
1745.1907
1806.4832
1876.0396
1949.4327
2021.7886
2097.8136
2174.3004
2255.7839
2338.5014
2424.1742
2511.4365
2600.1812
2689.9681
2780.326
2871.0285
2961.6763
3052.2233
3142.6095
3232.6946
3322.4899
3411.5568
3499.2964
3584.2875
3664.979
3739.8586
3807.3084
3865.6042
3912.782
3946.7877
3965.3024
3965.6144
3944.6853
3899.1965
3825.8358
3721.0671
3581.43
3403.8558
3186.0362
2926.7611
2626.497
2287.8357
1915.2789
1504.9149
1085.6767
658.81049
239.41752
-156.79579
-514.24867
-820.74008
-1066.9351
-1244.405
-1352.1115
-1391.03
-1367.8565
-1292.784
-1178.3026
-1038.3652
-885.90271
-732.0853
-585.12447
-449.79005
-327.77405
-217.57822
-115.21369
1429.6717
1428.5122
1431.159
1437.5732
1447.7824
1461.7386
1479.7591
1503.1216
1532.6559
1567.3423
1605.6938
1647.5961
1693.9111
1745.8806
1803.6042
1865.5014
1931.1315
1999.3387
2070.5972
2143.9839
2219.5139
2296.6498
2375.0979
2454.4891
2534.4339
2614.69
2694.8796
2774.8235
2854.3152
2933.1081
3010.9017
3087.196
3161.2514
3231.9933
3298.2075
3358.5605
3411.5974
3455.759
3489.3864
3510.5836
3517.2691
3507.2327
3477.9687
3426.9332
3351.5491
3249.2134
3117.5308
2954.6081
2759.1933
2531.0387
2271.1762
1981.9172
1666.1011
1327.5295
979.56367
629.28532
287.134
-35.488477
-327.31144
-579.03759
-783.26262
-935.045
-1032.7051
-1077.2726
-1073.5143
-1028.6471
-951.58743
-852.09833
-739.50113
-621.72972
-505.05915
-393.50313
-288.98732
-191.3005
-98.472118
1318.3425
1317.2787
1319.8014
1325.8744
1335.5418
1348.8882
1366.1169
1387.5807
1413.4514
1443.5509
1477.7274
1515.99
1558.3721
1604.9597
1655.5841
1709.7883
1767.1707
1827.2248
1889.7853
1954.413
2020.8563
2088.7697
2157.8227
2227.7038
2298.0839
2368.6731
2439.151
2509.2076
2578.5718
2646.932
2713.8507
2778.8104
2841.0621
2899.7175
2953.7588
3002.0145
3043.2426
3076.087
3098.9771
3110.3565
3108.5036
3091.5045
3057.4549
3004.3329
2930.1939
2833.1276
2711.5657
2564.3948
2391.0634
2191.9073
1968.2819
1722.8417
1453.6104
1173.0307
884.93805
596.61941
316.13374
52.008374
-187.5416
-395.48865
-566.16958
-696.34436
-784.5607
-831.45526
-840.28367
-816.19794
-765.5158
-695.17554
-611.91017
-521.62286
-429.11489
-337.70808
-249.38084
-164.668
-82.809053
1206.8524
1205.8891
1208.2391
1213.887
1222.8687
1235.2439
1251.1326
1270.6619
1293.8871
1320.7698
1351.2692
1385.3217
1422.9127
1463.9783
1508.3692
1555.7934
1605.9805
1658.5785
1713.3537
1769.9799
1828.1779
1887.7057
1948.1874
2009.3506
2070.9362
2132.5908
2194.0431
2254.9802
2315.0812
2373.9226
2431.0981
2486.0444
2538.1176
2586.5524
2630.407
2668.6921
2700.3092
2724.086
2738.7492
2742.935
2735.1848
2713.9399
2677.7181
2625.0132
2554.3133
2464.3013
2353.9837
2222.7144
2070.4282
1897.6903
1705.8015
1496.7414
1271.2264
1036.7563
797.67406
559.58636
328.68768
111.40982
-86.162044
-258.65662
-402.01817
-513.78073
-592.7126
-639.27261
-655.65879
-645.43816
-613.13385
-563.79079
-502.26791
-433.02046
-359.8016
-285.35933
-211.56348
-139.33392
-68.62956
1095.3312
1094.4564
1096.6
1101.7522
1109.9287
1121.1671
1135.5153
1153.0284
1173.7174
1197.5712
1224.5546
1254.6226
1287.7046
1323.7184
1362.516
1403.8895
1447.6328
1493.4874
1541.2262
1590.575
1641.2856
1693.1264
1745.771
1798.992
1852.5303
1906.0365
1959.2517
2011.8324
2063.4453
2113.7309
2162.2186
2208.4214
2251.7086
2291.4091
2326.7436
2356.8476
2380.7669
2397.4785
2405.9497
2405.0168
2393.456
2370.0788
2333.7101
2283.1664
2217.3872
2135.4757
2036.7802
1921.0461
1788.434
1639.6164
1475.8049
1298.334
1109.5321
913.8669
715.4235
518.53459
327.99216
148.70104
-14.745541
-158.29465
-278.93777
-374.728
-444.72659
-489.1304
-509.44741
-508.24764
-488.69362
-454.42152
-409.07994
-356.04717
-298.23305
-237.94635
-176.89375
-116.16692
-56.128079
984.02929
983.23146
985.14951
989.76399
997.07448
1007.1035
1019.8612
1035.3664
1053.6115
1074.583
1098.2472
1124.5532
1153.4247
1184.7725
1218.4736
1254.3628
1292.2643
1331.9877
1373.307
1416.0181
1459.8984
1504.7106
1550.2121
1596.1659
1642.3045
1688.3658
1734.024
1779.0188
1823.0171
1865.6272
1906.438
1944.985
1980.7312
2013.061
2041.3027
2064.7242
2082.5217
2093.818
2097.7452
2093.3628
2079.6857
2055.7687
2020.6961
1973.5703
1913.64
1840.2978
1753.1939
1652.2715
1537.8403
1410.655
1272.0164
1121.0887
963.57717
800.86618
636.40161
473.68166
316.45892
168.45743
33.221201
-86.271666
-187.68156
-269.48514
-330.86172
-371.95371
-393.77839
-398.10613
-387.24376
-363.84455
-330.5904
-290.05552
-244.56291
-196.03731
-145.97986
-95.53849
-45.282814
873.22731
872.50552
874.18072
878.24055
884.67001
893.47483
904.65258
918.19724
934.09683
952.32965
972.86393
995.63574
1020.5884
1047.6277
1076.6438
1107.5117
1140.0724
1174.1802
1209.6452
1246.2846
1283.9045
1322.2906
1361.2469
1400.5329
1439.9153
1479.1584
1517.9718
1556.0995
1593.229
1628.9908
1663.0264
1694.911
1724.1717
1750.2721
1772.6395
1790.6552
1803.6343
1810.8551
1811.6017
1805.1075
1790.5834
1767.2919
1734.5206
1691.639
1638.079
1573.4646
1497.6174
1410.6056
1312.7916
1204.861
1087.7836
961.81603
830.4683
695.59173
559.71851
425.60486
296.17945
174.30935
62.649398
-36.516421
-121.36779
-190.72635
-243.91955
-280.97957
-302.60876
-310.0137
-304.87212
-289.17139
-264.90159
-234.02959
-198.40193
-159.6071
-118.95924
-77.523922
-35.999808
763.20073
762.55633
763.99475
767.50245
773.05952
780.65999
790.29318
801.94829
815.60617
831.24201
848.81892
868.28153
889.57154
912.61272
937.29854
963.53917
991.19725
1020.1396
1050.2247
1081.2795
1113.1488
1145.6351
1178.5757
1211.7579
1244.9752
1277.9893
1310.5751
1342.4911
1373.434
1403.0965
1431.1509
1457.231
1480.919
1501.7591
1519.2704
1532.9336
1542.1672
1546.4073
1545.0514
1537.4751
1523.0777
1501.2759
1471.5285
1433.3726
1386.4236
1330.4477
1265.375
1191.3446
1108.7152
1018.1001
920.2084
815.89834
707.32656
596.30185
484.78199
374.93577
268.99545
169.20991
77.567261
-4.1485332
-74.572575
-132.76529
-178.15978
-210.73368
-230.97207
-239.73679
-238.24395
-227.90671
-210.26386
-186.84615
-159.10141
-128.30934
-95.629325
-62.007524
-28.150068
654.26115
653.69051
654.90498
657.8663
662.5715
669.00586
677.15241
686.99912
698.52202
711.69362
726.47753
742.82889
760.692
780.00058
800.67761
822.62549
845.74641
869.92041
895.02976
920.92853
947.48462
974.55007
1001.9513
1029.516
1057.0732
1084.4111
1111.33
1137.5997
1162.982
1187.2028
1209.9789
1230.9844
1249.8782
1266.2713
1279.7703
1289.9397
1296.3121
1298.4273
1295.8032
1287.9495
1274.3925
1254.688
1228.4357
1195.2925
1155.0047
1107.4365
1052.5924
990.6379
921.92309
846.99007
766.09054
680.74636
592.13205
501.80403
411.28484
322.25998
236.46905
155.60706
81.209791
14.657861
-43.020543
-91.087448
-129.08182
-156.95576
-175.02343
-183.90488
-184.4922
-177.81934
-165.04607
-147.35569
-125.88115
-101.67275
-75.686013
-48.774376
-21.574565
546.69654
546.21627
547.20564
549.65254
553.53537
558.84652
565.56437
573.67754
583.16528
594.00036
606.14901
619.56821
634.21841
650.03331
666.95729
684.90584
703.79766
723.54171
744.03085
765.15166
786.79092
808.8241
831.10788
853.49525
875.83584
897.96285
919.70078
940.86146
961.21894
980.56137
998.65049
1015.2097
1029.9576
1042.5841
1052.7607
1060.1322
1064.3445
1065.0145
1061.7677
1054.2263
1042.029
1024.8392
1002.3658
974.35997
940.66072
901.19759
856.01356
805.28284
749.34165
688.69589
622.92709
554.39637
483.44109
411.23647
339.04572
268.13905
199.85219
135.47602
76.191504
22.996692
-23.311803
-62.10639
-93.075939
-116.15136
-131.54156
-139.68634
-141.22488
-136.93024
-127.67328
-114.37665
-97.902132
-79.09761
-58.739131
-37.565964
-16.117492
440.80278
440.40885
441.18886
443.13681
446.22857
450.45939
455.81437
462.27583
469.82403
478.43548
488.08404
498.73669
510.35143
522.88735
536.28371
550.48367
565.41759
581.01678
597.19386
613.86083
630.91632
648.26473
665.79703
683.38833
700.9075
718.22967
735.20432
751.68065
767.48632
782.43912
796.33631
808.97138
820.113
829.52103
836.92874
842.06128
844.64613
844.39374
841.01264
834.21913
823.74175
809.33597
790.79155
767.93944
740.67847
708.98021
672.90171
632.60522
588.35834
540.52173
489.07588
435.42418
380.12426
323.99018
267.98162
213.05728
160.2111
110.39842
64.500698
23.269208
-12.698587
-42.953997
-67.239953
-85.49795
-97.860952
-104.66389
-106.36332
-103.5173
-96.774015
-86.832435
-74.351225
-59.994892
-44.388841
-28.112093
-11.633916
336.88184
336.56938
337.15565
338.61957
340.95676
344.15708
348.19891
353.07821
358.77602
365.27425
372.54799
380.57189
389.31575
398.74633
408.81875
419.48875
430.7041
442.40351
454.53191
467.0156
479.77873
492.74766
505.8348
518.94747
531.99088
544.86003
557.43
569.59493
581.2232
592.17537
602.29412
611.42163
619.38123
625.99369
631.06227
634.38443
635.74528
634.94417
631.77067
626.02047
617.49537
606.02453
591.46711
573.71408
552.70451
528.43449
500.96264
470.42192
437.02768
401.0399
362.58977
322.51676
281.34123
239.67744
198.17918
157.56706
118.56656
81.846553
48.022753
17.649363
-8.8303562
-31.123378
-49.041694
-62.550979
-71.715285
-76.769628
-78.047115
-75.970475
-71.010695
-63.653939
-54.406598
-43.759927
-32.184043
-20.131874
-7.9776847
235.77369
235.53337
235.92621
236.9222
238.51635
240.70268
243.47769
246.82321
250.73152
255.18927
260.18042
265.68832
271.68319
278.13685
285.0324
292.33238
299.9963
307.99057
316.26647
324.77094
333.4593
342.27289
351.15393
360.03819
368.84786
377.51481
385.96398
394.10243
401.8392
409.07352
415.71061
421.63196
426.72108
430.84466
433.87503
435.6761
436.10734
435.02141
432.27703
427.74239
421.29437
412.8231
402.23946
389.47751
374.50937
357.34492
338.03305
316.67407
293.43227
268.48883
241.97868
214.42436
186.20625
157.75267
129.5102
101.95706
75.57053
50.806518
28.071121
7.7171009
-9.9678611
-24.772408
-36.579533
-45.382758
-51.236617
-54.293435
-54.78528
-53.002749
-49.273702
-43.93094
-37.331676
-29.818723
-21.72251
-13.367007
-5.0198424
135.04043
134.83752
135.04638
135.58685
136.47551
137.70261
139.26075
141.14207
143.33947
145.84345
148.6468
151.73488
155.09484
158.71644
162.57554
166.65824
170.94011
175.3957
179.99857
184.72453
189.539
194.4069
199.29469
204.16365
208.97394
213.68085
218.23737
222.59413
226.69882
230.49279
233.91434
236.90204
239.38383
241.29202
242.54665
243.07122
242.78621
241.612
239.47265
236.2924
232.01308
226.57716
219.93351
212.06427
202.95198
192.6065
181.07686
168.43373
154.76222
140.1955
124.84855
108.99572
92.861856
76.691357
60.759308
45.327604
30.664014
17.023908
4.6399697
-6.2885813
-15.617091
-23.249946
-29.135078
-33.251765
-35.674344
-36.507441
-35.897143
-34.014629
-31.065275
-27.264385
-22.816619
-17.941315
-12.838643
-7.6950138
-2.6862931
38.764986
38.594709
38.62849
38.729239
38.939281
39.239973
39.629151
40.104143
40.662179
41.300522
42.015604
42.803666
43.65971
44.577804
45.552877
46.577647
47.644452
48.745337
49.87088
51.011081
52.154836
53.292218
54.411589
55.49907
56.541989
57.526212
58.437638
59.260563
59.978333
60.574727
61.03117
61.329115
61.447329
61.367223
61.065584
60.524622
59.720724
58.635149
57.248936
55.546906
53.511051
51.133956
48.411091
45.343004
41.939331
38.220144
34.204143
29.928734
25.441159
20.785495
16.014439
11.21345
6.4737325
1.8741679
-2.5002443
-6.5652466
-10.238142
-13.452412
-16.145994
-18.275694
-19.816247
-20.746858
-21.084849
-20.858236
-20.10991
-18.898704
-17.299015
-15.397249
-13.276606
-11.026646
-8.7365147
-6.4882308
-4.3595086
-2.418709
-0.72478932
)
;

boundaryField
{
    axis
    {
        type            empty;
    }
    inlet
    {
        type            calculated;
        value           nonuniform List<scalar> 
30
(
-19241.795
-19462.593
-20098.699
-20558.258
-21044.297
-21936.8
-23209
-24304.872
-24860.285
-25035.741
-24958.905
-24704.938
-24313.57
-23783.585
-23248.294
-22721.548
-22136.099
-21503.394
-20939.496
-20490.227
-20089.431
-19636.136
-19112.381
-18850.511
-19578.474
-21214.36
-20463.719
-11305.878
5335.3634
7427.0638
)
;
    }
    walls
    {
        type            calculated;
        value           nonuniform List<scalar> 
70
(
-2287.5885
-2377.0809
-2158.0346
-1760.8974
-1344.5944
-877.14695
-421.63641
76.078471
539.31786
1040.0416
1476.046
1975.1112
2356.3118
2800.1313
3116.7842
3493.2536
3708.8964
4046.8619
4175.3141
4383.878
4464.4981
4335.858
4476.5987
4144.6017
4360.2743
3797.5549
4381.3188
3723.6696
4070.382
3504.4181
3760.3099
3309.8513
3453.118
3094.4862
3174.1144
2877.2199
2919.0905
2672.5222
2696.843
2489.6765
2516.7103
2321.2305
2362.2631
2187.9929
2238.9608
2066.004
2134.049
1942.3979
2010.6515
1859.3495
1866.9431
1782.4367
1733.3685
1678.5827
1623.6004
1540.5372
1429.6717
1318.3425
1206.8524
1095.3312
984.02929
873.22731
763.20073
654.26115
546.69654
440.80278
336.88184
235.77369
135.04043
38.764986
)
;
    }
    atmosphere
    {
        type            calculated;
        value           nonuniform List<scalar> 
175
(
-6.2731611
-6.6005777
-6.6646555
-6.7566636
-6.8761649
-7.0239714
-7.1996768
-7.4037324
-7.6360476
-7.8969381
-8.1867305
-8.5058679
-8.8546402
-9.2344911
-9.645409
-10.089256
-10.566555
-11.078786
-11.626899
-12.212572
-12.836546
-13.499741
-14.203397
-14.94749
-15.732859
-16.559011
-17.425789
-18.332014
-19.27721
-20.259058
-21.275072
-22.323903
-23.400144
-24.5026
-25.623667
-26.760307
-27.904095
-29.048847
-30.185274
-31.303351
-32.391589
-33.438401
-34.426918
-35.344564
-36.171407
-36.890436
-37.482123
-37.928077
-38.207214
-38.302395
-38.193416
-37.86641
-37.31042
-36.515531
-35.480746
-34.205504
-32.699785
-30.974679
-29.050759
-26.953186
-24.711942
-22.361221
-19.938666
-17.488252
-15.051901
-12.673809
-10.397589
-8.2647345
-6.3142659
-4.5806433
-3.0949815
-1.8815926
-0.96012241
-0.34326217
-0.037093945
-68.13833
-55.15332
-44.229076
-35.087303
-27.476372
-21.182725
-16.011907
-11.803419
-8.4163422
-5.7355905
-3.6629911
-2.1166525
-1.0329604
-0.35316873
-0.034755795
-307.16612
-274.32265
-247.15775
-224.05663
-203.89652
-185.95924
-169.74854
-154.97642
-141.41588
-128.93658
-117.41986
-106.79331
-96.980407
-87.93045
-79.585527
0
0
0
0
0
0
0
0
0
0
0
0
0
0
-3305.5326
-4392.0997
0
0
0
0
0
0
0
0
-939.60701
-2083.7922
-1792.5214
-1458.7271
-1205.2919
-1012.148
-860.87529
-742.38991
-648.86905
-574.46132
-514.75176
-466.23768
-426.23055
-392.75229
-364.30894
-339.89209
0
0
0
0
0
0
0
0
0
0
0
0
0
0
0
0
0
0
0
0
0
0
0
0
0
0
0
0
0
0
)
;
    }
    front
    {
        type            wedge;
    }
    back
    {
        type            wedge;
    }
}


// ************************************************************************* //
