/*--------------------------------*- C++ -*----------------------------------*\
| =========                 |                                                 |
| \\      /  F ield         | OpenFOAM: The Open Source CFD Toolbox           |
|  \\    /   O peration     | Version:  2.3.0                                 |
|   \\  /    A nd           | Web:      www.OpenFOAM.org                      |
|    \\/     M anipulation  |                                                 |
\*---------------------------------------------------------------------------*/
FoamFile
{
    version     2.0;
    format      ascii;
    class       volScalarField;
    location    "4e-06";
    object      k;
}
// * * * * * * * * * * * * * * * * * * * * * * * * * * * * * * * * * * * * * //

dimensions      [0 2 -2 0 0 0 0];

internalField   nonuniform List<scalar> 
7500
(
1.0012103e-05
1.00504e-05
1.0147164e-05
1.0295475e-05
1.0591992e-05
1.0794611e-05
1.1172531e-05
1.1627518e-05
1.1739421e-05
1.2043255e-05
1.2483719e-05
1.3455e-05
1.4362356e-05
1.5279995e-05
1.7125776e-05
2.0046068e-05
2.3015852e-05
2.4693449e-05
2.8663008e-05
3.0832016e-05
3.2879072e-05
3.3366511e-05
3.4660475e-05
3.8434549e-05
4.4475449e-05
4.7195044e-05
5.011313e-05
5.5862764e-05
7.3312825e-05
0.00011582505
0.00013893184
0.00014934318
0.00016351132
0.00020509027
0.000377104
0.0011557952
0.0045902339
0.019779821
0.095280761
0.53442627
2.7520253
3.5062362
1.3593837
0.21391263
0.024511874
0.0023928087
0.00031175055
7.1191467e-05
2.2285122e-05
7.9848851e-06
3.1134084e-06
1.297593e-06
5.7212397e-07
2.6486292e-07
1.2797355e-07
6.4207989e-08
3.3307884e-08
1.7796947e-08
9.7620361e-09
5.4807559e-09
3.1412333e-09
1.8335476e-09
1.0877186e-09
6.5464261e-10
3.9916817e-10
2.4637052e-10
1.5389895e-10
9.7384232e-11
6.2577243e-11
4.102846e-11
2.766499e-11
1.942079e-11
1.4408995e-11
1.1703213e-11
1.0250177e-11
1.0090533e-05
1.0484652e-05
1.0766875e-05
1.0970686e-05
1.1349769e-05
1.1568868e-05
1.2236052e-05
1.2530037e-05
1.2818075e-05
1.3226483e-05
1.3811799e-05
1.4958253e-05
1.5599381e-05
1.6642334e-05
1.7785297e-05
1.9918248e-05
2.2558116e-05
2.3935566e-05
2.5701216e-05
2.8260466e-05
3.0820095e-05
3.3274784e-05
3.6140863e-05
4.3454552e-05
5.5828509e-05
6.3197857e-05
6.8956909e-05
7.8126945e-05
0.00010306906
0.00016997185
0.00021491543
0.00023748545
0.00026318731
0.00033482939
0.00058861033
0.0015593265
0.0052635401
0.018475992
0.06735876
0.25981273
1.2792311
2.6563481
1.7325173
0.31179017
0.033393991
0.0028327821
0.00031747958
6.8470926e-05
2.1356944e-05
7.6776081e-06
3.0037037e-06
1.2558035e-06
5.5533479e-07
2.5780844e-07
1.2489339e-07
6.2818353e-08
3.2663221e-08
1.7490884e-08
9.6139683e-09
5.4080947e-09
3.1052257e-09
1.8156209e-09
1.0788033e-09
6.5024637e-10
3.9703974e-10
2.4537442e-10
1.5346066e-10
9.7214096e-11
6.2530721e-11
4.1034848e-11
2.769092e-11
1.9452031e-11
1.4437317e-11
1.1746276e-11
1.0267658e-11
1.0241618e-05
1.1724366e-05
1.3001652e-05
1.4349587e-05
1.4836616e-05
1.5567939e-05
1.7538424e-05
1.8241393e-05
1.8737806e-05
1.9608432e-05
2.1227034e-05
2.407843e-05
2.5920756e-05
2.7686236e-05
3.0691561e-05
3.5439756e-05
4.1582419e-05
4.9099283e-05
5.4940691e-05
6.5829708e-05
7.5237825e-05
8.367605e-05
9.7788746e-05
0.0001270997
0.00018956011
0.00022630425
0.0002497521
0.00028591745
0.00038732982
0.00063055534
0.00078445501
0.00086184196
0.00093003149
0.0010960593
0.0016378653
0.0036471337
0.011208118
0.037823148
0.12311802
0.37388546
1.0935498
1.8076697
1.5110527
0.32804817
0.036641127
0.0031859185
0.00036919117
8.1745965e-05
2.5761366e-05
9.3044591e-06
3.6505323e-06
1.5291504e-06
6.770928e-07
3.145961e-07
1.5247033e-07
7.6693522e-08
3.986496e-08
2.1331687e-08
1.1711049e-08
6.5763238e-09
3.7670449e-09
2.1956775e-09
1.2993251e-09
7.7910071e-10
4.7259502e-10
2.8966236e-10
1.7930084e-10
1.1214613e-10
7.1024022e-11
4.5751679e-11
3.0218598e-11
2.0735102e-11
1.5030803e-11
1.2003515e-11
1.03292e-11
1.0040266e-05
1.1559885e-05
1.7646829e-05
1.8845198e-05
2.0319635e-05
2.1880119e-05
2.4905011e-05
2.585147e-05
2.9794008e-05
3.4643619e-05
3.9289752e-05
4.5000588e-05
5.0189894e-05
6.1389586e-05
6.5184185e-05
7.2730329e-05
9.1385309e-05
0.00011269367
0.00013994487
0.00015844048
0.00020477323
0.00024910041
0.00029770469
0.00037531232
0.00059005169
0.00073923674
0.00080603031
0.00091085061
0.0011819639
0.0018859907
0.0024221886
0.0027158551
0.0028827431
0.0032379613
0.0043894333
0.0083786923
0.02235116
0.070970914
0.22917464
0.64131565
1.2217153
1.6447655
1.4347121
0.36461292
0.039594378
0.0034533895
0.0004167972
9.5214267e-05
3.0282933e-05
1.0972693e-05
4.3127615e-06
1.8087587e-06
8.0160812e-07
3.726798e-07
1.8068867e-07
9.0899216e-08
4.7242512e-08
2.5268354e-08
1.3861399e-08
7.7745622e-09
4.445917e-09
2.5854584e-09
1.5253797e-09
9.1107599e-10
5.4988194e-10
3.3488648e-10
2.0562847e-10
1.2731963e-10
7.9630604e-11
5.0521029e-11
3.2775257e-11
2.204292e-11
1.565284e-11
1.2297804e-11
1.0413762e-11
1.0189443e-05
1.0725606e-05
1.3107159e-05
1.6591107e-05
2.5789787e-05
4.6436518e-05
4.5804895e-05
4.9719817e-05
6.0579291e-05
6.6963702e-05
7.5250753e-05
9.7289016e-05
0.00010842031
0.0001243456
0.00014845896
0.0001638168
0.00020859758
0.00029624182
0.0003523879
0.00041663474
0.00049837888
0.00072570548
0.00089298299
0.001072112
0.0015337601
0.0019679884
0.0021495176
0.002442674
0.0032108114
0.005261566
0.0068765956
0.0076502601
0.007952241
0.0086097579
0.010662763
0.018446725
0.04619113
0.13736288
0.43529456
1.2672497
1.9992318
2.442206
2.0285698
0.44906466
0.046436382
0.0039266131
0.00047835961
0.0001117285
3.5879556e-05
1.3055285e-05
5.1442099e-06
2.1612931e-06
9.5911775e-07
4.4635074e-07
2.1655736e-07
1.0898794e-07
5.6649716e-08
3.0293337e-08
1.6608248e-08
9.3058341e-09
5.3135574e-09
3.0834994e-09
1.8140396e-09
1.0794245e-09
6.4831877e-10
3.9236712e-10
2.3900219e-10
1.464912e-10
9.0464026e-11
5.6501286e-11
3.5972056e-11
2.3679956e-11
1.6441437e-11
1.2684772e-11
1.0532669e-11
1.0110315e-05
1.1515017e-05
1.6382368e-05
1.8856002e-05
2.7761886e-05
4.8943774e-05
6.6110968e-05
8.7382289e-05
0.00010729431
0.00011644671
0.00013996083
0.00019330348
0.00022723792
0.00025578489
0.00028124451
0.00034760701
0.00047805068
0.00072019972
0.00092895327
0.0010369135
0.001216065
0.0017217405
0.00252239
0.0029541932
0.0038535205
0.0048809505
0.0054599376
0.0064809898
0.0094619341
0.016264132
0.020471327
0.022097048
0.022048239
0.022467981
0.025481285
0.037926284
0.083084559
0.22604192
0.63448551
1.9270615
4.3671436
5.8034207
3.242002
0.47613258
0.045423252
0.0038820436
0.00051695304
0.00012753611
4.155998e-05
1.5206725e-05
6.0137147e-06
2.533918e-06
1.1272511e-06
5.257232e-07
2.555439e-07
1.2881502e-07
6.7044308e-08
3.5888773e-08
1.9689664e-08
1.1035851e-08
6.3004831e-09
3.6536817e-09
2.1465337e-09
1.2744467e-09
7.629536e-10
4.596258e-10
2.7821807e-10
1.6910147e-10
1.0328174e-10
6.3599355e-11
3.9782495e-11
2.5647353e-11
1.7407698e-11
1.3180564e-11
1.0694349e-11
1.0188276e-05
1.3585148e-05
1.9314563e-05
2.1919146e-05
2.9615566e-05
4.770771e-05
5.8848304e-05
7.7873633e-05
0.00013889255
0.00017320458
0.00022716756
0.00031697077
0.00037864617
0.00043538512
0.00051882469
0.00068309902
0.0011603073
0.0018465649
0.0021482846
0.0025702773
0.0030491679
0.0045766454
0.0077858885
0.009043988
0.010732062
0.012771732
0.015019621
0.01946936
0.033417718
0.055839971
0.066906617
0.06903205
0.065861038
0.064667883
0.068420871
0.088312031
0.16830122
0.41533492
1.0178745
2.5020528
5.9030189
6.8468619
2.8216581
0.38779191
0.037010087
0.0034719732
0.00053372088
0.00014054323
4.6513281e-05
1.7118721e-05
6.7959301e-06
2.8723949e-06
1.2812421e-06
5.9894894e-07
2.917451e-07
1.4733338e-07
7.6804303e-08
4.1168013e-08
2.2609812e-08
1.268198e-08
7.2430516e-09
4.2000986e-09
2.4661665e-09
1.4624608e-09
8.7375714e-10
5.2479267e-10
3.1630104e-10
1.9111052e-10
1.1579467e-10
7.0559066e-11
4.3548888e-11
2.762469e-11
1.8415343e-11
1.3736132e-11
1.0892571e-11
1.0298216e-05
1.1354851e-05
1.3779502e-05
2.0113102e-05
3.219872e-05
6.1599143e-05
0.00013233498
0.00024108955
0.00026386021
0.00029320358
0.00036702412
0.00066855408
0.00094092209
0.0010675104
0.0012537887
0.0017682705
0.0033374715
0.0055146294
0.006285484
0.0071521222
0.0089710635
0.014260522
0.025465805
0.030501317
0.034746253
0.039722713
0.049202667
0.070311565
0.13165763
0.19342236
0.22381595
0.22746903
0.2115303
0.20368339
0.2104947
0.23722116
0.34402121
0.7504865
1.8059047
3.4644635
5.491441
5.5207451
1.8349635
0.24871793
0.025703902
0.0028976098
0.00053801657
0.00015107097
5.0739298e-05
1.878662e-05
7.4887068e-06
3.1757791e-06
1.4206614e-06
6.6582423e-07
3.250604e-07
1.6449176e-07
8.5902933e-08
4.6116833e-08
2.5361067e-08
1.4240137e-08
8.1391073e-09
4.7216505e-09
2.7724157e-09
1.6432557e-09
9.8068066e-10
5.8789781e-10
3.5331376e-10
2.1258855e-10
1.2806775e-10
7.7434399e-11
4.7312544e-11
2.964139e-11
1.9483301e-11
1.4364372e-11
1.1131272e-11
1.0620662e-05
1.4857604e-05
2.5187719e-05
5.7315701e-05
6.989421e-05
9.3181432e-05
0.00019966702
0.00035339888
0.00044181555
0.00061982062
0.00092459602
0.001721059
0.0023801396
0.0027875046
0.0034091439
0.0051106786
0.0106259
0.016920061
0.020087539
0.023105753
0.029728175
0.052870626
0.088856488
0.11193621
0.12286686
0.13830157
0.17341285
0.27252967
0.48414575
0.63546448
0.69829171
0.70790783
0.66225604
0.6446708
0.67434445
0.73185467
0.84556524
1.2468035
3.1615863
5.4153138
6.4115456
4.8363809
1.1866856
0.16774515
0.019046324
0.0025597731
0.00054476859
0.00015967111
5.4283613e-05
2.0220122e-05
8.0949008e-06
3.4450301e-06
1.5458601e-06
7.2648633e-07
3.5554663e-07
1.8031498e-07
9.4351653e-08
5.0740852e-08
2.7946381e-08
1.5711994e-08
8.9896705e-09
5.219006e-09
3.0657454e-09
1.8171679e-09
1.0839747e-09
6.491306e-10
3.8939996e-10
2.3364411e-10
1.4018192e-10
8.4284308e-11
5.1115082e-11
3.1725419e-11
2.0629522e-11
1.5077205e-11
1.141459e-11
1.115873e-05
1.9150221e-05
8.8519918e-05
0.00015346691
0.00018776845
0.00024916556
0.00041860697
0.00095888478
0.0011891816
0.001326614
0.0016918859
0.0031756394
0.0059541514
0.0075576627
0.009967325
0.016144075
0.03697759
0.05844838
0.067013112
0.0796539
0.10628555
0.19789734
0.3176894
0.37032654
0.41541388
0.4552595
0.55693758
0.94984587
1.5059147
1.7926162
1.92193
1.9441244
1.8535321
1.8437243
2.0590374
2.161344
2.2001376
2.4693476
3.6619055
9.0725049
10.439978
5.0343241
0.98017331
0.13201026
0.015728837
0.0023782554
0.00055139526
0.00016644299
5.7191623e-05
2.143189e-05
8.6183791e-06
3.6814465e-06
1.657305e-06
7.8111154e-07
3.8327282e-07
1.9483085e-07
1.0216191e-07
5.5044882e-08
3.0367833e-08
1.7098497e-08
9.7952137e-09
5.6924375e-09
3.3463404e-09
1.9843394e-09
1.1837559e-09
7.0858899e-10
4.2464146e-10
2.5434427e-10
1.5219072e-10
9.1150232e-11
5.4987402e-11
3.3899224e-11
2.1870102e-11
1.5885921e-11
1.1746249e-11
1.2334231e-05
6.5555506e-05
0.00016641912
0.00021946376
0.00026514953
0.00042510509
0.00082893773
0.001982787
0.0029589249
0.0033795238
0.0044844308
0.0082651402
0.018113822
0.023922519
0.03262046
0.059572012
0.14610074
0.20887074
0.23584221
0.27989827
0.38355356
0.7305619
1.0538456
1.163855
1.2692231
1.3518498
1.5939088
2.6535174
3.9605847
4.3678994
4.598179
4.7657468
4.6115864
4.6655168
5.3824394
5.4814289
4.9625051
4.6987787
5.505045
9.1309721
9.306986
3.6682935
0.7009556
0.099021949
0.012939944
0.002218689
0.0005539992
0.00017148008
5.9513755e-05
2.2436724e-05
9.0638944e-06
3.8867041e-06
1.7556299e-06
8.2995297e-07
4.0834469e-07
2.0808522e-07
1.0935428e-07
5.9038458e-08
3.2629985e-08
1.8401906e-08
1.0556907e-08
6.142585e-09
3.6145749e-09
2.1450059e-09
1.2801838e-09
7.6638734e-10
4.5912356e-10
2.7475393e-10
1.6414371e-10
9.8069685e-11
5.8957496e-11
3.6182645e-11
2.3218857e-11
1.6801995e-11
1.2130196e-11
2.2817172e-05
0.00011281336
0.00017873659
0.00030155602
0.00039666677
0.00088320086
0.0016867976
0.0035493551
0.0064181637
0.0082003478
0.012134818
0.02430308
0.060590295
0.082834703
0.11862378
0.24128404
0.55361432
0.71585347
0.80284066
0.95841806
1.3314794
2.4674122
3.181813
3.3435954
3.5416642
3.7307349
4.1824502
6.2819845
9.3002326
9.8578566
10.302922
11.556083
11.332
11.469629
13.237453
13.447444
11.44879
8.3641312
7.5547854
11.509283
12.261809
3.509572
0.58546313
0.080633652
0.011114897
0.0020965267
0.00055379407
0.00017500245
6.1302845e-05
2.3249769e-05
9.4363669e-06
4.0625529e-06
1.8415012e-06
8.7327861e-07
4.3087505e-07
2.2012753e-07
1.159512e-07
6.2732089e-08
3.4737919e-08
1.9624761e-08
1.127607e-08
6.5701643e-09
3.8708585e-09
2.2994164e-09
1.3734199e-09
8.2263662e-10
4.9292615e-10
2.949324e-10
1.7608559e-10
1.0507647e-10
6.3050502e-11
3.8595076e-11
2.4690066e-11
1.7836291e-11
1.2570037e-11
1.2496539e-05
3.9321309e-05
0.00028820861
0.00051276964
0.00072189538
0.0012666971
0.0024181673
0.0054500552
0.012747082
0.022344134
0.040508733
0.085973209
0.22388465
0.31083202
0.45752499
0.96235342
1.887229
2.3106785
2.6084781
3.1349806
4.285715
7.554804
8.9494264
9.0101121
9.2409067
9.5722875
10.245713
14.826284
22.980631
23.864503
25.275578
31.833115
31.670019
31.002573
35.270457
35.486021
28.760339
17.557956
10.933855
10.506628
12.119993
4.5696274
0.60402109
0.072599325
0.010006859
0.0020058647
0.00055139991
0.00017719939
6.260948e-05
2.3885984e-05
9.740718e-06
4.2107509e-06
1.9155881e-06
9.1135671e-07
4.5097619e-07
2.3100653e-07
1.2197454e-07
6.6135884e-08
3.6696435e-08
2.0769406e-08
1.1953881e-08
6.9757933e-09
4.1155323e-09
2.447772e-09
1.4635916e-09
8.7742378e-10
5.2611226e-10
3.149273e-10
1.8805322e-10
1.1219929e-10
6.7289133e-11
4.1153702e-11
2.6298565e-11
1.9000915e-11
1.3069677e-11
1.125371e-05
3.9506446e-05
0.0002838835
0.00078175368
0.0013647074
0.0026379706
0.0059581401
0.017516085
0.050956341
0.10227616
0.18721462
0.36859539
0.8842935
1.2253693
1.7714898
3.3771771
5.9776443
7.177424
8.3054189
9.8675677
12.670725
21.559108
24.465741
23.362258
23.405313
23.666435
24.707545
48.362907
69.095414
67.180679
70.762944
93.761108
109.68231
95.784775
105.84472
107.13435
77.599946
39.272552
19.91845
12.562158
10.729404
4.2006688
0.61769907
0.072138659
0.0095777345
0.001945594
0.00054725796
0.00017823696
6.3481504e-05
2.4359961e-05
9.9818196e-06
4.3330506e-06
1.9785598e-06
9.4445554e-07
4.6876023e-07
2.4077077e-07
1.2744596e-07
6.925976e-08
3.8510183e-08
2.1838073e-08
1.2591441e-08
7.3600314e-09
4.3488944e-09
2.590242e-09
1.5508033e-09
9.3081899e-10
5.5873285e-10
3.3477773e-10
2.0007756e-10
1.1946303e-10
7.1693144e-11
4.3874717e-11
2.8057422e-11
2.0308757e-11
1.3632967e-11
1.0428881e-05
2.2984547e-05
0.00022615124
0.0013720846
0.0048164151
0.013903855
0.032464309
0.091710634
0.25519411
0.4903866
0.87194427
1.6036353
3.4331953
4.6215854
6.4424259
10.443827
18.104762
23.132527
25.56297
30.413597
36.200484
63.451083
69.48962
61.114264
59.17389
59.562431
62.138412
146.88705
158.8999
123.379
110.2107
131.58926
149.76746
242.441
257.34897
246.60143
152.81985
72.524321
33.473445
17.250125
11.695425
4.2969323
0.75192326
0.077752399
0.0093879639
0.0018860972
0.00054065086
0.00017820457
6.3962945e-05
2.4685759e-05
1.0164444e-05
4.4311843e-06
2.0310807e-06
9.7284213e-07
4.8433879e-07
2.4946851e-07
1.3238694e-07
7.2113513e-08
4.0183723e-08
2.2832923e-08
1.3189794e-08
7.7233976e-09
4.5712122e-09
2.7269729e-09
1.6351423e-09
9.8287966e-10
5.908295e-10
3.5451607e-10
2.1218492e-10
1.2688954e-10
7.6280733e-11
4.6773095e-11
2.9978757e-11
2.1772564e-11
1.4264336e-11
9.4632203e-06
8.2892633e-05
0.00079059691
0.005857065
0.025544803
0.074739271
0.16324333
0.43370603
1.0766415
1.9459777
3.6397583
6.4584834
11.820396
15.435755
21.182607
31.481863
56.674309
76.491481
75.697312
93.180397
108.13028
231.36083
214.49425
153.75907
159.04116
128.32096
103.05115
102.88708
121.96487
115.03772
108.56784
117.49487
129.44697
266.23698
293.65926
262.54758
164.82779
102.62668
65.383872
34.125747
23.459032
7.2078172
0.84515106
0.076866635
0.0087532715
0.0018044885
0.00053151272
0.00017732727
6.4091087e-05
2.4876764e-05
1.0293226e-05
4.5068499e-06
2.0738059e-06
9.967806e-07
4.9782253e-07
2.5714765e-07
1.3681879e-07
7.4706829e-08
4.1721544e-08
2.3756066e-08
1.3749948e-08
8.0663811e-09
4.7827308e-09
2.8580935e-09
1.7166823e-09
1.033653e-09
6.2243617e-10
3.7416913e-10
2.2439773e-10
1.3449799e-10
8.1069194e-11
4.986511e-11
3.2075553e-11
2.3404469e-11
1.4968302e-11
7.8839091e-06
0.0005329457
0.0048056403
0.028639305
0.114104
0.3177482
0.69507834
1.8249331
3.9471015
6.9828767
14.515915
23.011633
35.715379
48.437509
64.266737
103.55823
199.04198
255.85056
201.58578
355.70798
371.39001
596.57567
393.69469
236.51269
204.18232
132.82455
109.08808
92.91401
109.80474
110.36552
113.57558
148.91417
153.82918
158.04795
168.08961
167.17508
135.90681
165.87268
164.32129
109.95799
41.772606
7.1097774
0.74954828
0.06574239
0.0077313491
0.0017165464
0.00052109174
0.00017572235
6.3911515e-05
2.494485e-05
1.037262e-05
4.5617001e-06
2.1073769e-06
1.0165308e-06
5.0932064e-07
2.6385553e-07
1.4076258e-07
7.7049285e-08
4.3128067e-08
2.4609572e-08
1.427288e-08
8.389448e-09
4.9836766e-09
2.9837186e-09
1.795486e-09
1.0831776e-09
6.5358037e-10
3.9375898e-10
2.3673503e-10
1.4230579e-10
8.6072737e-11
5.3163698e-11
3.4362839e-11
2.521748e-11
1.5748986e-11
1.4038761e-05
0.0034136692
0.026484953
0.14620897
0.51923134
1.3357663
2.7130751
7.1981381
13.517039
23.422286
53.644259
71.679586
104.43033
145.32963
216.34292
415.25203
782.04479
724.89425
448.80418
1088.1094
996.3505
370.50425
220.87728
212.95651
126.94199
102.86643
111.51895
108.14239
126.85178
127.91881
130.45335
136.42186
154.77267
197.77314
216.33797
198.46995
159.98205
149.37684
104.86596
78.205887
32.266244
5.197444
0.52853747
0.049742417
0.0067526022
0.0016419755
0.00051037214
0.00017346437
6.3482702e-05
2.4901164e-05
1.0406823e-05
4.5973337e-06
2.1324191e-06
1.0323472e-06
5.1894042e-07
2.6963879e-07
1.442391e-07
7.9150338e-08
4.4407658e-08
2.5395473e-08
1.4759542e-08
8.6930466e-09
5.1742624e-09
3.1039516e-09
1.8716071e-09
1.1314851e-09
6.8428411e-10
4.1330355e-10
2.4921294e-10
1.5032713e-10
9.1306928e-11
5.6680403e-11
3.6851337e-11
2.7225983e-11
1.6610837e-11
0.00010820851
0.020195631
0.12984644
0.62799282
2.0580458
5.1548731
9.4958987
26.333133
43.869926
75.694316
182.95495
218.79029
317.82285
505.62118
913.06897
1684.7508
1639.2097
756.75604
735.18626
777.67382
649.19351
171.51786
149.45212
130.27612
117.09426
109.1893
102.67802
115.28022
133.66771
141.88496
202.84657
203.27949
218.66035
291.77298
256.66604
200.03802
154.84634
149.00151
116.04607
53.050826
17.549767
2.8423264
0.33577424
0.039061001
0.0062890358
0.0016120962
0.00050138066
0.00017075588
6.2793085e-05
2.4767429e-05
1.0398985e-05
4.61528e-06
2.1495388e-06
1.0444779e-06
5.2678702e-07
2.745433e-07
1.4726885e-07
8.1019327e-08
4.5564627e-08
2.6115773e-08
1.5210866e-08
8.97761e-09
5.3546891e-09
3.2188865e-09
1.9450917e-09
1.1786009e-09
7.1456458e-10
4.3281712e-10
2.6184483e-10
1.5857631e-10
9.6784652e-11
6.0433228e-11
3.9554407e-11
2.9443017e-11
1.755833e-11
0.00037145356
0.10748375
0.59277255
2.425843
7.0897769
16.952508
29.686064
92.06042
136.33779
244.26835
648.61091
684.90018
1153.3106
1791.3777
2715.3075
2003.0516
571.84211
130.44734
442.40343
222.73919
97.591534
78.948273
120.40252
187.30195
144.37442
105.70474
98.745965
110.0241
221.64909
200.83934
275.68832
228.35471
244.7596
249.41106
263.06569
212.93437
153.26128
141.92139
118.58669
46.663123
11.389631
1.8879887
0.28899996
0.039329527
0.0066290684
0.0016432095
0.0004954069
0.00016771804
6.1894931e-05
2.4538841e-05
1.0356651e-05
4.6167842e-06
2.1593203e-06
1.0531642e-06
5.329631e-07
2.7861405e-07
1.4987202e-07
8.2665467e-08
4.6603231e-08
2.677245e-08
1.5627773e-08
9.2435614e-09
5.5251488e-09
3.3286098e-09
2.0159794e-09
1.2245452e-09
7.4443469e-10
4.5231059e-10
2.7464162e-10
1.6706393e-10
1.0251692e-10
6.4432434e-11
4.248776e-11
3.1883245e-11
1.8596076e-11
0.0058916701
0.51594619
2.4309067
8.3600824
21.638972
50.298059
86.425728
320.00432
406.55891
886.36683
1783.2082
1673.5307
1988.2276
2201.9523
2609.7063
332.39985
130.99705
94.086819
109.66689
76.99098
85.182226
92.464612
102.32258
208.59944
170.28049
120.40897
93.176993
162.20684
297.08606
228.62462
273.54791
243.39347
210.31911
225.04535
218.30064
260.83548
190.5997
160.51173
141.74994
54.201666
10.758307
1.748551
0.31512493
0.05084698
0.0084499161
0.0018033399
0.0004969046
0.0001645345
6.0817133e-05
2.4231751e-05
1.0279424e-05
4.6039163e-06
2.1622958e-06
1.0586398e-06
5.375687e-07
2.8189507e-07
1.5206843e-07
8.4097838e-08
4.7527676e-08
2.7367461e-08
1.6011166e-08
9.4913146e-09
5.6858267e-09
3.4332019e-09
2.0843046e-09
1.2693335e-09
7.7390353e-10
4.7179187e-10
2.8761194e-10
1.7580021e-10
1.0851603e-10
6.8688552e-11
4.5662284e-11
3.4561353e-11
1.9728653e-11
0.049080079
2.232027
8.8261143
25.927268
61.611719
146.10442
248.114
1157.1701
1268.7852
1810.6862
1657.2051
1649.2124
1110.4031
879.86406
480.0183
89.777617
112.67687
127.26637
89.552016
195.9616
120.57952
124.48896
129.21203
180.63455
176.97044
151.08787
135.50722
160.36599
252.15613
209.65668
196.40105
220.90265
231.43482
450.1696
384.74306
910.10851
452.75448
225.15091
194.7127
56.939134
11.866481
2.4761611
0.59024935
0.10269944
0.0145751
0.0022935703
0.00051245259
0.00016148767
5.9586799e-05
2.3855757e-05
1.01718e-05
4.5777427e-06
2.1590056e-06
1.06113e-06
5.4070111e-07
2.8442938e-07
1.5387755e-07
8.5325397e-08
4.8342126e-08
2.7902742e-08
1.6361943e-08
9.7212776e-09
5.8369024e-09
3.5327381e-09
2.1500969e-09
1.3129773e-09
8.0297682e-10
4.9126606e-10
3.0076218e-10
1.8479318e-10
1.1479127e-10
7.3215343e-11
4.9090229e-11
3.749136e-11
2.0960629e-11
0.31354108
8.6976433
28.347498
74.444306
172.38166
443.77494
767.84062
2580.2696
2362.7581
1210.6754
345.37636
606.35114
625.96929
450.18714
804.22665
166.78174
192.82416
127.09987
80.837962
126.28288
146.80347
146.38451
158.79899
274.16851
234.85042
212.29833
155.50919
179.6491
169.26394
165.61874
187.8194
311.92647
266.3099
696.46538
589.42819
638.94541
886.76193
407.46687
483.09496
134.92561
19.754482
5.3255835
1.6651223
0.27990975
0.031987807
0.0034588489
0.00055327947
0.00015866203
5.8219736e-05
2.3418899e-05
1.0037546e-05
4.5390423e-06
2.1502428e-06
1.0608131e-06
5.4245451e-07
2.8625899e-07
1.5531848e-07
8.6356963e-08
4.9050691e-08
2.8380217e-08
1.6680995e-08
9.933854e-09
5.9785518e-09
3.6272898e-09
2.2133823e-09
1.3554846e-09
8.3165713e-10
5.1073563e-10
3.1409672e-10
1.940493e-10
1.2135024e-10
7.8022512e-11
5.2783999e-11
4.0687151e-11
2.229649e-11
1.6860198
30.64679
81.129078
204.85867
501.82867
1521.3446
1809.747
1752.4353
1593.8031
405.76914
160.80076
503.99401
381.65171
250.08718
434.79569
145.4725
206.17977
105.84059
81.547011
81.433386
128.87168
116.27257
158.8017
182.12375
245.91559
222.01338
168.30642
164.12118
167.16696
195.88769
196.36802
693.32468
488.50927
453.5633
541.74554
499.04607
3449.8315
1010.0698
507.67405
293.33572
71.098607
44.543196
12.790788
1.3698958
0.10421792
0.0069575437
0.00065502832
0.0001564271
5.673324e-05
2.2928878e-05
9.8796537e-06
4.4894517e-06
2.136086e-06
1.0580227e-06
5.4291508e-07
2.8742482e-07
1.5640992e-07
8.7201226e-08
4.9657442e-08
2.8801792e-08
1.6969207e-08
1.0129445e-08
6.1109479e-09
3.7169256e-09
2.2741837e-09
1.3968605e-09
8.5994423e-10
5.3020066e-10
3.2761779e-10
2.0357442e-10
1.282036e-10
8.3119996e-11
5.6755898e-11
4.4162594e-11
2.374068e-11
7.9060283
95.55427
210.79277
575.51109
1636.3411
2265.1404
1959.7151
513.3157
565.14742
84.944808
124.86561
293.38803
191.14252
151.10708
53.992395
47.743832
39.10386
45.906752
74.293635
204.99399
195.30717
126.57381
97.512938
123.29885
206.02991
260.7199
189.12993
163.74543
173.14523
261.76527
259.51569
850.02606
615.09667
501.304
808.17905
759.57777
1924.975
2620.922
943.12905
575.8374
395.90506
203.16986
59.656096
5.3993201
0.30476487
0.012877628
0.00075873155
0.00015304639
5.511623e-05
2.2392709e-05
9.7009908e-06
4.4300928e-06
2.117192e-06
1.0528532e-06
5.421743e-07
2.8796664e-07
1.571702e-07
8.7866742e-08
5.0166406e-08
2.9169362e-08
1.722746e-08
1.0308449e-08
6.2342623e-09
3.8017118e-09
2.3325212e-09
1.4371071e-09
8.8783539e-10
5.4965892e-10
3.4132622e-10
2.1337004e-10
1.3535549e-10
8.8514834e-11
6.101674e-11
4.793065e-11
2.5298199e-11
33.008887
255.58335
532.52641
1678.1741
2352.7606
1260.6695
982.45932
130.29995
99.477724
31.636643
105.30192
149.05821
116.19137
234.12982
41.653634
25.570493
27.550118
40.136971
62.949795
277.72906
165.01055
99.982759
87.975041
123.08421
96.048999
124.76894
165.98158
175.21003
198.04827
265.76845
311.85788
333.39431
423.62562
497.8269
870.52189
967.94631
1121.7865
3746.2307
1125.7352
560.61361
414.18974
208.76907
61.913844
7.3847814
0.38732126
0.01431171
0.00075266844
0.00014736089
5.3378603e-05
2.1817373e-05
9.5042703e-06
4.3620511e-06
2.0940196e-06
1.0454986e-06
5.4034918e-07
2.8791759e-07
1.5761724e-07
8.8361925e-08
5.0581567e-08
2.9484812e-08
1.7456635e-08
1.0471267e-08
6.348666e-09
3.8817131e-09
2.3884131e-09
1.4762246e-09
9.1532553e-10
5.6910613e-10
3.5521956e-10
2.2344039e-10
1.4281239e-10
9.4215975e-11
6.5573945e-11
5.2000595e-11
2.697556e-11
125.85768
646.41597
1455.5061
2116.1263
1217.5327
549.44728
462.43409
38.758912
31.645888
30.47763
81.736999
111.17344
237.56938
485.05448
60.956104
21.820612
23.907788
47.266321
77.000918
90.253629
106.67486
115.51423
93.204744
92.851351
86.972315
87.550291
190.96897
216.98715
236.12332
229.31466
236.38617
255.62113
481.76665
1002.0541
961.33034
770.03879
1572.1175
1552.7595
1559.2403
689.43311
336.6544
172.5848
59.853382
8.0167517
0.38678882
0.013410498
0.00068205572
0.0001401989
5.1550195e-05
2.1209361e-05
9.2919462e-06
4.2863141e-06
2.0669825e-06
1.036168e-06
5.3746996e-07
2.8733134e-07
1.5776787e-07
8.8694987e-08
5.0906841e-08
2.9750007e-08
1.7657609e-08
1.0618297e-08
6.4543293e-09
3.9569936e-09
2.441876e-09
1.5142108e-09
9.4240753e-10
5.8853586e-10
3.6929587e-10
2.3378661e-10
1.505815e-10
1.0023819e-10
7.0439284e-11
5.637944e-11
2.8781085e-11
453.03993
1691.16
2376.5048
1234.58
525.84021
220.01823
193.4101
36.254485
16.895737
36.542705
62.278066
101.21907
250.46362
360.87044
69.85042
21.342883
23.731544
75.612909
81.048407
72.914352
141.61921
123.06576
118.58257
97.395998
88.911018
85.432066
205.73664
268.86655
244.83508
267.59172
339.71605
229.7412
747.86471
654.29274
905.25197
721.04232
2041.8749
3147.8648
1047.0021
637.76566
319.18647
185.42207
76.225551
7.4110484
0.31015094
0.0098354852
0.00055760899
0.00013227361
4.9657498e-05
2.057498e-05
9.0667514e-06
4.2040553e-06
2.0365849e-06
1.0250796e-06
5.3365629e-07
2.8623963e-07
1.5764174e-07
8.8876187e-08
5.1147142e-08
2.9967306e-08
1.7831504e-08
1.0750062e-08
6.5514839e-09
4.0276457e-09
2.4929386e-09
1.5510676e-09
9.6907406e-10
6.0793983e-10
3.8354824e-10
2.4440379e-10
1.5865762e-10
1.0657991e-10
7.5625215e-11
6.1071323e-11
3.0724504e-11
1417.696
3076.7815
2089.9693
661.86432
194.91313
71.683102
73.860567
47.076795
14.068273
31.290531
49.949545
81.186222
153.8144
112.52485
45.203947
22.262109
24.125517
97.900876
99.111677
97.370235
138.02412
139.58975
145.58959
118.04063
103.18256
91.814125
201.95104
252.51903
258.58968
291.59111
266.4009
179.12184
159.73851
361.95063
963.63079
1557.59
1762.7855
1209.2594
863.2437
637.21482
400.03473
288.99035
70.925847
4.5879357
0.1732449
0.0056621671
0.00044614623
0.00012505116
4.7794995e-05
1.9933504e-05
8.8332174e-06
4.1162435e-06
2.0029517e-06
1.0121892e-06
5.2885019e-07
2.8459543e-07
1.5721406e-07
8.8882942e-08
5.1289307e-08
3.0128263e-08
1.7972849e-08
1.0862975e-08
6.6377508e-09
4.0920727e-09
2.5405172e-09
1.5860512e-09
9.9480879e-10
6.2695564e-10
3.9772012e-10
2.5510853e-10
1.6691061e-10
1.1313167e-10
8.1049117e-11
6.6023742e-11
3.277888e-11
4065.2987
3046.4374
881.75115
164.89511
52.247645
26.885159
35.218449
39.055451
11.844286
27.164408
47.23572
84.99445
259.69125
77.788025
38.332789
22.507581
23.740614
99.648463
165.90331
105.59428
104.59153
146.82781
165.32832
125.86573
128.77746
103.5977
150.24513
173.74608
268.03436
280.12105
249.70765
178.7145
134.08568
220.90743
769.16104
1575.3322
1208.4459
623.32183
407.23259
506.64356
473.23665
288.25754
39.279852
2.1338942
0.079419262
0.0030333683
0.00037053405
0.00011741934
4.5571223e-05
1.9162033e-05
8.550872e-06
4.0091463e-06
1.9614192e-06
9.9586794e-07
5.224583e-07
2.8217697e-07
1.5638779e-07
8.8676518e-08
5.1307131e-08
3.0217489e-08
1.8072741e-08
1.0951986e-08
6.7103839e-09
4.1489465e-09
2.5840346e-09
1.6189517e-09
1.0195779e-09
6.4563056e-10
4.1189279e-10
2.6599485e-10
1.7543972e-10
1.2000932e-10
8.6805245e-11
7.1344567e-11
3.4962734e-11
7770.2758
1348.9183
216.03686
32.085808
20.255868
20.422275
29.017281
34.403422
13.40152
31.651161
46.518877
94.415277
297.88307
67.795142
38.932922
21.73836
23.820624
72.446308
180.09634
90.430845
108.79139
142.72126
126.65266
95.226684
137.27216
107.01646
131.9233
159.09336
278.68418
284.53825
292.88456
214.43738
124.358
156.71811
567.7694
997.74942
653.88789
386.87495
256.81743
286.45433
416.51511
183.62173
17.029564
0.85522443
0.033016287
0.0017707775
0.0003330416
0.000113608
4.463953e-05
1.890827e-05
8.485874e-06
3.9979232e-06
1.9640699e-06
1.0007599e-06
5.2663299e-07
2.8518798e-07
1.5842817e-07
9.0031162e-08
5.2200974e-08
3.0803446e-08
1.8456421e-08
1.1204022e-08
6.8768887e-09
4.2596875e-09
2.6585028e-09
1.6697169e-09
1.0547228e-09
6.7039599e-10
4.2970814e-10
2.7913073e-10
1.8541409e-10
1.2789806e-10
9.3326436e-11
7.730185e-11
3.7335115e-11
1562.0416
182.24277
31.62058
18.425523
22.360162
22.764758
31.262303
36.086685
16.880132
44.619623
45.255995
83.804303
80.516179
33.510507
29.238395
21.044124
26.413327
60.216187
151.38963
78.419204
117.73398
163.37009
135.53648
96.485863
132.86063
117.01688
137.07605
156.66285
296.46076
307.02799
288.12193
178.70432
122.57491
150.05843
449.83807
474.26146
505.97112
478.21522
373.06968
286.82749
262.8291
78.017998
6.2921538
0.31167133
0.013777845
0.0012234736
0.00030777218
0.00010906231
4.3284216e-05
1.8466073e-05
8.3380098e-06
3.9467994e-06
1.9458319e-06
9.9453175e-07
5.2483911e-07
2.8498037e-07
1.5871569e-07
9.0399837e-08
5.2524086e-08
3.1057014e-08
1.8646537e-08
1.1343561e-08
6.9784304e-09
4.3335116e-09
2.7122626e-09
1.709037e-09
1.0836926e-09
6.9195637e-10
4.4596736e-10
2.9160433e-10
1.952018e-10
1.3581893e-10
1.0001381e-10
8.3484182e-11
3.9811817e-11
110.70039
14.989841
4.0743395
16.236694
32.170871
27.183162
35.368273
35.555501
18.941295
45.404223
48.589073
93.247302
45.754791
28.08121
24.814737
22.437287
31.51261
60.185009
107.49618
82.839819
99.948461
173.25202
132.33878
97.596086
148.91501
132.18191
136.33779
153.29785
307.83293
334.38193
232.14325
144.43643
141.42548
130.40942
274.69988
283.43666
593.28982
919.27093
613.06598
254.07049
134.56061
29.04532
2.1441256
0.11088456
0.0066198391
0.00098136989
0.0002872225
0.00010410969
4.1707672e-05
1.7916342e-05
8.1350697e-06
3.8699623e-06
1.9167626e-06
9.8364049e-07
5.209174e-07
2.8369509e-07
1.5840887e-07
9.0450367e-08
5.2678738e-08
3.122013e-08
1.8787191e-08
1.1455634e-08
7.0645058e-09
4.3984718e-09
2.7609434e-09
1.7454963e-09
1.1111068e-09
7.1272911e-10
4.6188898e-10
3.0400071e-10
2.0507531e-10
1.4390905e-10
1.0690086e-10
8.992147e-11
4.240819e-11
5.1245447
1.3351682
1.1692354
8.7914179
40.580661
31.497029
35.175951
17.703409
13.219975
33.789638
54.434039
100.04879
38.87487
28.594721
24.27924
24.173024
37.098332
53.930246
98.724111
102.35705
90.225896
142.75481
134.98811
115.6402
145.07416
124.84362
128.54841
145.52632
326.59979
354.98455
260.51873
183.43979
204.80896
139.76955
169.39899
293.62645
805.62266
872.0824
490.6465
130.1808
57.674899
9.9067663
0.70470335
0.042026142
0.0039972445
0.0008511134
0.00026844977
9.903761e-05
4.0070364e-05
1.7343109e-05
7.9237191e-06
3.7892543e-06
1.8852568e-06
9.7125532e-07
5.1612704e-07
2.8196431e-07
1.578959e-07
9.039136e-08
5.277383e-08
3.135046e-08
1.8909792e-08
1.1557862e-08
7.1453509e-09
4.4608049e-09
2.8084611e-09
1.7816051e-09
1.138609e-09
7.3381446e-10
4.7822696e-10
3.1685446e-10
2.1539708e-10
1.52452e-10
1.1423548e-10
9.6810062e-11
4.5164939e-11
2.0431524
0.76094119
0.86191179
3.0116446
38.56991
35.1604
26.331936
8.3901219
10.37291
20.567677
55.630921
90.275221
39.433074
33.426569
26.132558
25.421062
43.61668
48.580269
74.586641
95.440754
88.459209
110.42807
127.26231
117.93489
109.09642
110.57876
119.60934
156.20686
367.79182
374.13135
281.7762
255.75818
290.71523
190.15422
174.58636
559.9999
807.54689
566.5416
189.46978
52.231442
21.97622
3.178604
0.23500423
0.019039719
0.0029306048
0.00076048304
0.00025058627
9.3970821e-05
3.8415693e-05
1.675812e-05
7.7055111e-06
3.7047072e-06
1.8516643e-06
9.5775678e-07
5.1074364e-07
2.7990037e-07
1.5718728e-07
9.0223785e-08
5.2806375e-08
3.1445129e-08
1.9011996e-08
1.1648471e-08
7.2196638e-09
4.5195674e-09
2.8541326e-09
1.8168675e-09
1.1658368e-09
7.5494561e-10
4.9478385e-10
3.3001467e-10
2.2607837e-10
1.6134258e-10
1.2192925e-10
1.0408291e-10
4.8062664e-11
2.0036494
0.73199163
0.84996351
1.8492971
22.953443
33.743936
10.342034
7.4089282
9.9344089
25.343903
62.108093
212.62216
41.270195
34.961872
27.439597
27.04902
48.219322
48.613267
142.98799
107.72682
84.755558
102.52857
125.43635
107.93436
110.17584
103.37647
111.92527
190.76852
382.57149
418.3832
301.41663
312.93962
371.36
352.79229
306.95834
800.56846
532.04985
207.91698
60.481409
19.522084
7.6447654
0.99347354
0.086755095
0.011014098
0.0023812302
0.00068570694
0.00023344143
8.8962132e-05
3.6757994e-05
1.6165101e-05
7.4815354e-06
3.6167092e-06
1.8161231e-06
9.4317781e-07
5.0476172e-07
2.7750283e-07
1.562913e-07
8.994942e-08
5.2778191e-08
3.1505068e-08
1.9094231e-08
1.1727645e-08
7.287509e-09
4.5747682e-09
2.8979439e-09
1.8512612e-09
1.1927678e-09
7.761033e-10
5.1154448e-10
3.4347159e-10
2.3711196e-10
1.7061005e-10
1.2998483e-10
1.11742e-10
5.110073e-11
2.0665467
0.7553656
0.97456687
2.1838845
8.031424
25.988555
5.5112798
7.3184845
11.021132
62.091082
59.336569
182.8638
38.864
32.374253
33.263211
27.186095
48.854784
59.696776
204.45057
125.92544
80.783015
98.899683
122.03817
108.93124
96.553826
99.953891
117.25466
232.10182
376.28093
458.43345
380.78847
448.32026
284.51444
448.53986
733.51314
758.07287
191.38323
63.448578
18.422039
6.9716187
2.482995
0.32187605
0.039546678
0.0077150231
0.002016388
0.00061952042
0.00021701614
8.404473e-05
3.5107133e-05
1.5567322e-05
7.2530258e-06
3.5257658e-06
1.778853e-06
9.2761755e-07
4.9822832e-07
2.7479483e-07
1.5521958e-07
8.9574558e-08
5.2693096e-08
3.1531764e-08
1.9157252e-08
1.1795756e-08
7.3490642e-09
4.626485e-09
2.9399214e-09
1.884789e-09
1.2193945e-09
7.9727702e-10
5.2849857e-10
3.5721797e-10
2.4846876e-10
1.8025855e-10
1.3841715e-10
1.1978776e-10
5.4277493e-11
2.274671
0.76135046
1.2210976
2.8973301
3.6760214
13.359912
4.7153207
5.4788969
13.435218
115.91004
53.056126
41.579238
30.758166
28.26829
33.244914
26.184552
49.158225
66.180769
302.16127
143.58044
74.974287
101.94202
126.82517
118.87083
94.827736
119.22218
150.63305
195.10178
341.35776
484.63682
466.93329
340.80159
271.14469
487.65684
782.90451
399.34422
57.21669
17.920393
5.6183535
2.402528
0.78632659
0.11999751
0.023008443
0.0059609589
0.0017337037
0.00055968212
0.00020135202
7.9244963e-05
3.3471824e-05
1.4967907e-05
7.0212113e-06
3.4323938e-06
1.7400802e-06
9.1117972e-07
4.9119222e-07
2.718002e-07
1.5398389e-07
8.9105471e-08
5.2553131e-08
3.152665e-08
1.9201859e-08
1.185321e-08
7.404526e-09
4.6748054e-09
2.9800981e-09
1.9174566e-09
1.2457108e-09
8.184566e-10
5.4563611e-10
3.7124467e-10
2.6013344e-10
1.9024994e-10
1.4723025e-10
1.2821851e-10
5.7590915e-11
2.5639268
0.8187585
1.399847
2.9124858
2.502371
5.7865242
4.0069328
4.8229027
14.584263
123.06883
44.768066
35.453942
31.522242
28.232895
37.492844
25.901638
49.292057
84.300865
288.0927
145.61779
74.050342
110.78143
135.67711
125.15103
105.9796
150.59905
337.15444
218.39361
333.417
520.58842
581.03078
928.84606
400.7543
464.28978
597.58674
128.76411
15.439809
4.9034476
1.766384
0.82388312
0.26421468
0.056814383
0.015830137
0.0047987287
0.0015001123
0.00050534467
0.00018648668
7.4584226e-05
3.1859757e-05
1.4369734e-05
6.7872463e-06
3.3370834e-06
1.7000237e-06
8.939651e-07
4.8370152e-07
2.685423e-07
1.5259596e-07
8.8547989e-08
5.2361601e-08
3.1491657e-08
1.9228877e-08
1.1900426e-08
7.4541015e-09
4.7198251e-09
3.0185111e-09
1.9492726e-09
1.271712e-09
8.3963217e-10
5.6294645e-10
3.8553323e-10
2.7211209e-10
2.0053917e-10
1.5640017e-10
1.370281e-10
6.1038749e-11
2.6598755
0.81493719
1.4599319
2.7307343
2.367825
3.6277745
4.6847613
5.6030642
14.626458
85.693064
41.928129
42.49353
35.756164
31.123198
26.333113
25.272364
46.395922
134.73126
118.44139
91.875656
70.040641
113.57645
139.3631
131.30695
117.7671
121.3344
272.68178
211.39962
390.77654
528.19006
455.39271
371.36344
261.47876
220.95008
264.80248
38.151913
3.8819908
1.3844581
0.60609593
0.30120885
0.10612892
0.03382851
0.011811248
0.0039331261
0.0013025257
0.0004560191
0.00017244289
7.0079409e-05
3.0277573e-05
1.3775398e-05
6.5522008e-06
3.2402968e-06
1.658891e-06
8.7607047e-07
4.7580257e-07
2.6504405e-07
1.5106726e-07
8.7908115e-08
5.2121691e-08
3.1428218e-08
1.9239145e-08
1.1937843e-08
7.4980098e-09
4.761647e-09
3.0552028e-09
1.9802481e-09
1.2973945e-09
8.6079448e-10
5.8041823e-10
4.0008321e-10
2.8445111e-10
2.111803e-10
1.658878e-10
1.4621019e-10
6.4618397e-11
2.4069569
0.79195971
1.4246762
2.9569482
2.7798839
3.2562274
3.9400999
8.0168786
12.570426
40.767968
34.740962
45.955434
36.646174
32.488152
24.685932
25.242581
48.144626
132.40378
146.57758
112.83375
72.757054
110.83931
144.01488
142.44637
137.27973
165.96864
141.94177
179.19766
380.86924
497.23493
387.74764
1199.9779
1114.7189
118.48815
85.411188
8.669649
1.136782
0.47720864
0.24768311
0.12868836
0.054307879
0.02309015
0.0091334007
0.0032561588
0.0011338462
0.00041130553
0.00015922793
6.5743257e-05
2.8730876e-05
1.3187204e-05
6.31705e-06
3.1424635e-06
1.6168779e-06
8.5758809e-07
4.6754018e-07
2.6132773e-07
1.4940922e-07
8.7191678e-08
5.1836468e-08
3.1337821e-08
1.9233485e-08
1.196591e-08
7.5364792e-09
4.8003807e-09
3.0902196e-09
2.0103972e-09
1.3227566e-09
8.8193488e-10
5.980417e-10
4.1489098e-10
2.970863e-10
2.2219587e-10
1.7573901e-10
1.5576152e-10
6.8324857e-11
2.2933268
0.74171407
1.3760765
3.4668755
4.6950029
3.0098724
5.0501581
8.9152129
11.249208
37.775223
41.367656
47.925966
34.986642
32.228339
30.943332
28.009248
56.333344
133.12452
110.40223
120.40619
75.414044
114.45974
145.4071
159.53161
201.80513
135.70252
172.45694
377.7843
410.40289
493.78348
358.25746
747.19066
611.91705
132.97485
30.893543
5.4474048
0.54559854
0.26407912
0.13689769
0.067497446
0.033446858
0.016791667
0.0071961918
0.0027154911
0.00098915792
0.00037083121
0.00014683589
6.1584833e-05
2.7224295e-05
1.2607181e-05
6.0826798e-06
3.043981e-06
1.5741686e-06
8.3860571e-07
4.5895731e-07
2.5741487e-07
1.4763282e-07
8.6404467e-08
5.1508978e-08
3.1222228e-08
1.9212914e-08
1.1985087e-08
7.5697477e-09
4.8361432e-09
3.123613e-09
2.0397371e-09
1.3477984e-09
9.030456e-10
6.1580626e-10
4.2993134e-10
3.0999666e-10
2.3354296e-10
1.8594036e-10
1.6567128e-10
7.2153332e-11
2.2485701
0.72786375
1.675956
4.0191635
7.8987309
3.0933798
8.308096
8.1839823
12.299036
34.429122
106.91725
49.358205
34.122881
32.85647
28.809545
29.596099
57.996694
81.299281
164.1849
127.0996
67.708395
119.49939
135.65961
204.07375
362.34424
219.60716
283.99469
475.81739
416.66427
346.21796
574.26204
680.77139
1172.7096
198.23957
68.828635
101.77277
15.2567
0.20502731
0.088693207
0.042833199
0.022647118
0.012595302
0.0057445918
0.0022786837
0.00086463737
0.00033423935
0.00013525016
5.7609929e-05
2.5761535e-05
1.2037078e-05
5.8498826e-06
2.9452129e-06
1.5309339e-06
8.1920564e-07
4.500947e-07
2.5332618e-07
1.4574878e-07
8.5552115e-08
5.1142269e-08
3.1083043e-08
1.9178175e-08
1.1995842e-08
7.5980597e-09
4.8690564e-09
3.1554386e-09
2.0682876e-09
1.3725214e-09
9.2411975e-10
6.3370055e-10
4.452107e-10
3.2316985e-10
2.4517154e-10
1.9648619e-10
1.7592931e-10
7.6098234e-11
2.4030832
0.74572134
2.2382149
4.7422401
6.7506906
3.4617458
9.9911832
8.5290541
12.193425
22.200429
71.72858
52.317507
38.050743
40.088018
27.784344
31.677755
60.485273
63.775341
366.99575
186.96276
66.782852
122.78925
136.08311
228.81579
521.29877
493.12688
440.32408
387.45197
293.94096
292.80724
444.63997
1178.7966
953.46504
1720.1979
1102.0992
2052.53
598.3123
7.0930806
0.070390633
0.025367001
0.016111765
0.0096404313
0.0046372341
0.0019228435
0.00075717654
0.00030118962
0.00012444604
5.382154e-05
2.4345479e-05
1.1478386e-05
5.6193622e-06
2.8464901e-06
1.4873319e-06
7.9946531e-07
4.4099106e-07
2.4908141e-07
1.4376745e-07
8.464012e-08
5.073926e-08
3.0921882e-08
1.9130151e-08
1.1998646e-08
7.6216675e-09
4.899249e-09
3.1857567e-09
2.0960723e-09
1.3969296e-09
9.4515158e-10
6.5171754e-10
4.6069125e-10
3.3663731e-10
2.570989e-10
2.0733477e-10
1.8651908e-10
8.0153677e-11
2.4196047
0.76909239
2.7511672
5.2451544
5.2528916
4.0212441
10.689195
9.3643735
9.9722453
13.113016
66.82386
58.956909
46.032182
57.616876
28.17795
28.453312
69.096144
61.709702
148.92075
103.34916
62.487496
121.40351
139.41233
202.28428
327.3924
741.3959
217.97961
437.85073
329.51817
260.70221
381.48787
1127.4352
1247.9197
1891.2146
2140.6728
2003.656
1943.6696
562.02919
0.68215313
0.022058613
0.010987452
0.0074956032
0.0037821001
0.0016309146
0.00066420229
0.00027136007
0.00011439273
5.0220231e-05
2.2978237e-05
1.0932338e-05
5.3917326e-06
2.7481095e-06
1.4435069e-06
7.7945605e-07
4.3168251e-07
2.4469924e-07
1.4169865e-07
8.3673762e-08
5.0302849e-08
3.0740317e-08
1.9069738e-08
1.1993966e-08
7.6408265e-09
4.9268538e-09
3.2146313e-09
2.123117e-09
1.4210289e-09
9.661367e-10
6.6984369e-10
4.7638262e-10
3.5035757e-10
2.6932216e-10
2.1848831e-10
1.974292e-10
8.43125e-11
2.0194048
0.70050981
2.4724757
6.7966481
7.0612096
5.2352266
20.155555
10.898461
11.018902
12.804498
47.337792
67.35749
51.63565
64.609825
36.994718
29.175578
96.112747
63.347577
80.034041
79.368365
65.887306
117.56152
155.20432
264.11101
197.73138
255.76948
201.69144
243.92674
324.12151
269.78579
302.40114
867.52428
1418.0941
1370.7019
1452.4903
1112.2139
942.95785
556.09473
47.861028
0.35058112
0.0098229287
0.0059668933
0.003116201
0.0013898853
0.00058356458
0.00024444918
0.00010505529
4.6804582e-05
2.1661255e-05
1.0399941e-05
5.1675256e-06
2.650336e-06
1.3995907e-06
7.5924404e-07
4.2220283e-07
2.4019735e-07
1.3955179e-07
8.2658135e-08
4.9835826e-08
3.0539906e-08
1.8997792e-08
1.1982333e-08
7.6557986e-09
4.9520089e-09
3.2421309e-09
2.1494514e-09
1.4448274e-09
9.8707205e-10
6.8807423e-10
4.9226927e-10
3.6433353e-10
2.8180093e-10
2.2993011e-10
2.0864085e-10
8.8566905e-11
2.3117861
0.95383657
6.1412492
10.433496
10.600205
5.8740902
19.920584
11.34051
14.513697
16.623794
26.920111
82.128787
51.595882
60.738934
44.440822
31.985725
117.00179
66.098273
62.697309
132.59399
71.555428
105.15029
164.36054
175.79348
161.2593
184.44844
134.65475
113.7928
378.77598
299.29913
282.19214
541.31987
1229.8092
1053.3185
679.15739
500.20159
432.85421
296.52925
43.828725
0.93259477
0.01042819
0.0048715515
0.0025925644
0.0011896111
0.00051345452
0.00022017665
9.6396036e-05
4.3571493e-05
2.0395365e-05
9.8819763e-06
4.947189e-06
2.5534014e-06
1.3557005e-06
7.3888915e-07
4.1258309e-07
2.3559206e-07
1.3733566e-07
8.1598038e-08
4.9340856e-08
3.0322142e-08
1.891516e-08
1.1964164e-08
7.6668451e-09
4.9748549e-09
3.268327e-09
2.1751077e-09
1.4683354e-09
1.0079561e-09
7.0639927e-10
5.0833677e-10
3.7859234e-10
2.945894e-10
2.4162323e-10
2.2013871e-10
9.2909057e-11
2.2388825
0.55479295
5.835447
10.88546
8.2477493
9.5166536
19.168777
15.104004
15.508832
18.465865
24.215016
52.708167
32.380191
59.708838
30.74446
35.396058
122.1496
67.211616
49.838522
158.9395
52.625894
92.129788
179.98783
282.74835
196.19824
137.44354
148.50613
82.191646
342.58662
373.19474
272.15604
364.01626
737.98436
593.60162
360.61403
377.92505
408.66513
293.68347
37.143566
0.62833678
0.00939109
0.0040453437
0.0021750233
0.0010221013
0.00045234634
0.00019828421
8.8375877e-05
4.0516559e-05
1.9180884e-05
9.379036e-06
4.7310979e-06
2.4575076e-06
1.3119414e-06
7.1844584e-07
4.0285183e-07
2.3089865e-07
1.3505857e-07
8.0498067e-08
4.8820515e-08
3.0088477e-08
1.8822673e-08
1.1939938e-08
7.6742309e-09
4.995537e-09
3.2932957e-09
2.2001217e-09
1.491566e-09
1.0287891e-09
7.2481288e-10
5.2458514e-10
3.9301235e-10
3.0764774e-10
2.536308e-10
2.3190651e-10
9.7328484e-11
1.6249284
0.27210819
2.2133827
18.836671
9.452874
11.827755
34.7235
22.504901
18.60646
25.188319
22.651599
40.353833
28.726009
78.689576
38.21104
39.468573
125.21178
73.471195
38.002784
40.179428
47.050182
92.449115
231.58372
272.86229
118.47707
148.40453
108.9622
63.155293
178.21118
335.20592
290.10347
315.61261
468.95516
361.22076
309.20888
424.1656
484.30167
255.66291
16.046946
0.19087359
0.0066368137
0.0033846428
0.0018370426
0.0008810932
0.00039895267
0.00017853523
8.0955195e-05
3.7634307e-05
1.8017661e-05
8.891525e-06
4.5195513e-06
2.3628254e-06
1.2684046e-06
6.9796222e-07
3.9303465e-07
2.2613095e-07
1.3272809e-07
7.9362454e-08
4.8277202e-08
2.9840296e-08
1.8721115e-08
1.1910121e-08
7.6782173e-09
5.0142012e-09
3.3171147e-09
2.2245314e-09
1.5145342e-09
1.049573e-09
7.4330954e-10
5.4098891e-10
4.0764412e-10
3.2088927e-10
2.6587865e-10
2.4392011e-10
1.018165e-10
1.7585381
0.26569744
1.617824
13.244099
9.2423546
22.569626
32.013275
22.934443
26.027862
34.798713
22.652164
43.666026
29.397519
55.293979
37.959129
39.879284
142.67774
80.863381
35.006977
32.236641
46.59096
86.069878
256.32425
255.37199
121.13078
114.54658
37.39094
32.7023
180.61297
184.94714
275.34337
324.06347
364.86203
297.71728
334.38276
466.25732
429.46955
107.59525
3.9157112
0.052544599
0.0049224189
0.0028558814
0.0015602107
0.00076169365
0.00035218729
0.00016071447
7.4094755e-05
3.4918511e-05
1.6905174e-05
8.4196962e-06
4.3127859e-06
2.2694989e-06
1.2251696e-06
6.7748108e-07
3.831547e-07
2.2130155e-07
1.3035125e-07
7.8195179e-08
4.7713201e-08
2.9578914e-08
1.8611268e-08
1.1875167e-08
7.6790647e-09
5.0309968e-09
3.339866e-09
2.2483787e-09
1.5372578e-09
1.0703116e-09
7.618844e-10
5.5754836e-10
4.2250817e-10
3.3438328e-10
2.7833488e-10
2.5615835e-10
1.0636325e-10
0.96980384
0.34769118
3.3109115
7.8740065
9.95951
33.486472
73.469961
29.200281
31.292786
49.050274
28.393205
46.184734
33.035841
40.533046
29.231638
43.231821
93.987467
81.219341
30.347422
30.446104
43.990424
57.789802
274.17469
172.52859
120.631
87.967164
30.443247
19.876238
183.99443
157.68389
250.9306
328.60144
300.61967
307.78411
413.42399
421.15824
227.48129
30.450122
0.87101066
0.017381152
0.0039906689
0.0024285006
0.0013311729
0.00066004296
0.00031113102
0.00014462666
6.7756138e-05
3.2362352e-05
1.5842561e-05
7.9636523e-06
4.1109728e-06
2.1776436e-06
1.1823025e-06
6.5703899e-07
3.7323194e-07
2.1642157e-07
1.2793429e-07
7.6999811e-08
4.7130585e-08
2.9305562e-08
1.8493857e-08
1.1835502e-08
7.6770278e-09
5.046071e-09
3.3616324e-09
2.271707e-09
1.5597568e-09
1.0910106e-09
7.8053515e-10
5.7425873e-10
4.3751699e-10
3.4809201e-10
2.9104317e-10
2.6860231e-10
1.1095696e-10
0.98051843
0.049780219
0.61861914
15.666289
6.7181556
26.580231
36.324924
23.306577
55.033464
50.794457
28.425673
32.339491
34.123965
45.949431
31.080933
67.403951
113.71643
82.450773
24.456203
23.551706
30.00846
54.531858
349.12526
175.61193
191.1803
108.11539
31.148211
14.921862
73.650549
121.19856
292.70457
292.05268
276.75976
401.24679
413.43761
252.37522
80.633446
7.7062575
0.19439248
0.0082186087
0.003405989
0.0020768644
0.0011399288
0.0005730678
0.00027500477
0.00013009568
6.190235e-05
2.9958684e-05
1.4828716e-05
7.5233831e-06
3.9142327e-06
2.0873523e-06
1.1398595e-06
6.3666753e-07
3.6328401e-07
2.1150093e-07
1.2548287e-07
7.5779634e-08
4.6531295e-08
2.9021394e-08
1.8369575e-08
1.1791551e-08
7.6723698e-09
5.0595737e-09
3.3825003e-09
2.2945636e-09
1.5820541e-09
1.111678e-09
7.9926048e-10
5.9110251e-10
4.527183e-10
3.619584e-10
3.0393001e-10
2.8122389e-10
1.1558752e-10
0.32706815
0.027000673
0.29846522
5.012061
8.6926881
57.747225
40.356986
34.555448
27.02044
49.954043
27.029416
43.12082
35.338039
64.356895
34.33934
82.285966
85.790328
71.335845
23.747441
31.481471
29.338498
54.917804
361.01541
509.63955
268.10046
125.64221
34.467535
13.111104
31.088397
56.614479
252.41364
296.7364
342.47064
456.16159
298.57614
102.33996
24.36698
1.783157
0.04893756
0.005618072
0.0029653428
0.0017825409
0.00097891131
0.00049830241
0.00024314623
0.00011696284
5.6497969e-05
2.770012e-05
1.3862306e-05
7.098763e-06
3.7226322e-06
1.9986922e-06
1.097884e-06
6.1639211e-07
3.5332548e-07
2.0654789e-07
1.2300179e-07
7.453748e-08
4.5917033e-08
2.8727445e-08
1.8239061e-08
1.1743703e-08
7.6653184e-09
5.0716505e-09
3.4025559e-09
2.3169966e-09
1.6041742e-09
1.1323235e-09
8.1806062e-10
6.0808542e-10
4.6811785e-10
3.7602242e-10
3.1697875e-10
2.9400282e-10
1.202437e-10
0.074252551
0.017584166
0.038670662
1.7092745
17.504812
53.298016
56.026413
26.607749
56.462946
54.848025
25.21802
46.97982
46.187276
78.274183
26.561662
87.647739
57.380337
67.693528
24.315475
46.08599
30.060904
57.959176
325.64944
460.38556
329.14524
153.32967
31.280443
5.539041
16.081338
38.079631
120.18451
371.49616
452.24026
376.2927
123.68016
35.022298
6.4736445
0.39133678
0.017552908
0.0046225292
0.0025925662
0.0015329493
0.00084235361
0.00043375724
0.00021499193
0.0001050859
5.1509533e-05
2.5579256e-05
1.2941862e-05
6.68959e-06
3.536201e-06
1.9117129e-06
1.0564112e-06
5.96234e-07
3.4336862e-07
2.0156964e-07
1.2049529e-07
7.3275902e-08
4.5289347e-08
2.8424677e-08
1.8102913e-08
1.1692336e-08
7.6561116e-09
5.0824479e-09
3.4218879e-09
2.3390581e-09
1.6261451e-09
1.1529592e-09
8.3693785e-10
6.2519538e-10
4.8366543e-10
3.9028037e-10
3.3020651e-10
3.0691605e-10
1.2491333e-10
0.034399843
0.010415775
0.050602863
2.0671331
14.91565
11.398916
37.966506
22.206147
10.763456
58.939906
26.709099
48.876927
53.202272
46.255628
24.061257
114.74183
83.158919
55.915848
8.9615192
45.200052
15.522379
64.338765
323.34765
297.51465
377.30573
220.6609
13.462775
2.7182167
6.2210233
14.974692
75.467544
317.81425
380.87875
160.82236
43.070463
10.486519
1.5364093
0.09139337
0.010125522
0.0040083717
0.0022625565
0.0013193626
0.00072580883
0.00037781648
0.00019006112
9.4337354e-05
4.6905506e-05
2.3588703e-05
1.2065784e-05
6.2955803e-06
3.3549262e-06
1.8264422e-06
1.015465e-06
5.7620864e-07
3.3342269e-07
1.9657168e-07
1.1796668e-07
7.1996921e-08
4.4649523e-08
2.8113905e-08
1.7961658e-08
1.1637789e-08
7.644971e-09
5.0921047e-09
3.4405833e-09
2.3608002e-09
1.647996e-09
1.1735993e-09
8.5589543e-10
6.4243396e-10
4.9935211e-10
4.0469298e-10
3.4359208e-10
3.1994148e-10
1.2958486e-10
0.033690211
0.0075413235
0.022009236
0.34599423
3.4744929
19.79534
12.575206
14.021219
12.625412
56.15044
21.330666
55.834774
64.005635
58.8696
29.950464
98.604668
95.041989
30.749669
6.5763279
30.036912
10.846846
45.439547
85.078539
437.79583
389.72125
20.378916
1.9394245
1.899263
2.6701726
6.6167273
33.893213
134.08237
167.16053
53.834603
13.264041
2.7635845
0.3428439
0.02978588
0.0076633377
0.0034975109
0.0019674574
0.0011354114
0.00062580597
0.00032916153
0.00016794353
8.4603479e-05
4.2656526e-05
2.1721275e-05
1.1232427e-05
5.9164076e-06
3.1787712e-06
1.7428953e-06
9.7506295e-07
5.5632798e-07
3.2349515e-07
1.9155851e-07
1.1541871e-07
7.0702286e-08
4.3998667e-08
2.779586e-08
1.7815781e-08
1.1580379e-08
7.6321079e-09
5.1007602e-09
3.4587316e-09
2.3822783e-09
1.6697594e-09
1.1942604e-09
8.7493938e-10
6.5979336e-10
5.1516474e-10
4.1925556e-10
3.571256e-10
3.3305447e-10
1.3424661e-10
0.029780528
0.0059772345
0.014789081
0.064304616
0.51815154
7.4571629
5.8292701
6.9322176
18.736138
50.49785
20.023107
62.868203
61.752722
85.8678
45.288652
144.86592
71.527181
31.672262
7.2312546
17.081268
9.8867003
17.608649
31.187283
277.88661
17.702536
2.1541512
0.88750054
0.89376788
1.2269916
2.6260785
13.368135
44.720084
54.600425
15.763631
3.6143454
0.65960837
0.08509508
0.016089771
0.0062826993
0.0030371799
0.0017036973
0.00097623522
0.00053960151
0.00028670986
0.00014828802
7.5782745e-05
3.8735258e-05
1.9969978e-05
1.044009e-05
5.5516937e-06
3.0076689e-06
1.6610709e-06
9.3521326e-07
5.3659889e-07
3.1359046e-07
1.8653297e-07
1.1285324e-07
6.9393209e-08
4.3337612e-08
2.7471112e-08
1.7665672e-08
1.1520383e-08
7.6177121e-09
5.1085422e-09
3.4764179e-09
2.4035475e-09
1.6914686e-09
1.2149606e-09
8.9407696e-10
6.7727523e-10
5.3109307e-10
4.3391833e-10
3.7078593e-10
3.4623298e-10
1.3888748e-10
0.027560136
0.0041358369
0.014242332
0.033885105
0.19580988
2.4009322
4.1835825
5.2284623
13.441953
51.547343
19.799772
30.036263
79.838338
62.432118
50.019431
70.366137
65.052241
15.479871
6.2632849
13.654789
11.356229
10.052473
7.6524703
29.798016
2.6991688
0.78412537
0.58570242
0.56616427
0.60488191
1.0266422
4.7034516
13.840117
14.848078
4.0935162
0.8893615
0.16030944
0.03211568
0.011598287
0.0052266853
0.0026175356
0.0014683877
0.00083801829
0.00046500763
0.00024956925
0.0001307941
6.778497e-05
3.5116559e-05
1.8328162e-05
9.6871031e-06
5.2010486e-06
2.8415414e-06
1.5809601e-06
8.9591977e-07
5.1702577e-07
3.0371168e-07
1.8149705e-07
1.1027158e-07
6.8070609e-08
4.2667015e-08
2.7140128e-08
1.751168e-08
1.145805e-08
7.6019602e-09
5.1155769e-09
3.4937291e-09
2.4246657e-09
1.7131606e-09
1.2357215e-09
9.1331823e-10
6.9487718e-10
5.4719477e-10
4.4870074e-10
3.8451444e-10
3.59451e-10
1.4349792e-10
0.025548361
0.0031373227
0.00596687
0.042441323
0.03094926
0.35301793
1.3787851
4.1997182
4.914571
65.797815
9.8566647
41.476781
52.982633
91.733055
41.026464
66.72831
21.407546
10.999513
2.0513987
15.509345
3.6226461
2.6652137
1.8486804
3.4795104
0.59444835
0.34325121
0.30980773
0.38314494
0.33871344
0.44958558
1.5200547
3.8973357
3.4494453
0.97275882
0.22009888
0.052683249
0.019309911
0.0090670727
0.0043443117
0.0022380678
0.0012592077
0.00071774257
0.00040026425
0.00021700021
0.00011520384
6.0529912e-05
3.1777258e-05
1.678948e-05
8.9718038e-06
4.8640578e-06
2.6802917e-06
1.5025425e-06
8.5717912e-07
4.9760856e-07
2.9385923e-07
1.7645118e-07
1.0767411e-07
6.6734842e-08
4.1987197e-08
2.6803203e-08
1.7354043e-08
1.139357e-08
7.5850033e-09
5.1219756e-09
3.5107457e-09
2.4456889e-09
1.7348724e-09
1.2565656e-09
9.3267487e-10
7.1261169e-10
5.6343385e-10
4.6364633e-10
3.9833728e-10
3.72695e-10
1.4806749e-10
0.023768359
0.0024047444
0.0054789884
0.013605124
0.027355978
0.091100227
0.18025825
1.5709134
19.861577
34.768073
7.1849453
18.562906
67.304088
36.907203
18.886669
29.990373
19.903672
8.3766546
1.0110266
13.272976
1.2302279
1.5777878
0.72053392
0.61912435
0.22120055
0.15808063
0.19801022
0.23911535
0.22238399
0.24716442
0.53851465
1.0590543
0.75661228
0.24266777
0.071829189
0.028086513
0.014126261
0.007191433
0.0035935518
0.0019004127
0.001073736
0.00061303157
0.00034394412
0.00018838768
0.00010129593
5.3946535e-05
2.8696249e-05
1.534801e-05
8.292611e-06
4.5403202e-06
2.5238236e-06
1.4257962e-06
8.1898615e-07
4.7834586e-07
2.8403252e-07
1.7139505e-07
1.0506078e-07
6.5385991e-08
4.1298322e-08
2.6460519e-08
1.7192949e-08
1.1327111e-08
7.5669759e-09
5.1278452e-09
3.5275489e-09
2.466676e-09
1.7566447e-09
1.2775191e-09
9.5216101e-10
7.3048321e-10
5.7974554e-10
4.78684e-10
4.12282e-10
3.8594664e-10
1.5258671e-10
0.022038507
0.0019385953
0.002528028
0.01416157
0.019720145
0.039756376
0.096868054
0.48126781
7.9609997
28.730263
5.0207859
25.01524
21.791498
44.624426
9.3473239
2.5624756
4.7683812
3.6531493
0.76942975
2.4522197
1.0406718
0.78395337
0.48983252
0.1628946
0.090868887
0.090783136
0.13149639
0.1714417
0.15795619
0.16218994
0.24984157
0.34531075
0.20297593
0.085104966
0.037319801
0.019601384
0.010822747
0.005711608
0.002955896
0.0016017441
0.00091053913
0.00052188675
0.00029487893
0.00016321703
8.8879829e-05
4.7971801e-05
2.5854254e-05
1.3998197e-05
7.6479991e-06
4.2294335e-06
2.3720329e-06
1.350692e-06
7.8133063e-07
4.5923273e-07
2.7422866e-07
1.6632694e-07
1.0243058e-07
6.4023561e-08
4.0600203e-08
2.6112061e-08
1.7028458e-08
1.125876e-08
7.5479764e-09
5.133273e-09
3.54421e-09
2.487682e-09
1.7785172e-09
1.2986088e-09
9.717942e-10
7.4849526e-10
5.9622103e-10
4.9379559e-10
4.2627199e-10
3.9918843e-10
1.570506e-10
0.020419868
0.0016034216
0.0021181957
0.0043024076
0.011080645
0.040608768
0.032733109
0.057482134
1.7890715
9.2502985
4.6011614
7.5487139
20.20937
9.3066344
1.8404915
2.1930451
0.57080955
0.93688032
0.32442464
0.98986925
1.202582
0.48262539
0.1975487
0.089532861
0.051691839
0.058117826
0.088666144
0.11488307
0.1143201
0.11694124
0.14567049
0.1584986
0.08776975
0.046903487
0.025464852
0.014672015
0.0083272489
0.0045266625
0.0024189715
0.0013391356
0.00076813185
0.00044259272
0.00025210062
0.00014105592
7.7791458e-05
4.2550017e-05
2.3233853e-05
1.2734936e-05
7.0365576e-06
3.9310286e-06
2.2248261e-06
1.2772045e-06
7.4420308e-07
4.4026397e-07
2.6444427e-07
1.6124461e-07
9.9782163e-08
6.2646792e-08
3.9892463e-08
2.575769e-08
1.6860564e-08
1.1188582e-08
7.5280834e-09
5.1383392e-09
3.5607995e-09
2.5087639e-09
1.8005332e-09
1.319865e-09
9.9159272e-10
7.6665278e-10
6.1283575e-10
5.0901398e-10
4.4032454e-10
4.1242336e-10
1.6145396e-10
0.018996626
0.0013325454
0.0012306012
0.0038966175
0.0058596462
0.011167458
0.025074467
0.027558946
2.0019694
3.8345865
2.7864573
3.0867025
2.8162266
2.6443511
0.36210594
1.3307182
0.29740754
0.52709698
0.2309976
1.3253034
0.41308943
0.25802288
0.14916402
0.05285111
0.034528415
0.040936511
0.061203479
0.077983507
0.080468631
0.082367386
0.094512384
0.091109066
0.053192188
0.031891233
0.018617896
0.011048781
0.0063959279
0.003571317
0.0019685495
0.0011117942
0.00064408968
0.00037368958
0.0002147962
0.00012153889
6.7889002e-05
3.7631828e-05
2.0819242e-05
1.1553506e-05
6.456962e-06
3.6447535e-06
2.0821109e-06
1.205306e-06
7.0759128e-07
4.2143193e-07
2.5467412e-07
1.5614452e-07
9.7113249e-08
6.1254321e-08
3.9174366e-08
2.539704e-08
1.6689127e-08
1.1116543e-08
7.5073297e-09
5.1430973e-09
3.5773742e-09
2.5299728e-09
1.8227339e-09
1.3413184e-09
1.0115772e-09
7.849771e-10
6.2958108e-10
5.2433045e-10
4.5445741e-10
4.2563987e-10
1.6579394e-10
0.01766251
0.0011402718
0.00091610236
0.0015747394
0.003423383
0.013173348
0.010844045
0.04369054
0.21272368
2.4309567
2.3310109
1.9313444
2.0930028
0.75841576
0.10529141
0.10010169
0.11378106
0.21490091
0.16988206
0.42630577
0.27937303
0.21800989
0.081385747
0.037727171
0.025668707
0.029038166
0.042042796
0.053210032
0.056077973
0.057427412
0.062456808
0.056922978
0.035632937
0.022560278
0.013668614
0.0082802132
0.004899581
0.0028050421
0.0015903774
0.00091669625
0.00053613093
0.00031401359
0.00018228476
0.0001043555
5.904964e-05
3.3173593e-05
1.8596205e-05
1.0449623e-05
5.9080187e-06
3.3703027e-06
1.943814e-06
1.1349769e-06
6.7148614e-07
4.0272994e-07
2.4491299e-07
1.5102291e-07
9.4421296e-08
5.9844568e-08
3.8444986e-08
2.5029629e-08
1.6513923e-08
1.1042579e-08
7.4857181e-09
5.1475895e-09
3.5939874e-09
2.55136e-09
1.845163e-09
1.3630027e-09
1.0317714e-09
8.0347734e-10
6.4644894e-10
5.3966951e-10
4.6863828e-10
4.3887231e-10
1.7007223e-10
0.0164466
0.00097176439
0.00062222377
0.0012456604
0.0018765618
0.0036407116
0.010368364
0.012364464
0.18810898
0.49666106
0.94164406
1.7518644
0.67807262
0.16565284
0.058761146
0.056968635
0.042784589
0.13106967
0.13784862
0.21097235
0.25725678
0.10219529
0.060735966
0.026309614
0.019678858
0.02140515
0.029343756
0.036392649
0.03882798
0.039575554
0.041229719
0.036513114
0.024261903
0.015952615
0.0099836364
0.0061703091
0.0037359833
0.0021935033
0.0012759945
0.00074918508
0.00044328214
0.0002624684
0.00015398841
8.9243411e-05
5.1167579e-05
2.9136945e-05
1.6552018e-05
9.419407e-06
5.3886464e-06
3.107404e-06
1.8098725e-06
1.0662001e-06
6.3587839e-07
3.8415019e-07
2.3515406e-07
1.4587474e-07
9.1702877e-08
5.8415327e-08
3.7702998e-08
2.4654709e-08
1.6334566e-08
1.0966513e-08
7.4631999e-09
5.1518233e-09
3.6106732e-09
2.5729678e-09
1.8678604e-09
1.3849511e-09
1.0521998e-09
8.2216942e-10
6.6346571e-10
5.5513663e-10
4.828227e-10
4.5201456e-10
1.7429026e-10
0.015292814
0.00082615815
0.00044995163
0.00072939386
0.0013152803
0.0036954683
0.0041698444
0.011403239
0.017862369
0.077648772
0.30448558
0.27430685
0.076208177
0.045695672
0.043869988
0.029250815
0.032560401
0.086371451
0.068275145
0.18420797
0.085627
0.078268696
0.036501482
0.020242796
0.015396565
0.016072057
0.020686997
0.024971296
0.026652916
0.026942027
0.027164248
0.023691767
0.016522348
0.011224711
0.0072293419
0.0045765867
0.0028277434
0.0017036099
0.0010151582
0.00060605678
0.00036412029
0.00021792952
0.0001293869
7.595433e-05
4.4140792e-05
2.5483819e-05
1.4673659e-05
8.4587655e-06
4.8976757e-06
2.8557604e-06
1.68022e-06
9.9896017e-07
6.007606e-07
3.6568523e-07
2.2540082e-07
1.4070041e-07
8.8956756e-08
5.6965085e-08
3.6947204e-08
2.4271489e-08
1.6150603e-08
1.0888122e-08
7.4396875e-09
5.1557906e-09
3.6274584e-09
2.5948354e-09
1.8908657e-09
1.4071978e-09
1.0728887e-09
8.4107277e-10
6.8063588e-10
5.7077674e-10
4.9711173e-10
4.6506743e-10
1.7845905e-10
0.014227983
0.00069695288
0.00031940383
0.00051711724
0.00083221085
0.0014556152
0.0038795934
0.005555377
0.053811135
0.070507552
0.074751856
0.046219561
0.025759517
0.027195066
0.020842974
0.023721494
0.027712031
0.033876112
0.05611233
0.052496599
0.067622442
0.041561606
0.027025699
0.015247165
0.012090438
0.012164928
0.014700354
0.017131132
0.018157094
0.018243506
0.017909954
0.015460753
0.011244665
0.0078604663
0.00520704
0.0033766464
0.0021304551
0.001316095
0.00080142691
0.00048794387
0.00029731198
0.00018020456
0.00010831728
6.4432932e-05
3.7958728e-05
2.221837e-05
1.2967058e-05
7.5718601e-06
4.4373998e-06
2.6164829e-06
1.5553619e-06
9.3347359e-07
5.6621809e-07
3.4737441e-07
2.1542148e-07
1.3533812e-07
8.6089465e-08
5.5450377e-08
3.6158995e-08
2.3872611e-08
1.5959535e-08
1.08068e-08
7.4151189e-09
5.1594152e-09
3.6442808e-09
2.6169622e-09
1.9142436e-09
1.4298617e-09
1.0939998e-09
8.6038052e-10
6.9818656e-10
5.8668882e-10
5.1173893e-10
4.785484e-10
1.8283527e-10
0.013234372
0.00058471022
0.00022534527
0.00034695432
0.00058302553
0.0010991134
0.0018170188
0.0031252967
0.0057175254
0.022197586
0.073912653
0.049995667
0.020755534
0.019149736
0.018223598
0.015793968
0.017988791
0.029836509
0.028040633
0.045642345
0.032776465
0.029413093
0.017945913
0.011671735
0.0093835565
0.0091954024
0.010455291
0.011753009
0.01230838
0.012272863
0.011763198
0.010098132
0.0075892979
0.0054354224
0.0037019085
0.0024506735
0.0015813187
0.00099851806
0.00062070487
0.00038552857
0.00023769485
0.00014618253
8.8958777e-05
5.3652224e-05
3.2056544e-05
1.9035722e-05
1.1270404e-05
6.6746185e-06
3.9656833e-06
2.3697315e-06
1.4261604e-06
8.6551589e-07
5.30296e-07
3.2819927e-07
2.0921098e-07
1.3315173e-07
8.5675446e-08
5.5762183e-08
3.6737906e-08
2.4505195e-08
1.6551818e-08
1.1324191e-08
7.8513235e-09
5.5204893e-09
3.9404213e-09
2.8595423e-09
2.1136888e-09
1.5951322e-09
1.2327246e-09
9.7890589e-10
8.0176345e-10
6.7966058e-10
5.9779483e-10
5.6278191e-10
2.1288807e-10
0.012300619
0.00048416513
0.00016101521
0.00023943903
0.0003965803
0.00067445212
0.0013336498
0.0023254462
0.0078277118
0.010582293
0.011159096
0.010499041
0.0085844665
0.0087018599
0.0095198438
0.011380654
0.013789417
0.015934088
0.022010836
0.021822575
0.023483159
0.018367496
0.012852516
0.0088382819
0.0071960492
0.0068817302
0.0074211375
0.0080298985
0.0082938817
0.0083041333
0.0077802441
0.0066961559
0.0051668192
0.0037925332
0.0026571307
0.0018027058
0.001195584
0.00077433092
0.00049506883
0.00031438861
0.00019820141
0.00012450409
7.7359516e-05
4.7679797e-05
2.9123404e-05
1.7679798e-05
1.0696456e-05
6.4674338e-06
3.9174853e-06
2.3805422e-06
1.4562094e-06
8.9839166e-07
5.5935003e-07
3.5172383e-07
2.2398774e-07
1.4398966e-07
9.3610461e-08
6.1567548e-08
4.0958917e-08
2.7566538e-08
1.8774357e-08
1.2943699e-08
9.0383313e-09
6.3972766e-09
4.5944639e-09
3.3528974e-09
2.4911837e-09
1.8892247e-09
1.4667001e-09
1.1696236e-09
9.615844e-10
8.1788634e-10
7.2125516e-10
6.7979186e-10
2.522408e-10
0.011438634
0.0003974063
0.00011598607
0.0001688458
0.00027927377
0.00047290222
0.00083531206
0.0013521261
0.0022877779
0.0047691435
0.010300535
0.010337002
0.0072612253
0.0071000738
0.0075575485
0.0084183762
0.0099089109
0.012556335
0.014026501
0.016451383
0.015286935
0.013106124
0.0096120956
0.0070796364
0.00586549
0.0055234296
0.0057084022
0.0059630327
0.0060316242
0.0058629594
0.0054333036
0.0046719899
0.0036878576
0.0027656815
0.0019871544
0.0013838031
0.00094291786
0.00062687135
0.00041213199
0.00026746576
0.00017273772
0.00011059702
7.0110481e-05
4.4060453e-05
2.7430815e-05
1.6958829e-05
1.0439006e-05
6.4188365e-06
3.9554717e-06
2.4470652e-06
1.5209975e-06
9.5108186e-07
5.9941653e-07
3.8114838e-07
2.4471442e-07
1.5869751e-07
1.0399723e-07
6.8887274e-08
4.6135059e-08
3.1246724e-08
2.140868e-08
1.4844442e-08
1.0422377e-08
7.4156247e-09
5.3527191e-09
3.9253952e-09
2.9302053e-09
2.2318075e-09
1.7394764e-09
1.3919277e-09
1.1476407e-09
9.7842679e-10
8.6428389e-10
8.1436917e-10
3.0065676e-10
0.010811224
0.00032398424
8.3762227e-05
0.000118024
0.00019285377
0.00030986729
0.00052795297
0.00087379227
0.0015422436
0.0022134074
0.0024355222
0.0025793193
0.0029047937
0.0034407703
0.0042906466
0.0051313045
0.0061287871
0.0072400219
0.0085863874
0.0092105417
0.0092802155
0.0081693876
0.0065487644
0.0051951845
0.0044237976
0.0041398735
0.0041451424
0.0042157159
0.0041916722
0.0040333451
0.0037187066
0.003207489
0.0025864289
0.0019866376
0.0014632175
0.0010479654
0.00073164298
0.00049936986
0.00033605715
0.00022305647
0.00014688046
9.5560534e-05
6.1611882e-05
3.9340903e-05
2.4885136e-05
1.5632306e-05
9.7837521e-06
6.1134416e-06
3.8207313e-06
2.3950559e-06
1.5088372e-06
9.5682931e-07
6.1113752e-07
3.9345173e-07
2.5552098e-07
1.6749275e-07
1.108661e-07
7.4129434e-08
5.0085392e-08
3.4205291e-08
2.3620659e-08
1.6500765e-08
1.166778e-08
8.3580366e-09
6.0719417e-09
4.4801402e-09
3.3636259e-09
2.5756694e-09
2.0172625e-09
1.6211591e-09
1.3415176e-09
1.147121e-09
1.0158849e-09
9.5819136e-10
3.5298272e-10
0.0087906085
0.00022158077
5.0157891e-05
6.9098282e-05
0.00011031121
0.00017603611
0.00029055236
0.00046498319
0.00073029365
0.0010779898
0.0014929259
0.0017474302
0.0018213644
0.0020395837
0.0023908901
0.0028002778
0.0033125242
0.0039104161
0.0044878817
0.0048473891
0.004793821
0.0043317518
0.0036766293
0.0031183412
0.0027573226
0.0025851715
0.002534453
0.0025275653
0.0024840424
0.0023713311
0.0021785428
0.0018965078
0.0015574944
0.001225202
0.00092386127
0.00067728357
0.0004820559
0.00033666458
0.00023051996
0.00015594107
0.00010423873
6.8871524e-05
4.5141892e-05
2.9301061e-05
1.8881542e-05
1.2085748e-05
7.6985859e-06
4.8912569e-06
3.1068697e-06
1.977115e-06
1.2626328e-06
8.1028172e-07
5.2343152e-07
3.4074567e-07
2.2369961e-07
1.4818799e-07
9.9100053e-08
6.6928751e-08
4.5664821e-08
3.1487044e-08
2.1950127e-08
1.5477952e-08
1.1046885e-08
7.987113e-09
5.856658e-09
4.3616733e-09
3.3052158e-09
2.5543228e-09
2.0186035e-09
1.6361992e-09
1.3646921e-09
1.1751401e-09
1.0470755e-09
9.9120341e-10
3.6534896e-10
0.0075656751
0.00016217796
3.3804408e-05
4.5717565e-05
7.0882439e-05
0.00011052008
0.0001764304
0.00027492572
0.00041688885
0.00058310166
0.00073138228
0.00086968924
0.001027498
0.00120972
0.0014349967
0.0016869366
0.0019728831
0.0022766441
0.0025475285
0.0027010292
0.002681913
0.0024866665
0.0021840533
0.0019118295
0.0017179637
0.0016048693
0.0015497989
0.0015164086
0.0014661439
0.0013827682
0.0012628295
0.0011028466
0.00091741657
0.00073257725
0.00056452871
0.00042137243
0.00030598407
0.00021831653
0.00015236784
0.00010506744
7.1421956e-05
4.8034872e-05
3.2010673e-05
2.1112663e-05
1.3829354e-05
8.9953512e-06
5.8258696e-06
3.7649469e-06
2.4327036e-06
1.5745304e-06
1.0224725e-06
6.6711477e-07
4.3783449e-07
2.8933303e-07
1.9266687e-07
1.2936487e-07
8.7631285e-08
5.9914975e-08
4.1364866e-08
2.8849189e-08
2.033519e-08
1.4495122e-08
1.0455868e-08
7.6393257e-09
5.6598428e-09
4.2583243e-09
3.2594229e-09
2.5436599e-09
2.0291709e-09
1.6593417e-09
1.395144e-09
1.20975e-09
1.0839574e-09
1.0285157e-09
3.7741711e-10
0.0064648171
0.00011694747
2.2714561e-05
3.0268589e-05
4.5624995e-05
6.9398919e-05
0.00010816804
0.00016394688
0.00024277797
0.00033657744
0.00043472034
0.00052779863
0.00061996617
0.00073061098
0.00085899588
0.0010032418
0.0011644349
0.0013267507
0.0014660656
0.0015425757
0.0015367916
0.0014413858
0.0013066948
0.0011730699
0.0010698952
0.00099943233
0.00095546128
0.000918178
0.00087596683
0.00081944159
0.0007441494
0.0006506659
0.00054661877
0.00044182125
0.00034640981
0.00026317746
0.0001950593
0.00014166314
0.00010092233
7.0887499e-05
4.9053215e-05
3.3607577e-05
2.2767151e-05
1.5288227e-05
1.0191808e-05
6.7476235e-06
4.4472571e-06
2.9239214e-06
1.9212655e-06
1.2638957e-06
8.3370721e-07
5.5218561e-07
3.6764773e-07
2.4630904e-07
1.6618341e-07
1.129933e-07
7.7469532e-08
5.3585416e-08
3.7411999e-08
2.6377578e-08
1.8790987e-08
1.3533919e-08
9.8623809e-09
7.2782789e-09
5.445872e-09
4.1373514e-09
3.1971e-09
2.5181397e-09
2.0264517e-09
1.6707032e-09
1.4150176e-09
1.2345997e-09
1.1114717e-09
1.0567139e-09
3.8702341e-10
0.0055328202
8.4160767e-05
1.564978e-05
2.049195e-05
3.0122992e-05
4.4755505e-05
6.7713695e-05
0.00010059819
0.0001452608
0.00019906982
0.00025650824
0.00031380141
0.00037444397
0.00044188857
0.00051929067
0.00060394013
0.00069392002
0.00078140608
0.00085590112
0.00089718046
0.00089549431
0.00085445419
0.00079123744
0.00072522105
0.0006687708
0.00062537311
0.00059413476
0.00056508975
0.00053347977
0.00049538941
0.00044790482
0.00039245057
0.00033216921
0.00027185635
0.00021582264
0.00016680728
0.00012597905
9.2951977e-05
6.7513846e-05
4.8181798e-05
3.3997312e-05
2.3664285e-05
1.6296865e-05
1.1134873e-05
7.5466326e-06
5.082094e-06
3.4058214e-06
2.2761976e-06
1.5197895e-06
1.0154586e-06
6.7998214e-07
4.5694687e-07
3.0850902e-07
2.0947563e-07
1.4316235e-07
9.8552248e-08
6.8378381e-08
4.7844194e-08
3.3777606e-08
2.4074069e-08
1.733173e-08
1.2612254e-08
9.284146e-09
6.9199514e-09
5.2285391e-09
4.0104084e-09
3.1280042e-09
2.4859302e-09
2.0176594e-09
1.6765818e-09
1.4299672e-09
1.2549695e-09
1.1348004e-09
1.0808621e-09
3.9533786e-10
0.0047477435
6.048317e-05
1.0921793e-05
1.4090602e-05
2.0223827e-05
2.9429194e-05
4.3342491e-05
6.3068014e-05
8.9146994e-05
0.00012075491
0.00015558187
0.0001916499
0.00023008807
0.00027126018
0.00031741959
0.00036799482
0.00041961847
0.00047020331
0.00050954232
0.00053251114
0.00053377407
0.00051644835
0.00048646156
0.00045200519
0.0004199581
0.00039453093
0.00037313591
0.00035273135
0.00033063223
0.0003052404
0.00027542839
0.00024175469
0.00020593512
0.0001703698
0.00013693613
0.00010735018
8.2351441e-05
6.1754555e-05
4.5595425e-05
3.3068204e-05
2.372849e-05
1.6769156e-05
1.1740613e-05
8.1485164e-06
5.6117289e-06
3.8406719e-06
2.6151313e-06
1.7753425e-06
1.2037151e-06
8.1640815e-07
5.547031e-07
3.7804616e-07
2.5873426e-07
1.7799892e-07
1.2319887e-07
8.5850828e-08
6.0271996e-08
4.2655865e-08
3.0449571e-08
2.1936711e-08
1.5959401e-08
1.1733224e-08
8.7241938e-09
6.5668887e-09
5.0098326e-09
3.8789897e-09
3.0532389e-09
2.4478408e-09
2.0031974e-09
1.6772151e-09
1.4401171e-09
1.2709344e-09
1.1541386e-09
1.1010343e-09
4.0227594e-10
0.0040744219
4.3441705e-05
7.7546922e-06
9.8605113e-06
1.3809695e-05
1.9575057e-05
2.8240601e-05
4.0089274e-05
5.5783037e-05
7.4522499e-05
9.5748081e-05
0.00011848643
0.00014240846
0.0001686906
0.00019727181
0.00022701605
0.00025719656
0.00028551587
0.00030817396
0.00032155697
0.0003245388
0.00031671477
0.0003012307
0.0002835096
0.00026640385
0.00025118815
0.00023699846
0.00022301513
0.00020817771
0.00019139355
0.00017261305
0.00015181509
0.00013008203
0.00010858832
8.8293555e-05
7.0083919e-05
5.4443459e-05
4.1504841e-05
3.1072343e-05
2.2915852e-05
1.6655242e-05
1.1963369e-05
8.5049037e-06
5.9925615e-06
4.1905667e-06
2.9120652e-06
2.0131353e-06
1.3873081e-06
9.5460309e-07
6.5687313e-07
4.5264068e-07
3.127411e-07
2.1690059e-07
1.5114983e-07
1.0592526e-07
7.4707681e-08
5.306386e-08
3.7981359e-08
2.741195e-08
1.9960392e-08
1.4673623e-08
1.089825e-08
8.1843977e-09
6.2208446e-09
4.7911877e-09
3.7441809e-09
2.9735755e-09
2.4043858e-09
1.9834235e-09
1.672821e-09
1.4455881e-09
1.2825652e-09
1.1694896e-09
1.1172955e-09
4.0785498e-10
0.0034959971
3.107359e-05
5.5710553e-06
6.9966815e-06
9.5386178e-06
1.3254681e-05
1.8649501e-05
2.6011246e-05
3.5574882e-05
4.7037956e-05
6.017018e-05
7.4405209e-05
8.9561106e-05
0.00010608195
0.00012338009
0.00014129813
0.00015964299
0.00017595894
0.00018938067
0.00019752955
0.00020006139
0.00019645518
0.00018938961
0.00018048932
0.00017088672
0.00016130463
0.00015191721
0.00014263434
0.00013297488
0.0001220002
0.00011000554
9.7025531e-05
8.3531268e-05
7.0279169e-05
5.7711296e-05
4.634283e-05
3.6456534e-05
2.8164943e-05
2.138683e-05
1.5991675e-05
1.1776902e-05
8.5908448e-06
6.1941267e-06
4.4288106e-06
3.1413185e-06
2.2148533e-06
1.5535695e-06
1.0861214e-06
7.5804772e-07
5.2895226e-07
3.6950578e-07
2.5872649e-07
1.8178175e-07
1.2828362e-07
9.1007441e-08
6.4953033e-08
4.6670098e-08
3.378104e-08
2.4647405e-08
1.8138658e-08
1.3472981e-08
1.0108033e-08
7.6661681e-09
5.8833008e-09
4.5739e-09
3.607016e-09
2.8897928e-09
2.3561264e-09
1.9587268e-09
1.6636616e-09
1.4465461e-09
1.2899645e-09
1.1808874e-09
1.1297254e-09
4.1211092e-10
0.0029996616
2.2251133e-05
4.0547066e-06
5.0282283e-06
6.6931011e-06
9.1428354e-06
1.2586443e-05
1.7200224e-05
2.3138477e-05
3.0308615e-05
3.8470672e-05
4.7433415e-05
5.7086743e-05
6.7348684e-05
7.8129004e-05
8.9441406e-05
0.00010035511
0.00011031948
0.00011826751
0.00012342842
0.00012536694
0.00012427904
0.00012090471
0.00011581276
0.00011011927
0.00010438216
9.8488994e-05
9.244626e-05
8.604975e-05
7.8934264e-05
7.1154346e-05
6.2970806e-05
5.4464524e-05
4.6106609e-05
3.8243118e-05
3.1009093e-05
2.4707075e-05
1.9296195e-05
1.483396e-05
1.1244411e-05
8.3932438e-06
6.2065874e-06
4.5364629e-06
3.2857941e-06
2.3633235e-06
1.6895402e-06
1.2018078e-06
8.519059e-07
6.0277574e-07
4.2632258e-07
3.0178823e-07
2.1407282e-07
1.5232781e-07
1.0883539e-07
7.8145583e-08
5.6430572e-08
4.1011248e-08
3.0016032e-08
2.2138095e-08
1.6464275e-08
1.2355363e-08
9.3627567e-09
7.1705724e-09
5.555532e-09
4.3591554e-09
3.4684848e-09
2.8026667e-09
2.3036451e-09
1.9295318e-09
1.6500287e-09
1.443202e-09
1.2932666e-09
1.1883476e-09
1.1384291e-09
4.1511693e-10
0.0025668922
1.5893785e-05
2.988797e-06
3.6671937e-06
4.7726906e-06
6.3756543e-06
8.6090172e-06
1.1545489e-05
1.5292009e-05
1.9788978e-05
2.4959556e-05
3.0647333e-05
3.6831741e-05
4.3307244e-05
5.0280983e-05
5.7215938e-05
6.389097e-05
7.0024728e-05
7.4931481e-05
7.8250619e-05
7.9689284e-05
7.9392131e-05
7.7674221e-05
7.5068154e-05
7.1757797e-05
6.8294403e-05
6.4628957e-05
6.0715905e-05
5.637408e-05
5.1724519e-05
4.6676399e-05
4.1430229e-05
3.6035865e-05
3.0671174e-05
2.5652601e-05
2.100729e-05
1.6899975e-05
1.3354561e-05
1.0377506e-05
7.9623428e-06
6.0252903e-06
4.5081391e-06
3.3382485e-06
2.4482621e-06
1.7848476e-06
1.2927103e-06
9.3197675e-07
6.694795e-07
4.7999387e-07
3.4394786e-07
2.4663295e-07
1.7717734e-07
1.27648e-07
9.231546e-08
6.7073969e-08
4.8998493e-08
3.6013341e-08
2.6649032e-08
1.9866204e-08
1.4929536e-08
1.1318124e-08
8.6621627e-09
6.698355e-09
5.2385997e-09
4.1480123e-09
3.3295104e-09
2.7129481e-09
2.2475266e-09
1.8962813e-09
1.6322576e-09
1.4358039e-09
1.2926476e-09
1.1919971e-09
1.14353e-09
4.1692081e-10
0.0022346633
1.1536076e-05
2.2709578e-06
2.7361945e-06
3.497792e-06
4.5721727e-06
6.0412638e-06
7.9792756e-06
1.0403884e-05
1.3311428e-05
1.6636085e-05
2.0325575e-05
2.4339999e-05
2.855918e-05
3.2939096e-05
3.7265956e-05
4.1531342e-05
4.5302654e-05
4.8384789e-05
5.0468827e-05
5.1511621e-05
5.1548901e-05
5.0718481e-05
4.9251136e-05
4.7392076e-05
4.5197665e-05
4.2766494e-05
4.0168299e-05
3.730683e-05
3.4242555e-05
3.0957562e-05
2.7531366e-05
2.4060432e-05
2.0623339e-05
1.7344073e-05
1.4336544e-05
1.1633286e-05
9.2973449e-06
7.3051455e-06
5.663162e-06
4.3390778e-06
3.2840143e-06
2.4608951e-06
1.8285162e-06
1.349353e-06
9.8993668e-07
7.2302464e-07
5.2613547e-07
3.8210955e-07
2.7733025e-07
2.0139456e-07
1.4649358e-07
1.0684292e-07
7.8203157e-08
5.7492522e-08
4.2484684e-08
3.1578218e-08
2.3624448e-08
1.7800545e-08
1.3517184e-08
1.0351906e-08
8.0013377e-09
6.2470777e-09
4.9314242e-09
3.940122e-09
3.1901258e-09
2.6208594e-09
2.1880773e-09
1.8593033e-09
1.610647e-09
1.4245952e-09
1.2883229e-09
1.1920376e-09
1.1452033e-09
4.1758117e-10
0.0021343538
9.2224425e-06
1.9163844e-06
2.2781177e-06
2.8589265e-06
3.6569008e-06
4.7406965e-06
6.1403235e-06
7.8843349e-06
9.9625244e-06
1.2346249e-05
1.5001571e-05
1.7805702e-05
2.0798034e-05
2.3812521e-05
2.6891629e-05
2.9746648e-05
3.2281127e-05
3.4307417e-05
3.5711508e-05
3.6455116e-05
3.6519363e-05
3.5967529e-05
3.4946863e-05
3.3614162e-05
3.2010863e-05
3.0289968e-05
2.8382107e-05
2.6350793e-05
2.4156462e-05
2.1830455e-05
1.9421185e-05
1.7011858e-05
1.4648784e-05
1.2383121e-05
1.030083e-05
8.4281453e-06
6.7899989e-06
5.3904184e-06
4.2216249e-06
3.2653853e-06
2.4990742e-06
1.892729e-06
1.4225788e-06
1.0619263e-06
7.8862266e-07
5.8295186e-07
4.2939606e-07
3.1565275e-07
2.3187996e-07
1.7042025e-07
1.2544317e-07
9.2568893e-08
6.8542888e-08
5.09672e-08
3.8082983e-08
2.8613096e-08
2.1630985e-08
1.6464346e-08
1.2625658e-08
9.7612439e-09
7.6141955e-09
5.9975097e-09
4.7747163e-09
3.8459302e-09
3.1378511e-09
2.596518e-09
2.1821983e-09
1.8655259e-09
1.6247481e-09
1.4436909e-09
1.310409e-09
1.2157089e-09
1.1689192e-09
4.2553956e-10
0.0021363486
7.7528388e-06
1.7096048e-06
2.0087886e-06
2.4719853e-06
3.1133075e-06
3.9671841e-06
5.0586918e-06
6.4090286e-06
8.0106141e-06
9.8555605e-06
1.1895115e-05
1.4083246e-05
1.6396587e-05
1.8760246e-05
2.1092097e-05
2.3255178e-05
2.5196139e-05
2.6777684e-05
2.7897435e-05
2.847863e-05
2.8557726e-05
2.8197694e-05
2.7495222e-05
2.6503188e-05
2.5293504e-05
2.3949642e-05
2.245292e-05
2.0840788e-05
1.9101679e-05
1.7288768e-05
1.5405502e-05
1.3534367e-05
1.1704299e-05
9.955356e-06
8.3453816e-06
6.8737236e-06
5.5901135e-06
4.4799052e-06
3.5466606e-06
2.7709686e-06
2.1444987e-06
1.6426532e-06
1.2494803e-06
9.4448011e-07
7.0988532e-07
5.3132654e-07
3.9631171e-07
2.9499673e-07
2.194129e-07
1.6324808e-07
1.2162177e-07
9.0813322e-08
6.8018053e-08
5.1137913e-08
3.8626031e-08
2.9331097e-08
2.2405682e-08
1.722822e-08
1.3342971e-08
1.0415705e-08
8.2010421e-09
6.5185001e-09
5.2350191e-09
4.2522389e-09
3.4972819e-09
2.915994e-09
2.4681661e-09
2.1237777e-09
1.8603801e-09
1.6613005e-09
1.5141237e-09
1.4092082e-09
1.3571988e-09
4.8963769e-10
0.0021298392
6.5001595e-06
1.5381334e-06
1.7774265e-06
2.1482578e-06
2.6552707e-06
3.3298218e-06
4.18589e-06
5.2285027e-06
6.4661456e-06
7.8795195e-06
9.4479473e-06
1.1149061e-05
1.2924054e-05
1.4739759e-05
1.6514432e-05
1.81937e-05
1.9692e-05
2.0940867e-05
2.182906e-05
2.2335882e-05
2.2508319e-05
2.2337698e-05
2.186507e-05
2.1170858e-05
2.030425e-05
1.9264896e-05
1.8080116e-05
1.6825256e-05
1.5457796e-05
1.4031378e-05
1.255273e-05
1.1067415e-05
9.6151568e-06
8.2273781e-06
6.9424974e-06
5.7593853e-06
4.7167296e-06
3.8127386e-06
3.0431249e-06
2.3999451e-06
1.873653e-06
1.4509417e-06
1.11534e-06
8.5167778e-07
6.4709763e-07
4.8979392e-07
3.6954556e-07
2.7827167e-07
2.0939321e-07
1.5761691e-07
1.1879689e-07
8.9732499e-08
6.7979859e-08
5.1693473e-08
3.9480923e-08
3.0304921e-08
2.3392768e-08
1.8170094e-08
1.4210591e-08
1.1197886e-08
8.8970108e-09
7.1331964e-09
5.7761841e-09
4.728668e-09
3.9178292e-09
3.2890417e-09
2.8014133e-09
2.4241862e-09
2.1341613e-09
1.9139229e-09
1.7504059e-09
1.633385e-09
1.5748089e-09
5.6317525e-10
0.0021093235
5.4378913e-06
1.3805563e-06
1.5746909e-06
1.8690523e-06
2.2668084e-06
2.7898714e-06
3.4431737e-06
4.2399867e-06
5.1746789e-06
6.2423214e-06
7.4253212e-06
8.713249e-06
1.0049855e-05
1.1413116e-05
1.2767284e-05
1.4059932e-05
1.5216087e-05
1.6188262e-05
1.6910255e-05
1.7408575e-05
1.7615705e-05
1.7551185e-05
1.7277618e-05
1.680147e-05
1.6170491e-05
1.5398497e-05
1.4485479e-05
1.350003e-05
1.242531e-05
1.1282863e-05
1.012373e-05
8.9416213e-06
7.7863437e-06
6.6925317e-06
5.6669263e-06
4.7375989e-06
3.901859e-06
3.1839325e-06
2.5633972e-06
2.0450556e-06
1.6148632e-06
1.267152e-06
9.8597238e-07
7.6247149e-07
5.8724742e-07
4.5044198e-07
3.4444423e-07
2.6277935e-07
2.0026505e-07
1.5263441e-07
1.1646057e-07
8.9035289e-08
6.8257419e-08
5.2501517e-08
4.0540336e-08
3.1447144e-08
2.4520175e-08
1.9230169e-08
1.5178698e-08
1.206652e-08
9.6686245e-09
7.8150223e-09
6.3776368e-09
5.259809e-09
4.3884984e-09
3.7084027e-09
3.1777891e-09
2.7650251e-09
2.4460612e-09
2.202723e-09
2.0212986e-09
1.8909738e-09
1.8252996e-09
6.475507e-10
0.0018730449
3.7093439e-06
1.0509475e-06
1.1839159e-06
1.3772546e-06
1.6363153e-06
1.9698665e-06
2.3831561e-06
2.8869141e-06
3.4757179e-06
4.1474245e-06
4.8883709e-06
5.6906401e-06
6.5392738e-06
7.4071786e-06
8.2677711e-06
9.0931497e-06
9.8500586e-06
1.0497901e-05
1.1019483e-05
1.1394749e-05
1.1598856e-05
1.1632405e-05
1.1516044e-05
1.127701e-05
1.0910268e-05
1.0433317e-05
9.882357e-06
9.2333948e-06
8.5323142e-06
7.7818384e-06
7.0101872e-06
6.2249573e-06
5.4523079e-06
4.7151045e-06
4.023536e-06
3.3929059e-06
2.8236582e-06
2.3286321e-06
1.8977863e-06
1.533077e-06
1.2281362e-06
9.7666682e-07
7.7108514e-07
6.0550295e-07
4.7356633e-07
3.6900399e-07
2.8674393e-07
2.2234414e-07
1.7224342e-07
1.3342122e-07
1.0342267e-07
8.028854e-08
6.2473283e-08
4.8766191e-08
3.8213732e-08
3.0078841e-08
2.3795875e-08
1.8932208e-08
1.515758e-08
1.2219301e-08
9.9242914e-09
8.1268089e-09
6.7153902e-09
5.6046475e-09
4.7290945e-09
4.0384447e-09
3.494274e-09
3.0671157e-09
2.73429e-09
2.478455e-09
2.2864014e-09
2.1476065e-09
2.0769961e-09
7.3219141e-10
0.0013570515
1.9772829e-06
6.2137721e-07
6.8553816e-07
7.8098533e-07
9.0731852e-07
1.0693219e-06
1.2705296e-06
1.5113499e-06
1.7915359e-06
2.1118348e-06
2.4680216e-06
2.8530896e-06
3.2585401e-06
3.6749211e-06
4.0885982e-06
4.4883622e-06
4.8570921e-06
5.18247e-06
5.4516482e-06
5.641544e-06
5.7682775e-06
5.8276688e-06
5.8054313e-06
5.7119451e-06
5.5573314e-06
5.3432717e-06
5.0826399e-06
4.7800586e-06
4.4458293e-06
4.0857909e-06
3.7056907e-06
3.3179944e-06
2.9316805e-06
2.5609428e-06
2.2069497e-06
1.8789475e-06
1.5820763e-06
1.3182951e-06
1.0872716e-06
8.879681e-07
7.2042145e-07
5.8004478e-07
4.6431854e-07
3.6992281e-07
2.9358911e-07
2.3252535e-07
1.8377956e-07
1.4508824e-07
1.1451978e-07
9.0458003e-08
7.15585e-08
5.6731329e-08
4.5096772e-08
3.5960171e-08
2.8778946e-08
2.3126838e-08
1.8670344e-08
1.5149326e-08
1.2361177e-08
1.0148865e-08
8.3905199e-09
6.989973e-09
5.8722594e-09
4.9789178e-09
4.2642892e-09
3.6926996e-09
3.236472e-09
2.8740692e-09
2.5886308e-09
2.3670442e-09
2.1991891e-09
2.0768895e-09
2.0134055e-09
7.108787e-10
0.0010020224
1.1288644e-06
3.8473276e-07
4.1799296e-07
4.6600972e-07
5.3004627e-07
6.1100921e-07
7.1017272e-07
8.2843418e-07
9.6695863e-07
1.1238511e-06
1.2979236e-06
1.4869456e-06
1.6864091e-06
1.8925477e-06
2.0981221e-06
2.2975151e-06
2.4829373e-06
2.650794e-06
2.7908862e-06
2.8981093e-06
2.9696894e-06
3.003873e-06
3.0017167e-06
2.9648811e-06
2.8931129e-06
2.7910571e-06
2.6608887e-06
2.5081389e-06
2.3361977e-06
2.1512224e-06
1.9563549e-06
1.7580121e-06
1.5614033e-06
1.370826e-06
1.1893263e-06
1.0202529e-06
8.6732784e-07
7.2961044e-07
6.0847606e-07
5.0336008e-07
4.1385161e-07
3.3807127e-07
2.7488115e-07
2.2270609e-07
1.7985072e-07
1.4504658e-07
1.1685873e-07
9.4103488e-08
7.5796386e-08
6.1114584e-08
4.9358656e-08
3.9951881e-08
3.2424401e-08
2.6396964e-08
2.1565357e-08
1.7686772e-08
1.4568008e-08
1.2055694e-08
1.0028181e-08
8.3890124e-09
7.061654e-09
5.9853148e-09
5.1115834e-09
4.4019023e-09
3.8255245e-09
3.3579433e-09
2.9798174e-09
2.6758531e-09
2.4338524e-09
2.2441495e-09
2.0991738e-09
1.9926816e-09
1.93619e-09
6.8490301e-10
0.00074140142
6.8499971e-07
2.4062734e-07
2.5832164e-07
2.8325336e-07
3.1661347e-07
3.5872417e-07
4.1031458e-07
4.708563e-07
5.4213941e-07
6.229968e-07
7.1208938e-07
8.0874264e-07
9.1202184e-07
1.0180217e-06
1.1255188e-06
1.2300833e-06
1.3278461e-06
1.4153108e-06
1.4900974e-06
1.5514444e-06
1.5927037e-06
1.6134596e-06
1.6167794e-06
1.5993166e-06
1.5630879e-06
1.5107308e-06
1.4429434e-06
1.3611451e-06
1.2694967e-06
1.1700488e-06
1.0659496e-06
9.5990835e-07
8.5483065e-07
7.5275137e-07
6.5649651e-07
5.6627723e-07
4.8440383e-07
4.1079074e-07
3.4556254e-07
2.8893946e-07
2.4026537e-07
1.9885061e-07
1.6402024e-07
1.3489016e-07
1.1074524e-07
9.0890432e-08
7.4589573e-08
6.1241572e-08
5.0322553e-08
4.1413394e-08
3.4149768e-08
2.8227273e-08
2.3395066e-08
1.9448165e-08
1.6219957e-08
1.3575536e-08
1.1405875e-08
9.6229626e-09
8.1557408e-09
6.946818e-09
5.949765e-09
5.1269658e-09
4.4478102e-09
3.8873991e-09
3.4254669e-09
3.0455294e-09
2.7343459e-09
2.4812782e-09
2.2776743e-09
2.1165422e-09
1.9923133e-09
1.9002916e-09
1.850276e-09
6.5605498e-10
0.00055346053
4.4131903e-07
1.4955701e-07
1.5869422e-07
1.7237768e-07
1.9038394e-07
2.1287298e-07
2.4057964e-07
2.7350509e-07
3.1129733e-07
3.5445088e-07
4.0219958e-07
4.5462238e-07
5.1013527e-07
5.6766756e-07
6.2594018e-07
6.8286154e-07
7.3680112e-07
7.855729e-07
8.279289e-07
8.6168296e-07
8.8597543e-07
9.0050993e-07
9.0345974e-07
8.9451287e-07
8.7531183e-07
8.4606231e-07
8.0756941e-07
7.6227426e-07
7.1146491e-07
6.559525e-07
5.977545e-07
5.3848814e-07
4.8005831e-07
4.2370078e-07
3.7013757e-07
3.2058487e-07
2.7544524e-07
2.3496222e-07
1.9896489e-07
1.6780993e-07
1.4093044e-07
1.1790341e-07
9.8487022e-08
8.2201899e-08
6.8527044e-08
5.7193352e-08
4.7783421e-08
3.9981878e-08
3.3509606e-08
2.814352e-08
2.3694014e-08
1.9999938e-08
1.6928093e-08
1.4369068e-08
1.2233297e-08
1.0447607e-08
8.9522021e-09
7.6981852e-09
6.6454757e-09
5.7611585e-09
5.0181118e-09
4.3939257e-09
3.8699447e-09
3.4306469e-09
3.0631258e-09
2.7566533e-09
2.5024458e-09
2.2933222e-09
2.1233186e-09
1.9875109e-09
1.8819114e-09
1.803089e-09
1.7595402e-09
6.2524498e-10
0.0004168651
3.0167494e-07
9.308055e-08
9.8216997e-08
1.0585513e-07
1.1583761e-07
1.2844057e-07
1.4383561e-07
1.6203673e-07
1.8341472e-07
2.0753117e-07
2.3438616e-07
2.6401269e-07
2.9509286e-07
3.2787373e-07
3.610734e-07
3.93593e-07
4.245872e-07
4.5303605e-07
4.7811261e-07
4.9801348e-07
5.1253372e-07
5.2108035e-07
5.2262964e-07
5.1792299e-07
5.0714369e-07
4.9017362e-07
4.6792631e-07
4.4150498e-07
4.1115997e-07
3.7854661e-07
3.4460264e-07
3.1017473e-07
2.7619499e-07
2.4382048e-07
2.1308155e-07
1.8477737e-07
1.5911362e-07
1.3616472e-07
1.159863e-07
9.8406028e-08
8.3284646e-08
7.0392658e-08
5.9470255e-08
5.0294532e-08
4.2554239e-08
3.609999e-08
3.0700306e-08
2.6174063e-08
2.237699e-08
1.918313e-08
1.6492508e-08
1.4219299e-08
1.229303e-08
1.0656056e-08
9.2612933e-09
8.0702653e-09
7.0514341e-09
6.1788482e-09
5.4310246e-09
4.7900869e-09
4.2410588e-09
3.7713241e-09
3.3701178e-09
3.0282496e-09
2.7378948e-09
2.4923897e-09
2.2861515e-09
2.1145251e-09
1.9735535e-09
1.8598885e-09
1.7707682e-09
1.7037638e-09
1.6661718e-09
5.9342746e-10
0.00031743821
2.1201895e-07
5.7428191e-08
6.0361141e-08
6.4762752e-08
7.0586757e-08
7.7981897e-08
8.7015578e-08
9.7801259e-08
1.1041834e-07
1.2452424e-07
1.4046625e-07
1.578074e-07
1.7635929e-07
1.957876e-07
2.1559465e-07
2.352124e-07
2.5424947e-07
2.7164986e-07
2.8664434e-07
2.9872047e-07
3.0752083e-07
3.1282645e-07
3.1397889e-07
3.1102051e-07
3.0429641e-07
2.9396793e-07
2.8008866e-07
2.6364571e-07
2.4499358e-07
2.2496592e-07
2.0423294e-07
1.8324751e-07
1.6283378e-07
1.4331095e-07
1.2501897e-07
1.0830819e-07
9.3317923e-08
7.9921967e-08
6.8252323e-08
5.8184149e-08
4.954833e-08
4.2216744e-08
3.6052311e-08
3.084967e-08
2.6494942e-08
2.2833231e-08
1.9767367e-08
1.7178262e-08
1.4986458e-08
1.3120086e-08
1.1524359e-08
1.0152987e-08
8.9685722e-09
7.9410477e-09
7.0462722e-09
6.264823e-09
5.5809775e-09
4.9819024e-09
4.456995e-09
3.9973906e-09
3.5955724e-09
3.2450874e-09
2.9402691e-09
2.6761223e-09
2.448268e-09
2.2528621e-09
2.0865846e-09
1.9465934e-09
1.8304034e-09
1.7358436e-09
1.6610718e-09
1.6044103e-09
1.5718628e-09
5.614094e-10
0.00024494266
1.5097996e-07
3.5023349e-08
3.6809677e-08
3.9545777e-08
4.3145849e-08
4.770308e-08
5.3255408e-08
5.990787e-08
6.7595891e-08
7.6479796e-08
8.6302204e-08
9.7113873e-08
1.0879733e-07
1.2098702e-07
1.3351863e-07
1.4590344e-07
1.5773505e-07
1.6866887e-07
1.7822583e-07
1.8612127e-07
1.9177796e-07
1.949014e-07
1.9565654e-07
1.9385598e-07
1.8925275e-07
1.8231268e-07
1.7334479e-07
1.6255377e-07
1.506234e-07
1.3772586e-07
1.2443827e-07
1.1113706e-07
9.8310873e-08
8.6101315e-08
7.4785544e-08
6.4565372e-08
5.546128e-08
4.7464079e-08
4.0524228e-08
3.4633308e-08
2.9624403e-08
2.5403038e-08
2.190156e-08
1.8956526e-08
1.6513997e-08
1.4466158e-08
1.275334e-08
1.1304424e-08
1.0071147e-08
9.0109061e-09
8.092333e-09
7.2895994e-09
6.5824416e-09
5.9551407e-09
5.3955899e-09
4.8944875e-09
4.4446551e-09
4.0404942e-09
3.6775453e-09
3.3521657e-09
3.0612775e-09
2.8021967e-09
2.5724656e-09
2.3698041e-09
2.1921191e-09
2.0374816e-09
1.9041431e-09
1.7905426e-09
1.6952567e-09
1.6169818e-09
1.5545631e-09
1.5068966e-09
1.4788651e-09
5.2974493e-10
0.00019185939
1.092728e-07
2.107253e-08
2.2258754e-08
2.4008232e-08
2.6359177e-08
2.9329446e-08
3.296238e-08
3.7248976e-08
4.2251524e-08
4.8027738e-08
5.4490417e-08
6.1611346e-08
6.9298122e-08
7.7355056e-08
8.5559414e-08
9.379134e-08
1.0158136e-07
1.0878476e-07
1.1517154e-07
1.2045559e-07
1.2424006e-07
1.2621241e-07
1.266799e-07
1.253717e-07
1.221749e-07
1.1733128e-07
1.1112805e-07
1.0378611e-07
9.5654234e-08
8.6978529e-08
7.8066292e-08
6.9263843e-08
6.0828578e-08
5.2904941e-08
4.5632627e-08
3.9149313e-08
3.3424667e-08
2.8494362e-08
2.4281209e-08
2.0726657e-08
1.7778194e-08
1.5327559e-08
1.3316459e-08
1.1662667e-08
1.0300957e-08
9.1803183e-09
8.246896e-09
7.464302e-09
6.7983042e-09
6.2230931e-09
5.7193689e-09
5.2718622e-09
4.8690134e-09
4.5023295e-09
4.1657512e-09
3.8550913e-09
3.5675474e-09
3.3012997e-09
3.0551823e-09
2.8284339e-09
2.6205049e-09
2.4309282e-09
2.2591995e-09
2.1047456e-09
1.9669495e-09
1.845152e-09
1.7386725e-09
1.646838e-09
1.568976e-09
1.5044109e-09
1.4524928e-09
1.4125446e-09
1.3884355e-09
4.9889606e-10
0.00015280144
8.0540058e-08
1.2490804e-08
1.3293053e-08
1.449463e-08
1.6095907e-08
1.8091763e-08
2.0532636e-08
2.3458823e-08
2.6927589e-08
3.0897388e-08
3.536269e-08
4.0245708e-08
4.5519563e-08
5.1077672e-08
5.6760891e-08
6.249344e-08
6.8026855e-08
7.3089192e-08
7.7516883e-08
8.1102354e-08
8.3685425e-08
8.518811e-08
8.5317637e-08
8.4158195e-08
8.1900364e-08
7.8453268e-08
7.3976522e-08
6.8709482e-08
6.2909732e-08
5.6788493e-08
5.0569212e-08
4.4465087e-08
3.8666464e-08
3.3301501e-08
2.8460731e-08
2.4170737e-08
2.045841e-08
1.7305499e-08
1.4671477e-08
1.2482123e-08
1.0708413e-08
9.269749e-09
8.1055313e-09
7.1810948e-09
6.4355992e-09
5.8380724e-09
5.3519063e-09
4.9532202e-09
4.6185765e-09
4.3312049e-09
4.0781957e-09
3.8497448e-09
3.6386063e-09
3.4397595e-09
3.2499865e-09
3.0674798e-09
2.8914837e-09
2.7219825e-09
2.5594306e-09
2.4045393e-09
2.2581067e-09
2.1208976e-09
1.9935424e-09
1.8765016e-09
1.7700804e-09
1.6744373e-09
1.5896003e-09
1.5154988e-09
1.4519788e-09
1.3988093e-09
1.355705e-09
1.3222998e-09
1.3015592e-09
4.6919352e-10
0.00012402223
6.0630312e-08
7.2644687e-09
7.8169127e-09
8.6695264e-09
9.7801437e-09
1.1199547e-08
1.2942036e-08
1.50334e-08
1.7507794e-08
2.0369311e-08
2.3589161e-08
2.7168203e-08
3.1026623e-08
3.5074407e-08
3.9254779e-08
4.3401305e-08
4.7426598e-08
5.1163242e-08
5.4388148e-08
5.6986836e-08
5.8848196e-08
5.9850787e-08
5.9878548e-08
5.8987587e-08
5.7181537e-08
5.4521056e-08
5.1190434e-08
4.727156e-08
4.2953058e-08
3.8428323e-08
3.3889936e-08
2.9484463e-08
2.5340903e-08
2.1553841e-08
1.817336e-08
1.5241453e-08
1.2742082e-08
1.0659919e-08
8.9510164e-09
7.5750818e-09
6.4762126e-09
5.6177085e-09
4.9445752e-09
4.4278609e-09
4.0309803e-09
3.7269746e-09
3.4932265e-09
3.3116851e-09
3.1670676e-09
3.0472176e-09
2.9429948e-09
2.8473495e-09
2.7551334e-09
2.6628833e-09
2.5685669e-09
2.4713198e-09
2.3711853e-09
2.2688646e-09
2.1654891e-09
2.0624251e-09
1.9611119e-09
1.8629407e-09
1.7691569e-09
1.6808134e-09
1.5987677e-09
1.5236861e-09
1.4560531e-09
1.396198e-09
1.3443174e-09
1.3004879e-09
1.2646829e-09
1.2367591e-09
1.2188768e-09
4.4086366e-10
0.00010254406
4.7001772e-08
4.3326155e-09
4.7285544e-09
5.3314937e-09
6.1289055e-09
7.1454239e-09
8.4154614e-09
9.9630128e-09
1.1786591e-08
1.3894438e-08
1.6277041e-08
1.8910462e-08
2.1798349e-08
2.4889071e-08
2.8063178e-08
3.1248512e-08
3.4334847e-08
3.7164923e-08
3.9648625e-08
4.1681899e-08
4.3120847e-08
4.3857276e-08
4.3888009e-08
4.3189282e-08
4.1755849e-08
3.9648782e-08
3.7007082e-08
3.3958938e-08
3.0617678e-08
2.7166422e-08
2.3706635e-08
2.0383365e-08
1.7289288e-08
1.4497333e-08
1.2035835e-08
9.9339616e-09
8.177559e-09
6.7402672e-09
5.5864099e-09
4.682273e-09
3.9838355e-09
3.450819e-09
3.0548012e-09
2.7644304e-09
2.5577635e-09
2.4130468e-09
2.315788e-09
2.2522433e-09
2.2118137e-09
2.1853243e-09
2.1657907e-09
2.1476221e-09
2.1266374e-09
2.0999744e-09
2.0659605e-09
2.0239528e-09
1.9741523e-09
1.9174054e-09
1.8550061e-09
1.7885151e-09
1.7196017e-09
1.6499179e-09
1.5809987e-09
1.5142032e-09
1.4506934e-09
1.3914307e-09
1.3371788e-09
1.2885209e-09
1.2458834e-09
1.2095494e-09
1.1796724e-09
1.1562665e-09
1.1407789e-09
4.1406481e-10
8.673881e-05
4.7500808e-08
1.3543732e-08
1.348956e-08
1.3448902e-08
1.3447808e-08
1.3523324e-08
1.3708237e-08
1.405134e-08
1.4596372e-08
1.5376664e-08
1.6409883e-08
1.7713495e-08
1.9268535e-08
2.1044529e-08
2.300975e-08
2.5063241e-08
2.7111913e-08
2.9063309e-08
3.0819524e-08
3.223963e-08
3.321155e-08
3.3686071e-08
3.3606449e-08
3.2918482e-08
3.1679956e-08
2.992455e-08
2.7716413e-08
2.5212476e-08
2.2502141e-08
1.9717126e-08
1.6965199e-08
1.4349491e-08
1.19514e-08
9.8153172e-09
7.9725427e-09
6.4261569e-09
5.1654947e-09
4.1566737e-09
3.3734848e-09
2.7765093e-09
2.3339256e-09
2.0113816e-09
1.7864838e-09
1.6355855e-09
1.542402e-09
1.4925961e-09
1.4754096e-09
1.481621e-09
1.5033742e-09
1.5339331e-09
1.5676199e-09
1.5997156e-09
1.6264823e-09
1.645204e-09
1.6541699e-09
1.6526061e-09
1.6405531e-09
1.6187195e-09
1.5883084e-09
1.5508466e-09
1.5080303e-09
1.4615931e-09
1.4131999e-09
1.3643752e-09
1.3164652e-09
1.2706233e-09
1.2278052e-09
1.1887798e-09
1.1541469e-09
1.1243528e-09
1.0997013e-09
1.080338e-09
1.0670759e-09
3.8868635e-10
7.795478e-05
9.4814199e-07
9.1198981e-07
8.9448492e-07
8.6958998e-07
8.37593e-07
7.9908724e-07
7.546087e-07
7.0511338e-07
6.5138294e-07
5.9442418e-07
5.3553694e-07
4.759436e-07
4.1653637e-07
3.5906636e-07
3.0422997e-07
2.5313722e-07
2.0670414e-07
1.6572278e-07
1.3053078e-07
1.0118663e-07
7.7719915e-08
5.9540926e-08
4.6266348e-08
3.6970992e-08
3.0737417e-08
2.6588825e-08
2.3607756e-08
2.1158591e-08
1.8818423e-08
1.6458083e-08
1.4146396e-08
1.1953671e-08
9.9498714e-09
8.169301e-09
6.6383062e-09
5.3563716e-09
4.3138872e-09
3.485991e-09
2.843757e-09
2.3588875e-09
2.0015902e-09
1.7463562e-09
1.5711416e-09
1.4591133e-09
1.395082e-09
1.3679707e-09
1.3682456e-09
1.3880963e-09
1.4204247e-09
1.4592061e-09
1.4991892e-09
1.535987e-09
1.5661404e-09
1.5871716e-09
1.5975797e-09
1.596777e-09
1.5849707e-09
1.5630137e-09
1.5322303e-09
1.494248e-09
1.450842e-09
1.4038049e-09
1.3548448e-09
1.3055162e-09
1.2571824e-09
1.2110015e-09
1.1679282e-09
1.1287253e-09
1.0939865e-09
1.0641592e-09
1.0395678e-09
1.0204187e-09
1.0070726e-09
3.676616e-10
0.00016513924
5.8149953e-05
5.779086e-05
5.7202333e-05
5.6355668e-05
5.5250745e-05
5.3891954e-05
5.2280349e-05
5.042767e-05
4.8339481e-05
4.6026629e-05
4.3510404e-05
4.0810109e-05
3.7940117e-05
3.4948487e-05
3.1846808e-05
2.8674423e-05
2.5470236e-05
2.2278804e-05
1.9144472e-05
1.6105159e-05
1.3210184e-05
1.0482122e-05
7.9964424e-06
5.7801298e-06
3.8870119e-06
2.3526056e-06
1.1811691e-06
4.0421565e-07
2.6956749e-08
4.5581024e-09
3.920334e-09
3.317957e-09
2.7649705e-09
2.2746092e-09
1.8517723e-09
1.4986615e-09
1.2119197e-09
9.8494286e-10
8.0989912e-10
6.7879349e-10
5.8307305e-10
5.1616681e-10
4.7178929e-10
4.4526272e-10
4.3250605e-10
4.3035058e-10
4.3608224e-10
4.4734644e-10
4.6202475e-10
4.7824293e-10
4.9434287e-10
5.0893128e-10
5.2091231e-10
5.2951047e-10
5.3427201e-10
5.3504444e-10
5.319376e-10
5.2527159e-10
5.1552014e-10
5.0325307e-10
4.8908446e-10
4.736298e-10
4.5747271e-10
4.4114233e-10
4.2510085e-10
4.0973957e-10
3.953802e-10
3.8227958e-10
3.7063742e-10
3.6060612e-10
3.5230229e-10
3.4582026e-10
3.4112561e-10
9.9889805e-11
)
;

boundaryField
{
    axis
    {
        type            empty;
    }
    inlet
    {
        type            fixedValue;
        value           uniform 1e-05;
    }
    walls
    {
        type            fixedValue;
        value           uniform 1e-11;
    }
    atmosphere
    {
        type            inletOutlet;
        inletValue      uniform 0.001;
        value           nonuniform List<scalar> 
175
(
0.001
0.001
0.001
0.001
0.001
0.001
0.001
0.001
0.001
0.001
0.001
0.001
0.001
0.001
0.001
0.001
0.001
0.001
0.001
0.001
0.001
0.001
0.001
0.001
0.001
0.001
0.001
0.001
0.001
0.001
4.5581024e-09
3.920334e-09
3.317957e-09
2.7649705e-09
2.2746092e-09
1.8517723e-09
1.4986615e-09
1.2119197e-09
9.8494286e-10
8.0989912e-10
6.7879349e-10
5.8307305e-10
5.1616681e-10
4.7178929e-10
4.4526272e-10
4.3250605e-10
4.3035058e-10
4.3608224e-10
4.4734644e-10
4.6202475e-10
4.7824293e-10
4.9434287e-10
5.0893128e-10
5.2091231e-10
5.2951047e-10
5.3427201e-10
5.3504444e-10
5.319376e-10
5.2527159e-10
5.1552014e-10
5.0325307e-10
4.8908446e-10
4.736298e-10
4.5747271e-10
4.4114233e-10
4.2510085e-10
4.0973957e-10
3.953802e-10
3.8227958e-10
3.7063742e-10
3.6060612e-10
3.5230229e-10
3.4582026e-10
3.4112561e-10
9.9889805e-11
7.3219141e-10
7.108787e-10
6.8490301e-10
6.5605498e-10
6.2524498e-10
5.9342746e-10
5.614094e-10
5.2974493e-10
4.9889606e-10
4.6919352e-10
4.4086366e-10
4.1406481e-10
3.8868635e-10
3.676616e-10
9.9889805e-11
3.5298272e-10
3.6534896e-10
3.7741711e-10
3.8702341e-10
3.9533786e-10
4.0227594e-10
4.0785498e-10
4.1211092e-10
4.1511693e-10
4.1692081e-10
4.1758117e-10
4.2553956e-10
4.8963769e-10
5.6317525e-10
6.475507e-10
3.7335115e-11
3.9811817e-11
4.240819e-11
4.5164939e-11
4.8062664e-11
5.110073e-11
5.4277493e-11
5.7590915e-11
6.1038749e-11
6.4618397e-11
6.8324857e-11
7.2153332e-11
7.6098234e-11
8.0153677e-11
8.43125e-11
8.8566905e-11
9.2909057e-11
9.7328484e-11
1.018165e-10
1.0636325e-10
1.1095696e-10
1.1558752e-10
1.202437e-10
1.2491333e-10
1.2958486e-10
1.3424661e-10
1.3888748e-10
1.4349792e-10
1.4806749e-10
1.5258671e-10
1.570506e-10
1.6145396e-10
1.6579394e-10
1.7007223e-10
1.7429026e-10
1.7845905e-10
1.8283527e-10
2.1288807e-10
2.522408e-10
3.0065676e-10
1.0250177e-11
1.0267658e-11
1.03292e-11
1.0413762e-11
1.0532669e-11
1.0694349e-11
1.0892571e-11
1.1131272e-11
1.141459e-11
1.1746249e-11
1.2130196e-11
1.2570037e-11
1.3069677e-11
1.3632967e-11
1.4264336e-11
1.4968302e-11
1.5748986e-11
1.6610837e-11
1.755833e-11
1.8596076e-11
1.9728653e-11
2.0960629e-11
2.229649e-11
2.374068e-11
2.5298199e-11
2.697556e-11
2.8781085e-11
3.0724504e-11
3.277888e-11
3.4962734e-11
)
;
    }
    front
    {
        type            wedge;
    }
    back
    {
        type            wedge;
    }
}


// ************************************************************************* //
