/*--------------------------------*- C++ -*----------------------------------*\
| =========                 |                                                 |
| \\      /  F ield         | OpenFOAM: The Open Source CFD Toolbox           |
|  \\    /   O peration     | Version:  2.3.0                                 |
|   \\  /    A nd           | Web:      www.OpenFOAM.org                      |
|    \\/     M anipulation  |                                                 |
\*---------------------------------------------------------------------------*/
FoamFile
{
    version     2.0;
    format      ascii;
    class       surfaceScalarField;
    location    "2.3";
    object      phi;
}
// * * * * * * * * * * * * * * * * * * * * * * * * * * * * * * * * * * * * * //

dimensions      [0 3 -1 0 0 0 0];

internalField   nonuniform List<scalar> 
4432
(
-5.71621e-07
5.71621e-07
-7.86e-07
2.14375e-07
-8.31598e-07
4.55943e-08
-8.38075e-07
6.47306e-09
-8.65923e-07
2.78472e-08
-9.18099e-07
5.21822e-08
-9.80261e-07
6.21697e-08
-1.03843e-06
5.81733e-08
-1.08333e-06
4.49022e-08
-1.10714e-06
2.38147e-08
-1.10726e-06
1.31565e-10
-1.08205e-06
-2.52103e-08
-1.03481e-06
-4.72508e-08
-9.77958e-07
-5.68297e-08
-9.37023e-07
-4.09318e-08
-9.49525e-07
1.24838e-08
-1.06054e-06
1.11019e-07
-1.37929e-06
3.1874e-07
-2.40829e-06
1.02902e-06
-3.71626e-06
1.30799e-06
-4.21334e-06
4.97061e-07
-3.0894e-06
-1.12394e-06
-3.0894e-06
-4.65108e-07
1.03673e-06
-5.49613e-07
2.98872e-07
-5.99967e-07
9.59425e-08
-6.57364e-07
6.38719e-08
-7.2828e-07
9.87728e-08
-8.06342e-07
1.30255e-07
-8.79654e-07
1.3549e-07
-9.37521e-07
1.16045e-07
-9.72787e-07
8.01815e-08
-9.81229e-07
3.22569e-08
-9.58668e-07
-2.24309e-08
-9.05924e-07
-7.79319e-08
-8.29046e-07
-1.24129e-07
-7.42126e-07
-1.43746e-07
-6.70431e-07
-1.12629e-07
-6.51957e-07
-6.02271e-09
-7.35164e-07
1.94261e-07
-9.94449e-07
5.78031e-07
-1.45723e-06
1.49178e-06
-2.02744e-06
1.8782e-06
-2.48579e-06
9.55387e-07
-2.22035e-06
-1.38936e-06
-5.30977e-06
-2.93347e-07
1.33007e-06
-3.71659e-07
3.77176e-07
-4.42868e-07
1.67148e-07
-5.30868e-07
1.51875e-07
-6.26669e-07
1.94582e-07
-7.19757e-07
2.2335e-07
-7.99277e-07
2.15012e-07
-8.56477e-07
1.73245e-07
-8.85378e-07
1.09091e-07
-8.81968e-07
2.88477e-08
-8.43492e-07
-6.09094e-08
-7.71391e-07
-1.50017e-07
-6.7242e-07
-2.23101e-07
-5.60879e-07
-2.55295e-07
-4.61011e-07
-2.12497e-07
-4.0766e-07
-5.93939e-08
-4.42769e-07
2.29383e-07
-5.95078e-07
7.30338e-07
-7.24215e-07
1.6209e-06
-9.29312e-07
2.08331e-06
-1.21345e-06
1.23952e-06
-1.27066e-06
-1.33215e-06
-6.58044e-06
-1.348e-07
1.46487e-06
-2.19401e-07
4.61771e-07
-3.11413e-07
2.59159e-07
-4.20871e-07
2.61337e-07
-5.33443e-07
3.07161e-07
-6.36478e-07
3.26389e-07
-7.19652e-07
2.98189e-07
-7.75589e-07
2.29183e-07
-7.99386e-07
1.32893e-07
-7.87193e-07
1.66597e-08
-7.36714e-07
-1.1139e-07
-6.49492e-07
-2.37233e-07
-5.32083e-07
-3.40515e-07
-3.97991e-07
-3.89402e-07
-2.695e-07
-3.40987e-07
-1.77446e-07
-1.51462e-07
-1.53732e-07
2.05668e-07
-1.89137e-07
7.6574e-07
-1.56728e-07
1.58849e-06
-1.28711e-07
2.05531e-06
-2.22718e-07
1.33352e-06
-3.06998e-07
-1.24787e-06
-6.88744e-06
-9.39855e-09
1.47426e-06
-8.63963e-08
5.38764e-07
-1.9175e-07
3.64515e-07
-3.14297e-07
3.83888e-07
-4.36612e-07
4.2948e-07
-5.4492e-07
4.34698e-07
-6.29359e-07
3.82628e-07
-6.83688e-07
2.83511e-07
-7.03945e-07
1.53156e-07
-6.86262e-07
-1.01687e-09
-6.28078e-07
-1.69577e-07
-5.30556e-07
-3.34754e-07
-3.99452e-07
-4.71626e-07
-2.46789e-07
-5.42076e-07
-9.23255e-08
-4.95448e-07
3.75631e-08
-2.81363e-07
1.21081e-07
1.22145e-07
1.72276e-07
7.14548e-07
2.9626e-07
1.46451e-06
4.74962e-07
1.87662e-06
5.58534e-07
1.24993e-06
4.21027e-07
-1.11037e-06
-6.46641e-06
9.23563e-08
1.3819e-06
2.79398e-08
6.03179e-07
-7.89771e-08
4.71435e-07
-2.05124e-07
5.10038e-07
-3.29611e-07
5.53968e-07
-4.3796e-07
5.43044e-07
-5.20883e-07
4.6555e-07
-5.73203e-07
3.3583e-07
-5.91793e-07
1.7175e-07
-5.72444e-07
-2.03607e-08
-5.11893e-07
-2.30131e-07
-4.10587e-07
-4.36062e-07
-2.73088e-07
-6.09128e-07
-1.09538e-07
-7.05629e-07
6.29937e-08
-6.67975e-07
2.21642e-07
-4.40021e-07
3.50746e-07
-6.95992e-09
4.6647e-07
5.98831e-07
6.40813e-07
1.29016e-06
8.7647e-07
1.64095e-06
1.04668e-06
1.0797e-06
9.04933e-07
-9.68625e-07
-5.56148e-06
1.68371e-07
1.21352e-06
1.28014e-07
6.43537e-07
2.98369e-08
5.69616e-07
-8.95955e-08
6.29472e-07
-2.07731e-07
6.721e-07
-3.10062e-07
6.4537e-07
-3.88134e-07
5.43624e-07
-4.37887e-07
3.85585e-07
-4.56909e-07
1.90775e-07
-4.40409e-07
-3.68576e-08
-3.84236e-07
-2.86309e-07
-2.88048e-07
-5.32252e-07
-1.55091e-07
-7.42081e-07
6.55871e-09
-8.67277e-07
1.82395e-07
-8.43808e-07
3.51846e-07
-6.09477e-07
5.0177e-07
-1.56879e-07
6.43732e-07
4.56877e-07
8.22319e-07
1.11157e-06
1.03125e-06
1.43203e-06
1.17635e-06
9.34599e-07
1.04984e-06
-8.42105e-07
-4.51163e-06
2.22742e-07
9.90783e-07
2.13695e-07
6.52587e-07
1.34463e-07
6.4885e-07
3.23728e-08
7.31562e-07
-7.04734e-08
7.74943e-07
-1.60291e-07
7.35184e-07
-2.29876e-07
6.1321e-07
-2.76375e-07
4.32087e-07
-2.97879e-07
2.1228e-07
-2.89014e-07
-4.57233e-08
-2.44805e-07
-3.30523e-07
-1.6456e-07
-6.12497e-07
-5.0487e-08
-8.56151e-07
9.15033e-08
-1.00927e-06
2.49623e-07
-1.00193e-06
4.04656e-07
-7.64513e-07
5.42807e-07
-2.95034e-07
6.66277e-07
3.334e-07
7.87334e-07
9.90493e-07
8.72658e-07
1.3467e-06
8.22344e-07
9.84922e-07
4.36039e-07
-4.55793e-07
-4.0756e-06
-5.0598e-06
5.0598e-06
-8.4619e-06
3.4021e-06
-7.9922e-06
-4.69701e-07
-6.31332e-06
-1.67887e-06
-4.21124e-06
-2.10208e-06
-1.6773e-06
-2.53394e-06
9.89577e-07
-2.66687e-06
2.42451e-06
-1.43494e-06
6.13422e-07
1.81106e-06
-3.17923e-06
3.79265e-06
-5.93056e-06
2.75134e-06
-7.08036e-06
1.1498e-06
-8.91634e-06
1.83597e-06
-1.31552e-05
4.23885e-06
-1.62719e-05
3.11667e-06
-1.55166e-05
-7.55326e-07
-1.12939e-05
-4.22265e-06
-4.50331e-06
-6.79059e-06
-4.5033e-06
-5.73944e-06
1.07992e-05
-7.29619e-06
4.95885e-06
-7.1555e-06
-6.10394e-07
-6.29817e-06
-2.5362e-06
-4.90534e-06
-3.49491e-06
-3.1445e-06
-4.2948e-06
-1.43354e-06
-4.37784e-06
-6.47076e-07
-2.22141e-06
-1.64264e-06
2.80663e-06
-4.43271e-06
6.58271e-06
-6.93954e-06
5.25819e-06
-8.40342e-06
2.61367e-06
-1.02996e-05
3.73212e-06
-1.27069e-05
6.64615e-06
-1.38824e-05
4.2922e-06
-1.31919e-05
-1.44581e-06
-1.02492e-05
-7.16533e-06
-5.06537e-06
-1.19745e-05
-9.56866e-06
-5.11873e-06
1.5918e-05
-6.25464e-06
6.09477e-06
-6.6464e-06
-2.18645e-07
-6.33676e-06
-2.84584e-06
-5.47277e-06
-4.35889e-06
-4.26909e-06
-5.49848e-06
-3.1742e-06
-5.47273e-06
-2.84272e-06
-2.55286e-06
-3.5994e-06
3.56332e-06
-5.38262e-06
8.36592e-06
-7.35068e-06
7.22627e-06
-8.81402e-06
4.07703e-06
-1.00112e-05
4.92929e-06
-1.09245e-05
7.55945e-06
-1.13051e-05
4.67283e-06
-1.07904e-05
-1.96059e-06
-8.31526e-06
-9.64043e-06
-4.4936e-06
-1.57961e-05
-1.40623e-05
-4.38072e-06
2.02987e-05
-5.64182e-06
7.35588e-06
-6.41588e-06
5.55409e-07
-6.54816e-06
-2.71357e-06
-6.12767e-06
-4.77937e-06
-5.35941e-06
-6.26673e-06
-4.64159e-06
-6.19054e-06
-4.60413e-06
-2.5903e-06
-5.36375e-06
4.32295e-06
-6.50171e-06
9.50387e-06
-7.86162e-06
8.58618e-06
-9.06549e-06
5.2809e-06
-9.69345e-06
5.55725e-06
-9.65736e-06
7.52334e-06
-9.34866e-06
4.36415e-06
-8.46276e-06
-2.84649e-06
-6.2756e-06
-1.18276e-05
-3.65453e-06
-1.84172e-05
-1.77168e-05
-3.82753e-06
2.41262e-05
-5.34595e-06
8.87429e-06
-6.44787e-06
1.65734e-06
-6.94171e-06
-2.21972e-06
-6.90088e-06
-4.82018e-06
-6.48614e-06
-6.68146e-06
-6.024e-06
-6.65268e-06
-6.14072e-06
-2.47358e-06
-6.9134e-06
5.09562e-06
-7.62243e-06
1.02129e-05
-8.37693e-06
9.34066e-06
-9.24259e-06
6.14656e-06
-9.45106e-06
5.76572e-06
-8.69259e-06
6.76484e-06
-7.71865e-06
3.39021e-06
-6.33485e-06
-4.23031e-06
-4.58445e-06
-1.3578e-05
-2.80404e-06
-2.01976e-05
-2.05208e-05
-3.5998e-06
2.7726e-05
-5.38799e-06
1.06625e-05
-6.73813e-06
3.00749e-06
-7.51253e-06
-1.44533e-06
-7.79615e-06
-4.53655e-06
-7.68867e-06
-6.78895e-06
-7.38942e-06
-6.95194e-06
-7.51879e-06
-2.34422e-06
-8.21637e-06
5.79319e-06
-8.58246e-06
1.0579e-05
-8.87294e-06
9.63114e-06
-9.2739e-06
6.54752e-06
-9.10584e-06
5.59766e-06
-7.86318e-06
5.52216e-06
-6.25065e-06
1.77768e-06
-4.56094e-06
-5.92003e-06
-3.06155e-06
-1.50774e-05
-1.92397e-06
-2.13352e-05
-2.24448e-05
-3.76782e-06
3.14938e-05
-5.82951e-06
1.27242e-05
-7.2821e-06
4.46009e-06
-8.23747e-06
-4.89972e-07
-8.79359e-06
-3.98043e-06
-8.98272e-06
-6.59982e-06
-8.82234e-06
-7.11232e-06
-8.80276e-06
-2.36379e-06
-9.25741e-06
6.24785e-06
-9.32443e-06
1.0646e-05
-9.17925e-06
9.48596e-06
-9.06128e-06
6.42954e-06
-8.50055e-06
5.03693e-06
-6.93453e-06
3.95613e-06
-4.88019e-06
-2.76664e-07
-2.95572e-06
-7.84452e-06
-1.52255e-06
-1.65105e-05
-9.34467e-07
-2.19233e-05
-2.33793e-05
-4.70797e-06
3.62018e-05
-6.716e-06
1.47322e-05
-8.04785e-06
5.79196e-06
-9.06602e-06
5.2819e-07
-9.84587e-06
-3.20057e-06
-1.0339e-05
-6.10666e-06
-1.03878e-05
-7.06359e-06
-1.01556e-05
-2.59597e-06
-1.00961e-05
6.18842e-06
-9.66611e-06
1.0216e-05
-9.15584e-06
8.97569e-06
-8.53021e-06
5.80391e-06
-7.57772e-06
4.08444e-06
-5.75031e-06
2.12873e-06
-3.40452e-06
-2.62245e-06
-1.27297e-06
-9.97606e-06
1.27868e-07
-1.79114e-05
2.73378e-07
-2.20688e-05
-2.31059e-05
5.73156e-07
4.17627e-07
6.79237e-07
5.4651e-07
5.98592e-07
7.29494e-07
4.62939e-07
8.67212e-07
3.18553e-07
9.19323e-07
1.86237e-07
8.67497e-07
7.60292e-08
7.23419e-07
-9.08817e-09
5.17207e-07
-6.67766e-08
2.69969e-07
-8.34519e-08
-2.90475e-08
-4.58402e-08
-3.68133e-07
4.35389e-08
-7.01868e-07
1.79766e-07
-9.92365e-07
3.57357e-07
-1.18685e-06
5.67923e-07
-1.21249e-06
7.72116e-07
-9.68696e-07
9.31175e-07
-4.5409e-07
1.00712e-06
2.57452e-07
8.96858e-07
1.10077e-06
3.43218e-07
1.90036e-06
-1.20438e-06
2.53251e-06
-4.7934e-06
3.13322e-06
4.53047e-06
-1.33995e-05
4.39729e-07
-2.2101e-08
6.39512e-07
3.46729e-07
7.08118e-07
6.60886e-07
7.38323e-07
8.37004e-07
7.4585e-07
9.11792e-07
7.11795e-07
9.01551e-07
6.47278e-07
7.87938e-07
5.74965e-07
5.8952e-07
4.99826e-07
3.45104e-07
4.61671e-07
9.10317e-09
4.47583e-07
-3.54045e-07
4.25822e-07
-6.80102e-07
3.50202e-07
-9.16743e-07
2.06708e-07
-1.04337e-06
8.49111e-08
-1.0907e-06
-1.47403e-08
-8.69056e-07
-1.0952e-07
-3.59328e-07
-3.33912e-07
4.81848e-07
-1.05415e-06
1.82102e-06
-2.79674e-06
3.64293e-06
-6.48486e-06
6.22062e-06
-1.29191e-05
9.56745e-06
1.3254e-05
-2.16426e-05
-3.56372e-07
3.34277e-07
6.05355e-08
-7.01963e-08
5.00345e-07
2.21071e-07
8.55904e-07
4.81429e-07
1.14574e-06
6.21949e-07
1.20525e-06
8.4204e-07
1.01036e-06
9.82825e-07
8.38472e-07
7.61409e-07
7.53169e-07
4.30411e-07
7.25503e-07
3.67833e-08
6.60156e-07
-2.88686e-07
4.8521e-07
-5.05157e-07
-1.3659e-07
-2.94955e-07
-1.31929e-06
1.3932e-07
-2.41511e-06
5.09974e-09
-3.17793e-06
-1.06243e-07
-3.50436e-06
-3.28927e-08
-3.84644e-06
8.23975e-07
-5.05196e-06
3.02647e-06
-7.89579e-06
6.48684e-06
-1.41559e-05
1.24807e-05
-2.36943e-05
1.91058e-05
2.1653e-05
-3.20933e-05
-5.75402e-06
6.08829e-06
-4.89183e-06
-9.32453e-07
-2.41374e-06
-2.25706e-06
-1.196e-06
-7.36344e-07
-4.77839e-08
-5.2628e-07
1.65904e-07
6.28333e-07
-2.72066e-06
3.86941e-06
-4.96806e-06
3.00883e-06
-4.75223e-06
2.14581e-07
-5.25325e-06
5.3777e-07
-5.81792e-06
2.75947e-07
-6.76373e-06
4.40632e-07
-1.00732e-05
3.01449e-06
-2.07323e-05
1.07984e-05
-3.35961e-05
1.2869e-05
-3.4885e-05
1.18261e-06
-3.11268e-05
-3.79104e-06
-2.6231e-05
-4.07184e-06
-2.17115e-05
-1.49294e-06
-1.7314e-05
2.08925e-06
-1.70398e-05
1.22065e-05
-2.52846e-05
2.73506e-05
3.20406e-05
-3.56724e-05
-1.04403e-05
1.65285e-05
-1.39732e-05
2.60035e-06
-1.39736e-05
-2.25672e-06
-1.47969e-05
8.68603e-08
-1.46845e-05
-6.38743e-07
-1.46062e-05
5.501e-07
-1.74389e-05
6.70217e-06
-1.89307e-05
4.50061e-06
-1.98912e-05
1.17509e-06
-2.13688e-05
2.01536e-06
-2.34774e-05
2.38453e-06
-2.60025e-05
2.96573e-06
-3.13095e-05
8.32146e-06
-4.44199e-05
2.39089e-05
-5.64484e-05
2.48975e-05
-5.65451e-05
1.27933e-06
-5.49695e-05
-5.36664e-06
-5.20965e-05
-6.94498e-06
-4.63773e-05
-7.21215e-06
-3.90275e-05
-5.26053e-06
-3.13708e-05
4.54998e-06
-2.7982e-05
2.39618e-05
3.07959e-05
-2.67376e-05
-1.67438e-06
1.82027e-05
-7.46574e-06
8.39158e-06
-1.53773e-05
5.65471e-06
-2.04214e-05
5.13085e-06
-2.21841e-05
1.12387e-06
-2.25357e-05
9.01681e-07
-2.09391e-05
5.10558e-06
-2.15484e-05
5.10992e-06
-2.6397e-05
6.02371e-06
-3.05023e-05
6.12064e-06
-3.3529e-05
5.41123e-06
-3.6332e-05
5.76866e-06
-4.08002e-05
1.27896e-05
-4.7167e-05
3.02758e-05
-5.33484e-05
3.10789e-05
-5.69138e-05
4.84473e-06
-6.05049e-05
-1.77548e-06
-6.24271e-05
-5.02271e-06
-6.0656e-05
-8.98323e-06
-5.78894e-05
-8.02722e-06
-5.27783e-05
-5.61227e-07
-4.47332e-05
1.59169e-05
2.45879e-05
-3.8525e-05
-2.12993e-06
2.03325e-05
-7.95192e-06
1.42134e-05
-1.33724e-05
1.1075e-05
-1.72806e-05
9.03892e-06
-2.19815e-05
5.82452e-06
-2.58899e-05
4.81012e-06
-2.78097e-05
7.0253e-06
-3.32051e-05
1.05053e-05
-4.03101e-05
1.31286e-05
-4.40292e-05
9.83971e-06
-4.34223e-05
4.80421e-06
-4.24329e-05
4.77924e-06
-4.22613e-05
1.26181e-05
-3.95905e-05
2.76048e-05
-3.87914e-05
3.02798e-05
-5.03091e-05
1.63626e-05
-6.29766e-05
1.0892e-05
-6.89878e-05
9.88463e-07
-7.05245e-05
-7.44656e-06
-7.16209e-05
-6.93075e-06
-6.99006e-05
-2.28157e-06
-6.02781e-05
6.29441e-06
1.51488e-05
-5.0839e-05
-2.49373e-06
2.28261e-05
-6.49207e-06
1.82115e-05
-1.06147e-05
1.51975e-05
-1.46976e-05
1.31215e-05
-1.99023e-05
1.1029e-05
-2.57318e-05
1.06395e-05
-3.15987e-05
1.28922e-05
-3.74294e-05
1.6336e-05
-4.22687e-05
1.7968e-05
-4.38001e-05
1.13712e-05
-4.27786e-05
3.78266e-06
-4.11263e-05
3.1269e-06
-3.73548e-05
8.84664e-06
-3.10936e-05
2.13438e-05
-3.05999e-05
2.97861e-05
-4.04257e-05
2.61886e-05
-5.11429e-05
2.16091e-05
-6.17799e-05
1.16257e-05
-7.217e-05
2.9436e-06
-7.5123e-05
-3.9779e-06
-7.3015e-05
-4.38957e-06
-6.59592e-05
-7.61464e-07
5.31664e-06
-5.61271e-05
-1.5916e-06
2.44176e-05
-4.53594e-06
2.11557e-05
-7.94044e-06
1.86019e-05
-1.17172e-05
1.68979e-05
-1.6439e-05
1.57506e-05
-2.17295e-05
1.593e-05
-2.66878e-05
1.78505e-05
-3.07935e-05
2.04415e-05
-3.35198e-05
2.06943e-05
-3.6089e-05
1.39405e-05
-3.7953e-05
5.64668e-06
-3.83084e-05
3.48221e-06
-3.57799e-05
6.31813e-06
-2.98609e-05
1.54248e-05
-2.69477e-05
2.6873e-05
-3.04073e-05
2.96484e-05
-3.49264e-05
2.61279e-05
-4.25256e-05
1.92247e-05
-5.48286e-05
1.52465e-05
-6.6384e-05
7.57774e-06
-6.61328e-05
-4.64087e-06
-6.18237e-05
-5.07042e-06
-1.47669e-06
-5.50303e-05
-6.07115e-07
2.50247e-05
-2.66639e-06
2.32148e-05
-5.35743e-06
2.12927e-05
-8.47077e-06
2.00111e-05
-1.21193e-05
1.9399e-05
-1.59178e-05
1.97284e-05
-1.91311e-05
2.10639e-05
-2.12659e-05
2.25762e-05
-2.26148e-05
2.20431e-05
-2.56971e-05
1.70228e-05
-3.05194e-05
1.0469e-05
-3.32655e-05
6.22837e-06
-3.3417e-05
6.46967e-06
-3.05766e-05
1.25844e-05
-2.62374e-05
2.25338e-05
-2.49194e-05
2.83305e-05
-2.36408e-05
2.48494e-05
-2.50777e-05
2.06617e-05
-3.00258e-05
2.01944e-05
-4.10434e-05
1.85954e-05
-5.26359e-05
6.95165e-06
-5.55865e-05
-2.11978e-06
-5.84916e-06
-5.12141e-05
3.87694e-09
2.50207e-05
-1.27706e-06
2.44957e-05
-3.18123e-06
2.31965e-05
-5.44087e-06
2.22706e-05
-7.92488e-06
2.18828e-05
-1.03167e-05
2.212e-05
-1.2128e-05
2.28751e-05
-1.30663e-05
2.35145e-05
-1.37125e-05
2.26893e-05
-1.59331e-05
1.92432e-05
-1.9988e-05
1.45238e-05
-2.46254e-05
1.08657e-05
-2.78376e-05
9.68204e-06
-2.78361e-05
1.2583e-05
-2.45038e-05
1.92015e-05
-2.06806e-05
2.45074e-05
-1.67898e-05
2.09584e-05
-1.49486e-05
1.88206e-05
-1.39396e-05
1.91854e-05
-1.68826e-05
2.15384e-05
-2.42227e-05
1.42918e-05
-3.08924e-05
4.54999e-06
-3.19692e-06
-3.35446e-05
1.698e-07
2.48509e-05
-4.86553e-07
2.51518e-05
-1.64592e-06
2.43556e-05
-3.06339e-06
2.36879e-05
-4.54693e-06
2.33663e-05
-5.85775e-06
2.34307e-05
-6.71581e-06
2.37331e-05
-7.01665e-06
2.38152e-05
-7.23292e-06
2.29056e-05
-8.45804e-06
2.04683e-05
-1.11179e-05
1.71834e-05
-1.46552e-05
1.44029e-05
-1.80881e-05
1.31148e-05
-1.99483e-05
1.44432e-05
-1.86862e-05
1.79394e-05
-1.47622e-05
2.05834e-05
-1.16874e-05
1.78837e-05
-9.12804e-06
1.62612e-05
-7.28139e-06
1.73388e-05
-5.74093e-06
1.99981e-05
-6.99315e-06
1.55441e-05
-9.69225e-06
7.24902e-06
-5.86567e-07
-1.23027e-05
7.49864e-08
2.47759e-05
-1.91103e-07
2.54177e-05
-7.66067e-07
2.49306e-05
-1.48897e-06
2.44107e-05
-2.20427e-06
2.40816e-05
-2.74451e-06
2.39711e-05
-2.96153e-06
2.39501e-05
-2.85668e-06
2.37105e-05
-2.76826e-06
2.28172e-05
-3.31989e-06
2.102e-05
-4.826e-06
1.86895e-05
-7.0228e-06
1.65997e-05
-9.33671e-06
1.54286e-05
-1.06663e-05
1.57728e-05
-1.00768e-05
1.73501e-05
-7.76518e-06
1.82715e-05
-6.2426e-06
1.63611e-05
-4.77135e-06
1.479e-05
-3.21831e-06
1.57857e-05
-2.26493e-07
1.70061e-05
1.17966e-06
1.41379e-05
7.36843e-07
7.69171e-06
1.03601e-06
-8.85689e-07
-1.24216e-07
2.49e-05
-2.12234e-07
2.55054e-05
-3.97327e-07
2.51157e-05
-6.21219e-07
2.46346e-05
-7.90334e-07
2.42507e-05
-8.04457e-07
2.39853e-05
-5.96438e-07
2.37421e-05
-2.07322e-07
2.33215e-05
1.30457e-07
2.24794e-05
5.3904e-08
2.10964e-05
-6.33681e-07
1.9377e-05
-1.80258e-06
1.77688e-05
-3.06558e-06
1.66914e-05
-3.73829e-06
1.64453e-05
-3.1993e-06
1.68115e-05
-1.71954e-06
1.67916e-05
-8.40429e-07
1.54819e-05
-3.45575e-07
1.42948e-05
1.13606e-06
1.43039e-05
3.73326e-06
1.4409e-05
5.72713e-06
1.21441e-05
6.08081e-06
7.33808e-06
1.92864e-06
5.18793e-06
-3.41257e-07
2.5241e-05
-3.79691e-07
2.55437e-05
-3.40163e-07
2.50759e-05
-2.44684e-07
2.45392e-05
-5.79695e-08
2.40639e-05
2.67565e-07
2.36597e-05
7.51865e-07
2.32578e-05
1.34336e-06
2.27301e-05
1.88608e-06
2.19368e-05
2.16471e-06
2.08176e-05
2.05496e-06
1.94867e-05
1.63022e-06
1.81937e-05
1.13729e-06
1.71846e-05
9.79266e-07
1.66033e-05
1.48125e-06
1.63094e-05
2.45005e-06
1.58227e-05
3.19031e-06
1.47415e-05
3.78832e-06
1.36969e-05
4.95357e-06
1.31386e-05
6.90109e-06
1.24616e-05
8.65136e-06
1.03938e-05
9.22427e-06
6.76512e-06
2.46844e-06
8.68437e-06
-5.14885e-07
2.57557e-05
-5.56886e-07
2.55855e-05
-4.02948e-07
2.49218e-05
-1.25547e-07
2.42619e-05
2.70091e-07
2.36682e-05
7.95611e-07
2.31341e-05
1.44744e-06
2.2606e-05
2.17618e-06
2.20013e-05
2.87583e-06
2.1237e-05
3.41426e-06
2.02791e-05
3.71356e-06
1.91875e-05
3.80986e-06
1.80972e-05
3.85033e-06
1.71439e-05
4.05732e-06
1.63965e-05
4.59328e-06
1.57733e-05
5.37215e-06
1.50439e-05
6.07864e-06
1.40351e-05
6.78036e-06
1.29953e-05
7.83101e-06
1.2088e-05
9.3239e-06
1.09686e-05
1.07039e-05
9.01372e-06
1.13539e-05
6.11504e-06
2.81291e-06
1.10094e-05
-5.97099e-07
2.63528e-05
-6.41317e-07
2.56295e-05
-4.30365e-07
2.47111e-05
-6.23567e-08
2.38939e-05
4.37128e-07
2.31688e-05
1.06324e-06
2.2508e-05
1.80189e-06
2.18674e-05
2.61164e-06
2.11916e-05
3.41944e-06
2.04291e-05
4.1407e-06
1.95577e-05
4.72254e-06
1.86057e-05
5.17812e-06
1.76417e-05
5.58692e-06
1.6735e-05
6.06709e-06
1.59164e-05
6.70148e-06
1.5139e-05
7.45552e-06
1.42897e-05
8.20301e-06
1.32875e-05
8.98416e-06
1.22141e-05
9.96543e-06
1.11068e-05
1.11592e-05
9.77492e-06
1.225e-05
7.92313e-06
1.2846e-05
5.51916e-06
2.93626e-06
1.27228e-05
-5.5827e-07
2.6911e-05
-5.63872e-07
2.56349e-05
-3.12384e-07
2.44599e-05
9.34659e-08
2.34879e-05
6.28146e-07
2.26342e-05
1.28559e-06
2.18507e-05
2.05273e-06
2.11004e-05
2.89735e-06
2.0347e-05
3.76805e-06
1.95583e-05
4.60766e-06
1.87182e-05
5.37707e-06
1.78365e-05
6.07485e-06
1.69439e-05
6.73848e-06
1.60715e-05
7.42645e-06
1.52284e-05
8.18022e-06
1.43851e-05
8.988e-06
1.34817e-05
9.80277e-06
1.24726e-05
1.06442e-05
1.13726e-05
1.15776e-05
1.01736e-05
1.25806e-05
8.77216e-06
1.34663e-05
7.03762e-06
1.3996e-05
4.98967e-06
2.90423e-06
1.40281e-05
-3.84937e-07
2.72957e-05
-2.88308e-07
2.55382e-05
1.36944e-08
2.41579e-05
4.2977e-07
2.30718e-05
9.56581e-07
2.21075e-05
1.60121e-06
2.1206e-05
2.358e-06
2.03435e-05
3.20353e-06
1.95014e-05
4.10038e-06
1.86615e-05
5.007e-06
1.78116e-05
5.89205e-06
1.69516e-05
6.74549e-06
1.60904e-05
7.57988e-06
1.52371e-05
8.42004e-06
1.43883e-05
9.2837e-06
1.35216e-05
1.01656e-05
1.25999e-05
1.10462e-05
1.1592e-05
1.19302e-05
1.04888e-05
1.2833e-05
9.27102e-06
1.37205e-05
7.88478e-06
1.44773e-05
6.28085e-06
1.4962e-05
4.50499e-06
2.75176e-06
1.51145e-05
-9.05156e-08
2.7386e-05
1.85406e-07
2.52624e-05
5.59325e-07
2.37838e-05
9.7133e-07
2.26599e-05
1.4656e-06
2.16133e-05
2.07435e-06
2.05973e-05
2.80096e-06
1.96169e-05
3.62789e-06
1.86744e-05
4.52584e-06
1.77636e-05
5.46206e-06
1.68756e-05
6.40963e-06
1.60041e-05
7.35406e-06
1.51461e-05
8.29388e-06
1.42974e-05
9.23498e-06
1.34475e-05
1.01809e-05
1.25758e-05
1.11255e-05
1.16555e-05
1.20558e-05
1.06617e-05
1.29661e-05
9.57868e-06
1.38489e-05
8.38825e-06
1.46696e-05
7.06418e-06
1.53543e-05
5.59602e-06
1.5823e-05
4.03624e-06
2.52511e-06
1.60497e-05
2.79078e-07
2.7107e-05
8.146e-07
2.47268e-05
1.27223e-06
2.33261e-05
1.67371e-06
2.22585e-05
2.12995e-06
2.11572e-05
2.70331e-06
2.0024e-05
3.40102e-06
1.89192e-05
4.20652e-06
1.78689e-05
5.09406e-06
1.68761e-05
6.03613e-06
1.59337e-05
7.00906e-06
1.50313e-05
7.99679e-06
1.41585e-05
8.99079e-06
1.33036e-05
9.98689e-06
1.24515e-05
1.09803e-05
1.15825e-05
1.1962e-05
1.06739e-05
1.29188e-05
9.70479e-06
1.38384e-05
8.65911e-06
1.47042e-05
7.52257e-06
1.54844e-05
6.28399e-06
1.61305e-05
4.95002e-06
1.65963e-05
3.57047e-06
2.25127e-06
1.68702e-05
7.33487e-07
2.63735e-05
1.39223e-06
2.40679e-05
2.00865e-06
2.27096e-05
2.41003e-06
2.18571e-05
2.86239e-06
2.07047e-05
3.43569e-06
1.94507e-05
4.1307e-06
1.82242e-05
4.92923e-06
1.70705e-05
5.80805e-06
1.59974e-05
6.74435e-06
1.49973e-05
7.71851e-06
1.4057e-05
8.71549e-06
1.31615e-05
9.72442e-06
1.22948e-05
1.07367e-05
1.14393e-05
1.17434e-05
1.05758e-05
1.2733e-05
9.68421e-06
1.36915e-05
8.74639e-06
1.46029e-05
7.74779e-06
1.54476e-05
6.67795e-06
1.61983e-05
5.53343e-06
1.6821e-05
4.32732e-06
1.72877e-05
3.1038e-06
1.94585e-06
1.75932e-05
1.05111e-06
2.53223e-05
1.73727e-06
2.33815e-05
2.46507e-06
2.19818e-05
2.9946e-06
2.13275e-05
3.55056e-06
2.01486e-05
4.19996e-06
1.88012e-05
4.9405e-06
1.74836e-05
5.75894e-06
1.62522e-05
6.63943e-06
1.5117e-05
7.56677e-06
1.40699e-05
8.52754e-06
1.30962e-05
9.51032e-06
1.21787e-05
1.05053e-05
1.12999e-05
1.1503e-05
1.04416e-05
1.24936e-05
9.58533e-06
1.34646e-05
8.71326e-06
1.44017e-05
7.80952e-06
1.52879e-05
6.8617e-06
1.61039e-05
5.86219e-06
1.68261e-05
4.8113e-06
1.74298e-05
3.72361e-06
1.78964e-05
2.63717e-06
1.61889e-06
1.82233e-05
1.05944e-06
2.42628e-05
1.90879e-06
2.2532e-05
2.61867e-06
2.12718e-05
3.38929e-06
2.05568e-05
4.16219e-06
1.93756e-05
4.95992e-06
1.80033e-05
5.78913e-06
1.66543e-05
6.65086e-06
1.53906e-05
7.54266e-06
1.42253e-05
8.46026e-06
1.31523e-05
9.3984e-06
1.21581e-05
1.03511e-05
1.12262e-05
1.13117e-05
1.03396e-05
1.22724e-05
9.48104e-06
1.32241e-05
8.63384e-06
1.41553e-05
7.78233e-06
1.50522e-05
6.91293e-06
1.58989e-05
6.01533e-06
1.66772e-05
5.08403e-06
1.73676e-05
4.12103e-06
1.79509e-05
3.14027e-06
1.84139e-05
2.17415e-06
1.27789e-06
1.87548e-05
1.15652e-06
2.31062e-05
2.00782e-06
2.16806e-05
2.78789e-06
2.04917e-05
3.77919e-06
1.95655e-05
4.77504e-06
1.83799e-05
5.72829e-06
1.705e-05
6.65168e-06
1.57309e-05
7.55967e-06
1.44826e-05
8.46271e-06
1.33222e-05
9.36705e-06
1.22479e-05
1.02753e-05
1.12499e-05
1.11872e-05
1.03145e-05
1.21e-05
9.42703e-06
1.30087e-05
8.57249e-06
1.39063e-05
7.73656e-06
1.47829e-05
6.90604e-06
1.56264e-05
6.06967e-06
1.64228e-05
5.21919e-06
1.71562e-05
4.35071e-06
1.78103e-05
3.46698e-06
1.83699e-05
2.58064e-06
1.88248e-05
1.71919e-06
9.29007e-07
1.91736e-05
1.45425e-06
2.16517e-05
2.28124e-06
2.08535e-05
3.22423e-06
1.95484e-05
4.3417e-06
1.8448e-05
5.46071e-06
1.7261e-05
6.51081e-06
1.59998e-05
7.4956e-06
1.47461e-05
8.43192e-06
1.35462e-05
9.33602e-06
1.24179e-05
1.02202e-05
1.13637e-05
1.10924e-05
1.03777e-05
1.19568e-05
9.4502e-06
1.28144e-05
8.5696e-06
1.3663e-05
7.72396e-06
1.4498e-05
6.90174e-06
1.53118e-05
6.09237e-06
1.60947e-05
5.28697e-06
1.68347e-05
4.47926e-06
1.75187e-05
3.66671e-06
1.81332e-05
2.85246e-06
1.8666e-05
2.04782e-06
1.9109e-05
1.27629e-06
5.77332e-07
1.94607e-05
1.67905e-06
1.99724e-05
2.75468e-06
1.97778e-05
3.84993e-06
1.84529e-05
5.01664e-06
1.72813e-05
6.16932e-06
1.61084e-05
7.25217e-06
1.49171e-05
8.25843e-06
1.37398e-05
9.20004e-06
1.26043e-05
1.00925e-05
1.15252e-05
1.09497e-05
1.05065e-05
1.1782e-05
9.54545e-06
1.25964e-05
8.63586e-06
1.33965e-05
7.76952e-06
1.41829e-05
6.93764e-06
1.49531e-05
6.13159e-06
1.57021e-05
5.34349e-06
1.64224e-05
4.56681e-06
1.71045e-05
3.79716e-06
1.7738e-05
3.0333e-06
1.83118e-05
2.27868e-06
1.88162e-05
1.54354e-06
1.92444e-05
8.48219e-07
2.26698e-07
1.95953e-05
1.78824e-06
1.81842e-05
3.1464e-06
1.84196e-05
4.38815e-06
1.7211e-05
5.60432e-06
1.60651e-05
6.76848e-06
1.49444e-05
7.8552e-06
1.38305e-05
8.8602e-06
1.27347e-05
9.79233e-06
1.1672e-05
1.06651e-05
1.06524e-05
1.14918e-05
9.67977e-06
1.22838e-05
8.75356e-06
1.30495e-05
7.87021e-06
1.37945e-05
7.02459e-06
1.45214e-05
6.21094e-06
1.52297e-05
5.42344e-06
1.59166e-05
4.6568e-06
1.65768e-05
3.90675e-06
1.72034e-05
3.17071e-06
1.77882e-05
2.44867e-06
1.83226e-05
1.7445e-06
1.87986e-05
1.06769e-06
1.92108e-05
4.36167e-07
-1.2043e-07
1.95581e-05
1.78675e-06
1.63976e-05
3.33934e-06
1.6867e-05
4.7095e-06
1.58408e-05
5.97706e-06
1.47977e-05
7.15424e-06
1.37674e-05
8.23923e-06
1.27456e-05
9.23541e-06
1.17385e-05
1.01523e-05
1.0755e-05
1.10027e-05
9.80208e-06
1.17993e-05
8.8833e-06
1.25536e-05
7.99932e-06
1.32751e-05
7.14886e-06
1.39704e-05
6.32941e-06
1.46437e-05
5.5379e-06
1.52962e-05
4.77115e-06
1.5927e-05
4.02629e-06
1.65328e-05
3.30116e-06
1.71088e-05
2.59489e-06
1.76489e-05
1.90867e-06
1.81467e-05
1.24687e-06
1.8596e-05
6.18592e-07
1.89923e-05
3.99929e-08
-4.62776e-07
1.93347e-05
1.71703e-06
1.46807e-05
3.35506e-06
1.52291e-05
4.79897e-06
1.43969e-05
6.10174e-06
1.3495e-05
7.28766e-06
1.25814e-05
8.36787e-06
1.16652e-05
9.35207e-06
1.07541e-05
1.02517e-05
9.85536e-06
1.10794e-05
8.97448e-06
1.18477e-05
8.11501e-06
1.25684e-05
7.27874e-06
1.32512e-05
6.46622e-06
1.39036e-05
5.67721e-06
1.45306e-05
4.91107e-06
1.5135e-05
4.16701e-06
1.57171e-05
3.44436e-06
1.62754e-05
2.74291e-06
1.68071e-05
2.06335e-06
1.73078e-05
1.40801e-06
1.77729e-05
7.8184e-07
1.81977e-05
1.93787e-07
1.85789e-05
-3.41232e-07
-7.99874e-07
1.8916e-05
1.61597e-06
1.30648e-05
3.24401e-06
1.3601e-05
4.69748e-06
1.29435e-05
6.00237e-06
1.21903e-05
7.18044e-06
1.14032e-05
8.24637e-06
1.05991e-05
9.21248e-06
9.78793e-06
1.00911e-05
8.97678e-06
1.08949e-05
8.17084e-06
1.16361e-05
7.37388e-06
1.23262e-05
6.58868e-06
1.29751e-05
5.81739e-06
1.35907e-05
5.06177e-06
1.41786e-05
4.32334e-06
1.47422e-05
3.60348e-06
1.52831e-05
2.90354e-06
1.5801e-05
2.22499e-06
1.62944e-05
1.56987e-06
1.67609e-05
9.41522e-07
1.71972e-05
3.45497e-07
1.76002e-05
-2.09228e-07
1.79675e-05
-7.08622e-07
-1.13158e-06
1.82992e-05
1.49727e-06
1.15676e-05
3.0493e-06
1.2049e-05
4.45601e-06
1.15371e-05
5.7249e-06
1.09214e-05
6.87068e-06
1.02572e-05
7.90621e-06
9.56345e-06
8.84325e-06
8.85092e-06
9.69357e-06
8.12658e-06
1.04691e-05
7.39541e-06
1.11816e-05
6.66146e-06
1.18421e-05
5.92834e-06
1.246e-05
5.19958e-06
1.30431e-05
4.47872e-06
1.35972e-05
3.76924e-06
1.41262e-05
3.07453e-06
1.46319e-05
2.3977e-06
1.51152e-05
1.74161e-06
1.55757e-05
1.10934e-06
1.60121e-05
5.05023e-07
1.64228e-05
-6.52407e-08
1.68059e-05
-5.92368e-07
1.71602e-05
-1.06292e-06
-1.45756e-06
1.74861e-05
1.36568e-06
1.0202e-05
2.80044e-06
1.06143e-05
4.11813e-06
1.02197e-05
5.31662e-06
9.72289e-06
6.40417e-06
9.16954e-06
7.38991e-06
8.57772e-06
8.28337e-06
7.95757e-06
9.09476e-06
7.31532e-06
9.83475e-06
6.65552e-06
1.05141e-05
5.98223e-06
1.11427e-05
5.29972e-06
1.17297e-05
4.61267e-06
1.22822e-05
3.92619e-06
1.28058e-05
3.24564e-06
1.3304e-05
2.57624e-06
1.37789e-05
1.92271e-06
1.42316e-05
1.2889e-06
1.46624e-05
6.78433e-07
1.50714e-05
9.59324e-08
1.54583e-05
-4.52102e-07
1.58223e-05
-9.56425e-07
1.61633e-05
-1.40397e-06
-1.7768e-06
1.64825e-05
1.22521e-06
8.97673e-06
2.51796e-06
9.32171e-06
3.71754e-06
9.02032e-06
4.81856e-06
8.62174e-06
5.82472e-06
8.16333e-06
6.74149e-06
7.66104e-06
7.57578e-06
7.1234e-06
8.33579e-06
6.55538e-06
9.03063e-06
5.96072e-06
9.66966e-06
5.34324e-06
1.02619e-05
4.70756e-06
1.08152e-05
4.05929e-06
1.13364e-05
3.40501e-06
1.183e-05
2.75188e-06
1.22991e-05
2.10703e-06
1.2745e-05
1.47672e-06
1.31686e-05
8.65245e-07
1.3571e-05
2.76029e-07
1.39531e-05
-2.86306e-07
1.4316e-05
-8.15006e-07
1.46601e-05
-1.30061e-06
1.49863e-05
-1.73023e-06
-2.08705e-06
1.52965e-05
1.08003e-06
7.89668e-06
2.21695e-06
8.18501e-06
3.28018e-06
7.95704e-06
4.26474e-06
7.63705e-06
5.17142e-06
7.25671e-06
6.00276e-06
6.82981e-06
6.76332e-06
6.36291e-06
7.45937e-06
5.85937e-06
8.09836e-06
5.32177e-06
8.68825e-06
4.7534e-06
9.23689e-06
4.15894e-06
9.75141e-06
3.54474e-06
1.02376e-05
2.9187e-06
1.06995e-05
2.28988e-06
1.11387e-05
1.66768e-06
1.15551e-05
1.06024e-06
1.19487e-05
4.71546e-07
1.23212e-05
-9.64949e-08
1.26747e-05
-6.39887e-07
1.30113e-05
-1.15173e-06
1.33328e-05
-1.62222e-06
1.36409e-05
-2.03848e-06
-2.38447e-06
1.39383e-05
9.33199e-07
6.96356e-06
1.90872e-06
7.20956e-06
2.82696e-06
7.03859e-06
3.68429e-06
6.7797e-06
4.47955e-06
6.46158e-06
5.21326e-06
6.09621e-06
5.88814e-06
5.68809e-06
6.50882e-06
5.23875e-06
7.08123e-06
4.74945e-06
7.61203e-06
4.22268e-06
8.10811e-06
3.6629e-06
8.57598e-06
3.07683e-06
9.02103e-06
2.47355e-06
9.44658e-06
1.8642e-06
9.85291e-06
1.26124e-06
1.02369e-05
6.76158e-07
1.05969e-05
1.11425e-07
1.09353e-05
-4.34986e-07
1.12557e-05
-9.60448e-07
1.15616e-05
-1.4578e-06
1.18559e-05
-1.91658e-06
1.2141e-05
-2.32365e-06
-2.66351e-06
1.242e-05
7.8648e-07
6.17717e-06
1.60318e-06
6.39268e-06
2.37703e-06
6.26455e-06
3.1045e-06
6.05228e-06
3.78305e-06
5.78316e-06
4.41201e-06
5.46734e-06
4.99292e-06
5.10726e-06
5.52909e-06
4.70271e-06
6.02509e-06
4.2536e-06
6.48648e-06
3.76143e-06
6.9194e-06
3.23004e-06
7.33018e-06
2.66602e-06
7.72456e-06
2.07909e-06
8.10617e-06
1.48249e-06
8.47408e-06
8.93238e-07
8.82016e-06
3.29971e-07
9.13979e-06
-2.08316e-07
9.43689e-06
-7.32238e-07
9.71736e-06
-1.24107e-06
9.9861e-06
-1.72668e-06
1.02467e-05
-2.1773e-06
1.05022e-05
-2.57914e-06
-2.91703e-06
1.07558e-05
6.42947e-07
5.53416e-06
1.31278e-06
5.72255e-06
1.95171e-06
5.62552e-06
2.55425e-06
5.44982e-06
3.11721e-06
5.22026e-06
3.63975e-06
4.94486e-06
4.12282e-06
4.62429e-06
4.56868e-06
4.25703e-06
4.9806e-06
3.84187e-06
5.36292e-06
3.37926e-06
5.72106e-06
2.87196e-06
6.06154e-06
2.32553e-06
6.39157e-06
1.749e-06
6.71712e-06
1.15688e-06
7.0378e-06
5.725e-07
7.33689e-06
3.07976e-08
7.605e-06
-4.76538e-07
7.85016e-06
-9.77536e-07
8.08149e-06
-1.47253e-06
8.30511e-06
-1.9504e-06
8.52471e-06
-2.39693e-06
8.74301e-06
-2.79741e-06
-3.13687e-06
8.96293e-06
5.12219e-07
5.02172e-06
1.05746e-06
5.17713e-06
1.57802e-06
5.10499e-06
2.06627e-06
4.96162e-06
2.52028e-06
4.76626e-06
2.94024e-06
4.52494e-06
3.32697e-06
4.23769e-06
3.68161e-06
3.90258e-06
4.0058e-06
3.51786e-06
4.30206e-06
3.08311e-06
4.5744e-06
2.59967e-06
4.82904e-06
2.07089e-06
5.07542e-06
1.50259e-06
5.32545e-06
9.06826e-07
5.58476e-06
3.13161e-07
5.82088e-06
-2.05377e-07
6.01932e-06
-6.75049e-07
6.19771e-06
-1.15602e-06
6.36924e-06
-1.64415e-06
6.53963e-06
-2.12084e-06
6.71101e-06
-2.56831e-06
6.88477e-06
-2.97111e-06
-3.31488e-06
7.06286e-06
4.17838e-07
4.60371e-06
8.67849e-07
4.7272e-06
1.2886e-06
4.68433e-06
1.67582e-06
4.57442e-06
2.03212e-06
4.40996e-06
2.35943e-06
4.1977e-06
2.65819e-06
3.93906e-06
2.92791e-06
3.633e-06
3.1678e-06
3.27809e-06
3.37742e-06
2.87355e-06
3.55751e-06
2.41959e-06
3.7114e-06
1.917e-06
3.84844e-06
1.36556e-06
3.98979e-06
7.65484e-07
4.16156e-06
1.41387e-07
4.30541e-06
-3.49251e-07
4.40347e-06
-7.73147e-07
4.49675e-06
-1.24936e-06
4.59915e-06
-1.74659e-06
4.71063e-06
-2.23233e-06
4.82878e-06
-2.68643e-06
4.95238e-06
-3.09465e-06
-3.44425e-06
5.08181e-06
3.95766e-07
4.208e-06
7.7409e-07
4.34906e-06
1.10834e-06
4.35014e-06
1.41023e-06
4.27253e-06
1.68702e-06
4.13319e-06
1.94057e-06
3.94421e-06
2.16972e-06
3.71001e-06
2.37157e-06
3.43124e-06
2.54222e-06
3.10748e-06
2.67713e-06
2.73866e-06
2.7714e-06
2.32532e-06
2.82043e-06
1.86798e-06
2.82294e-06
1.36307e-06
2.7969e-06
7.91554e-07
2.81138e-06
1.26919e-07
2.79924e-06
-3.37116e-07
2.75314e-06
-7.2706e-07
2.75124e-06
-1.24748e-06
2.78503e-06
-1.78039e-06
2.83882e-06
-2.2861e-06
2.90342e-06
-2.75099e-06
2.97468e-06
-3.16588e-06
-3.52111e-06
3.05158e-06
4.18861e-07
7.42242e-07
1.01763e-06
1.26916e-06
1.50235e-06
1.71663e-06
1.90886e-06
2.07427e-06
2.20668e-06
2.29812e-06
2.33805e-06
2.31178e-06
2.19459e-06
1.93927e-06
1.53628e-06
1.16967e-06
1.00371e-06
9.46595e-07
9.35873e-07
9.44631e-07
9.6196e-07
9.83439e-07
1.00766e-06
-1.68682e-05
3.46872e-06
-2.07118e-05
3.84356e-06
-2.5425e-05
4.7132e-06
6.95847e-06
-3.23834e-05
-2.53326e-05
7.15881e-06
-2.8623e-05
7.13399e-06
-3.08912e-05
6.98141e-06
7.20064e-06
-3.11334e-05
-3.41777e-05
9.24326e-06
-3.44486e-05
7.40485e-06
-3.36407e-05
6.17347e-06
5.70283e-06
-3.21429e-05
-3.82324e-05
1.18034e-05
-3.74044e-05
6.57687e-06
-3.49938e-05
3.7629e-06
3.22984e-06
-3.25208e-05
-2.6651e-05
1.17168e-05
-2.83981e-05
8.32396e-06
-3.04702e-05
5.83507e-06
4.09219e-06
-3.13327e-05
-3.88805e-05
1.20722e-05
-4.11564e-05
1.05998e-05
-4.3001e-05
7.67996e-06
4.64445e-06
-4.35532e-05
-4.93167e-05
1.05499e-05
-4.93751e-05
1.06582e-05
-4.91774e-05
7.4823e-06
2.49736e-06
-4.70303e-05
-5.05471e-05
4.96984e-06
-4.6122e-05
6.23313e-06
-4.28733e-05
4.23352e-06
4.4866e-07
-4.08245e-05
-5.05188e-05
4.58363e-07
-4.57451e-05
1.45944e-06
-4.21287e-05
6.17006e-07
-2.28756e-06
-3.93924e-05
-4.78848e-05
-2.87091e-06
-4.31725e-05
-3.25303e-06
-3.83277e-05
-4.22777e-06
-5.08568e-06
-3.55296e-05
-3.31801e-05
-3.23542e-06
-3.20723e-05
-4.3609e-06
-3.08427e-05
-5.45733e-06
-6.49463e-06
-2.94338e-05
-1.3472e-05
-2.06612e-06
-1.46597e-05
-3.17331e-06
-1.58283e-05
-4.28885e-06
-5.44305e-06
-1.68799e-05
-1.97241e-06
-9.7944e-07
-3.26988e-06
-1.8759e-06
-4.66309e-06
-2.89562e-06
-4.04951e-06
-6.05662e-06
4.49779e-06
-2.8949e-07
3.61119e-06
-9.89469e-07
2.53907e-06
-1.82355e-06
-2.88504e-06
1.37458e-06
8.24943e-06
1.45424e-07
7.69047e-06
-4.30597e-07
6.98305e-06
-1.11614e-06
-2.05703e-06
6.15502e-06
1.06972e-05
4.57703e-07
1.03173e-05
-5.06834e-08
9.87693e-06
-6.75714e-07
-1.51045e-06
9.33042e-06
1.25005e-05
6.8009e-07
1.22545e-05
1.95319e-07
1.19772e-05
-3.98396e-07
-1.14729e-06
1.16141e-05
1.39404e-05
7.6789e-07
1.38075e-05
3.28242e-07
1.36295e-05
-2.20455e-07
-8.94622e-07
1.33769e-05
1.51101e-05
7.72254e-07
1.50602e-05
3.78129e-07
1.49559e-05
-1.16079e-07
-7.17393e-07
1.47787e-05
1.60954e-05
7.26503e-07
1.60977e-05
3.75877e-07
1.60454e-05
-6.3708e-08
-5.95893e-07
1.59239e-05
1.69471e-05
6.49569e-07
1.69836e-05
3.39505e-07
1.69685e-05
-4.86028e-08
-5.17031e-07
1.68897e-05
1.76912e-05
5.51596e-07
1.77518e-05
2.78894e-07
1.77651e-05
-6.19647e-08
-4.72565e-07
1.77207e-05
1.83362e-05
4.38632e-07
1.84151e-05
1.99979e-07
1.84512e-05
-9.81432e-08
-4.5691e-07
1.84356e-05
1.88784e-05
3.14974e-07
1.89714e-05
1.06951e-07
1.90262e-05
-1.52944e-07
-4.65614e-07
1.90349e-05
1.93046e-05
1.83999e-07
1.94085e-05
3.13755e-09
1.94784e-05
-2.22872e-07
-4.94802e-07
1.95076e-05
1.95965e-05
4.83407e-08
1.97085e-05
-1.08778e-07
1.97906e-05
-3.05002e-07
-5.41083e-07
1.9837e-05
1.97339e-05
-9.0145e-08
1.98519e-05
-2.26737e-07
1.99439e-05
-3.96994e-07
-6.01658e-07
2.00045e-05
1.96983e-05
-2.30294e-07
1.9821e-05
-3.49368e-07
1.99211e-05
-4.97115e-07
-6.74361e-07
1.99939e-05
1.94759e-05
-3.71522e-07
1.96023e-05
-4.75785e-07
1.97093e-05
-6.04161e-07
-7.57583e-07
1.97926e-05
1.9058e-05
-5.13552e-07
1.91876e-05
-6.05436e-07
1.93007e-05
-7.17275e-07
-8.50108e-07
1.93932e-05
1.84418e-05
-6.56194e-07
1.85742e-05
-7.37878e-07
1.86926e-05
-8.3574e-07
-9.50902e-07
1.87934e-05
1.7629e-05
-7.9911e-07
1.77636e-05
-8.72553e-07
1.78866e-05
-9.58753e-07
-1.05888e-06
1.79946e-05
1.66249e-05
-9.41579e-07
1.67609e-05
-1.00855e-06
1.68873e-05
-1.08519e-06
-1.17267e-06
1.70011e-05
1.54372e-05
-1.08229e-06
1.5573e-05
-1.1444e-06
1.57012e-05
-1.21338e-06
-1.29039e-06
1.5819e-05
1.40752e-05
-1.21919e-06
1.42087e-05
-1.27789e-06
1.43363e-05
-1.34094e-06
-1.40946e-06
1.44554e-05
1.25502e-05
-1.34937e-06
1.26783e-05
-1.40595e-06
1.2802e-05
-1.46463e-06
-1.52645e-06
1.29191e-05
1.08756e-05
-1.46914e-06
1.09944e-05
-1.52472e-06
1.11102e-05
-1.58038e-06
-1.63711e-06
1.12209e-05
9.06811e-06
-1.57426e-06
9.17315e-06
-1.62973e-06
9.27631e-06
-1.68351e-06
-1.73657e-06
9.37578e-06
7.14906e-06
-1.6604e-06
7.23573e-06
-1.71638e-06
7.32142e-06
-1.76918e-06
-1.81976e-06
7.40461e-06
5.14525e-06
-1.72381e-06
5.2095e-06
-1.78061e-06
5.27339e-06
-1.83306e-06
-1.88216e-06
5.33579e-06
3.08982e-06
-1.76203e-06
3.1288e-06
-1.81958e-06
3.16775e-06
-1.872e-06
-1.92022e-06
3.20581e-06
1.01998e-06
1.03265e-06
1.04534e-06
1.05769e-06
-1.91368e-05
2.29552e-05
-1.85905e-05
1.41859e-05
-2.0133e-05
7.3344e-06
-2.21699e-05
2.56512e-06
-2.44039e-05
-9.66512e-07
-2.64859e-05
-4.02472e-06
-2.76661e-05
-5.88334e-06
-2.68982e-05
-3.36396e-06
-2.43518e-05
3.64206e-06
-2.09411e-05
6.80527e-06
-1.78419e-05
5.87649e-06
-1.52348e-05
3.19684e-06
-1.23011e-05
1.15069e-06
-7.46243e-06
-2.70989e-06
-1.55296e-06
-8.53192e-06
3.67331e-06
-1.52023e-05
6.12888e-06
-2.0367e-05
4.57064e-06
-2.05106e-05
-1.85352e-05
-2.53015e-05
1.71234e-05
-2.31881e-05
1.20724e-05
-2.34974e-05
7.64367e-06
-2.53699e-05
4.43763e-06
-2.82509e-05
1.91452e-06
-3.14528e-05
-8.22812e-07
-3.37864e-05
-3.54974e-06
-3.34999e-05
-3.6505e-06
-2.91852e-05
-6.7257e-07
-2.29953e-05
6.15334e-07
-1.65872e-05
-5.31612e-07
-1.13711e-05
-2.01921e-06
-6.56874e-06
-3.65168e-06
8.19571e-08
-9.36058e-06
6.80146e-06
-1.52514e-05
1.18934e-05
-2.02942e-05
1.36476e-05
-2.21212e-05
9.5933e-06
-1.64564e-05
-8.94194e-06
-2.74399e-05
1.24204e-05
-2.51693e-05
9.8019e-06
-2.50408e-05
7.51516e-06
-2.67801e-05
6.17692e-06
-2.9846e-05
4.98045e-06
-3.32868e-05
2.61796e-06
-3.59947e-05
-8.41825e-07
-3.57803e-05
-3.86496e-06
-3.13558e-05
-5.09711e-06
-2.48934e-05
-5.84697e-06
-1.80143e-05
-7.41073e-06
-1.10721e-05
-8.96146e-06
-3.62072e-06
-1.1103e-05
4.63848e-06
-1.76198e-05
1.16713e-05
-2.22843e-05
1.67092e-05
-2.53322e-05
1.85973e-05
-2.40092e-05
1.04973e-05
-8.35639e-06
1.55537e-06
-2.80874e-05
7.98691e-06
-2.56137e-05
7.32822e-06
-2.51775e-05
7.07895e-06
-2.65283e-05
7.52767e-06
-2.89541e-05
7.4063e-06
-3.19086e-05
5.57244e-06
-3.50724e-05
2.32198e-06
-3.43995e-05
-4.53792e-06
-3.02242e-05
-9.2724e-06
-2.44202e-05
-1.1651e-05
-1.7711e-05
-1.41199e-05
-1.05494e-05
-1.6123e-05
-2.2086e-06
-1.94438e-05
7.45857e-06
-2.7287e-05
1.66963e-05
-3.15219e-05
1.61691e-05
-2.48049e-05
1.27138e-05
-2.05539e-05
5.3219e-06
-9.64448e-07
6.87733e-06
-2.88092e-05
5.46333e-06
-2.72569e-05
5.77595e-06
-2.65381e-05
6.36014e-06
-2.63833e-05
7.37283e-06
-2.692e-05
7.94296e-06
-2.82341e-05
6.88643e-06
-2.91788e-05
3.26673e-06
-2.86013e-05
-5.11535e-06
-2.5604e-05
-1.22696e-05
-1.96921e-05
-1.75629e-05
-1.28399e-05
-2.09722e-05
-5.68424e-06
-2.32786e-05
2.61022e-06
-2.77382e-05
8.84543e-06
-3.35221e-05
6.29004e-06
-2.89665e-05
4.71222e-06
-2.32272e-05
-1.20231e-06
-1.46393e-05
-2.65718e-06
4.90475e-07
4.22034e-06
-4.28924e-05
4.80253e-06
-4.09188e-05
3.80235e-06
-3.313e-05
-1.42862e-06
-2.52249e-05
-5.32255e-07
-1.87702e-05
1.4882e-06
-1.35478e-05
1.66417e-06
-9.02298e-06
-1.25801e-06
-4.25285e-06
-9.88546e-06
3.08793e-06
-1.96104e-05
1.36825e-05
-2.81575e-05
2.62833e-05
-3.3573e-05
4.03839e-05
-3.7379e-05
3.33009e-05
-2.06552e-05
1.60914e-05
-1.63123e-05
3.04375e-06
-1.59188e-05
-7.40481e-06
-1.27786e-05
-1.36371e-05
-8.40693e-06
-9.50149e-06
-3.64501e-06
-5.28112e-06
-3.94367e-05
-2.79116e-06
-3.13756e-05
-4.25882e-06
-2.66366e-05
-6.16772e-06
-2.13932e-05
-5.77584e-06
-1.54598e-05
-4.44515e-06
-9.49454e-06
-4.301e-06
-3.24754e-06
-7.50492e-06
2.34993e-06
-1.54829e-05
7.78891e-06
-2.50494e-05
1.25263e-05
-3.28949e-05
1.54867e-05
-3.65333e-05
1.75015e-05
-3.93937e-05
1.6691e-05
-1.98444e-05
5.30409e-06
-4.92532e-06
-6.4179e-06
-4.1967e-06
-1.38609e-05
-5.33565e-06
-1.49384e-05
-7.32927e-06
-7.78315e-06
-1.08003e-05
-1.30643e-05
-3.54212e-05
-8.19456e-06
-2.89895e-05
-1.06905e-05
-2.43721e-05
-1.07852e-05
-1.96668e-05
-1.04811e-05
-1.40954e-05
-1.00166e-05
-7.92872e-06
-1.04677e-05
-1.48504e-06
-1.39486e-05
4.67048e-06
-2.16385e-05
1.04129e-05
-3.07918e-05
1.08463e-05
-3.33282e-05
7.25531e-06
-3.29421e-05
-2.15461e-06
-2.99837e-05
-4.48625e-06
-1.75127e-05
-8.7196e-06
-6.91981e-07
-1.36336e-05
7.17228e-07
-1.52637e-05
-3.70551e-06
-1.14899e-05
-1.11031e-05
-4.4226e-06
-1.78676e-05
-1.74871e-05
-3.40361e-05
-1.35509e-05
-2.91554e-05
-1.55712e-05
-2.47479e-05
-1.51927e-05
-2.0092e-05
-1.51369e-05
-1.43651e-05
-1.57434e-05
-7.37032e-06
-1.74624e-05
-7.45675e-07
-2.05732e-05
2.89813e-06
-2.52822e-05
1.08818e-06
-2.89817e-05
-2.29253e-06
-2.99472e-05
-7.95316e-06
-2.72813e-05
-1.49651e-05
-2.29717e-05
-1.94011e-05
-1.30767e-05
-1.83783e-05
-1.71499e-06
-1.72297e-05
-4.31336e-07
-1.37409e-05
-7.19427e-06
-8.32938e-06
-1.65147e-05
-2.7698e-06
-2.34274e-05
-2.02571e-05
-3.26802e-05
-1.64003e-05
-3.03384e-05
-1.79131e-05
-2.72151e-05
-1.83159e-05
-2.33693e-05
-1.89827e-05
-1.90561e-05
-2.00564e-05
-1.4675e-05
-2.18435e-05
-1.08527e-05
-2.43954e-05
-9.158e-06
-2.69767e-05
-9.49639e-06
-2.86431e-05
-1.14358e-05
-2.80077e-05
-1.53187e-05
-2.33984e-05
-1.98645e-05
-1.84262e-05
-2.20455e-05
-1.08958e-05
-2.04807e-05
-3.27977e-06
-1.6583e-05
-4.32902e-06
-1.11867e-05
-1.25907e-05
-6.34769e-06
-2.13539e-05
-2.8352e-06
-2.69403e-05
-2.30926e-05
-2.77005e-05
-1.81335e-05
-2.60662e-05
-1.95473e-05
-2.40281e-05
-2.03539e-05
-2.13566e-05
-2.16539e-05
-1.84234e-05
-2.29894e-05
-1.57266e-05
-2.45402e-05
-1.38713e-05
-2.62506e-05
-1.36107e-05
-2.72372e-05
-1.45792e-05
-2.76747e-05
-1.60732e-05
-2.65137e-05
-1.80096e-05
-2.14621e-05
-2.00049e-05
-1.6431e-05
-2.06685e-05
-1.02323e-05
-1.84929e-05
-5.4553e-06
-1.40906e-05
-8.73133e-06
-9.4401e-06
-1.72414e-05
-5.79881e-06
-2.49955e-05
-3.92233e-06
-2.88172e-05
-2.70152e-05
-1.82185e-05
-1.6795e-05
-1.8359e-05
-1.94069e-05
-1.77888e-05
-2.09239e-05
-1.68116e-05
-2.2631e-05
-1.56365e-05
-2.41643e-05
-1.42921e-05
-2.58845e-05
-1.37866e-05
-2.67562e-05
-1.46529e-05
-2.63709e-05
-1.6284e-05
-2.60437e-05
-1.79621e-05
-2.48357e-05
-1.83205e-05
-2.11038e-05
-1.81971e-05
-1.65544e-05
-1.76762e-05
-1.07531e-05
-1.51814e-05
-7.9501e-06
-1.17373e-05
-1.21756e-05
-8.8397e-06
-2.01392e-05
-7.46375e-06
-2.63717e-05
-5.94121e-06
-3.03402e-05
-3.29567e-05
-8.78513e-06
-1.40663e-05
-1.02643e-05
-1.79276e-05
-1.08418e-05
-2.03462e-05
-1.11735e-05
-2.22992e-05
-1.1382e-05
-2.39557e-05
-1.1652e-05
-2.56145e-05
-1.24489e-05
-2.59593e-05
-1.38423e-05
-2.49775e-05
-1.56681e-05
-2.42179e-05
-1.72881e-05
-2.32158e-05
-1.71261e-05
-2.12658e-05
-1.61561e-05
-1.75244e-05
-1.46562e-05
-1.2253e-05
-1.21691e-05
-1.04373e-05
-1.00036e-05
-1.43412e-05
-9.07909e-06
-2.10639e-05
-9.36013e-06
-2.60911e-05
-7.18655e-06
-3.25142e-05
-4.01434e-05
-1.38055e-06
-1.13111e-05
-3.39342e-06
-1.59147e-05
-4.7638e-06
-1.89758e-05
-5.83661e-06
-2.12262e-05
-6.85655e-06
-2.29356e-05
-8.31471e-06
-2.41563e-05
-9.96e-06
-2.43141e-05
-1.14363e-05
-2.35013e-05
-1.30382e-05
-2.2616e-05
-1.44509e-05
-2.1803e-05
-1.48742e-05
-2.08425e-05
-1.43433e-05
-1.80553e-05
-1.25949e-05
-1.40015e-05
-1.02682e-05
-1.2764e-05
-8.81144e-06
-1.57982e-05
-8.91899e-06
-2.09566e-05
-9.01194e-06
-2.59984e-05
-6.83661e-06
-3.46899e-05
-4.69801e-05
3.89075e-06
-9.04678e-06
1.82876e-06
-1.38524e-05
8.57789e-08
-1.72328e-05
-1.4568e-06
-1.96835e-05
-2.99954e-06
-2.1393e-05
-4.75453e-06
-2.24014e-05
-6.61152e-06
-2.24571e-05
-8.28163e-06
-2.18311e-05
-9.79228e-06
-2.11053e-05
-1.10952e-05
-2.05001e-05
-1.21203e-05
-1.98174e-05
-1.22464e-05
-1.79292e-05
-1.09111e-05
-1.53369e-05
-8.95558e-06
-1.47197e-05
-7.65175e-06
-1.71021e-05
-7.38431e-06
-2.12242e-05
-6.8763e-06
-2.65066e-05
-5.28537e-06
-3.6281e-05
-5.22655e-05
7.6223e-06
-7.33851e-06
5.69259e-06
-1.19226e-05
3.84352e-06
-1.53837e-05
2.05277e-06
-1.78926e-05
2.80519e-07
-1.96208e-05
-1.55306e-06
-2.05677e-05
-3.40705e-06
-2.06031e-05
-5.12271e-06
-2.01154e-05
-6.62659e-06
-1.96014e-05
-7.96366e-06
-1.9163e-05
-9.1517e-06
-1.86294e-05
-9.58898e-06
-1.7492e-05
-8.74677e-06
-1.61791e-05
-7.25765e-06
-1.62089e-05
-6.0188e-06
-1.83411e-05
-5.2378e-06
-2.20053e-05
-4.36544e-06
-2.73791e-05
-3.49737e-06
-3.71492e-05
-5.57629e-05
1.03471e-05
-6.0712e-06
8.64331e-06
-1.02187e-05
6.80537e-06
-1.35456e-05
4.95337e-06
-1.60406e-05
3.08552e-06
-1.77529e-05
1.22275e-06
-1.87048e-05
-5.61204e-07
-1.88192e-05
-2.24693e-06
-1.84297e-05
-3.7359e-06
-1.81124e-05
-5.04876e-06
-1.78502e-05
-6.12634e-06
-1.75518e-05
-6.59009e-06
-1.70282e-05
-6.142e-06
-1.66272e-05
-5.1096e-06
-1.72413e-05
-4.05214e-06
-1.93986e-05
-3.08657e-06
-2.29709e-05
-2.10488e-06
-2.83608e-05
-1.68515e-06
-3.7569e-05
-5.74481e-05
1.24044e-05
-5.09859e-06
1.09793e-05
-8.7935e-06
9.25721e-06
-1.18234e-05
7.41098e-06
-1.41944e-05
5.54393e-06
-1.58858e-05
3.69627e-06
-1.68571e-05
1.9421e-06
-1.7065e-05
3.54291e-07
-1.68419e-05
-1.05586e-06
-1.67023e-05
-2.2725e-06
-1.66335e-05
-3.22631e-06
-1.6598e-05
-3.68385e-06
-1.65707e-05
-3.48578e-06
-1.68253e-05
-2.80956e-06
-1.79175e-05
-1.98433e-06
-2.02238e-05
-1.11078e-06
-2.38445e-05
-2.97746e-07
-2.91739e-05
7.93923e-08
-3.79463e-05
-5.73689e-05
1.40152e-05
-4.33509e-06
1.28284e-05
-7.60665e-06
1.13164e-05
-1.03113e-05
9.57919e-06
-1.24572e-05
7.76156e-06
-1.40682e-05
5.94776e-06
-1.50433e-05
4.25187e-06
-1.53692e-05
2.78288e-06
-1.53729e-05
1.48214e-06
-1.54015e-05
3.72477e-07
-1.55239e-05
-4.85628e-07
-1.57399e-05
-9.50202e-07
-1.6106e-05
-9.40216e-07
-1.68352e-05
-5.57882e-07
-1.82998e-05
1.14245e-08
-2.07931e-05
6.51671e-07
-2.44848e-05
1.23753e-06
-2.97599e-05
1.25487e-06
-3.79639e-05
-5.61141e-05
1.53203e-05
-3.73138e-06
1.43257e-05
-6.61196e-06
1.30161e-05
-9.00163e-06
1.14794e-05
-1.09203e-05
9.78611e-06
-1.2375e-05
8.06582e-06
-1.33231e-05
6.48839e-06
-1.37918e-05
5.1162e-06
-1.40008e-05
3.91151e-06
-1.41969e-05
2.88216e-06
-1.44945e-05
2.07748e-06
-1.49352e-05
1.5759e-06
-1.56044e-05
1.41641e-06
-1.66756e-05
1.53509e-06
-1.84184e-05
1.80934e-06
-2.10673e-05
2.13621e-06
-2.48118e-05
2.38596e-06
-3.00098e-05
2.16982e-06
-3.7748e-05
-5.39444e-05
1.64143e-05
-3.25596e-06
1.55839e-05
-5.78141e-06
1.44609e-05
-7.87851e-06
1.31122e-05
-9.5716e-06
1.1613e-05
-1.08758e-05
1.00764e-05
-1.17865e-05
8.63335e-06
-1.23489e-05
7.34794e-06
-1.27155e-05
6.21613e-06
-1.30651e-05
5.23692e-06
-1.35153e-05
4.44515e-06
-1.41434e-05
3.87755e-06
-1.50367e-05
3.54667e-06
-1.63447e-05
3.40267e-06
-1.82744e-05
3.34891e-06
-2.10136e-05
3.28902e-06
-2.4752e-05
3.11135e-06
-2.98323e-05
2.57938e-06
-3.72162e-05
-5.13651e-05
1.73546e-05
-2.88983e-06
1.66689e-05
-5.09565e-06
1.5717e-05
-6.92659e-06
1.45571e-05
-8.4117e-06
1.32576e-05
-9.57641e-06
1.19103e-05
-1.04392e-05
1.0613e-05
-1.10517e-05
9.42343e-06
-1.1526e-05
8.35351e-06
-1.19953e-05
7.4061e-06
-1.25679e-05
6.59725e-06
-1.33345e-05
5.94293e-06
-1.43824e-05
5.43818e-06
-1.58399e-05
5.0293e-06
-1.78655e-05
4.62735e-06
-2.06117e-05
4.12773e-06
-2.42524e-05
3.40014e-06
-2.91048e-05
2.24989e-06
-3.6066e-05
-4.91152e-05
1.81653e-05
-2.6195e-06
1.76095e-05
-4.53984e-06
1.68148e-05
-6.13192e-06
1.58319e-05
-7.42877e-06
1.47192e-05
-8.46372e-06
1.35484e-05
-9.26845e-06
1.23922e-05
-9.8956e-06
1.12984e-05
-1.04323e-05
1.02851e-05
-1.0982e-05
9.35807e-06
-1.16409e-05
8.51965e-06
-1.24961e-05
7.77276e-06
-1.36355e-05
7.09804e-06
-1.51652e-05
6.43896e-06
-1.72065e-05
5.70911e-06
-1.98819e-05
4.79938e-06
-2.33427e-05
3.57178e-06
-2.78772e-05
1.85662e-06
-3.43509e-05
-4.72586e-05
1.8849e-05
-2.43361e-06
1.84094e-05
-4.10026e-06
1.77566e-05
-5.47898e-06
1.69334e-05
-6.60551e-06
1.59879e-05
-7.51827e-06
1.49751e-05
-8.25565e-06
1.39484e-05
-8.86899e-06
1.29458e-05
-9.42974e-06
1.1985e-05
-1.00214e-05
1.10712e-05
-1.07271e-05
1.02021e-05
-1.1627e-05
9.368e-06
-1.28014e-05
8.54143e-06
-1.43387e-05
7.668e-06
-1.6333e-05
6.66934e-06
-1.88832e-05
5.44874e-06
-2.21221e-05
3.90265e-06
-2.63311e-05
1.98743e-06
-3.24356e-05
-4.52711e-05
1.93956e-05
-2.32156e-06
1.90589e-05
-3.76344e-06
1.85316e-05
-4.95162e-06
1.78495e-05
-5.92332e-06
1.70508e-05
-6.71955e-06
1.61768e-05
-7.38158e-06
1.52663e-05
-7.95854e-06
1.4348e-05
-8.51149e-06
1.34366e-05
-9.11003e-06
1.25353e-05
-9.82585e-06
1.16382e-05
-1.073e-05
1.07298e-05
-1.18931e-05
9.77968e-06
-1.33885e-05
8.73798e-06
-1.52913e-05
7.53825e-06
-1.76834e-05
6.10302e-06
-2.06868e-05
4.36196e-06
-2.459e-05
2.35187e-06
-3.04255e-05
-4.29192e-05
1.97889e-05
-2.27344e-06
1.95421e-05
-3.51646e-06
1.91248e-05
-4.53425e-06
1.85659e-05
-5.36437e-06
1.7895e-05
-6.04857e-06
1.71423e-05
-6.62879e-06
1.63354e-05
-7.15166e-06
1.54949e-05
-7.67097e-06
1.46312e-05
-8.24628e-06
1.37449e-05
-8.93957e-06
1.28279e-05
-9.81292e-06
1.18624e-05
-1.09276e-05
1.08188e-05
-1.23448e-05
9.65378e-06
-1.41263e-05
8.31245e-06
-1.63421e-05
6.73214e-06
-1.91065e-05
4.85144e-06
-2.27093e-05
2.66134e-06
-2.82354e-05
-4.02578e-05
2.00114e-05
-2.28028e-06
1.98427e-05
-3.34757e-06
1.95213e-05
-4.21275e-06
1.90698e-05
-4.91283e-06
1.85104e-05
-5.489e-06
1.78643e-05
-5.98263e-06
1.71506e-05
-6.43782e-06
1.63826e-05
-6.90291e-06
1.55664e-05
-7.43005e-06
1.47002e-05
-8.07328e-06
1.37741e-05
-8.88682e-06
1.27703e-05
-9.92383e-06
1.16618e-05
-1.12363e-05
1.04124e-05
-1.28768e-05
8.97761e-06
-1.49073e-05
7.30568e-06
-1.74346e-05
5.33105e-06
-2.07346e-05
2.93275e-06
-2.5837e-05
-3.73251e-05
2.0048e-05
-2.33437e-06
1.99471e-05
-3.24656e-06
1.97094e-05
-3.97497e-06
1.9352e-05
-4.55534e-06
1.88907e-05
-5.02752e-06
1.83397e-05
-5.43153e-06
1.77111e-05
-5.809e-06
1.70123e-05
-6.20398e-06
1.62452e-05
-6.66294e-06
1.54056e-05
-7.2336e-06
1.44826e-05
-7.96372e-06
1.34587e-05
-8.89996e-06
1.23101e-05
-1.00878e-05
1.1007e-05
-1.15737e-05
9.51434e-06
-1.34147e-05
7.7897e-06
-1.57099e-05
5.76498e-06
-1.87099e-05
3.22917e-06
-2.33012e-05
-3.40959e-05
1.98876e-05
-2.42934e-06
1.98459e-05
-3.20488e-06
1.96819e-05
-3.81082e-06
1.94078e-05
-4.28111e-06
1.90341e-05
-4.65372e-06
1.85696e-05
-4.96689e-06
1.80205e-05
-5.25975e-06
1.73895e-05
-5.57285e-06
1.66748e-05
-5.94813e-06
1.58695e-05
-6.42829e-06
1.49617e-05
-7.05592e-06
1.39344e-05
-7.8727e-06
1.27662e-05
-8.91959e-06
1.14319e-05
-1.02395e-05
9.90377e-06
-1.18866e-05
8.14925e-06
-1.39554e-05
6.10951e-06
-1.66702e-05
3.57248e-06
-2.07642e-05
-3.05235e-05
1.95239e-05
-2.55997e-06
1.95346e-05
-3.21549e-06
1.94359e-05
-3.71211e-06
1.92366e-05
-4.08162e-06
1.89427e-05
-4.35977e-06
1.85586e-05
-4.58266e-06
1.80859e-05
-4.78697e-06
1.75232e-05
-5.01011e-06
1.68654e-05
-5.29026e-06
1.61032e-05
-5.66604e-06
1.52231e-05
-6.17585e-06
1.42078e-05
-6.85746e-06
1.30367e-05
-7.74854e-06
1.16868e-05
-8.88961e-06
1.01337e-05
-1.03335e-05
8.35068e-06
-1.21725e-05
6.29814e-06
-1.46177e-05
3.85426e-06
-1.83205e-05
-2.66694e-05
1.89554e-05
-2.72189e-06
1.90124e-05
-3.2725e-06
1.89725e-05
-3.67214e-06
1.8841e-05
-3.95015e-06
1.86211e-05
-4.13982e-06
1.83134e-05
-4.2749e-06
1.79159e-05
-4.38948e-06
1.74239e-05
-4.51805e-06
1.68291e-05
-4.69547e-06
1.61198e-05
-4.95674e-06
1.52807e-05
-5.33669e-06
1.4293e-05
-5.86975e-06
1.3135e-05
-6.59069e-06
1.17828e-05
-7.53739e-06
1.02087e-05
-8.75958e-06
8.37966e-06
-1.03436e-05
6.25252e-06
-1.24908e-05
3.75278e-06
-1.5821e-05
-2.29168e-05
1.81838e-05
-2.91103e-06
1.82819e-05
-3.37063e-06
1.82948e-05
-3.68508e-06
1.82258e-05
-3.88115e-06
1.80754e-05
-3.98944e-06
1.78417e-05
-4.04115e-06
1.75198e-05
-4.06765e-06
1.71023e-05
-4.10049e-06
1.65782e-05
-4.17133e-06
1.59332e-05
-4.31179e-06
1.51498e-05
-4.55331e-06
1.42072e-05
-4.92719e-06
1.30818e-05
-5.46532e-06
1.17465e-05
-6.20227e-06
1.01685e-05
-7.18168e-06
8.30087e-06
-8.47615e-06
6.07017e-06
-1.02603e-05
3.37347e-06
-1.31245e-05
-1.95434e-05
1.72131e-05
-3.12302e-06
1.7347e-05
-3.50459e-06
1.74073e-05
-3.74542e-06
1.73957e-05
-3.86958e-06
1.73111e-05
-3.90491e-06
1.71498e-05
-3.8798e-06
1.69049e-05
-3.82278e-06
1.65667e-05
-3.76231e-06
1.61221e-05
-3.72674e-06
1.55545e-05
-3.74419e-06
1.48438e-05
-3.84266e-06
1.3967e-05
-4.05045e-06
1.28987e-05
-4.39702e-06
1.16109e-05
-4.91458e-06
1.0071e-05
-5.64197e-06
8.23176e-06
-6.63706e-06
6.00934e-06
-8.03805e-06
3.33352e-06
-1.04489e-05
-1.62099e-05
1.60485e-05
-3.35261e-06
1.62123e-05
-3.66844e-06
1.63141e-05
-3.84716e-06
1.63546e-05
-3.91015e-06
1.6332e-05
-3.88234e-06
1.62414e-05
-3.78922e-06
1.60748e-05
-3.65627e-06
1.58212e-05
-3.50868e-06
1.54656e-05
-3.37119e-06
1.49894e-05
-3.26803e-06
1.43701e-05
-3.22337e-06
1.35819e-05
-3.26228e-06
1.25973e-05
-3.41259e-06
1.13896e-05
-3.70698e-06
9.93331e-06
-4.18574e-06
8.19751e-06
-4.90135e-06
6.12686e-06
-5.9675e-06
3.54935e-06
-7.87142e-06
-1.26605e-05
1.46959e-05
-3.59312e-06
1.48824e-05
-3.85495e-06
1.50183e-05
-3.98313e-06
1.51045e-05
-3.99633e-06
1.51387e-05
-3.91659e-06
1.51158e-05
-3.76645e-06
1.50278e-05
-3.56826e-06
1.48628e-05
-3.34372e-06
1.46051e-05
-3.11357e-06
1.42345e-05
-2.89749e-06
1.37258e-05
-2.71476e-06
1.30496e-05
-2.58613e-06
1.21745e-05
-2.53751e-06
1.1072e-05
-2.60447e-06
9.7229e-06
-2.83669e-06
8.11271e-06
-3.29117e-06
6.20651e-06
-4.06127e-06
3.7985e-06
-5.46335e-06
-8.86192e-06
1.31619e-05
-3.83601e-06
1.33621e-05
-4.05507e-06
1.3523e-05
-4.14415e-06
1.3646e-05
-4.11933e-06
1.37292e-05
-3.99993e-06
1.37683e-05
-3.80563e-06
1.37557e-05
-3.55571e-06
1.36803e-05
-3.26839e-06
1.35268e-05
-2.96007e-06
1.32742e-05
-2.64499e-06
1.28953e-05
-2.33582e-06
1.23554e-05
-2.04626e-06
1.16152e-05
-1.79729e-06
1.06373e-05
-1.6266e-06
9.40093e-06
-1.60026e-06
7.89365e-06
-1.78382e-06
6.06521e-06
-2.23272e-06
3.75505e-06
-3.15303e-06
-5.10676e-06
1.14557e-05
-4.07081e-06
1.16582e-05
-4.25758e-06
1.18324e-05
-4.31845e-06
1.19802e-05
-4.26722e-06
1.21009e-05
-4.12071e-06
1.21913e-05
-3.89613e-06
1.22457e-05
-3.61011e-06
1.22549e-05
-3.27765e-06
1.22057e-05
-2.9109e-06
1.20787e-05
-2.51805e-06
1.1846e-05
-2.10311e-06
1.14681e-05
-1.6683e-06
1.08935e-05
-1.22273e-06
1.00671e-05
-8.00142e-07
8.95917e-06
-4.92243e-07
7.55272e-06
-3.77269e-07
5.76756e-06
-4.47437e-07
3.40132e-06
-7.86618e-07
-1.70535e-06
9.59042e-06
-4.28547e-06
9.78206e-06
-4.44927e-06
9.95522e-06
-4.49167e-06
1.01124e-05
-4.42449e-06
1.02542e-05
-4.26258e-06
1.03793e-05
-4.02125e-06
1.04843e-05
-3.71518e-06
1.05637e-05
-3.35706e-06
1.06085e-05
-2.95572e-06
1.06043e-05
-2.51375e-06
1.05266e-05
-2.02538e-06
1.03345e-05
-1.47619e-06
9.96407e-06
-8.52302e-07
9.33214e-06
-1.68176e-07
8.39913e-06
4.40804e-07
7.15219e-06
8.69739e-07
5.47463e-06
1.23022e-06
3.1786e-06
1.50953e-06
1.47327e-06
7.58644e-06
-4.46732e-06
7.75305e-06
-4.61592e-06
7.90901e-06
-4.64768e-06
8.05739e-06
-4.5729e-06
8.1998e-06
-4.40502e-06
8.33668e-06
-4.15814e-06
8.46752e-06
-3.84601e-06
8.59093e-06
-3.48046e-06
8.70422e-06
-3.06898e-06
8.80164e-06
-2.61114e-06
8.86965e-06
-2.09338e-06
8.87566e-06
-1.4822e-06
8.74925e-06
-7.259e-07
8.37308e-06
2.07974e-07
7.68525e-06
1.12863e-06
6.70757e-06
1.84743e-06
5.25774e-06
2.68009e-06
3.09779e-06
3.66953e-06
4.57105e-06
5.47324e-06
-4.60478e-06
5.60138e-06
-4.74407e-06
5.72433e-06
-4.77063e-06
5.84516e-06
-4.69372e-06
5.96596e-06
-4.5258e-06
6.08829e-06
-4.28044e-06
6.21368e-06
-3.97137e-06
6.34438e-06
-3.61112e-06
6.48404e-06
-3.20861e-06
6.63798e-06
-2.76507e-06
6.81124e-06
-2.26666e-06
6.99787e-06
-1.66887e-06
7.14514e-06
-8.73219e-07
7.09905e-06
2.54006e-07
6.73994e-06
1.48769e-06
6.1866e-06
2.40073e-06
5.12384e-06
3.74284e-06
3.19373e-06
5.59964e-06
7.76475e-06
3.29055e-06
-4.68952e-06
3.36997e-06
-4.82349e-06
3.44727e-06
-4.84791e-06
3.5249e-06
-4.77133e-06
3.60462e-06
-4.60549e-06
3.68797e-06
-4.36375e-06
3.77693e-06
-4.0603e-06
3.87506e-06
-3.70922e-06
3.98923e-06
-3.32277e-06
4.13247e-06
-2.90833e-06
4.32858e-06
-2.4628e-06
4.61784e-06
-1.95817e-06
5.02554e-06
-1.28098e-06
5.41294e-06
-1.33451e-07
5.53589e-06
1.36469e-06
5.60202e-06
2.33457e-06
5.11163e-06
4.23321e-06
3.56762e-06
7.14363e-06
1.13324e-05
1.08531e-06
1.11116e-06
1.13655e-06
1.1625e-06
1.18968e-06
1.21866e-06
1.25035e-06
1.28662e-06
1.33193e-06
1.39662e-06
1.50429e-06
1.71513e-06
2.18329e-06
3.18049e-06
4.39541e-06
5.16941e-06
5.04109e-06
3.72722e-06
)
;

boundaryField
{
    leftWall
    {
        type            calculated;
        value           uniform 0;
    }
    rightWall
    {
        type            calculated;
        value           uniform 0;
    }
    lowerWall
    {
        type            calculated;
        value           uniform 0;
    }
    atmosphere
    {
        type            calculated;
        value           nonuniform List<scalar> 
46
(
3.78934e-06
4.02578e-06
4.07477e-06
4.02101e-06
3.90003e-06
3.72998e-06
3.51783e-06
3.26585e-06
2.97508e-06
2.64722e-06
2.28539e-06
1.89425e-06
1.48028e-06
1.0469e-06
5.2992e-07
2.94993e-08
-5.61113e-07
-1.19037e-06
-1.76967e-06
-2.29485e-06
-2.7683e-06
-3.18733e-06
-3.54532e-06
-1.77435e-06
-1.83224e-06
-1.88469e-06
-1.93257e-06
-4.71712e-06
-4.84932e-06
-4.87329e-06
-4.79725e-06
-4.63264e-06
-4.39272e-06
-4.09196e-06
-3.74548e-06
-3.36808e-06
-2.97304e-06
-2.57051e-06
-2.16906e-06
-1.74918e-06
-1.13069e-06
1.49744e-07
1.56054e-06
4.36151e-06
8.45748e-06
1.50596e-05
)
;
    }
    defaultFaces
    {
        type            empty;
        value           nonuniform 0();
    }
}


// ************************************************************************* //
