/*--------------------------------*- C++ -*----------------------------------*\
| =========                 |                                                 |
| \\      /  F ield         | OpenFOAM: The Open Source CFD Toolbox           |
|  \\    /   O peration     | Version:  2.3.0                                 |
|   \\  /    A nd           | Web:      www.OpenFOAM.org                      |
|    \\/     M anipulation  |                                                 |
\*---------------------------------------------------------------------------*/
FoamFile
{
    version     2.0;
    format      ascii;
    class       volScalarField;
    location    "5e-06";
    object      k;
}
// * * * * * * * * * * * * * * * * * * * * * * * * * * * * * * * * * * * * * //

dimensions      [0 2 -2 0 0 0 0];

internalField   nonuniform List<scalar> 
7500
(
1.000592e-05
1.0030799e-05
1.0073066e-05
1.0197458e-05
1.0502182e-05
1.0808079e-05
1.1075446e-05
1.1159118e-05
1.1457133e-05
1.1960618e-05
1.2524844e-05
1.2938636e-05
1.3390985e-05
1.3659492e-05
1.4020095e-05
1.4378833e-05
1.4651707e-05
1.4868391e-05
1.5246429e-05
1.5514483e-05
1.6189126e-05
1.6811291e-05
1.7722751e-05
1.8827076e-05
1.9781794e-05
2.0821901e-05
2.2926783e-05
2.6268374e-05
2.8937056e-05
3.0620018e-05
3.171569e-05
3.3547263e-05
3.7450108e-05
4.2054452e-05
4.4860743e-05
4.7941699e-05
5.2748117e-05
6.4831099e-05
8.1222406e-05
0.00012611402
0.00017171412
0.00021542187
0.00030800798
0.00051070761
0.0013371807
0.004471791
0.01966171
0.097011668
0.53138772
2.5051235
4.0989955
2.3208406
0.53355151
0.097571182
0.014428237
0.0019289632
0.00031259683
7.2696136e-05
2.1952876e-05
7.7087924e-06
2.9855284e-06
1.2400187e-06
5.4235227e-07
2.4642324e-07
1.1501011e-07
5.4568385e-08
2.6046153e-08
1.2362957e-08
5.7559694e-09
2.5836915e-09
1.0929741e-09
4.234863e-10
1.4417469e-10
4.6936982e-11
1.4329745e-11
1.0006159e-05
1.0038275e-05
1.0101954e-05
1.0242444e-05
1.0501099e-05
1.0809815e-05
1.1041828e-05
1.1196387e-05
1.1464577e-05
1.1866424e-05
1.2363936e-05
1.2762102e-05
1.3219704e-05
1.3510061e-05
1.4116269e-05
1.4694344e-05
1.536245e-05
1.5889189e-05
1.639312e-05
1.7436748e-05
1.8899445e-05
1.9607436e-05
2.037625e-05
2.207712e-05
2.3503359e-05
2.4683723e-05
2.6225912e-05
3.0305957e-05
3.3804711e-05
3.6263384e-05
3.8579952e-05
4.1613535e-05
4.9126205e-05
6.2093734e-05
7.0460273e-05
7.7084481e-05
8.666648e-05
0.00010354563
0.00014763748
0.00024209344
0.00032262797
0.00036430309
0.00048184243
0.00063618753
0.0013373513
0.0033791371
0.011330319
0.052652466
0.27655541
1.4165468
2.6529611
2.1590641
0.66325669
0.12618765
0.017337797
0.0020701733
0.0003071469
6.9612386e-05
2.1065535e-05
7.4363821e-06
2.8931928e-06
1.2062487e-06
5.2930243e-07
2.4118126e-07
1.1285125e-07
5.366878e-08
2.567224e-08
1.2210704e-08
5.6967995e-09
2.5627191e-09
1.0868472e-09
4.2257236e-10
1.4452195e-10
4.7834038e-11
1.4618231e-11
1.0033936e-05
1.016286e-05
1.0250448e-05
1.0523439e-05
1.0794039e-05
1.1509136e-05
1.2138078e-05
1.2734669e-05
1.3620728e-05
1.5243565e-05
1.6460858e-05
1.7479045e-05
1.810755e-05
1.8781948e-05
2.0448483e-05
2.1734974e-05
2.3160918e-05
2.4637736e-05
2.5660326e-05
2.7638893e-05
3.174097e-05
3.4602508e-05
3.7023677e-05
4.2864822e-05
4.8086775e-05
5.1368565e-05
5.6018641e-05
6.907893e-05
8.2379173e-05
9.1656399e-05
0.00010013678
0.00011208124
0.00014116001
0.00019615133
0.00023138971
0.00025817803
0.00029429192
0.0003613657
0.00050521435
0.00086837161
0.0011764086
0.0012684239
0.0013624508
0.0015178091
0.0020161022
0.0043341493
0.011032731
0.039848243
0.20311099
1.1662371
2.3759052
2.125481
0.72238761
0.13754874
0.01935275
0.0023753645
0.00036096988
8.3087837e-05
2.5356718e-05
8.9974374e-06
3.5124651e-06
1.4678392e-06
6.4511568e-07
2.9426594e-07
1.3777785e-07
6.5538905e-08
3.1344597e-08
1.4898369e-08
6.9410124e-09
3.1147368e-09
1.3153288e-09
5.0753566e-10
1.7109705e-10
5.5213998e-11
1.5705691e-11
1.0086188e-05
1.0445281e-05
1.0529533e-05
1.0962458e-05
1.1966156e-05
1.4274653e-05
1.6276061e-05
1.8281723e-05
2.093969e-05
2.4519372e-05
2.6827477e-05
2.9247319e-05
3.0207428e-05
3.2228234e-05
3.5111003e-05
3.8479718e-05
4.2940931e-05
4.5783807e-05
4.8822995e-05
5.3556683e-05
6.4909509e-05
7.5454588e-05
8.2496263e-05
9.549242e-05
0.00011747002
0.00012857848
0.00014219159
0.00017949656
0.00022415843
0.00025717273
0.00028945802
0.00033761475
0.00045771997
0.00064316403
0.0007469136
0.00083846956
0.0009592102
0.0011782556
0.0016504483
0.0029252497
0.0040232985
0.0044520009
0.0047411087
0.0048475138
0.0052641353
0.0070498607
0.015206485
0.040754882
0.13950898
0.84797884
3.9828385
3.4505894
1.0198622
0.187617
0.025742467
0.0030094483
0.00043182231
9.7329962e-05
2.9735028e-05
1.0589604e-05
4.1453978e-06
1.7356706e-06
7.6387369e-07
3.4878163e-07
1.6341676e-07
7.7769834e-08
3.7201567e-08
1.7680742e-08
8.233552e-09
3.6910892e-09
1.5558054e-09
5.9827099e-10
2.0034226e-10
6.4026111e-11
1.7193355e-11
1.001674e-05
1.0182801e-05
1.1023721e-05
1.2594906e-05
1.6092861e-05
1.9837267e-05
2.6160438e-05
3.0494186e-05
3.3080053e-05
3.6012097e-05
4.1311428e-05
4.5552405e-05
4.8697321e-05
5.3382527e-05
6.0183433e-05
6.7279968e-05
7.7975079e-05
8.7179504e-05
9.3404133e-05
0.00010691092
0.00013728171
0.00016639887
0.00018568137
0.00020676815
0.00026547555
0.00032132904
0.00037337278
0.00050396963
0.00061202887
0.00070899973
0.00083966351
0.0010640623
0.0015922965
0.0021223118
0.002361399
0.0026032843
0.0030248363
0.0039181964
0.0060210951
0.010955547
0.01469263
0.016048914
0.016191581
0.015367914
0.015437473
0.017653516
0.027566308
0.066329075
0.18131921
0.61595177
3.0631753
9.4545795
4.0743859
0.59727945
0.061460708
0.0052432829
0.00056831515
0.00011561908
3.5087994e-05
1.2556869e-05
4.9349744e-06
2.0720598e-06
9.137825e-07
4.1786919e-07
1.9601543e-07
9.3365721e-08
4.4690185e-08
2.1248151e-08
9.8960384e-09
4.4354309e-09
1.868239e-09
7.173474e-10
2.3950033e-10
7.6307511e-11
1.9369386e-11
1.007394e-05
1.0705725e-05
1.2105414e-05
1.4022727e-05
1.7686212e-05
2.3675107e-05
2.973974e-05
3.7786669e-05
4.3971542e-05
4.6821921e-05
5.4482439e-05
6.3188893e-05
6.812316e-05
7.5337145e-05
8.9076839e-05
0.00011060174
0.00014625524
0.00016159993
0.00018180629
0.00022314768
0.00030054597
0.00036643785
0.00040875048
0.00046383215
0.00060917282
0.00082909054
0.0011303202
0.0015937008
0.0018158917
0.0021420324
0.0028275759
0.0040216232
0.0061979822
0.0077979715
0.0084106458
0.0092050415
0.010690207
0.014326027
0.025554151
0.044615288
0.054701551
0.057291874
0.056870085
0.049449064
0.045464164
0.047285006
0.064064857
0.137119
0.33392307
0.76274208
2.2300108
5.6458253
4.6964759
0.88608954
0.085068667
0.0065803511
0.00066321573
0.0001333759
4.0835271e-05
1.4724657e-05
5.8186061e-06
2.4531928e-06
1.0854601e-06
4.9776682e-07
2.3406522e-07
1.1173416e-07
5.358969e-08
2.5526979e-08
1.1909765e-08
5.3470478e-09
2.256054e-09
8.6787867e-10
2.9045171e-10
9.3140737e-11
2.2482396e-11
1.0451954e-05
1.2855146e-05
1.6662601e-05
1.962462e-05
2.3719952e-05
3.2336462e-05
4.045422e-05
4.9913356e-05
7.0794628e-05
7.3433072e-05
8.3029907e-05
0.00010747996
0.00011934381
0.00013256472
0.00015616479
0.00021226971
0.00029739422
0.00034207197
0.00039945809
0.00054294554
0.00075989551
0.00093172963
0.0010604779
0.001268326
0.001780864
0.0029486204
0.0044815668
0.0060021539
0.0067216047
0.0081012508
0.011975191
0.018082169
0.026639224
0.031885024
0.033697824
0.036469192
0.042249507
0.058263675
0.11033582
0.17482037
0.20059028
0.203498
0.19816563
0.16638725
0.13451713
0.13080935
0.14554696
0.24552281
0.73142951
1.3269329
2.4077943
3.9476676
3.5148198
0.97554345
0.098774162
0.0074975491
0.00073686916
0.00014816806
4.5853454e-05
1.667382e-05
6.6283307e-06
2.8072071e-06
1.2466158e-06
5.7343586e-07
2.703883e-07
1.2940168e-07
6.2215025e-08
2.97083e-08
1.3896669e-08
6.2576933e-09
2.6502791e-09
1.025157e-09
3.4630848e-10
1.1324523e-10
2.6499058e-11
1.1133629e-05
1.281646e-05
1.9216771e-05
2.5066167e-05
3.7229197e-05
4.1292229e-05
5.1569342e-05
5.9451897e-05
7.0068674e-05
8.3754928e-05
0.00011555839
0.00016165625
0.00019861568
0.00022723141
0.00027563936
0.00040284859
0.00061219871
0.00073275169
0.00092352942
0.0015096676
0.0023145321
0.0028698616
0.0034972519
0.0045889497
0.0074635724
0.013311852
0.020713952
0.026637736
0.029286278
0.034943016
0.055005641
0.082283395
0.11297444
0.1287917
0.13427788
0.14324072
0.16351155
0.2252159
0.41629805
0.59830904
0.65409767
0.65185258
0.62316104
0.52460582
0.41622463
0.36948833
0.37470376
0.44724236
0.89150003
2.528539
3.5848966
4.4640457
4.4013774
1.4063098
0.13041749
0.0088740984
0.00080098595
0.00015965475
5.0078625e-05
1.838586e-05
7.3571446e-06
3.1312708e-06
1.3960584e-06
6.4436055e-07
3.0475793e-07
1.4626894e-07
7.0523975e-08
3.3775569e-08
1.5851489e-08
7.1667529e-09
3.0519104e-09
1.1904691e-09
4.081314e-10
1.374441e-10
3.164318e-11
1.0725068e-05
1.6374637e-05
2.2354316e-05
2.3777537e-05
2.5750788e-05
3.0071856e-05
4.3202805e-05
6.4339379e-05
7.4443502e-05
0.00010037321
0.00016389463
0.00028609959
0.00032821167
0.00040759911
0.00057524047
0.0010348997
0.0017535576
0.002247607
0.0031405363
0.0060750812
0.010046731
0.012401275
0.015514699
0.021307288
0.038892401
0.064761598
0.097775953
0.12006147
0.12836121
0.14966513
0.23478071
0.34039689
0.43317706
0.46785728
0.47971785
0.50245935
0.56016735
0.75149683
1.3026497
1.7399884
1.8332726
1.7896544
1.6799419
1.4573555
1.204874
1.0402494
1.0027126
1.0441808
1.386387
3.591209
11.405573
15.55528
10.765099
1.5194402
0.12407258
0.008226747
0.00077967841
0.0001663399
5.3505997e-05
1.9861984e-05
8.0044885e-06
3.4249087e-06
1.5335266e-06
7.1041302e-07
3.3711549e-07
1.6231111e-07
7.8507604e-08
3.7726957e-08
1.7775272e-08
8.0761594e-09
3.4628851e-09
1.365412e-09
4.77105e-10
1.6665909e-10
3.8179441e-11
1.1821382e-05
1.6030337e-05
2.6211884e-05
2.6285014e-05
2.9976765e-05
4.3788929e-05
7.5326702e-05
0.00019186154
0.00022320631
0.00028330189
0.00041605934
0.00073257678
0.0010397606
0.001474066
0.002471767
0.0046728606
0.0077033631
0.010753433
0.015966365
0.032273638
0.053578017
0.064293932
0.078608208
0.10728085
0.20405702
0.29769293
0.41468893
0.495525
0.51596856
0.58579393
0.89408936
1.2055024
1.4117917
1.4606168
1.4698861
1.5043965
1.6502703
2.1807942
3.5217823
4.4777209
4.6639666
4.4388728
4.0929591
3.7454084
3.2087649
2.7107821
2.4335381
2.3965391
2.6297786
4.9187557
17.071844
23.446307
9.6231108
1.1292042
0.087281592
0.0060637167
0.00070084177
0.00016931998
5.6196828e-05
2.110929e-05
8.5712836e-06
3.688089e-06
1.6588945e-06
7.7150425e-07
3.6741101e-07
1.7750329e-07
8.6154971e-08
4.1558715e-08
1.9667683e-08
8.9869845e-09
3.8846683e-09
1.5513853e-09
5.5439089e-10
2.01885e-10
4.6406021e-11
1.0545702e-05
1.3424926e-05
2.5895222e-05
3.4988934e-05
5.8993329e-05
0.00012225234
0.0002288899
0.00046408542
0.00063978165
0.00081526443
0.0012934836
0.0028249907
0.0044196724
0.0072677809
0.014001719
0.025688037
0.041444501
0.06182806
0.091145683
0.1667183
0.26973286
0.31736993
0.37778225
0.50556443
0.94700617
1.1997014
1.5278757
1.7789238
1.8329988
2.0406864
2.9059924
3.5963382
3.8893521
3.9052945
3.876803
3.9483063
4.3502936
5.9445074
8.9146551
10.810715
11.904685
11.538367
10.554943
9.7398389
8.4752986
6.9924578
5.5602459
4.8132455
4.7497365
6.3596182
15.623605
17.249881
5.0480454
0.55310245
0.045906619
0.0039798019
0.00062431784
0.00017057563
5.824235e-05
2.2139337e-05
9.0599204e-06
3.921333e-06
1.7722577e-06
8.2763726e-07
3.9563371e-07
1.9183731e-07
9.3462148e-08
4.5269882e-08
2.152938e-08
9.9005782e-09
4.3187714e-09
1.749779e-09
6.4116552e-10
2.4420922e-10
5.6661491e-11
1.1001849e-05
1.836396e-05
3.1496217e-05
0.0001033639
0.00015557647
0.00029628523
0.00060143257
0.00099175869
0.0016590849
0.002862998
0.0057732431
0.014909975
0.025690615
0.043925845
0.083941594
0.14484082
0.20981738
0.3442944
0.4761457
0.74990173
1.1574295
1.3883902
1.6054529
2.0751367
3.6335749
4.2588611
4.9227056
5.5980266
5.7425927
6.3006834
8.1382298
9.2056838
9.4110562
9.3152494
9.2516292
9.5982498
11.361069
17.162277
22.335025
24.878879
35.978305
40.063792
35.238412
28.194553
23.410625
18.829299
13.842704
9.6961672
8.153381
9.0414637
13.39809
11.092895
2.3739347
0.27038083
0.025233999
0.0028721583
0.00057752516
0.00017088555
5.9709728e-05
2.296526e-05
9.4735263e-06
4.1254336e-06
1.8738151e-06
8.7885643e-07
4.2178965e-07
2.053118e-07
1.0042784e-07
4.8860392e-08
2.3361227e-08
1.081827e-08
4.766634e-09
1.9619774e-09
7.3865358e-10
2.9481339e-10
6.9322469e-11
1.4611792e-05
4.8171014e-05
9.6601315e-05
0.00017179733
0.0003339222
0.00062521763
0.0012610581
0.0028973129
0.0066759435
0.014349884
0.031850387
0.084170569
0.1481255
0.2383542
0.4271669
0.71631813
0.96091417
1.5429513
2.0342473
2.8705887
4.3202084
5.2707934
5.9545417
7.3242579
11.901504
13.4529
14.23105
16.109227
16.440289
17.736166
20.903613
20.907608
20.958701
20.628779
20.99944
26.342449
36.992164
52.153453
52.246859
54.337362
66.957918
100.18332
93.80541
71.690557
57.252244
45.211989
33.172204
21.293853
14.631771
14.463568
17.9197
9.9061995
1.4636642
0.15534199
0.015989435
0.0023066773
0.000545659
0.00017012839
6.0652869e-05
2.3601191e-05
9.8157073e-06
4.3013599e-06
1.9638297e-06
9.2522841e-07
4.4589214e-07
2.1792729e-07
1.0705083e-07
5.2329774e-08
2.5163652e-08
1.1741054e-08
5.2295142e-09
2.1892692e-09
8.4809341e-10
3.5494923e-10
8.4806467e-11
1.5280138e-05
8.1205372e-05
0.00016158154
0.00033809652
0.00079043192
0.0021245563
0.0052574656
0.014676776
0.038065334
0.080543602
0.17275986
0.42453793
0.71296786
1.1024928
1.7636327
2.9211153
3.7398775
5.6149718
7.1115473
9.9295474
14.553363
17.300244
19.582495
23.386602
36.340265
39.200853
39.364496
45.515861
47.104358
50.09002
53.996498
49.380034
42.819408
43.080374
49.935214
112.42151
98.725467
79.020533
70.55361
72.282814
85.29537
88.43092
103.0283
113.36018
108.94095
89.59334
73.22877
46.699829
32.044967
34.506607
39.091839
9.7099376
1.0003078
0.098275783
0.011178938
0.0019630392
0.00051897024
0.00016836014
6.1128328e-05
2.406198e-05
1.0090435e-05
4.450232e-06
2.0426227e-06
9.6684197e-07
4.6796234e-07
2.2968675e-07
1.1333035e-07
5.5677347e-08
2.6936743e-08
1.266964e-08
5.7084683e-09
2.4328576e-09
9.7074484e-10
4.2595283e-10
1.0355658e-10
1.0542565e-05
3.6331503e-05
0.00015571238
0.0010334796
0.0033433255
0.01046918
0.027485264
0.079444714
0.21382593
0.40634495
0.8327519
1.8432225
2.7720038
4.4655237
6.1513916
10.153235
12.6766
17.687516
22.433221
34.049464
45.450836
51.037805
63.521751
75.058937
116.32503
116.98775
104.26234
159.03355
161.84039
176.1168
142.24878
104.4198
74.564589
67.315008
123.45103
110.2499
109.2423
86.507313
95.149735
107.36788
136.81273
132.66104
130.32311
147.05832
149.2247
144.46356
174.56284
187.00823
160.63203
120.57839
41.651803
5.7719118
0.59802905
0.061417445
0.0081787767
0.0017190439
0.00049418819
0.00016565583
6.1188264e-05
2.4362721e-05
1.0301933e-05
4.5732916e-06
2.1105668e-06
1.0038063e-06
4.8802918e-07
2.4059569e-07
1.192662e-07
5.8902321e-08
2.8680303e-08
1.3604478e-08
6.2043804e-09
2.6938702e-09
1.1078298e-09
5.0924717e-10
1.2605205e-10
1.2915453e-05
8.3962177e-05
0.00081644416
0.0042550237
0.01665279
0.052795717
0.13772802
0.39134598
1.0336831
1.7755399
3.6188219
6.6991833
9.4504044
14.945333
19.804879
32.295017
39.951098
54.602076
73.113237
122.43296
134.07784
149.41505
258.72123
278.33821
438.13588
321.61242
268.29605
685.95421
520.98006
330.92827
165.12962
141.10729
109.39267
76.641512
74.918093
70.530813
93.404119
89.565689
78.984109
97.799885
115.99245
115.8994
106.1788
133.03716
122.90983
168.59323
192.37565
284.29787
249.26354
114.44618
25.651591
3.0727625
0.33397412
0.038249484
0.006242391
0.001534388
0.00047048251
0.00016219526
6.0893891e-05
2.4518386e-05
1.0454576e-05
4.6718739e-06
2.1680782e-06
1.0362491e-06
5.0612877e-07
2.5066219e-07
1.2485883e-07
6.2003847e-08
3.0393889e-08
1.4545762e-08
6.7179715e-09
2.9733713e-09
1.2605455e-09
6.0626239e-10
1.5279916e-10
7.9560243e-06
0.00047980376
0.0045465197
0.024114893
0.088487189
0.2609544
0.63917791
1.7090848
4.1410035
6.5769771
13.774199
20.941453
29.0328
45.65021
62.541419
102.65345
129.80489
192.21492
274.26468
455.5459
392.41043
477.70015
1101.1029
913.29095
756.87064
329.90904
627.90075
1243.201
547.79237
205.73005
131.2801
115.91441
162.08221
109.27207
78.950948
115.40159
109.60902
113.10359
112.39065
174.02821
162.3633
189.57862
189.37539
203.62754
164.85127
163.35118
323.11336
250.0517
187.18257
68.883732
11.950667
1.5204612
0.17964036
0.024364648
0.0049797415
0.0013887691
0.00044761192
0.00015813481
6.0300678e-05
2.4542481e-05
1.0552793e-05
4.7473793e-06
2.2156077e-06
1.0643136e-06
5.223038e-07
2.5989668e-07
1.3010933e-07
6.4981054e-08
3.207682e-08
1.5493468e-08
7.2497355e-09
3.2722622e-09
1.4301192e-09
7.1843276e-10
1.8431039e-10
4.6742071e-07
0.0029819206
0.025437647
0.12511292
0.4199623
1.1434029
2.6016637
6.6937903
14.016373
21.424399
46.710315
61.494948
87.936512
150.71325
215.84401
355.95334
483.23916
810.73938
1205.346
1029.2736
801.59066
1504.5766
1493.2522
710.49322
186.62963
100.29773
391.49807
197.18702
122.85926
88.824676
133.79449
124.8765
245.49105
183.88105
109.20727
127.4508
118.73131
98.582186
116.16438
145.64041
157.14754
156.46756
185.31694
313.42503
232.81292
315.68575
320.24159
289.6142
123.97395
25.126459
4.6998475
0.70072222
0.095143956
0.016419094
0.0041525873
0.0012703255
0.00042550438
0.00015361006
5.9437596e-05
2.4451059e-05
1.0601003e-05
4.8012509e-06
2.2536336e-06
1.088157e-06
5.3660288e-07
2.6831191e-07
1.3501944e-07
6.7833069e-08
3.3728217e-08
1.644729e-08
7.8000574e-09
3.5913019e-09
1.6176501e-09
8.4725558e-10
2.211052e-10
3.2706891e-05
0.017750148
0.13212083
0.57460149
1.7411386
4.3681378
9.262051
23.243148
42.839283
66.160836
154.27663
187.13651
288.60001
589.30803
863.73977
1376.989
1595.8806
2152.2706
1636.6183
343.08857
720.92195
842.72462
218.4463
131.38263
83.15587
83.730368
162.7201
231.41182
105.91515
85.019862
161.35633
163.79909
297.07499
308.9009
182.73357
130.39693
119.2777
100.01042
125.45895
151.37014
182.30077
187.34836
254.93126
235.30994
259.17199
255.96256
748.62368
570.72932
133.82903
24.901718
2.4388186
0.3647712
0.056584326
0.01220003
0.0035990126
0.0011707767
0.00040412092
0.00014873329
5.8352922e-05
2.425954e-05
1.0603052e-05
4.8349488e-06
2.2826546e-06
1.1079473e-06
5.490798e-07
2.7592267e-07
1.3959153e-07
7.0559046e-08
3.5347e-08
1.7406768e-08
8.3690735e-09
3.93131e-09
1.8241763e-09
9.9412436e-10
2.6371349e-10
0.00088546773
0.094806111
0.60753198
2.3162541
6.3541325
14.631043
29.795662
75.124475
129.4295
209.1364
539.9071
591.35224
1162.8764
1764.8498
2184.6207
1996.6319
1726.1273
995.1737
174.50175
73.907256
228.26136
258.65008
113.05762
104.36273
69.864001
98.676513
138.20298
142.68573
99.171968
111.74103
138.69649
149.23219
153.37069
209.96148
168.59453
130.30251
127.47034
122.19308
118.46204
149.12098
187.39384
200.14045
186.21235
281.18077
212.80868
227.57491
511.28828
1249.6872
180.6385
29.147944
2.5688846
0.29579131
0.044570276
0.010397344
0.0032193582
0.0010852848
0.00038349472
0.0001436011
5.7083836e-05
2.3974755e-05
1.0564476e-05
4.8499432e-06
2.3031831e-06
1.1238618e-06
5.5979295e-07
2.827457e-07
1.438286e-07
7.3158178e-08
3.6931925e-08
1.837116e-08
8.9567303e-09
4.2927463e-09
2.0507927e-09
1.1605062e-09
3.1263372e-10
0.0090722657
0.45177617
2.4625187
8.2009508
20.703215
43.941971
91.613222
246.22867
414.97986
738.94243
1651.3946
1621.8982
2447.3292
1838.9583
1292.6297
935.6865
269.69402
112.89688
47.668563
58.704669
172.35672
161.36936
86.79433
82.218845
54.537812
57.470118
89.37363
103.58973
106.85884
167.60708
175.42415
161.43931
179.78682
170.14868
137.64794
138.3716
141.03379
154.25415
156.1475
188.0489
208.17488
201.77165
174.47186
183.50813
144.63314
149.18107
230.42033
1146.9562
831.29047
29.670984
2.8629114
0.36433364
0.051163328
0.010861828
0.0031433765
0.001020834
0.0003640571
0.00013830411
5.566305e-05
2.3611032e-05
1.0489076e-05
4.8474284e-06
2.3157379e-06
1.1360849e-06
5.6880456e-07
2.8879951e-07
1.4773424e-07
7.562972e-08
3.8481588e-08
1.933955e-08
9.5628364e-09
4.6760156e-09
2.2981617e-09
1.34759e-09
3.6839817e-10
0.067030923
1.9491491
8.8038439
25.869877
61.07763
125.72811
289.98186
878.32557
1524.0152
1925.2724
1939.1329
1846.7776
1570.8404
302.86456
245.13075
595.41356
432.49671
80.255868
57.307945
54.540135
108.37318
157.86066
51.20909
50.921054
49.612743
56.766019
78.111625
63.263256
70.1476
120.68449
218.97316
167.83922
173.71844
142.74592
127.22534
165.02287
172.74606
144.81151
136.97947
203.12987
250.34691
230.73456
178.2381
164.17522
243.72786
188.7705
168.68718
543.54024
1261.8055
750.91747
65.525416
3.7459928
0.27578146
0.025456426
0.0038572172
0.0010037405
0.00034657087
0.000132917
5.4119499e-05
2.3179187e-05
1.0379607e-05
4.8296052e-06
2.3208397e-06
1.1448061e-06
5.7618023e-07
2.9410418e-07
1.5131265e-07
7.7973008e-08
3.9994452e-08
2.0310809e-08
1.0186954e-08
5.0813371e-09
2.567321e-09
1.5566126e-09
4.3138446e-10
0.40559744
7.5340867
28.026153
74.632563
172.90587
363.9901
1052.7938
2347.4885
2568.9018
1686.141
510.90046
719.87343
571.34855
163.50069
166.79541
110.05702
159.14622
68.430453
73.336099
45.90416
76.987014
75.141159
47.485513
62.174986
63.63837
47.272361
63.480082
52.726833
82.325573
163.08688
139.5021
127.78627
118.43369
140.14009
177.34572
170.08333
187.61899
153.31046
157.18373
272.00784
303.23518
267.94708
199.40221
174.90267
189.00053
228.90766
175.43269
241.96917
767.27593
721.62405
348.55158
37.30941
2.1749209
0.11164463
0.006946643
0.0010321995
0.00032991538
0.00012745333
5.2477885e-05
2.2689198e-05
1.0240526e-05
4.7972537e-06
2.3189302e-06
1.1502175e-06
5.8198816e-07
2.9868119e-07
1.5456854e-07
8.0187463e-08
4.1468861e-08
2.1283618e-08
1.0828424e-08
5.5088796e-09
2.8587329e-09
1.7888108e-09
5.0206191e-10
2.1211782
26.10988
80.710403
204.56886
513.22431
1182.606
2040.7289
2135.4896
1167.1964
342.92424
188.81061
406.2414
183.03055
104.58641
169.91378
110.00967
172.68393
49.255217
62.098042
60.304729
64.087598
43.824425
48.681246
84.376334
76.030179
49.950722
50.177195
45.487775
57.968706
158.74171
159.11296
118.91998
127.22653
153.12312
158.1625
214.37748
202.21481
178.2109
184.95533
331.91364
323.51679
283.00057
235.36242
231.01321
188.05705
271.17056
230.31079
186.74479
333.07394
406.2663
266.89632
44.688613
3.2621782
0.15398637
0.0078528814
0.00099601051
0.00031199834
0.00012193009
5.0760481e-05
2.2150223e-05
1.0075369e-05
4.7516909e-06
2.3108114e-06
1.1525139e-06
5.8629873e-07
3.0255329e-07
1.5750719e-07
8.2272621e-08
4.2903055e-08
2.2256501e-08
1.1486529e-08
5.9584312e-09
3.1727059e-09
2.0448078e-09
5.8084197e-10
9.7957849
82.242161
214.25122
567.81783
1703.0617
2137.0699
1383.0871
600.46443
200.32742
76.315652
141.33159
297.14474
658.99996
75.974022
100.67924
59.221623
93.079911
41.795054
30.781495
78.629548
63.721026
52.716536
52.253524
102.92512
88.261437
56.474289
44.999975
44.306508
64.961158
121.24166
146.84263
136.20776
212.79994
143.73997
148.00503
321.99411
252.21914
175.25305
181.25341
330.38201
324.21181
299.16062
237.7221
176.69347
112.55647
201.89017
318.37438
218.00635
222.2312
237.63649
191.48085
44.387225
3.2172366
0.14843245
0.0072473525
0.00090853408
0.00029340897
0.00011640018
4.8987482e-05
2.1570619e-05
9.887466e-06
4.6943749e-06
2.296717e-06
1.1518622e-06
5.8918367e-07
3.0574429e-07
1.6013435e-07
8.4228129e-08
4.4295219e-08
2.3227735e-08
1.2160192e-08
6.4296973e-09
3.5102041e-09
2.3255116e-09
6.678498e-10
40.742474
233.26182
549.24755
1676.7624
2320.1396
1553.3209
661.49837
202.88286
28.969737
47.182232
120.02516
230.43705
668.9782
30.242285
62.004089
68.927482
62.346096
43.140063
28.114229
33.212979
57.291187
53.289175
44.823802
141.1761
122.82918
64.732021
47.560486
51.516294
73.348479
78.592789
171.4124
229.54345
192.39152
124.21555
102.04047
239.77186
275.65588
237.61367
322.57216
312.36636
330.88794
272.00834
291.02052
196.95897
127.27283
166.96281
386.96019
333.79326
237.95639
242.97248
208.27148
38.870897
2.4106014
0.10475087
0.0051471417
0.00079181259
0.00027498869
0.00011091739
4.7176981e-05
2.095806e-05
9.6799382e-06
4.626555e-06
2.2771849e-06
1.1485504e-06
5.9071645e-07
3.0827896e-07
1.6245626e-07
8.6053786e-08
4.5643418e-08
2.4195564e-08
1.2848293e-08
6.922152e-09
3.8706693e-09
2.6318145e-09
7.6351939e-10
155.8461
602.28317
1483.873
2165.1595
1099.7788
744.49479
243.2673
44.51428
14.039883
33.32412
107.01606
149.63398
84.304022
21.12292
44.254012
38.899954
17.762944
20.069848
34.356518
30.400961
49.856767
84.411239
42.052153
82.256387
143.84102
88.63642
52.121148
71.716798
79.089398
81.424676
101.02394
126.57633
113.39883
116.61794
122.73913
177.83846
239.00733
284.60537
432.46842
320.59382
352.17668
288.97267
301.03991
397.31168
261.32877
149.45081
339.22577
433.44781
392.09684
369.95795
194.22811
20.721578
1.165392
0.051193914
0.0032336499
0.00069494462
0.00025776659
0.00010552514
4.5344198e-05
2.031924e-05
9.4556066e-06
4.5493978e-06
2.2527311e-06
1.1426858e-06
5.9096361e-07
3.1018225e-07
1.6447942e-07
8.7749449e-08
4.6945739e-08
2.5158055e-08
1.3549487e-08
7.4353782e-09
4.253813e-09
2.9636605e-09
8.6807709e-10
499.54289
1620.8321
2465.7157
1375.0584
485.05689
333.43479
68.428256
33.780719
11.316779
32.352044
78.226067
80.089351
26.820054
17.998365
35.21488
18.096992
13.807646
17.681918
52.416682
39.848764
48.908346
62.115793
39.681565
39.732077
139.91041
96.6971
60.282185
111.66534
89.918813
90.967681
111.77873
125.21269
128.41087
127.90709
157.96924
188.53635
293.18067
279.51674
515.40501
311.98428
351.51872
291.56801
289.89831
407.23491
257.89452
233.51034
186.83626
430.73289
460.83174
369.35954
101.2787
8.6246283
0.47386146
0.022890391
0.002198044
0.00062439973
0.00024163281
0.00010022957
4.3501538e-05
1.9660959e-05
9.2175939e-06
4.4642559e-06
2.2239223e-06
1.1345061e-06
5.9002754e-07
3.1149158e-07
1.6621615e-07
8.9317629e-08
4.8201266e-08
2.6113504e-08
1.4262173e-08
7.9684688e-09
4.6602645e-09
3.3209247e-09
9.8159944e-10
1497.0402
3061.6188
2160.591
736.92762
195.93348
126.59471
35.09226
65.900761
10.343739
29.801949
51.412848
49.035467
24.131064
17.613227
28.605324
17.616093
13.060192
20.003619
71.501706
51.458669
45.816319
39.707095
40.579891
36.468996
101.99901
94.79322
87.878058
94.821948
89.88581
91.729437
92.102885
96.890853
95.973139
91.879135
129.34267
160.65297
281.74602
301.51062
273.54621
231.7967
351.86238
279.07242
322.98262
389.20566
1380.9398
1006.5147
146.37501
318.29718
406.62416
237.57436
40.02476
3.1274308
0.17651553
0.010700278
0.0016966966
0.00057169626
0.00022689549
9.517869e-05
4.169163e-05
1.8995203e-05
8.9690984e-06
4.3718273e-06
2.1907902e-06
1.1239174e-06
5.8780457e-07
3.1211644e-07
1.6760276e-07
9.0714314e-08
4.9380229e-08
2.704195e-08
1.4973313e-08
8.5110746e-09
5.0827743e-09
3.6992522e-09
1.1032983e-09
4250.9645
3146.7187
849.76733
194.38834
67.43478
39.263264
27.724878
59.78886
9.4729351
25.031973
45.324401
80.508027
31.814652
16.443169
23.424102
18.442435
14.231622
15.5044
76.650201
72.35137
44.876706
33.398271
40.227456
36.965766
63.657841
88.940706
80.472838
123.01197
101.24992
88.984986
101.70746
122.0153
112.37461
116.04442
255.59595
190.88129
170.51356
280.97173
393.23075
203.61176
409.63385
368.65533
368.69535
556.15981
1468.9442
2299.569
632.28911
135.88923
214.88127
96.481733
13.777566
1.0539179
0.065065421
0.0058953955
0.0014219211
0.00052275785
0.00021135231
8.971225e-05
3.9696329e-05
1.8247085e-05
8.6835917e-06
4.2625088e-06
2.1498405e-06
1.1096819e-06
5.8385176e-07
3.1184947e-07
1.6852039e-07
9.1888865e-08
5.0464095e-08
2.7938396e-08
1.5683212e-08
9.0684754e-09
5.5248015e-09
4.1007377e-09
1.2352061e-09
7980.2626
1466.5011
210.21266
38.707572
26.692399
19.564313
23.311318
39.807723
7.5377471
23.030461
54.690578
185.65454
36.96343
16.507417
19.547861
15.081104
15.302499
26.2482
76.035642
99.229198
47.858194
32.630154
40.443347
39.495079
61.426278
82.615858
80.591485
143.13353
104.1161
90.422933
117.38104
117.85566
84.966568
82.98427
152.76585
170.90467
164.81058
219.75606
249.78846
165.09635
360.6772
372.91369
347.90287
607.23094
797.13868
1011.2572
987.36632
118.47933
85.619464
33.883834
4.3587717
0.34370156
0.026275982
0.0040303483
0.0012659379
0.00048813746
0.00020057553
8.6116166e-05
3.8463031e-05
1.7819265e-05
8.536678e-06
4.2146518e-06
2.1366774e-06
1.1083124e-06
5.860206e-07
3.1470115e-07
1.7108884e-07
9.3902378e-08
5.1977624e-08
2.9062927e-08
1.6521275e-08
9.7061086e-09
6.0231487e-09
4.5429615e-09
1.3830541e-09
1565.8247
212.91283
32.569916
14.39982
15.769304
22.405736
22.516117
24.729001
6.1946306
24.139408
69.456102
248.65355
42.120581
17.400638
16.383472
13.749532
17.267985
43.213718
73.232776
106.28555
71.592864
32.40475
40.111472
43.200148
71.62313
76.189223
97.255917
123.18399
94.33532
94.87558
105.87635
89.040689
85.803423
101.76052
125.87572
211.16354
169.05377
259.29831
349.68194
183.55603
110.71035
474.96917
308.82621
422.92937
390.04687
493.52587
437.34164
79.663047
29.508892
10.794745
1.3313039
0.11563225
0.013039807
0.0031896625
0.0011458986
0.00045458846
0.00018928407
8.2086964e-05
3.6976611e-05
1.7258709e-05
8.3232651e-06
4.1342506e-06
2.1078048e-06
1.0990128e-06
5.8399402e-07
3.1532255e-07
1.7244551e-07
9.5314147e-08
5.3207582e-08
3.0062279e-08
1.7311946e-08
1.0330908e-08
6.5286578e-09
5.0005791e-09
1.5383852e-09
108.60198
17.071132
6.4515682
14.128312
15.585562
26.326564
17.766338
11.625594
5.8746501
24.89197
68.862054
171.89362
41.151804
15.619699
15.228177
15.958217
18.869394
50.340893
72.007169
63.392727
94.486164
33.359599
40.337117
51.204495
76.582931
74.279798
95.725657
94.775076
94.414746
98.55325
111.84294
130.23028
108.55631
106.10823
124.82391
245.84358
174.85652
308.00362
275.96571
95.609748
84.388202
1101.3947
422.05707
421.37929
353.18146
334.30035
306.12993
36.726931
8.9162541
3.2813787
0.42124257
0.044408863
0.00822951
0.0027107727
0.0010428738
0.00042226622
0.00017794667
7.7913329e-05
3.5389714e-05
1.6640286e-05
8.0782705e-06
4.0368026e-06
2.0697288e-06
1.085181e-06
5.7993479e-07
3.1489473e-07
1.7328851e-07
9.6465693e-08
5.4308251e-08
3.100209e-08
1.8080817e-08
1.0953512e-08
7.0410431e-09
5.4727327e-09
1.7012033e-09
4.7680421
1.4180736
2.8021579
15.604098
17.832435
25.095322
8.0425314
6.015532
5.7978074
25.46881
58.710437
58.019083
25.745961
15.11516
15.321838
14.193227
19.643346
50.937536
87.384078
50.041299
80.623144
36.96712
39.889417
58.945541
75.730495
75.620976
129.54157
99.297551
97.677151
106.20193
142.03631
132.14561
105.14222
90.017631
133.1539
239.60841
174.25159
160.73399
239.04161
59.293913
86.846971
1668.8001
626.7577
426.85361
904.06374
536.84292
245.15368
15.886863
3.0539746
1.038776
0.15592726
0.021603669
0.0061358284
0.002373439
0.00095092898
0.00039158849
0.00016692279
7.3787989e-05
3.3798944e-05
1.6012131e-05
7.8261519e-06
3.935124e-06
2.0293217e-06
1.0699479e-06
5.7498531e-07
3.1405062e-07
1.7392409e-07
9.7522024e-08
5.5373354e-08
3.1937687e-08
1.8860681e-08
1.1596158e-08
7.575935e-09
5.9703495e-09
1.8734318e-09
1.7516002
0.72373948
1.5933387
15.798226
23.519405
24.515046
3.9722294
5.3650968
5.7643702
26.74163
47.119022
42.826882
21.955635
15.281555
14.163831
15.259886
19.824546
41.082941
138.85528
48.851422
76.822257
38.475185
41.110241
74.102977
69.253657
95.981307
144.82645
90.260071
97.082927
116.4806
153.55404
128.3235
128.35127
114.77993
142.89498
225.65373
180.59444
145.59501
155.23333
47.5544
92.302561
284.70075
635.15781
496.75712
604.91148
501.41841
244.47187
12.931882
3.5538117
0.83614731
0.10291771
0.015610537
0.005144727
0.002119226
0.00086880206
0.00036282713
0.00015636659
6.9776332e-05
3.2229949e-05
1.5383773e-05
7.5701919e-06
3.8301663e-06
1.9867419e-06
1.0534087e-06
5.6929538e-07
3.1277552e-07
1.7432952e-07
9.8461443e-08
5.6385068e-08
3.2854988e-08
1.9642004e-08
1.2251485e-08
8.1284372e-09
6.4872691e-09
2.0532997e-09
1.6900262
0.70488505
1.1738499
13.712626
34.690502
23.939272
3.0834314
5.8224881
6.2703909
29.371554
36.988717
35.458981
21.234673
17.56961
12.516755
11.924139
18.186643
76.330823
165.57207
52.375323
70.600512
39.452685
43.769246
82.993396
86.429256
151.36684
111.68356
80.835775
102.93364
127.46352
161.94679
137.49229
152.43447
134.61403
219.53797
228.2022
186.64978
155.72287
101.32832
42.423584
28.883395
80.956178
1217.3648
640.91016
527.02611
650.04262
312.84482
42.876738
46.703789
2.8452668
0.17732193
0.018848615
0.0051070357
0.0019364665
0.00079595881
0.00033601395
0.00014631375
6.5895111e-05
3.0689837e-05
1.4758176e-05
7.3116212e-06
3.7224399e-06
1.9421977e-06
1.0356391e-06
5.6287814e-07
3.1108648e-07
1.7450816e-07
9.9282467e-08
5.734038e-08
3.3750924e-08
2.042228e-08
1.2915443e-08
8.6976399e-09
7.0238012e-09
2.2404176e-09
1.7825893
0.71746465
1.0104666
7.6882916
42.056268
21.131099
3.0092404
4.3574999
6.5294545
30.747282
31.198118
36.350904
22.127668
20.762273
12.589692
12.307055
16.876652
87.782925
157.1267
70.020685
54.542196
40.410197
46.603123
81.690763
99.58855
157.72013
102.31649
101.04814
136.87549
134.08709
164.36024
140.12595
134.55108
202.2485
220.92198
226.28003
202.30518
151.41565
79.806799
24.039044
34.466485
52.506053
1236.1394
682.20516
527.24952
899.5648
321.69541
675.39091
564.90622
60.188616
1.395597
0.068244679
0.0069803405
0.0018727461
0.00073249319
0.00031105648
0.00013676186
6.2150388e-05
2.9183047e-05
1.4137811e-05
7.0516943e-06
3.6125543e-06
1.8959758e-06
1.0167708e-06
5.5579246e-07
3.0900811e-07
1.7446713e-07
9.9986382e-08
5.8237792e-08
3.462322e-08
2.119792e-08
1.3584377e-08
9.2781487e-09
7.5783855e-09
2.4342803e-09
1.7755365
0.68321595
1.0770635
3.1443594
35.42594
14.098633
3.0757993
3.2671739
6.6174532
30.373016
25.363076
42.557074
26.254957
25.47362
13.540657
13.92298
15.608672
44.468819
94.148785
95.379097
41.759497
41.586486
48.799316
73.430581
101.9937
118.04008
99.909515
116.74867
150.92667
127.20895
160.71059
152.52477
139.68921
356.12561
306.51234
220.01042
213.67662
144.36807
52.89639
26.564107
48.029887
52.116213
267.51448
549.0066
603.02421
952.9009
1366.2627
1452.6335
810.34159
231.0492
13.774661
0.40896422
0.015176077
0.0018977378
0.0006747037
0.00028775681
0.00012769827
5.8545788e-05
2.7713353e-05
1.3524962e-05
6.791612e-06
3.5011044e-06
1.8483621e-06
9.9693709e-07
5.4809841e-07
3.0656559e-07
1.7421831e-07
1.0057491e-07
5.9076066e-08
3.5469691e-08
2.1965759e-08
1.4260617e-08
9.8691199e-09
8.1454875e-09
2.6335995e-09
1.8714769
0.69038066
1.1706465
2.2941823
14.779925
6.0011652
3.0966946
3.0701059
6.9538991
29.345379
25.229147
39.603585
28.491701
30.046691
24.160117
19.112803
17.557446
32.201927
52.687582
101.73348
44.729899
44.784146
49.761747
64.367535
110.15221
115.0882
111.21563
106.8325
139.85012
114.8656
157.30205
179.28875
146.21527
314.97377
294.67432
221.69935
210.93727
135.61863
32.047686
38.407027
74.762262
42.13627
76.320274
572.50068
541.00262
1315.5123
1777.0293
1242.8435
588.93922
166.2176
16.736651
0.56976666
0.017950939
0.0018050317
0.00061892333
0.00026596087
0.00011910848
5.508355e-05
2.6283913e-05
1.292165e-05
6.5324691e-06
3.3886446e-06
1.7996273e-06
9.7626659e-07
5.3985439e-07
3.0378371e-07
1.7376906e-07
1.0105004e-07
5.9854187e-08
3.6287778e-08
2.2724616e-08
1.4938532e-08
1.0471152e-08
8.7249059e-09
2.8376846e-09
1.8054399
0.70435287
1.2122484
1.9251339
4.8749838
2.9578556
3.7274857
3.8472986
8.3052926
23.848983
25.117687
24.594181
28.983535
31.309591
31.809002
17.362934
22.536603
40.507062
50.817656
129.60172
75.232728
48.94206
48.844493
63.530144
134.552
126.89019
127.78933
110.51047
167.38715
109.66224
158.30781
174.93987
218.95775
205.68661
271.74187
239.56962
150.70064
117.35774
24.435664
58.533071
143.63051
74.094832
41.6354
586.16627
483.32352
1107.3313
1238.8419
740.83378
433.65469
157.57485
15.593345
0.51845139
0.016156453
0.0016001506
0.00056525073
0.00024557551
0.0001109774
5.1764762e-05
2.4897294e-05
1.2329634e-05
6.275251e-06
3.2756859e-06
1.7500254e-06
9.5488151e-07
5.3111742e-07
3.0068754e-07
1.7312791e-07
1.0141404e-07
6.0571279e-08
3.7075561e-08
2.3474335e-08
1.5615314e-08
1.1079808e-08
9.3158435e-09
3.045979e-09
1.886075
0.76627636
1.2144125
2.0532368
2.3457103
2.6401662
4.6416513
5.8579621
9.8039903
17.112721
22.517183
22.950947
28.618822
31.406613
19.340072
15.244028
27.403434
43.328613
39.670614
74.453192
77.824255
47.64354
46.409885
68.064002
225.17882
164.18778
109.94032
118.72355
152.19911
93.408315
159.3095
159.26921
424.70496
225.62857
265.06732
270.06488
137.89259
75.184693
23.967882
104.93838
274.99153
152.94906
37.00994
544.41975
427.7177
710.9188
675.79591
553.49726
494.06292
157.27384
9.364762
0.29427817
0.0098728108
0.0013405176
0.00051502314
0.00022653589
0.00010328958
4.8589506e-05
2.3555508e-05
1.175042e-05
6.0208347e-06
3.1626944e-06
1.6997933e-06
9.3289844e-07
5.2194247e-07
2.9730133e-07
1.7230544e-07
1.0166941e-07
6.1226668e-08
3.7831641e-08
2.4209869e-08
1.6288602e-08
1.1691602e-08
9.9159091e-09
3.2575395e-09
1.9095043
0.87806759
1.2384451
2.3421742
2.7230557
2.6708135
5.7829945
6.9837644
10.592249
17.208932
21.883359
23.403288
26.199142
38.262248
14.584302
14.620272
31.525207
36.539757
29.830107
52.488506
80.490493
50.331951
45.678252
69.547453
389.86765
228.52327
135.87115
250.54833
189.92794
91.965873
103.49596
152.17005
414.91395
359.05566
328.40271
331.59254
238.76977
37.755428
32.949076
204.72856
524.97178
318.31159
46.486066
305.29207
407.6621
482.54891
536.64915
635.02278
504.31581
83.42113
3.6314192
0.11686858
0.0053343353
0.0011441493
0.00046958033
0.00020877024
9.6029129e-05
4.5557026e-05
2.2260077e-05
1.1185283e-05
5.7699968e-06
3.050095e-06
1.6491511e-06
9.1042738e-07
5.1238248e-07
2.9364918e-07
1.7131111e-07
1.0181891e-07
6.1819972e-08
3.8553615e-08
2.4928415e-08
1.6959231e-08
1.2305073e-08
1.0519723e-08
3.470997e-09
2.2267823
0.95505689
1.5393212
2.8605766
5.9783564
2.9034508
6.6943954
6.0792066
11.901096
30.414803
20.754169
25.516595
22.730668
61.569444
14.188428
13.317221
33.582017
35.607936
27.48436
84.11884
67.281697
46.58533
44.832172
81.988934
447.68115
249.13877
353.8231
515.2135
207.83177
90.350858
74.220813
130.32922
198.57094
715.69304
453.8413
408.33536
403.11065
34.321124
70.929527
453.40069
753.60846
552.7648
60.539951
109.00696
490.31821
501.40125
638.62741
663.81242
322.91744
28.837154
1.1714433
0.042084414
0.0032901931
0.0010077133
0.00042827964
0.00019219101
8.9180028e-05
4.2665847e-05
2.1012072e-05
1.0635279e-05
5.5234148e-06
2.9382697e-06
1.5983017e-06
8.8757171e-07
5.0248824e-07
2.8975457e-07
1.7015473e-07
1.0186542e-07
6.235084e-08
3.9240522e-08
2.5628172e-08
1.7621966e-08
1.2919016e-08
1.1126206e-08
3.6854772e-09
2.2983684
0.90755385
1.9768662
3.3783756
5.7203316
3.2734245
8.4092828
6.0515395
12.060355
51.732897
21.421566
27.2425
20.519354
69.182991
16.959083
13.573254
35.100888
37.923617
28.039972
121.21692
66.456505
48.154106
44.589676
87.086874
207.62984
224.72464
472.35783
180.52555
77.949952
86.596429
57.428596
135.45555
242.64066
397.82564
425.64332
549.30332
432.33859
184.42382
312.44724
782.85035
801.81792
623.98035
132.59578
57.576301
521.25683
626.20606
686.38246
524.0116
122.66129
8.3948528
0.34475317
0.016168462
0.00244456
0.00090237413
0.00039032334
0.00017672048
8.272655e-05
3.9913901e-05
1.9812176e-05
1.0101264e-05
5.281676e-06
2.8275615e-06
1.5474313e-06
8.6442835e-07
4.9230812e-07
2.8564046e-07
1.6884598e-07
1.0181192e-07
6.2819447e-08
3.9889805e-08
2.630835e-08
1.827641e-08
1.3530704e-08
1.1732054e-08
3.8999124e-09
2.0654946
1.0660561
2.8639059
3.8990452
3.4880497
3.0097178
12.445719
5.8469406
10.750706
54.575552
54.233165
29.856841
20.194967
52.588948
21.074976
18.001646
37.42049
36.868707
29.347095
71.7258
67.010599
57.257543
43.972608
88.452078
144.4047
100.07301
189.42403
169.5086
47.554115
80.246885
37.034396
237.73932
185.90694
314.80861
405.31118
343.41411
236.74922
437.13497
490.46879
531.77935
485.29384
486.46023
181.80344
35.036612
322.96237
588.28692
554.82648
237.72266
38.649548
2.2051045
0.10131833
0.008053178
0.0020397493
0.00081188539
0.00035524358
0.00016229336
7.6653222e-05
3.7298595e-05
1.8660707e-05
9.5839112e-06
5.0452793e-06
2.7182734e-06
1.4967094e-06
8.4108736e-07
4.8188806e-07
2.8132893e-07
1.6739469e-07
1.0166275e-07
6.3225772e-08
4.0500999e-08
2.6966604e-08
1.891796e-08
1.4137862e-08
1.2336699e-08
4.1135087e-09
1.8525295
1.2375113
2.7167505
5.747288
4.6558879
3.9161022
11.044147
5.8329791
10.343577
46.259093
100.22447
31.157691
20.397873
25.761256
24.068116
15.961426
51.32139
45.562808
30.263677
37.565981
82.522721
69.201986
44.076043
88.802251
150.98934
84.390488
121.5811
99.771465
36.16099
37.372963
34.132576
407.37129
268.36928
471.37974
502.90931
265.57052
163.60614
211.27315
344.26576
397.63458
317.76357
261.13885
156.2235
22.681364
132.7762
338.60745
259.66878
87.007006
10.907707
0.56112736
0.035066734
0.0054129336
0.0017771308
0.00073012259
0.00032278898
0.00014885257
7.0944808e-05
3.4816915e-05
1.755768e-05
9.0837261e-06
4.814645e-06
2.6106729e-06
1.4462896e-06
8.1763234e-07
4.7127152e-07
2.7684147e-07
1.658105e-07
1.0142045e-07
6.357035e-08
4.1072737e-08
2.7600524e-08
1.9543358e-08
1.4736087e-08
1.2936716e-08
4.3251857e-09
1.832582
1.554251
6.6899892
7.0258194
6.6303543
4.1025747
9.6311168
6.0925115
9.9896272
28.092787
73.443269
27.339446
18.657279
21.479632
21.604044
16.803033
54.972888
53.526167
31.836045
32.660956
141.16229
73.242316
43.510361
88.541955
179.33019
106.5071
110.06949
99.382182
31.15519
36.095623
34.899352
310.79139
246.80588
537.10983
597.67814
227.24987
158.98867
157.57784
256.81067
306.17878
267.532
212.99217
99.780356
15.431973
53.256361
135.68604
99.47767
27.87934
2.8312382
0.15519439
0.01711137
0.0042884372
0.0015641442
0.00065519617
0.0002927958
0.00013634574
6.5586184e-05
3.2465458e-05
1.6502821e-05
8.6010569e-06
4.5901153e-06
2.5049909e-06
1.3963092e-06
7.941397e-07
4.604991e-07
2.7219862e-07
1.6410288e-07
1.0108877e-07
6.3853703e-08
4.1603836e-08
2.8210881e-08
2.0156573e-08
1.5323186e-08
1.3527245e-08
4.5337525e-09
1.9312419
0.74616654
6.4959851
8.9544654
5.4602194
5.7920339
13.834949
6.9942137
10.286589
16.64948
24.22668
25.307253
18.813111
22.801689
20.19984
18.872314
60.624283
62.418507
27.246001
21.676398
43.924615
33.947919
43.4473
91.667433
173.78497
182.0806
90.388378
52.346108
28.319038
38.425758
35.068389
223.38918
213.61035
487.8506
506.49773
242.65788
148.22899
146.69289
278.58546
350.19669
257.26905
206.58243
91.436053
9.3431016
20.439597
48.936564
33.199395
8.0068706
0.71486615
0.056618223
0.011370465
0.0035876861
0.0013765406
0.00058650375
0.00026512909
0.00012472354
6.0562381e-05
3.0240533e-05
1.5495623e-05
8.1361189e-06
4.3719656e-06
2.4014264e-06
1.3468911e-06
7.7067994e-07
4.4960926e-07
2.6742008e-07
1.6228127e-07
1.0067164e-07
6.4076581e-08
4.2094174e-08
2.8791121e-08
2.0751815e-08
1.59008e-08
1.4108293e-08
4.7381791e-09
1.8268224
0.60698274
2.5947047
12.734718
5.8940557
6.8160944
17.905495
13.747942
13.799712
14.433722
21.573633
29.71855
21.304525
25.590425
22.949026
23.215684
117.11784
65.652067
21.428794
20.740453
22.137572
32.246007
58.4906
127.16218
144.40739
205.62371
143.66281
71.234086
33.518592
49.994845
32.158901
152.09748
214.70528
399.54491
473.7229
223.39861
150.4064
151.65374
259.42164
522.46828
374.06096
289.74071
102.21471
4.1355815
7.2469163
16.11913
9.8620735
2.1200797
0.20184006
0.030221715
0.0086951385
0.0030406512
0.0012084039
0.00052373037
0.00023966224
0.00011393859
5.5858505e-05
2.8138164e-05
1.4535353e-05
7.6889972e-06
4.1604034e-06
2.3001453e-06
1.2981428e-06
7.4731629e-07
4.3863711e-07
2.6252451e-07
1.6035479e-07
1.0017288e-07
6.4239975e-08
4.2542406e-08
2.9342773e-08
2.1326993e-08
1.6464238e-08
1.4675653e-08
4.9375342e-09
1.447096
0.78621983
4.6825834
20.717881
6.54898
15.216873
26.335534
13.925436
17.624715
15.39423
18.994136
37.613463
23.37719
30.634641
18.81194
22.544711
122.93105
46.524841
20.71889
22.566637
24.455824
38.291621
67.851644
158.20187
143.20456
163.38049
127.80836
92.689868
47.180638
29.762711
15.338777
66.413548
203.78324
332.9796
389.49535
204.76373
172.40895
174.61202
237.85183
489.81931
451.78095
353.71902
32.943637
0.79318727
2.4378284
4.8734049
2.689104
0.56054512
0.078754694
0.020558511
0.0069431693
0.0025815972
0.0010578465
0.00046658732
0.00021627139
0.0001039452
5.1459815e-05
2.6154189e-05
1.362111e-05
7.2596717e-06
3.9555805e-06
2.2012866e-06
1.2501587e-06
7.2410643e-07
4.2761565e-07
2.5752972e-07
1.5833239e-07
9.9596427e-08
6.4344976e-08
4.2948304e-08
2.986579e-08
2.1880546e-08
1.7011804e-08
1.5229144e-08
5.1310889e-09
1.6503068
0.86256353
5.2127891
8.6600583
7.2402052
20.344364
34.766138
16.818213
26.75627
28.368883
20.432756
38.335292
24.448607
40.232003
21.206713
27.304951
73.785112
55.708304
21.294849
25.074986
27.733519
35.619185
82.905095
131.73119
180.12065
166.30136
128.56878
101.89583
58.809158
13.411936
12.507855
44.094449
171.56122
305.96514
287.71093
189.35346
191.29325
179.86282
215.81752
443.82657
535.33252
245.77449
1.3686642
0.31373008
0.83142921
1.4116771
0.72888725
0.17699956
0.044150535
0.015295719
0.0056128493
0.0021902125
0.00092362561
0.00041476229
0.00019483366
9.4698858e-05
4.7351663e-05
2.4284256e-05
1.2751824e-05
6.8480182e-06
3.7575912e-06
2.1049593e-06
1.2030189e-06
7.0110117e-07
4.1657483e-07
2.5245233e-07
1.5622268e-07
9.8946209e-08
6.4392822e-08
4.3311973e-08
3.0355966e-08
2.2409641e-08
1.754179e-08
1.5766421e-08
5.317883e-09
1.0641836
0.17589329
2.2192912
20.276507
7.7641876
14.898919
29.380284
17.543864
59.877338
27.15297
20.040933
31.213144
23.705312
43.217598
20.330744
32.754349
106.05848
71.460028
20.673244
26.426596
29.749285
57.017325
89.772637
70.096213
220.88481
215.75206
161.62994
144.65819
73.797837
12.11653
13.383294
40.649924
188.79541
272.37953
279.80833
228.88257
227.63363
126.35153
104.30651
360.66868
430.32635
57.556501
0.15103025
0.16453343
0.32055604
0.4406915
0.23254054
0.079715755
0.029933415
0.011703456
0.0045569736
0.0018559161
0.00080450919
0.00036792069
0.00017522748
8.6156322e-05
4.3519614e-05
2.2523918e-05
1.1926309e-05
6.4538332e-06
3.5664855e-06
2.0112498e-06
1.1567923e-06
6.7834606e-07
4.0554223e-07
2.4730807e-07
1.5403406e-07
9.8226185e-08
6.4384854e-08
4.3632809e-08
3.0814356e-08
2.2914041e-08
1.8051442e-08
1.6283593e-08
5.4969683e-09
1.4431934
0.21748165
1.0354054
10.428771
14.77566
29.876962
21.923928
19.272363
20.138558
34.563338
20.497183
24.120106
27.31352
38.047504
21.24288
31.633931
89.204496
74.834868
18.821619
29.316482
25.394584
117.60552
64.491733
41.69055
196.27733
287.18199
225.06123
191.63158
24.407688
7.8256307
7.5778493
44.046178
362.73072
295.79008
272.47742
292.43478
238.90291
44.543722
40.6692
144.66572
164.53094
10.201569
0.052646903
0.095468649
0.15269414
0.17457147
0.10364649
0.048131486
0.021627338
0.0090513555
0.0037077618
0.0015706887
0.00069922096
0.00032571452
0.00015733281
7.8275434e-05
3.9949392e-05
2.0868618e-05
1.1143258e-05
6.0768322e-06
3.3822659e-06
1.9202188e-06
1.1115348e-06
6.5588037e-07
3.945426e-07
2.4211143e-07
1.5177441e-07
9.7440284e-08
6.432277e-08
4.3911245e-08
3.1241174e-08
2.3392536e-08
1.8539574e-08
1.6780201e-08
5.6677255e-09
0.37952866
0.025367525
0.21570151
5.5128092
20.335812
40.581883
40.773302
16.206198
43.60736
47.844434
18.217063
23.245231
30.454351
51.799243
24.489796
62.311853
63.637558
75.441416
23.848777
38.478117
30.453668
144.75864
49.12226
28.886346
85.610837
196.08265
314.01118
36.738239
1.6097897
1.8647222
5.6794974
42.830624
423.54071
458.29131
278.70627
380.31573
154.15127
15.919664
17.012456
46.123747
44.173862
1.4876452
0.030057386
0.059680058
0.087621537
0.09164939
0.061004535
0.032995694
0.015966546
0.0070433597
0.003021298
0.0013277081
0.00060647928
0.0002877924
0.00014103222
7.1015325e-05
3.6627023e-05
1.9313784e-05
1.0401293e-05
5.7166757e-06
3.2049014e-06
1.8319087e-06
1.0672926e-06
6.3373866e-07
3.8359847e-07
2.3687607e-07
1.494515e-07
9.6592469e-08
6.4208294e-08
4.4147428e-08
3.1633877e-08
2.3844003e-08
1.9004407e-08
1.7254052e-08
5.8293376e-09
0.065719528
0.014882921
0.15336269
4.1292965
21.761043
19.335887
33.677927
13.288651
22.028031
43.085178
16.049335
28.286124
40.503616
62.391291
35.718528
84.441586
99.646657
95.523384
33.261697
33.560629
40.662524
130.8333
56.619234
17.310048
28.308336
30.932424
79.566116
4.6981536
1.2937401
1.6061229
3.27192
17.559863
132.86971
354.52242
520.19346
414.61294
35.449998
5.3886491
6.3025909
13.700161
9.6308028
0.19666027
0.019795639
0.039351341
0.055774708
0.0570303
0.04056013
0.023516488
0.011920723
0.0055048984
0.0024646653
0.0011210325
0.00052503487
0.00025380682
0.00012621129
6.4336322e-05
3.3538785e-05
1.7854809e-05
9.6989601e-06
5.3729637e-06
3.0343227e-06
1.74634e-06
1.0241007e-06
6.1194962e-07
3.7272953e-07
2.316143e-07
1.4707247e-07
9.5686563e-08
6.404281e-08
4.4341848e-08
3.1992433e-08
2.4270841e-08
1.9447588e-08
1.7701703e-08
5.9808866e-09
0.0352115
0.0090776776
0.034273624
1.1434772
3.0745381
16.319443
17.555779
15.947242
18.530777
48.674008
18.402143
46.996874
60.914359
50.803008
69.86819
109.06405
105.16861
48.841222
28.065398
30.076544
38.975534
103.37175
42.243793
8.7107994
10.566769
3.8788578
4.5619635
1.5233952
1.2814647
1.3947229
2.6745488
14.175536
88.207244
492.69698
594.80495
135.48024
5.2538884
1.9484524
2.1575886
3.7640792
1.7431536
0.034024453
0.014188863
0.027052505
0.037384084
0.038091108
0.028102939
0.017037348
0.0089682333
0.0043183911
0.0020125393
0.00094548153
0.00045369935
0.0002234206
0.00011275971
5.8200231e-05
3.0671358e-05
1.6487135e-05
9.0347744e-06
5.0452617e-06
2.8704371e-06
1.6635191e-06
9.8198623e-07
5.9053808e-07
3.6195363e-07
2.2633768e-07
1.4464431e-07
9.472643e-08
6.3828285e-08
4.4494901e-08
3.231661e-08
2.4663307e-08
1.9865339e-08
1.8127838e-08
6.1225429e-09
0.028150205
0.0068676738
0.019867901
0.22217709
0.88175312
10.310277
7.6712417
16.712805
12.965012
42.045131
21.409018
51.875869
66.235971
57.751467
41.738184
130.47528
91.765943
33.878177
12.508464
44.724774
16.657624
79.055347
46.835596
7.1206405
2.5789333
0.6555137
0.80640689
1.7765001
1.5383698
1.7012923
2.5209509
6.0517593
71.858669
389.45249
317.54053
18.174649
1.5359076
0.6686074
0.69229515
0.9148298
0.28793612
0.013557942
0.010854887
0.019257255
0.025844955
0.026245609
0.019858521
0.012455805
0.0067876521
0.003401628
0.001644573
0.00079655384
0.00039136119
0.00019631077
0.00010057154
5.2570263e-05
2.8011771e-05
1.5206236e-05
8.4072093e-06
4.7330932e-06
2.7131223e-06
1.583435e-06
9.4096633e-07
5.6952342e-07
3.5128588e-07
2.2105645e-07
1.4217338e-07
9.3715698e-08
6.3566575e-08
4.4607358e-08
3.2605596e-08
2.5029467e-08
2.0255249e-08
1.852321e-08
6.2530135e-09
0.027402867
0.0044882284
0.018767558
0.049401582
0.71965932
4.634319
6.9329919
6.4927165
14.968199
54.165454
14.748259
37.042712
60.177677
70.597191
57.033032
106.83604
146.11682
27.545329
14.26507
42.593699
8.0394122
56.555619
15.828672
0.80239342
0.30581613
0.24662743
0.37311666
0.37269047
0.44265707
0.65676167
1.1946584
3.0040532
22.056858
108.62967
75.618655
2.9475081
0.45578561
0.23092449
0.22999113
0.21914751
0.057151631
0.009426563
0.008696863
0.014121727
0.018303105
0.018420324
0.01424055
0.0091653911
0.0051721747
0.0026874982
0.0013446277
0.00067032156
0.00033699572
0.00017217214
8.9546065e-05
4.741129e-05
2.5547537e-05
1.4007692e-05
7.8147402e-06
4.4359637e-06
2.5622408e-06
1.5060658e-06
9.0105196e-07
5.4892185e-07
3.4073974e-07
2.1578015e-07
1.3966582e-07
9.2658092e-08
6.3259709e-08
4.4679822e-08
3.2861827e-08
2.5368882e-08
2.0621148e-08
1.8889771e-08
6.3721326e-09
0.024599088
0.0033849426
0.0079848902
0.054024044
0.083020709
0.93310129
3.3711635
7.6440376
23.056994
44.193862
15.42169
51.553818
87.73024
54.583735
40.115614
134.0462
83.832835
35.638286
8.0511751
15.083252
5.6096764
48.726015
1.7171659
0.47942881
0.23943905
0.19315741
0.30688143
0.35230576
0.36998426
0.47717723
0.72509354
1.5903942
6.5098359
22.733564
13.694568
0.60204738
0.14095415
0.091795663
0.093388883
0.069105135
0.021536561
0.0076336211
0.0071992985
0.010615891
0.013218364
0.013142975
0.010312686
0.0067994164
0.0039649446
0.0021265373
0.0010998628
0.00056338588
0.00028966949
0.00015071872
7.9587826e-05
4.2689769e-05
2.32666e-05
1.288716e-05
7.2558299e-06
4.1533522e-06
2.4176335e-06
1.431376e-06
8.6224567e-07
5.287448e-07
3.3032615e-07
2.1051699e-07
1.3712724e-07
9.155703e-08
6.2909588e-08
4.4713465e-08
3.3084553e-08
2.5672841e-08
2.0959577e-08
1.923267e-08
6.4803035e-09
0.023163223
0.0024600598
0.0076525937
0.020421213
0.03358538
0.16589941
0.70971598
6.3090848
21.814623
52.724759
21.558919
19.802938
31.332055
77.077728
47.514728
69.556127
79.433216
15.384684
4.5480601
13.010425
6.0010762
8.6240584
1.1831485
0.30714829
0.075566549
0.085822236
0.12770761
0.28725742
0.44795026
0.49402549
0.55877719
0.84256922
1.9180583
4.4935236
1.9865436
0.14453422
0.055299034
0.04717885
0.049579995
0.034261958
0.013644852
0.0064530775
0.0060825086
0.0081441101
0.0097040028
0.0095171843
0.007529698
0.0050873368
0.0030482929
0.001687242
0.00089964733
0.00047290652
0.0002485401
0.0001316852
7.0607123e-05
3.837393e-05
2.1157443e-05
1.1840444e-05
6.7289667e-06
3.884733e-06
2.2791321e-06
1.3593225e-06
8.2454529e-07
5.0900087e-07
3.2005457e-07
2.0527454e-07
1.3456293e-07
9.0416004e-08
6.2518215e-08
4.4709365e-08
3.3271971e-08
2.5948298e-08
2.1269658e-08
1.9544101e-08
6.5765606e-09
0.021548015
0.0019636621
0.0028263959
0.023778251
0.033353427
0.060468122
0.19841955
1.9866082
9.8054593
49.214318
10.422825
16.147064
43.319721
44.990625
32.789637
88.143489
18.408762
9.6612449
2.0472189
6.2354882
2.9852428
5.4937587
1.2959481
0.32351492
0.053683542
0.05583067
0.084905795
0.10244805
0.12801075
0.19415609
0.35694234
0.51488513
0.69342501
0.85671067
0.29386179
0.049662459
0.030261476
0.029662925
0.031066416
0.021902379
0.010145196
0.0055570786
0.0051761709
0.0063462252
0.0072338339
0.0069659444
0.005550894
0.0038290992
0.0023504712
0.0013417886
0.00073568805
0.00039641368
0.00021285309
0.00011482674
6.251989e-05
3.4433677e-05
1.9209034e-05
1.0863464e-05
6.232649e-06
3.6295661e-06
2.1465532e-06
1.2898513e-06
7.8794153e-07
4.8969448e-07
3.0993214e-07
2.0005908e-07
1.3197757e-07
8.9238171e-08
6.2087654e-08
4.4668512e-08
3.3427313e-08
2.6193717e-08
2.1551313e-08
1.9825665e-08
6.6611177e-09
0.020024387
0.0016114853
0.0026484857
0.0058728734
0.016938973
0.060505882
0.048054196
0.30638762
19.657513
43.033151
8.1543424
6.7403677
16.98984
34.937482
17.510574
24.845948
18.022121
10.220925
0.72940366
8.3612904
1.0166904
1.8506927
0.48360661
0.067315731
0.038180897
0.04334031
0.055400449
0.0917669
0.11697462
0.16400996
0.25917934
0.34917107
0.33331521
0.2232022
0.075360954
0.027174523
0.020453827
0.020621106
0.020974374
0.015237171
0.0079052058
0.0048087393
0.0044027206
0.0049987906
0.0054568075
0.0051452741
0.0041304533
0.00289338
0.0018215911
0.0010676605
0.00060120563
0.00033178017
0.00018193442
9.9919047e-05
5.5247882e-05
3.0840714e-05
1.7410905e-05
9.9523063e-06
5.7654169e-06
3.3873159e-06
2.0197089e-06
1.2229036e-06
7.5242141e-07
4.708277e-07
2.999646e-07
1.9487626e-07
1.2937557e-07
8.8026628e-08
6.1619925e-08
4.4592105e-08
3.355033e-08
2.6412112e-08
2.1805128e-08
2.0075833e-08
6.7338048e-09
0.018774026
0.0013229235
0.0012163853
0.005639415
0.011504095
0.014687019
0.03815564
0.77153322
9.1980334
18.23118
3.9646922
3.9406757
22.941691
4.4099138
4.1207939
5.6895735
1.9683638
1.6113242
0.30679226
1.4071261
0.51107859
0.65350429
0.14793403
0.057067254
0.033870911
0.026717311
0.035594319
0.053587304
0.067851018
0.10217812
0.16432457
0.22198113
0.18911993
0.10412885
0.038482764
0.018899779
0.014976158
0.014825805
0.014644857
0.010980153
0.006292268
0.0041389172
0.0037219701
0.0039669922
0.0041472769
0.0038366707
0.0030938857
0.0021947244
0.0014169983
0.00085008279
0.0004909289
0.00027726487
0.00015518763
8.6757489e-05
4.8718374e-05
2.7568402e-05
1.5753087e-05
9.1031944e-06
5.3258352e-06
3.1574415e-06
1.8984012e-06
1.1584116e-06
7.1796594e-07
4.5239875e-07
2.901554e-07
1.8973034e-07
1.2676067e-07
8.6784235e-08
6.1116967e-08
4.448146e-08
3.3641691e-08
2.6603754e-08
2.2034256e-08
2.0296011e-08
6.7948538e-09
0.017512148
0.001160444
0.0010177631
0.001708139
0.0043858237
0.021587058
0.017996198
0.1460335
3.0571327
3.9947132
4.2291174
4.0811699
5.2929346
4.6222083
1.3030558
1.5363802
0.40343017
0.37624971
0.18560421
0.6463987
0.53590464
0.26792832
0.11915751
0.043536034
0.02270711
0.021873259
0.026222968
0.038652871
0.056145757
0.081376045
0.12031215
0.14251714
0.11500933
0.061744499
0.025499687
0.014225076
0.011321667
0.010900757
0.01048092
0.008078864
0.0050664435
0.0035263218
0.0031154367
0.0031605868
0.0031694707
0.002884269
0.0023290845
0.0016717824
0.0011026958
0.00067765246
0.00040063699
0.00023129874
0.00013208376
7.5155689e-05
4.2864435e-05
2.4592009e-05
1.422625e-05
8.3125629e-06
4.912533e-06
2.9394177e-06
1.7824328e-06
1.0963052e-06
6.8455339e-07
4.3440378e-07
2.8050675e-07
1.8462499e-07
1.2413624e-07
8.5513635e-08
6.0580698e-08
4.4337819e-08
3.3702026e-08
2.6759877e-08
2.2236004e-08
2.0492216e-08
6.845511e-09
0.016391581
0.0010236939
0.00060143417
0.0015914347
0.0029042744
0.0039836894
0.012174363
0.028153857
0.68639024
3.4932993
1.8191485
3.7439917
6.4785425
2.9325169
0.17002569
0.40790136
0.12022935
0.45316373
0.13709891
0.83199797
0.19909526
0.14397439
0.09167698
0.027919853
0.019841431
0.01632917
0.019578778
0.030152731
0.03776127
0.054541391
0.076506195
0.090303751
0.072264833
0.039765602
0.018255607
0.011022195
0.0087458516
0.0081635439
0.0076473285
0.0060406543
0.0040835032
0.002972535
0.0025856727
0.002515289
0.0024386942
0.0021804694
0.0017614978
0.0012798095
0.00085846576
0.00054018235
0.00032660928
0.00019258038
0.0001121635
6.4948915e-05
3.7622433e-05
2.1886946e-05
1.2820766e-05
7.576597e-06
4.5239925e-06
2.7326432e-06
1.6715696e-06
1.0364966e-06
6.5215343e-07
4.1683446e-07
2.7101829e-07
1.7956235e-07
1.2150489e-07
8.4217126e-08
6.0012934e-08
4.4162453e-08
3.3732003e-08
2.6888768e-08
2.2408545e-08
2.0657561e-08
6.8854402e-09
0.015317213
0.00091269174
0.00046280925
0.0007036376
0.0014896289
0.0074316525
0.0057105109
0.048984525
0.066394029
0.47071967
1.698881
1.1306393
0.93817161
0.098742454
0.036216187
0.034686342
0.040058886
0.11100095
0.084134796
0.22229435
0.13766068
0.074938524
0.040197066
0.022290994
0.014531204
0.01321336
0.014947245
0.021263744
0.028827594
0.039895894
0.052797334
0.058052136
0.045466226
0.026577055
0.01349967
0.0086404883
0.0068253157
0.0062034491
0.0056695787
0.0045582106
0.0032688449
0.0024651308
0.0021255276
0.0019927459
0.0018810336
0.0016533581
0.0013323627
0.00098233578
0.00066846564
0.00042986379
0.00026554727
0.00015986973
9.4953249e-05
5.5956058e-05
3.2944876e-05
1.9440931e-05
1.1534532e-05
6.895752e-06
4.1609806e-06
2.5376687e-06
1.5661161e-06
9.7912512e-07
6.2082163e-07
3.9971264e-07
2.61699e-07
1.7454676e-07
1.1886921e-07
8.2896617e-08
5.9415116e-08
4.3956529e-08
3.3732478e-08
2.699348e-08
2.2556748e-08
2.0793291e-08
6.9153671e-09
0.014349035
0.00080675097
0.00032026983
0.0005720667
0.00091613256
0.0015656338
0.0051113243
0.0074997088
0.25141554
0.2463183
0.4018883
0.24795528
0.047197884
0.044996177
0.024716682
0.022206191
0.025285695
0.069783232
0.063330894
0.12241208
0.10744229
0.05535941
0.033494503
0.015649962
0.012203611
0.010578333
0.011720745
0.016131063
0.020722556
0.028135378
0.035156787
0.037127571
0.029306616
0.018143456
0.010140863
0.0068091465
0.0053626029
0.0047638842
0.0042624616
0.0034713113
0.0026134171
0.0020258316
0.0017366005
0.0015860309
0.0014576175
0.0012657323
0.0010165164
0.00075799564
0.00052438297
0.00034370546
0.00021657311
0.00013304679
8.0491212e-05
4.8243233e-05
2.8740878e-05
1.718018e-05
1.0315925e-05
6.2358995e-06
3.8019129e-06
2.3413834e-06
1.4584854e-06
9.2012897e-07
5.8864919e-07
3.8218583e-07
2.5218589e-07
1.6943728e-07
1.1618508e-07
8.1546903e-08
5.8795309e-08
4.3730724e-08
3.3714136e-08
2.707786e-08
2.2690253e-08
2.092161e-08
6.9535773e-09
0.013460792
0.00071124796
0.00023176983
0.00034932349
0.00062043296
0.002112175
0.0021857063
0.0068852606
0.009538589
0.062174328
0.22441743
0.069651224
0.020855202
0.017648031
0.023434341
0.014346215
0.015945949
0.043166682
0.031407281
0.084141264
0.054006751
0.027852267
0.018533438
0.012758521
0.0095940545
0.0086051819
0.009224717
0.012029622
0.0152869
0.019847149
0.023606096
0.023980347
0.019046406
0.012510898
0.0076105393
0.0053054507
0.0041796311
0.0036354579
0.0031915882
0.0026270634
0.0020388847
0.0016210682
0.0013781811
0.0012341065
0.0011068703
0.00095090826
0.0007626125
0.00057146403
0.00040167893
0.00026765381
0.00017184084
0.00010763058
6.6326257e-05
4.045932e-05
2.5004937e-05
1.5287612e-05
9.3782207e-06
5.7873338e-06
3.5970457e-06
2.2552252e-06
1.4281371e-06
9.1434359e-07
5.9246409e-07
3.8959665e-07
2.6046387e-07
1.7737085e-07
1.2332265e-07
8.7804049e-08
6.425346e-08
4.8510165e-08
3.7953689e-08
3.0917458e-08
2.6258068e-08
2.4480759e-08
8.1938673e-09
0.012645046
0.00061937083
0.00016870275
0.00024998993
0.00038938853
0.0007257901
0.0022205198
0.0033602496
0.036272952
0.032935078
0.030552718
0.024605391
0.013432839
0.012157059
0.0091311209
0.0096438735
0.0144665
0.01864963
0.025110907
0.029645575
0.027959939
0.019756193
0.015117281
0.0098003418
0.0079710025
0.0071605039
0.0075549763
0.0092927921
0.011481105
0.014286318
0.016314427
0.016107058
0.012946517
0.0089074074
0.005830286
0.0041898891
0.0033192939
0.0028437656
0.002467135
0.0020519935
0.0016322478
0.0013285098
0.0011303383
0.0010004092
0.00088632906
0.00075837083
0.00061231795
0.00046559626
0.00033378028
0.00022848468
0.00015068902
9.7069843e-05
6.147498e-05
3.8502497e-05
2.4095555e-05
1.5012699e-05
9.3581165e-06
5.8523406e-06
3.6860515e-06
2.3425782e-06
1.5040595e-06
9.7699692e-07
6.4306382e-07
4.2919229e-07
2.9090445e-07
2.0063082e-07
1.4112922e-07
1.0154015e-07
7.4976299e-08
5.7058833e-08
4.4957468e-08
3.6843808e-08
3.144174e-08
2.9373493e-08
9.794829e-09
0.011918647
0.00053659182
0.00012478368
0.00017715342
0.00029199034
0.00057324922
0.00094899996
0.0015366787
0.0028169762
0.012627525
0.04022262
0.024932783
0.0087255118
0.007783843
0.0084307824
0.0076924691
0.0079217447
0.01472708
0.011406293
0.02347426
0.015054937
0.013444369
0.010442176
0.0081701594
0.0067687909
0.0062331843
0.0065092281
0.0076889183
0.0090720073
0.010642237
0.011791212
0.011394918
0.0093265195
0.00671564
0.0046594352
0.0034468703
0.0027498636
0.0023293169
0.0020065708
0.0016788512
0.0013681954
0.0011309857
0.00096672874
0.00084826291
0.00074399161
0.00063347591
0.00051363838
0.00039523951
0.00028853676
0.00020184512
0.00013639684
8.9985282e-05
5.8325312e-05
3.7325034e-05
2.3735405e-05
1.5058579e-05
9.5674976e-06
6.0989313e-06
3.9048254e-06
2.5160594e-06
1.6352436e-06
1.073743e-06
7.1336972e-07
4.802835e-07
3.2824761e-07
2.2819178e-07
1.6174579e-07
1.1723221e-07
8.7182884e-08
6.6784966e-08
5.2923305e-08
4.357907e-08
3.7333391e-08
3.4905478e-08
1.1728396e-08
0.011387931
0.00046100122
9.2083887e-05
0.00012470252
0.00019887776
0.00033479112
0.00071990661
0.0012703856
0.0045111895
0.0046231207
0.0041705306
0.0039087514
0.0033218089
0.0033010614
0.0034200158
0.0041177246
0.0052952508
0.005903986
0.007905217
0.0076297976
0.0084647838
0.0077027115
0.0068790068
0.0056477426
0.0049116772
0.0046151408
0.0047611866
0.005428751
0.006268832
0.0072333431
0.0078172984
0.0075596781
0.0064117497
0.0049061842
0.0036242799
0.0027856867
0.0022503749
0.0019004837
0.0016300998
0.0013743482
0.001142857
0.00095646153
0.00081918243
0.00071257291
0.00061750232
0.00052173279
0.00042343511
0.00032814142
0.00024342081
0.00017312309
0.00011944935
8.0380024e-05
5.3122637e-05
3.4653909e-05
2.2435985e-05
1.4465082e-05
9.3207796e-06
6.022589e-06
3.9122488e-06
2.5583882e-06
1.6860035e-06
1.1215427e-06
7.5428687e-07
5.1373605e-07
3.5498212e-07
2.493584e-07
1.7849769e-07
1.3057494e-07
9.7938109e-08
7.5602756e-08
6.0310606e-08
4.9931098e-08
4.2959137e-08
4.0241326e-08
1.3563443e-08
0.0094003235
0.00033377977
5.6521664e-05
7.3962394e-05
0.00011669823
0.00018482955
0.00031772203
0.00046326843
0.00078958589
0.0017479799
0.0034100475
0.0033179472
0.0022874735
0.0021363278
0.0022739239
0.0024720916
0.0028930209
0.0036109288
0.003954805
0.0048264088
0.0045563491
0.0043468086
0.0038501124
0.0033418978
0.0030279273
0.0028991436
0.0029709316
0.0032738977
0.003686879
0.0041009401
0.0043425724
0.0042213857
0.0037091921
0.0030200823
0.0023757827
0.0018996784
0.0015624848
0.0013243532
0.0011320037
0.00096235562
0.00081085569
0.00068499562
0.00058681341
0.00050613147
0.00043359521
0.00036375481
0.00029481001
0.00022973237
0.00017208843
0.00012440167
8.7262593e-05
5.9898069e-05
4.0437523e-05
2.6958438e-05
1.779466e-05
1.1682883e-05
7.6557279e-06
5.0210501e-06
3.3026211e-06
2.1840298e-06
1.4556131e-06
9.7933326e-07
6.6620095e-07
4.5897046e-07
3.2080643e-07
2.2795846e-07
1.650589e-07
1.2211797e-07
9.2609712e-08
7.2244165e-08
5.8191389e-08
4.8585729e-08
4.210588e-08
3.9574728e-08
1.3370785e-08
0.0082799098
0.00025943444
3.9192888e-05
4.9894781e-05
7.6647539e-05
0.00012025705
0.00020164516
0.00032582577
0.00057358794
0.000719927
0.00078267038
0.00081652165
0.00090221005
0.0010444055
0.0012706752
0.0015464544
0.0018425856
0.0021292786
0.0024551973
0.0025763065
0.0027316684
0.0026636881
0.0024595701
0.0022193238
0.0020431103
0.0019638152
0.0019991869
0.002136825
0.0023134714
0.0024818212
0.0025613684
0.0024647233
0.002201597
0.0018510849
0.0015142861
0.0012427668
0.0010372656
0.00088344039
0.00075527057
0.00064534458
0.00054822495
0.00046631725
0.00039965129
0.00034255177
0.00029148885
0.00024332886
0.00019705229
0.00015445337
0.0001168139
8.572945e-05
6.1128744e-05
4.2680761e-05
2.9299242e-05
1.9869325e-05
1.3353481e-05
8.93011e-06
5.9611408e-06
3.9826146e-06
2.669165e-06
1.7981927e-06
1.2199511e-06
8.3489157e-07
5.7732666e-07
4.0407199e-07
2.8677202e-07
2.0679536e-07
1.518729e-07
1.138974e-07
8.749086e-08
6.906752e-08
5.6230058e-08
4.7379854e-08
4.13699e-08
3.8996329e-08
1.3154155e-08
0.0072337644
0.00019786406
2.6821393e-05
3.3444085e-05
5.0039063e-05
7.6056701e-05
0.00011949592
0.0001769144
0.00026242902
0.00039252007
0.00055004519
0.00062947428
0.00063957471
0.00070412314
0.00081536935
0.00095313806
0.0011190747
0.0012981591
0.0014640312
0.001596079
0.0016441322
0.0016101063
0.001522565
0.0014167339
0.0013388869
0.0013012573
0.0013176376
0.0013745632
0.0014538711
0.0015252948
0.0015439562
0.0014798133
0.0013352534
0.0011476663
0.00096548688
0.00080912114
0.00068392769
0.00058492477
0.00050212271
0.0004308655
0.00036806804
0.00031479011
0.0002698159
0.00023062942
0.00019560417
0.00016280955
0.00013221142
0.00010426197
7.9809554e-05
5.9327676e-05
4.3049851e-05
3.0572548e-05
2.13968e-05
1.4792482e-05
1.0134692e-05
6.906479e-06
4.6956388e-06
3.1933431e-06
2.1771829e-06
1.4911501e-06
1.0278509e-06
7.1429795e-07
5.0131746e-07
3.5595058e-07
2.5616286e-07
1.8723076e-07
1.39305e-07
1.0578117e-07
8.2217178e-08
6.5613134e-08
5.3938714e-08
4.5824751e-08
4.0274159e-08
3.8059708e-08
1.2836697e-08
0.0063446414
0.00015066211
1.8750522e-05
2.2939863e-05
3.3518619e-05
4.9727183e-05
7.5360633e-05
0.00011146117
0.00015919607
0.00021095755
0.00025596615
0.00030161291
0.00035765707
0.00042378321
0.00050627618
0.00059693647
0.00069684564
0.00079937668
0.00089550517
0.00096692762
0.0010031803
0.0010008465
0.00096557951
0.00091916239
0.00088027303
0.00086170396
0.00086836531
0.00089372864
0.00092852605
0.00095321877
0.00095116465
0.00090954311
0.00082762644
0.00072508142
0.00062194124
0.00053056587
0.00045370331
0.00038986576
0.00033640626
0.00028957427
0.00024916797
0.00021374433
0.00018316071
0.00015672303
0.00013264531
0.00011033491
8.9920829e-05
7.132391e-05
5.5200761e-05
4.155012e-05
3.0604064e-05
2.2107609e-05
1.575045e-05
1.108532e-05
7.7323769e-06
5.3633019e-06
3.7100106e-06
2.5658351e-06
1.7781303e-06
1.2372484e-06
8.6600397e-07
6.1083151e-07
4.349267e-07
3.1316367e-07
2.2845242e-07
1.6918682e-07
1.2748405e-07
9.7982421e-08
7.702672e-08
6.2117342e-08
5.1542119e-08
4.4133396e-08
3.9029339e-08
3.6971951e-08
1.247004e-08
0.005588906
0.00011464384
1.321508e-05
1.5939644e-05
2.2753694e-05
3.3046439e-05
4.8625607e-05
7.0295788e-05
9.830423e-05
0.00013119081
0.00016596662
0.00019921205
0.00023351939
0.00027349077
0.00032225136
0.0003781505
0.00043823662
0.000502591
0.00055842689
0.00060218085
0.00062705628
0.00063193574
0.00061888002
0.00059841503
0.00057969767
0.00057270313
0.00057478691
0.00058537706
0.0005984639
0.00060586344
0.00059873844
0.00057061397
0.00052371524
0.00046610054
0.00040579818
0.0003507816
0.0003034099
0.00026230697
0.00022751216
0.0001965315
0.00017005362
0.00014637485
0.00012562289
0.00010742004
9.0947721e-05
7.5775911e-05
6.1930941e-05
4.9467978e-05
3.8587448e-05
2.9447528e-05
2.1961765e-05
1.6130977e-05
1.1671761e-05
8.3526849e-06
5.924752e-06
4.1784985e-06
2.9382477e-06
2.0650077e-06
1.4536793e-06
1.0270631e-06
7.2965299e-07
5.2215331e-07
3.7705112e-07
2.7522762e-07
2.0345935e-07
1.5262342e-07
1.1643093e-07
9.0544376e-08
7.1967368e-08
5.8625392e-08
4.9080577e-08
4.234119e-08
3.7665414e-08
3.5762902e-08
1.2063742e-08
0.0049295332
8.7149633e-05
9.436175e-06
1.1252772e-05
1.5688634e-05
2.2192193e-05
3.196255e-05
4.513174e-05
6.2230232e-05
8.1834043e-05
0.00010298704
0.00012524582
0.00014880836
0.00017621616
0.00020783194
0.00024221279
0.00027942456
0.0003165947
0.00035178693
0.00037905136
0.00039691002
0.00040296679
0.00039866089
0.00039111668
0.0003847742
0.0003818349
0.00038235913
0.00038610704
0.00039058876
0.00039092285
0.00038371647
0.00036545131
0.00033748895
0.00030361527
0.0002678588
0.00023427494
0.00020444155
0.00017817755
0.00015514395
0.00013477049
0.00011689389
0.00010107363
8.6962635e-05
7.4348472e-05
6.3004967e-05
5.2608766e-05
4.3146595e-05
3.4723308e-05
2.7280317e-05
2.1074283e-05
1.5911274e-05
1.1857715e-05
8.7028091e-06
6.3256512e-06
4.5581625e-06
3.2656935e-06
2.3325077e-06
1.6647075e-06
1.1897104e-06
8.5307135e-07
6.1485234e-07
4.4623698e-07
3.2668176e-07
2.4166475e-07
1.809778e-07
1.374696e-07
1.0613845e-07
8.3487463e-08
6.706942e-08
5.5169306e-08
4.6584611e-08
4.0476496e-08
3.6209578e-08
3.445809e-08
1.1625647e-08
0.0043527543
6.6063952e-05
6.7970753e-06
8.0375903e-06
1.0932608e-05
1.5179842e-05
2.1309753e-05
2.9615793e-05
4.0224302e-05
5.2605969e-05
6.6343893e-05
8.1026744e-05
9.6823881e-05
0.00011469653
0.0001344981
0.00015623716
0.00017996737
0.00020291292
0.00022473724
0.00024218982
0.00025425323
0.00025946517
0.00026094224
0.0002595198
0.00025718979
0.00025533905
0.00025506219
0.0002562728
0.0002577114
0.00025599486
0.00024990919
0.00023783009
0.00022071004
0.00020031968
0.00017877959
0.00015804603
0.00013901115
0.00012194362
0.00010675453
9.3192646e-05
8.1025446e-05
7.0350888e-05
6.0648448e-05
5.2004031e-05
4.4084414e-05
3.6917695e-05
3.0383886e-05
2.4584026e-05
1.9510269e-05
1.5199468e-05
1.1629234e-05
8.7698605e-06
6.5280052e-06
4.8137231e-06
3.5205055e-06
2.5601339e-06
1.8559661e-06
1.3442743e-06
9.7477923e-07
7.0901709e-07
5.1823384e-07
3.8130437e-07
2.8290567e-07
2.1202636e-07
1.6080372e-07
1.2364699e-07
9.6590318e-08
7.6824156e-08
6.2357119e-08
5.177688e-08
4.408193e-08
3.8565735e-08
3.4686868e-08
3.3081412e-08
1.1163468e-08
0.0038466777
5.0148496e-05
4.9477265e-06
5.811003e-06
7.7297475e-06
1.0560324e-05
1.4533827e-05
1.9810988e-05
2.6532645e-05
3.4493673e-05
4.3375162e-05
5.3056073e-05
6.3634027e-05
7.5257674e-05
8.8182005e-05
0.00010249135
0.00011715099
0.00013198673
0.00014557978
0.00015710852
0.00016538641
0.00017049192
0.00017264513
0.000172514
0.00017173901
0.00017129409
0.00017139289
0.00017187873
0.00017179943
0.00016970159
0.00016493214
0.00015714634
0.00014633144
0.00013389239
0.00012073679
0.00010754274
9.5415855e-05
8.4119408e-05
7.4015684e-05
6.4966242e-05
5.6661307e-05
4.934735e-05
4.2656755e-05
3.6630427e-05
3.1132777e-05
2.6149738e-05
2.1618059e-05
1.7562129e-05
1.4079451e-05
1.1052721e-05
8.5606314e-06
6.5248325e-06
4.9250503e-06
3.6796021e-06
2.7292381e-06
2.0129742e-06
1.4801676e-06
1.0873592e-06
7.9961402e-07
5.8971156e-07
4.3693676e-07
3.258074e-07
2.4490636e-07
1.8589837e-07
1.4274069e-07
1.1107429e-07
8.7764187e-08
7.0560752e-08
5.7849499e-08
4.8471843e-08
4.159715e-08
3.6632813e-08
3.3119223e-08
3.1654629e-08
1.0684741e-08
0.0033844194
3.7965205e-05
3.6440445e-06
4.257773e-06
5.5532374e-06
7.4257152e-06
1.0039769e-05
1.3468245e-05
1.7802306e-05
2.2937487e-05
2.8782486e-05
3.5203946e-05
4.2310335e-05
4.9972636e-05
5.8676275e-05
6.7768704e-05
7.7251976e-05
8.6722167e-05
9.5494596e-05
0.00010306154
0.00010877907
0.00011260048
0.00011464573
0.00011562588
0.00011589884
0.00011614809
0.00011636878
0.00011650088
0.0001155549
0.00011368146
0.00011032012
0.0001052918
9.8567923e-05
9.0606812e-05
8.2284838e-05
7.3915057e-05
6.5996007e-05
5.8572782e-05
5.171269e-05
4.5607127e-05
3.9967052e-05
3.4861663e-05
3.0248568e-05
2.6008916e-05
2.217345e-05
1.8664374e-05
1.5519832e-05
1.2680918e-05
1.0229258e-05
8.1072741e-06
6.3402044e-06
4.8868912e-06
3.7348315e-06
2.8252292e-06
2.1235537e-06
1.5874426e-06
1.1832066e-06
8.8109517e-07
6.5675596e-07
4.9088812e-07
3.6855591e-07
2.7841411e-07
2.1196362e-07
1.6290482e-07
1.2660357e-07
9.9670021e-08
7.9633328e-08
6.4698268e-08
5.3560711e-08
4.5273855e-08
3.9151621e-08
3.4699024e-08
3.1527431e-08
3.0197426e-08
1.019579e-08
0.0030761393
2.9505627e-05
2.7802102e-06
3.2135188e-06
4.1228214e-06
5.4036064e-06
7.1637389e-06
9.4809459e-06
1.2374489e-05
1.5821076e-05
1.9752622e-05
2.4129532e-05
2.8980461e-05
3.4256884e-05
3.9950118e-05
4.5954612e-05
5.2320763e-05
5.8490746e-05
6.4278132e-05
6.921483e-05
7.320102e-05
7.6061782e-05
7.7965709e-05
7.8983729e-05
7.9628556e-05
7.9851397e-05
7.979126e-05
7.9511103e-05
7.864874e-05
7.7213443e-05
7.4770755e-05
7.1372006e-05
6.7019616e-05
6.1944143e-05
5.6530483e-05
5.1139275e-05
4.5901378e-05
4.0980065e-05
3.634992e-05
3.2141176e-05
2.8290031e-05
2.4733387e-05
2.1514013e-05
1.8563129e-05
1.5864318e-05
1.3401492e-05
1.1176505e-05
9.2098429e-06
7.4644041e-06
5.9731602e-06
4.7130075e-06
3.6736256e-06
2.83833e-06
2.1737979e-06
1.6545406e-06
1.25297e-06
9.4622888e-07
7.1398337e-07
5.392583e-07
4.0838497e-07
3.1061757e-07
2.3766627e-07
1.8322635e-07
1.4255548e-07
1.1211533e-07
8.9282315e-08
7.2118846e-08
5.919998e-08
4.9478158e-08
4.2184011e-08
3.6754141e-08
3.2777545e-08
2.992734e-08
2.8726881e-08
9.7032029e-09
0.0030446675
2.5220618e-05
2.3563533e-06
2.7060659e-06
3.4152289e-06
4.3952731e-06
5.730349e-06
7.4578193e-06
9.6201225e-06
1.2195232e-05
1.5157492e-05
1.8488168e-05
2.2071726e-05
2.6059877e-05
3.0253331e-05
3.4790145e-05
3.9333592e-05
4.3828601e-05
4.796589e-05
5.1602411e-05
5.4557542e-05
5.6717244e-05
5.8117915e-05
5.8918707e-05
5.9272519e-05
5.922376e-05
5.9097376e-05
5.8565143e-05
5.7791051e-05
5.6437337e-05
5.4427591e-05
5.176892e-05
4.8590476e-05
4.4977698e-05
4.1143413e-05
3.7312668e-05
3.3576524e-05
3.0050392e-05
2.6746602e-05
2.3687335e-05
2.0872209e-05
1.8289214e-05
1.5920962e-05
1.3768466e-05
1.1784212e-05
1.0002003e-05
8.3562017e-06
6.9275393e-06
5.6496012e-06
4.5566786e-06
3.625665e-06
2.8551927e-06
2.2283384e-06
1.7264613e-06
1.3295922e-06
1.0193616e-06
7.7950759e-07
5.9568791e-07
4.5568818e-07
3.4953038e-07
2.6925588e-07
2.0863612e-07
1.6285176e-07
1.2823366e-07
1.0202322e-07
8.2145568e-08
6.7047194e-08
5.5571151e-08
4.6856354e-08
4.0262749e-08
3.5316398e-08
3.1667513e-08
2.9034104e-08
2.7912677e-08
9.4249681e-09
0.0031472615
2.2503676e-05
2.1007419e-06
2.3996097e-06
2.9753416e-06
3.7767338e-06
4.851272e-06
6.2295172e-06
7.9427736e-06
9.9867056e-06
1.2356985e-05
1.50183e-05
1.7943144e-05
2.1137368e-05
2.4585518e-05
2.8168851e-05
3.1785933e-05
3.5387388e-05
3.8759008e-05
4.1757097e-05
4.4181952e-05
4.600794e-05
4.7273814e-05
4.8109387e-05
4.8511068e-05
4.8618957e-05
4.8493869e-05
4.8037936e-05
4.7235578e-05
4.5982667e-05
4.4296315e-05
4.2107621e-05
3.9545848e-05
3.668088e-05
3.3659816e-05
3.0626393e-05
2.7632453e-05
2.4816632e-05
2.2144342e-05
1.9673852e-05
1.7365313e-05
1.5257743e-05
1.331307e-05
1.1540066e-05
9.9161607e-06
8.4371803e-06
7.1025748e-06
5.9052458e-06
4.8581476e-06
3.9490471e-06
3.1709827e-06
2.5251552e-06
1.991274e-06
1.5610957e-06
1.2170101e-06
9.4487262e-07
7.3184317e-07
5.6650732e-07
4.3897044e-07
3.4102007e-07
2.6600623e-07
2.0862984e-07
1.6478648e-07
1.3129374e-07
1.0567289e-07
8.6048145e-08
7.0999529e-08
5.9458854e-08
5.062285e-08
4.3888335e-08
3.880439e-08
3.5034885e-08
3.2305338e-08
3.1160367e-08
1.0513941e-08
0.0032403552
1.9976088e-05
1.8844639e-06
2.1283204e-06
2.5954713e-06
3.2377589e-06
4.0986853e-06
5.1985946e-06
6.5474595e-06
8.16009e-06
1.0017255e-05
1.2112278e-05
1.4453932e-05
1.6969848e-05
1.9674849e-05
2.2485324e-05
2.5357427e-05
2.819628e-05
3.0896552e-05
3.3269334e-05
3.5284541e-05
3.6948967e-05
3.8161254e-05
3.8994319e-05
3.9499303e-05
3.9779122e-05
3.9720286e-05
3.9341419e-05
3.8731443e-05
3.777768e-05
3.6461032e-05
3.4770747e-05
3.2698707e-05
3.0488605e-05
2.8114148e-05
2.5714853e-05
2.3309321e-05
2.1012917e-05
1.883756e-05
1.6787081e-05
1.4867594e-05
1.3094514e-05
1.1464828e-05
9.9610155e-06
8.591335e-06
7.32303e-06
6.2004715e-06
5.1726395e-06
4.2838855e-06
3.5043847e-06
2.8366186e-06
2.2782324e-06
1.8135805e-06
1.4363334e-06
1.1318138e-06
8.886429e-07
6.9632459e-07
5.4545301e-07
4.2778152e-07
3.3639004e-07
2.6560861e-07
2.1089044e-07
1.6860906e-07
1.3591879e-07
1.106337e-07
9.1059689e-08
7.5897786e-08
6.4159673e-08
5.509342e-08
4.8127577e-08
4.2830289e-08
3.887603e-08
3.599518e-08
3.4779814e-08
1.1711309e-08
0.0033034492
1.761939e-05
1.684536e-06
1.8908873e-06
2.2682785e-06
2.7813646e-06
3.4615013e-06
4.3181832e-06
5.3731334e-06
6.622362e-06
8.0703687e-06
9.6922209e-06
1.1510023e-05
1.3467391e-05
1.5554485e-05
1.775021e-05
1.99959e-05
2.2210661e-05
2.4323468e-05
2.6224864e-05
2.7935759e-05
2.9325507e-05
3.0380278e-05
3.1191278e-05
3.1719851e-05
3.2021016e-05
3.2083891e-05
3.1869151e-05
3.1463643e-05
3.074965e-05
2.9750529e-05
2.8451253e-05
2.6893412e-05
2.5174083e-05
2.3323742e-05
2.1415532e-05
1.9517773e-05
1.763833e-05
1.5874157e-05
1.4176501e-05
1.2597421e-05
1.1112392e-05
9.7537257e-06
8.4893724e-06
7.3317811e-06
6.2766032e-06
5.3255024e-06
4.4726542e-06
3.7269692e-06
3.0722517e-06
2.510697e-06
2.0350302e-06
1.6401311e-06
1.3144027e-06
1.0488974e-06
8.3421543e-07
6.6221243e-07
5.2547415e-07
4.1748608e-07
3.3257824e-07
2.6601475e-07
2.1388032e-07
1.7306158e-07
1.4111856e-07
1.1612154e-07
9.655779e-08
8.1248664e-08
6.9287836e-08
5.9973175e-08
5.2762273e-08
4.72407e-08
4.3092945e-08
4.0053979e-08
3.8768223e-08
1.3030071e-08
0.0030696955
1.3017826e-05
1.2723744e-06
1.4189011e-06
1.6719182e-06
2.0122751e-06
2.4544295e-06
3.0080472e-06
3.6881481e-06
4.4916202e-06
5.426244e-06
6.4790648e-06
7.6448482e-06
8.9240876e-06
1.0288551e-05
1.1722744e-05
1.3189047e-05
1.465856e-05
1.6071139e-05
1.7402011e-05
1.859886e-05
1.9623642e-05
2.0465944e-05
2.1116239e-05
2.1620113e-05
2.1932809e-05
2.2063571e-05
2.2078812e-05
2.1832283e-05
2.140184e-05
2.0778061e-05
1.9981105e-05
1.9021886e-05
1.7885049e-05
1.6674916e-05
1.5413085e-05
1.4133769e-05
1.2853766e-05
1.1634317e-05
1.0443202e-05
9.3174786e-06
8.2595559e-06
7.2717578e-06
6.3575403e-06
5.5132734e-06
4.7450221e-06
4.0475317e-06
3.4264827e-06
2.8773711e-06
2.3964856e-06
1.9803583e-06
1.6248811e-06
1.3273981e-06
1.0787223e-06
8.7390087e-07
7.0595727e-07
5.694814e-07
4.5935243e-07
3.7091361e-07
3.0018169e-07
2.4382038e-07
1.9905053e-07
1.6354629e-07
1.3540741e-07
1.1311198e-07
9.5450379e-08
8.1466775e-08
7.0407473e-08
6.1690229e-08
5.4865813e-08
4.9585764e-08
4.5581102e-08
4.2621289e-08
4.1366261e-08
1.3885751e-08
0.0023722126
7.6031946e-06
7.5170458e-07
8.2513343e-07
9.5159464e-07
1.120478e-06
1.3396099e-06
1.6142775e-06
1.9479726e-06
2.3420454e-06
2.7995598e-06
3.319578e-06
3.8977185e-06
4.5286484e-06
5.2058716e-06
5.9163944e-06
6.6513002e-06
7.388152e-06
8.1119644e-06
8.8020069e-06
9.423752e-06
9.9890982e-06
1.0485648e-05
1.0886257e-05
1.1196022e-05
1.1413764e-05
1.1533817e-05
1.155827e-05
1.149107e-05
1.1324855e-05
1.1052395e-05
1.068535e-05
1.0216349e-05
9.6841889e-06
9.1079018e-06
8.4782501e-06
7.829532e-06
7.1814229e-06
6.5425241e-06
5.9109185e-06
5.3003888e-06
4.7301917e-06
4.1853975e-06
3.6772169e-06
3.2091269e-06
2.7773752e-06
2.3864268e-06
2.0348081e-06
1.722708e-06
1.4485505e-06
1.2093535e-06
1.0045926e-06
8.3083514e-07
6.8479621e-07
5.6331904e-07
4.6268885e-07
3.7994214e-07
3.1230437e-07
2.5726042e-07
2.1260958e-07
1.764415e-07
1.4717174e-07
1.2350999e-07
1.0439385e-07
8.8957385e-08
7.6499908e-08
6.6458154e-08
5.8390522e-08
5.1942368e-08
4.682771e-08
4.282112e-08
3.9745961e-08
3.7447125e-08
3.6463656e-08
1.2239954e-08
0.0018717654
4.614568e-06
4.7284249e-07
5.1367154e-07
5.8020212e-07
6.6910417e-07
7.8270443e-07
9.2331045e-07
1.0930855e-06
1.2951102e-06
1.5279186e-06
1.792374e-06
2.0880632e-06
2.4110545e-06
2.7595592e-06
3.1255847e-06
3.5052392e-06
3.8875683e-06
4.2692549e-06
4.6346073e-06
4.9758184e-06
5.2852433e-06
5.5554422e-06
5.7846537e-06
5.970527e-06
6.1059372e-06
6.1934846e-06
6.2244434e-06
6.2018208e-06
6.1227742e-06
5.9916881e-06
5.8044014e-06
5.5743516e-06
5.3053072e-06
5.002768e-06
4.6751498e-06
4.3330148e-06
3.9894384e-06
3.6417136e-06
3.3013914e-06
2.9721e-06
2.6587421e-06
2.3603632e-06
2.0809274e-06
1.823607e-06
1.5869084e-06
1.3722086e-06
1.1783129e-06
1.0061889e-06
8.5474698e-07
7.2232005e-07
6.0812211e-07
5.1025684e-07
4.2756361e-07
3.5787059e-07
2.9946001e-07
2.5074388e-07
2.1030555e-07
1.7685502e-07
1.4924939e-07
1.2650412e-07
1.0778367e-07
9.2387333e-08
7.9731706e-08
6.9335203e-08
6.0802611e-08
5.3811412e-08
4.8102302e-08
4.346696e-08
3.9736549e-08
3.6775035e-08
3.4473603e-08
3.2732645e-08
3.19844e-08
1.0741779e-08
0.0014779238
2.8569528e-06
3.0135626e-07
3.2416588e-07
3.6011487e-07
4.083787e-07
4.6950101e-07
5.4537938e-07
6.356558e-07
7.4346279e-07
8.6781976e-07
1.008543e-06
1.1652377e-06
1.3383829e-06
1.5237049e-06
1.7213826e-06
1.9260161e-06
2.1334269e-06
2.3383792e-06
2.5380528e-06
2.7310322e-06
2.9061199e-06
3.0606337e-06
3.1966632e-06
3.3055378e-06
3.3877847e-06
3.4429389e-06
3.4690862e-06
3.4613172e-06
3.4232603e-06
3.3545344e-06
3.2564821e-06
3.1356201e-06
2.9903205e-06
2.8237776e-06
2.6463272e-06
2.4574387e-06
2.2661292e-06
2.0731536e-06
1.8816295e-06
1.6974469e-06
1.5205304e-06
1.3527701e-06
1.1963882e-06
1.0507669e-06
9.1813481e-07
7.9804097e-07
6.8958365e-07
5.934574e-07
5.0898023e-07
4.3469407e-07
3.7058122e-07
3.1539104e-07
2.684719e-07
2.2852577e-07
1.9477427e-07
1.662711e-07
1.4229491e-07
1.2217449e-07
1.0531075e-07
9.1187124e-08
7.9363718e-08
6.9469623e-08
6.1193325e-08
5.427506e-08
4.8499215e-08
4.3687652e-08
3.9695649e-08
3.6405776e-08
3.3721088e-08
3.1561819e-08
2.9862866e-08
2.8561988e-08
2.8004957e-08
9.4075927e-09
0.0011755228
1.8093206e-06
1.9201483e-07
2.0443275e-07
2.2469558e-07
2.5148749e-07
2.8526784e-07
3.2704203e-07
3.7735647e-07
4.3613378e-07
5.044188e-07
5.81601e-07
6.6869724e-07
7.6403796e-07
8.6694991e-07
9.7642437e-07
1.0900526e-06
1.2064688e-06
1.3226975e-06
1.4371637e-06
1.5459958e-06
1.6476293e-06
1.7413499e-06
1.8222574e-06
1.8882318e-06
1.9394804e-06
1.9734318e-06
1.9885455e-06
1.9891167e-06
1.9719546e-06
1.9356022e-06
1.8827634e-06
1.8121092e-06
1.730287e-06
1.6384991e-06
1.5367756e-06
1.4287595e-06
1.3176229e-06
1.2061771e-06
1.0945501e-06
9.8773436e-07
8.8542064e-07
7.8777226e-07
6.9735873e-07
6.1422741e-07
5.378237e-07
4.6907388e-07
4.0761607e-07
3.5293198e-07
3.0532744e-07
2.6344878e-07
2.2717628e-07
1.9600682e-07
1.6935126e-07
1.4657709e-07
1.2718974e-07
1.1068647e-07
9.6648669e-08
8.4723382e-08
7.459094e-08
6.5977883e-08
5.8652766e-08
5.2421253e-08
4.7120029e-08
4.2612645e-08
3.8785496e-08
3.5544258e-08
3.2812057e-08
3.052629e-08
2.8634454e-08
2.709243e-08
2.5863546e-08
2.4910942e-08
2.4512467e-08
8.2331517e-09
0.00094095827
1.1832312e-06
1.2328243e-07
1.3053106e-07
1.4216335e-07
1.5735812e-07
1.7669547e-07
2.0046842e-07
2.2887758e-07
2.626071e-07
3.0147485e-07
3.4559598e-07
3.9540101e-07
4.4960726e-07
5.0883293e-07
5.7186369e-07
6.375804e-07
7.0509955e-07
7.7327786e-07
8.4110102e-07
9.0584443e-07
9.6695729e-07
1.0229621e-06
1.0711165e-06
1.112027e-06
1.1446664e-06
1.1670815e-06
1.1798721e-06
1.1817421e-06
1.1716613e-06
1.1508645e-06
1.119882e-06
1.0798137e-06
1.0304067e-06
9.7549391e-07
9.1470622e-07
8.5025061e-07
7.8340844e-07
7.1604487e-07
6.4982038e-07
5.854192e-07
5.2359554e-07
4.6580386e-07
4.1212672e-07
3.6300059e-07
3.1829892e-07
2.781661e-07
2.4263766e-07
2.1136459e-07
1.8407359e-07
1.6033584e-07
1.3978703e-07
1.2223947e-07
1.0717251e-07
9.4313544e-08
8.3331817e-08
7.3939927e-08
6.5891395e-08
5.8989884e-08
5.3059407e-08
4.79522e-08
4.3545387e-08
3.9737568e-08
3.6444579e-08
3.3596896e-08
3.113732e-08
2.9018789e-08
2.720334e-08
2.5660395e-08
2.4364098e-08
2.3292217e-08
2.2425826e-08
2.1744072e-08
2.146551e-08
7.2108662e-09
0.0007591257
7.9472687e-07
7.8935173e-08
8.3146845e-08
8.996686e-08
9.8967438e-08
1.1041879e-07
1.2450948e-07
1.4144592e-07
1.6148543e-07
1.8430896e-07
2.1061003e-07
2.3986848e-07
2.7228559e-07
3.0748133e-07
3.4510746e-07
3.8471006e-07
4.2593833e-07
4.6756689e-07
5.0855884e-07
5.4814414e-07
5.8577508e-07
6.2073813e-07
6.5152098e-07
6.7751478e-07
6.9852071e-07
7.1381228e-07
7.2201146e-07
7.2327439e-07
7.1750715e-07
7.0528084e-07
6.8668437e-07
6.6141931e-07
6.3125139e-07
5.9664628e-07
5.5850279e-07
5.1814414e-07
4.7672963e-07
4.3441591e-07
3.93002e-07
3.5307295e-07
3.1477068e-07
2.7929558e-07
2.4663917e-07
2.1664758e-07
1.9002302e-07
1.6616844e-07
1.452426e-07
1.270923e-07
1.1132131e-07
9.7807234e-08
8.6195814e-08
7.6353205e-08
6.7953342e-08
6.0822846e-08
5.4750116e-08
4.9559729e-08
4.5102926e-08
4.126258e-08
3.7937454e-08
3.5044502e-08
3.2516572e-08
3.0300004e-08
2.8351655e-08
2.6637077e-08
2.5129091e-08
2.3806232e-08
2.265192e-08
2.1653452e-08
2.0800241e-08
2.0082937e-08
1.9493239e-08
1.9020377e-08
1.8833818e-08
6.3282404e-09
0.00061820019
5.5338148e-07
5.0282301e-08
5.2855407e-08
5.7085087e-08
6.2658291e-08
6.9713855e-08
7.8357977e-08
8.8775523e-08
1.0095248e-07
1.1519331e-07
1.3126098e-07
1.4937872e-07
1.6949872e-07
1.9137838e-07
2.1490725e-07
2.396721e-07
2.6523042e-07
2.9127148e-07
3.1728765e-07
3.4287207e-07
3.6706715e-07
3.8927013e-07
4.0950523e-07
4.2703254e-07
4.4047555e-07
4.500969e-07
4.5588466e-07
4.5701039e-07
4.5380418e-07
4.4603632e-07
4.3383775e-07
4.1751945e-07
3.9788612e-07
3.7524815e-07
3.5020366e-07
3.2388483e-07
2.968359e-07
2.6939657e-07
2.4245887e-07
2.1680804e-07
1.9238665e-07
1.6973535e-07
1.4933959e-07
1.3064206e-07
1.1423054e-07
9.9843114e-08
8.7301903e-08
7.6574577e-08
6.7450558e-08
5.9694762e-08
5.3178813e-08
4.7715359e-08
4.313653e-08
3.9295475e-08
3.6071686e-08
3.3343927e-08
3.1020085e-08
2.90259e-08
2.7299079e-08
2.5789697e-08
2.4458633e-08
2.327593e-08
2.2218754e-08
2.1270069e-08
2.0417693e-08
1.9653138e-08
1.8970833e-08
1.8367409e-08
1.7840499e-08
1.7387927e-08
1.7007456e-08
1.6694424e-08
1.6578669e-08
5.5712579e-09
0.00050868797
3.9682593e-07
3.1814835e-08
3.352173e-08
3.6203782e-08
3.980671e-08
4.4357612e-08
4.9934812e-08
5.6558723e-08
6.4365533e-08
7.3484284e-08
8.3850431e-08
9.5554296e-08
1.0852932e-07
1.2267742e-07
1.3780992e-07
1.5392905e-07
1.7052485e-07
1.8751399e-07
2.0469105e-07
2.2171702e-07
2.3792574e-07
2.526687e-07
2.6641174e-07
2.7827598e-07
2.8755962e-07
2.9415244e-07
2.9789769e-07
2.9873984e-07
2.9682728e-07
2.9145609e-07
2.8291529e-07
2.7187853e-07
2.5846621e-07
2.4299365e-07
2.2590109e-07
2.0800403e-07
1.8940946e-07
1.7098505e-07
1.5295189e-07
1.3563907e-07
1.1960299e-07
1.0475711e-07
9.1431831e-08
7.9558856e-08
6.9173569e-08
6.0282623e-08
5.2639346e-08
4.6211753e-08
4.0865566e-08
3.6425916e-08
3.2795176e-08
2.9816334e-08
2.7406389e-08
2.543995e-08
2.3847488e-08
2.254297e-08
2.1466435e-08
2.0568023e-08
1.9806154e-08
1.9147883e-08
1.8567868e-08
1.8047355e-08
1.7572854e-08
1.7135215e-08
1.6728971e-08
1.635148e-08
1.600219e-08
1.5682058e-08
1.5392678e-08
1.5135509e-08
1.4911499e-08
1.4719434e-08
1.4656917e-08
4.9257283e-09
0.0004233511
2.9511992e-07
1.9995118e-08
2.1116483e-08
2.2939986e-08
2.5354364e-08
2.8366142e-08
3.2051547e-08
3.6480027e-08
4.1760472e-08
4.7866023e-08
5.4843824e-08
6.2643625e-08
7.1326455e-08
8.0809377e-08
9.1024563e-08
1.0196104e-07
1.1341505e-07
1.2510514e-07
1.3687365e-07
1.484715e-07
1.5965989e-07
1.7030023e-07
1.7965225e-07
1.8762766e-07
1.9442768e-07
1.9933352e-07
2.0202757e-07
2.0259252e-07
2.0100398e-07
1.9707291e-07
1.9108415e-07
1.8312909e-07
1.7349235e-07
1.6228946e-07
1.5020857e-07
1.3745278e-07
1.242963e-07
1.1132459e-07
9.8761208e-08
8.6753247e-08
7.5763338e-08
6.574479e-08
5.6758698e-08
4.8984261e-08
4.2249485e-08
3.6586425e-08
3.1823197e-08
2.7926248e-08
2.4757416e-08
2.2217356e-08
2.0208825e-08
1.8643969e-08
1.7437564e-08
1.6526309e-08
1.5846534e-08
1.5346985e-08
1.4982789e-08
1.4719152e-08
1.4526123e-08
1.4379626e-08
1.4260943e-08
1.4156211e-08
1.4055691e-08
1.3953184e-08
1.3845585e-08
1.3732259e-08
1.3614397e-08
1.3494477e-08
1.337559e-08
1.3260724e-08
1.315226e-08
1.3050748e-08
1.3027671e-08
4.3779166e-09
0.00035693692
2.2574705e-07
1.239769e-08
1.3146366e-08
1.4414866e-08
1.6056737e-08
1.8144033e-08
2.0701899e-08
2.3776099e-08
2.742085e-08
3.1667309e-08
3.6513542e-08
4.2010084e-08
4.8123881e-08
5.4815677e-08
6.2095647e-08
6.9832838e-08
7.8008357e-08
8.646901e-08
9.493974e-08
1.0331995e-07
1.1144235e-07
1.190757e-07
1.2589333e-07
1.3186481e-07
1.3664826e-07
1.4009405e-07
1.4222713e-07
1.4274731e-07
1.4139294e-07
1.3842281e-07
1.3391239e-07
1.2789928e-07
1.2066079e-07
1.123212e-07
1.0325369e-07
9.3784233e-08
8.4154219e-08
7.4644698e-08
6.5484263e-08
5.6929068e-08
4.9057424e-08
4.2036524e-08
3.584787e-08
3.0540402e-08
2.6060621e-08
2.2351397e-08
1.9319115e-08
1.6898067e-08
1.500655e-08
1.354975e-08
1.2457114e-08
1.1676308e-08
1.1135224e-08
1.0797384e-08
1.0615211e-08
1.055447e-08
1.0582701e-08
1.0673772e-08
1.0804708e-08
1.0956169e-08
1.1112574e-08
1.1261924e-08
1.1395543e-08
1.1507795e-08
1.1595814e-08
1.1659073e-08
1.1698845e-08
1.1717698e-08
1.1718933e-08
1.1705915e-08
1.1681496e-08
1.1646993e-08
1.1652685e-08
3.9150791e-09
0.00030456365
1.8020534e-07
8.7694433e-09
9.2954172e-09
1.017294e-08
1.1324104e-08
1.2784229e-08
1.4595404e-08
1.6797959e-08
1.9397561e-08
2.2424061e-08
2.5889984e-08
2.9796788e-08
3.4181304e-08
3.9035551e-08
4.4268061e-08
4.9859392e-08
5.5742091e-08
6.1800552e-08
6.800878e-08
7.4264231e-08
8.0362875e-08
8.609017e-08
9.1364502e-08
9.6002776e-08
9.9735536e-08
1.0240681e-07
1.0396686e-07
1.0428787e-07
1.0332571e-07
1.0114356e-07
9.7616118e-08
9.2969705e-08
8.7329881e-08
8.095532e-08
7.3937811e-08
6.6620866e-08
5.9252213e-08
5.2019667e-08
4.5105774e-08
3.8711956e-08
3.2905151e-08
2.7753897e-08
2.3314207e-08
1.95525e-08
1.6453337e-08
1.3926785e-08
1.1930096e-08
1.0376341e-08
9.2091916e-09
8.3608823e-09
7.7757371e-09
7.4079884e-09
7.2180334e-09
7.1720836e-09
7.2427474e-09
7.4031766e-09
7.6307141e-09
7.9047474e-09
8.206554e-09
8.5195696e-09
8.8296566e-09
9.1253284e-09
9.3978112e-09
9.6410082e-09
9.8513791e-09
1.0027673e-08
1.0170498e-08
1.0281866e-08
1.0364688e-08
1.0422167e-08
1.0457181e-08
1.047133e-08
1.0497618e-08
3.5259425e-09
0.00026391324
1.9488561e-07
5.8190999e-08
5.7782142e-08
5.7198118e-08
5.6429147e-08
5.5516796e-08
5.4506427e-08
5.3471695e-08
5.2491005e-08
5.1642024e-08
5.1006872e-08
5.0675135e-08
5.0704945e-08
5.11617e-08
5.2108502e-08
5.3525855e-08
5.5410505e-08
5.77452e-08
6.0484777e-08
6.3482808e-08
6.6616758e-08
6.9791098e-08
7.2854756e-08
7.5556528e-08
7.7834103e-08
7.9437774e-08
8.0181361e-08
8.0071518e-08
7.8990498e-08
7.6934027e-08
7.3909264e-08
6.9992658e-08
6.5327608e-08
6.004852e-08
5.4364146e-08
4.8474347e-08
4.2580838e-08
3.6840365e-08
3.1441254e-08
2.6482841e-08
2.2063721e-08
1.8205689e-08
1.4946749e-08
1.2251269e-08
1.0073034e-08
8.3535848e-09
7.0374514e-09
6.05823e-09
5.356569e-09
4.8876299e-09
4.6092634e-09
4.4859771e-09
4.4946345e-09
4.6117432e-09
4.8194951e-09
5.1002632e-09
5.437541e-09
5.8152046e-09
6.2174827e-09
6.629434e-09
7.0374812e-09
7.4299171e-09
7.7972519e-09
8.1323965e-09
8.4306959e-09
8.6897926e-09
8.9093136e-09
9.0904691e-09
9.2355989e-09
9.3476387e-09
9.4295228e-09
9.4832235e-09
9.5279956e-09
3.1990156e-09
0.00024318806
2.7603444e-06
2.6367625e-06
2.6127931e-06
2.5752485e-06
2.5240926e-06
2.4596455e-06
2.3821506e-06
2.2924886e-06
2.1912487e-06
2.0794107e-06
1.9585643e-06
1.8302843e-06
1.695693e-06
1.5577387e-06
1.4175434e-06
1.2773277e-06
1.1392056e-06
1.0054153e-06
8.7764403e-07
7.5720332e-07
6.4575469e-07
5.4368173e-07
4.5249998e-07
3.7223366e-07
3.0314157e-07
2.4494478e-07
1.9658877e-07
1.5744165e-07
1.2629835e-07
1.0224355e-07
8.4008632e-08
7.0375207e-08
6.0230519e-08
5.2477116e-08
4.6246737e-08
4.0800901e-08
3.5727736e-08
3.0860596e-08
2.6285985e-08
2.2112317e-08
1.8398264e-08
1.5175914e-08
1.2452151e-08
1.0211997e-08
8.4064781e-09
6.9927912e-09
5.9159594e-09
5.1260674e-09
4.5706309e-09
4.210401e-09
4.0129244e-09
3.9496631e-09
3.9991624e-09
4.1440357e-09
4.3677854e-09
4.6555665e-09
4.9924257e-09
5.3635162e-09
5.7541781e-09
6.1504713e-09
6.5397446e-09
6.9111523e-09
7.2560181e-09
7.5680148e-09
7.8431745e-09
8.0797411e-09
8.277876e-09
8.4392672e-09
8.5667175e-09
8.6637155e-09
8.7340195e-09
8.7810985e-09
8.815911e-09
2.9538854e-09
0.00039761089
9.8177982e-05
9.7837115e-05
9.7374389e-05
9.6646805e-05
9.5649859e-05
9.4381366e-05
9.2834821e-05
9.1013911e-05
8.8914956e-05
8.6538968e-05
8.3896238e-05
8.0994645e-05
7.7837381e-05
7.4459053e-05
7.0859642e-05
6.7065704e-05
6.3102945e-05
5.9003573e-05
5.4801212e-05
5.0521962e-05
4.6205502e-05
4.1867431e-05
3.7575783e-05
3.335533e-05
2.925882e-05
2.5325338e-05
2.1564632e-05
1.8020167e-05
1.4710288e-05
1.1671867e-05
8.9236892e-06
6.4993067e-06
4.4156961e-06
2.7124762e-06
1.4031962e-06
5.1906495e-07
6.5190287e-08
8.4861488e-09
7.2284558e-09
6.0913286e-09
5.0742935e-09
4.1929724e-09
3.4481017e-09
2.8355544e-09
2.3443153e-09
1.9614859e-09
1.6721907e-09
1.4624909e-09
1.3187303e-09
1.2298085e-09
1.1867558e-09
1.1822756e-09
1.2103316e-09
1.2659749e-09
1.3444451e-09
1.4412641e-09
1.5518111e-09
1.6714182e-09
1.7954751e-09
1.9196178e-09
2.0399266e-09
2.1530962e-09
2.2565487e-09
2.3484807e-09
2.42785e-09
2.4943163e-09
2.5481397e-09
2.5900526e-09
2.6211293e-09
2.6426749e-09
2.6561553e-09
2.6631978e-09
2.6651164e-09
6.2084968e-10
)
;

boundaryField
{
    axis
    {
        type            empty;
    }
    inlet
    {
        type            fixedValue;
        value           uniform 1e-05;
    }
    walls
    {
        type            fixedValue;
        value           uniform 1e-11;
    }
    atmosphere
    {
        type            inletOutlet;
        inletValue      uniform 0.001;
        value           nonuniform List<scalar> 
175
(
0.001
0.001
0.001
0.001
0.001
0.001
0.001
0.001
0.001
0.001
0.001
0.001
0.001
0.001
0.001
0.001
0.001
0.001
0.001
0.001
0.001
0.001
0.001
0.001
0.001
0.001
0.001
0.001
0.001
0.001
0.001
0.001
0.001
0.001
0.001
0.001
0.001
0.001
8.4861488e-09
7.2284558e-09
6.0913286e-09
5.0742935e-09
4.1929724e-09
3.4481017e-09
2.8355544e-09
2.3443153e-09
1.9614859e-09
1.6721907e-09
1.4624909e-09
1.3187303e-09
1.2298085e-09
1.1867558e-09
1.1822756e-09
1.2103316e-09
1.2659749e-09
1.3444451e-09
1.4412641e-09
1.5518111e-09
1.6714182e-09
1.7954751e-09
1.9196178e-09
2.0399266e-09
2.1530962e-09
2.2565487e-09
2.3484807e-09
2.42785e-09
2.4943163e-09
2.5481397e-09
2.5900526e-09
2.6211293e-09
2.6426749e-09
2.6561553e-09
2.6631978e-09
2.6651164e-09
6.2084968e-10
1.3885751e-08
1.2239954e-08
1.0741779e-08
9.4075927e-09
8.2331517e-09
7.2108662e-09
6.3282404e-09
5.5712579e-09
4.9257283e-09
4.3779166e-09
3.9150791e-09
3.5259425e-09
3.1990156e-09
2.9538854e-09
6.2084968e-10
1.3563443e-08
1.3370785e-08
1.3154155e-08
1.2836697e-08
1.247004e-08
1.2063742e-08
1.1625647e-08
1.1163468e-08
1.0684741e-08
1.019579e-08
9.7032029e-09
9.4249681e-09
1.0513941e-08
1.1711309e-08
1.3030071e-08
1.3830541e-09
1.5383852e-09
1.7012033e-09
1.8734318e-09
2.0532997e-09
2.2404176e-09
2.4342803e-09
2.6335995e-09
2.8376846e-09
3.045979e-09
3.2575395e-09
3.470997e-09
3.6854772e-09
3.8999124e-09
4.1135087e-09
4.3251857e-09
4.5337525e-09
4.7381791e-09
4.9375342e-09
5.1310889e-09
5.317883e-09
5.4969683e-09
5.6677255e-09
5.8293376e-09
5.9808866e-09
6.1225429e-09
6.2530135e-09
6.3721326e-09
6.4803035e-09
6.5765606e-09
6.6611177e-09
6.7338048e-09
6.7948538e-09
6.845511e-09
6.8854402e-09
6.9153671e-09
6.9535773e-09
8.1938673e-09
9.794829e-09
1.1728396e-08
1.4329745e-11
1.4618231e-11
1.5705691e-11
1.7193355e-11
1.9369386e-11
2.2482396e-11
2.6499058e-11
3.164318e-11
3.8179441e-11
4.6406021e-11
5.6661491e-11
6.9322469e-11
8.4806467e-11
1.0355658e-10
1.2605205e-10
1.5279916e-10
1.8431039e-10
2.211052e-10
2.6371349e-10
3.1263372e-10
3.6839817e-10
4.3138446e-10
5.0206191e-10
5.8084197e-10
6.678498e-10
7.6351939e-10
8.6807709e-10
9.8159944e-10
1.1032983e-09
1.2352061e-09
)
;
    }
    front
    {
        type            wedge;
    }
    back
    {
        type            wedge;
    }
}


// ************************************************************************* //
