/*--------------------------------*- C++ -*----------------------------------*\
| =========                 |                                                 |
| \\      /  F ield         | OpenFOAM: The Open Source CFD Toolbox           |
|  \\    /   O peration     | Version:  2.3.0                                 |
|   \\  /    A nd           | Web:      www.OpenFOAM.org                      |
|    \\/     M anipulation  |                                                 |
\*---------------------------------------------------------------------------*/
FoamFile
{
    version     2.0;
    format      ascii;
    class       volScalarField;
    location    "2.3e-05";
    object      k;
}
// * * * * * * * * * * * * * * * * * * * * * * * * * * * * * * * * * * * * * //

dimensions      [0 2 -2 0 0 0 0];

internalField   nonuniform List<scalar> 
7500
(
9.9993106e-06
9.9963437e-06
9.9966354e-06
9.9964505e-06
9.9956476e-06
9.9958764e-06
9.9969053e-06
9.9990425e-06
1.0003497e-05
1.0006203e-05
1.0010457e-05
1.0015077e-05
1.0018387e-05
1.0023375e-05
1.0027988e-05
1.003201e-05
1.0034575e-05
1.0039911e-05
1.0042104e-05
1.0042851e-05
1.0041916e-05
1.0040049e-05
1.0041635e-05
1.0046958e-05
1.0057914e-05
1.0074847e-05
1.0094257e-05
1.010877e-05
1.0120508e-05
1.0127016e-05
1.0132832e-05
1.0138213e-05
1.0143499e-05
1.0150345e-05
1.0159072e-05
1.0165854e-05
1.0178442e-05
1.0184279e-05
1.0188641e-05
1.0195949e-05
1.0202929e-05
1.0212953e-05
1.0218443e-05
1.0221541e-05
1.0227121e-05
1.0240337e-05
1.0253152e-05
1.0258026e-05
1.0266321e-05
1.0283037e-05
1.0288797e-05
1.0293555e-05
1.0301348e-05
1.031104e-05
1.0330812e-05
1.0343829e-05
1.0361599e-05
1.0384828e-05
1.0412129e-05
1.0438859e-05
1.0474628e-05
1.0510959e-05
1.0583142e-05
1.0628731e-05
1.072247e-05
1.07775e-05
1.08838e-05
1.0948733e-05
1.1075342e-05
1.1152295e-05
1.1302197e-05
1.1389925e-05
1.1563393e-05
1.1669397e-05
1.1956098e-05
9.9988507e-06
9.9978847e-06
9.9969292e-06
9.9970356e-06
9.9973256e-06
9.9983528e-06
1.000009e-05
1.0001557e-05
1.0003097e-05
1.0005193e-05
1.000901e-05
1.001203e-05
1.0017486e-05
1.002173e-05
1.0028325e-05
1.0033888e-05
1.0038522e-05
1.0040912e-05
1.0041798e-05
1.0041718e-05
1.0042039e-05
1.0043931e-05
1.0048236e-05
1.0057452e-05
1.006392e-05
1.0076075e-05
1.0082962e-05
1.0091923e-05
1.0101739e-05
1.0110745e-05
1.0129638e-05
1.0148396e-05
1.0181045e-05
1.0206077e-05
1.0241171e-05
1.0262295e-05
1.0289098e-05
1.0303187e-05
1.0322628e-05
1.0335448e-05
1.0352491e-05
1.037018e-05
1.0390897e-05
1.0423997e-05
1.0458813e-05
1.0522393e-05
1.0572155e-05
1.0656363e-05
1.0721504e-05
1.0811376e-05
1.0936004e-05
1.1033789e-05
1.1196564e-05
1.1326873e-05
1.1565562e-05
1.1753527e-05
1.2062555e-05
1.2303326e-05
1.2672764e-05
1.298406e-05
1.3441609e-05
1.380631e-05
1.4408863e-05
1.484348e-05
1.5651693e-05
1.6209431e-05
1.7208455e-05
1.7886057e-05
1.9036617e-05
1.9836201e-05
2.1059966e-05
2.191847e-05
2.3446679e-05
2.4452881e-05
2.6905994e-05
1.0001936e-05
1.000471e-05
1.00107e-05
1.0015696e-05
1.0024763e-05
1.0032215e-05
1.0045287e-05
1.0055232e-05
1.0071462e-05
1.0083158e-05
1.010156e-05
1.0113308e-05
1.0131344e-05
1.0143244e-05
1.0161778e-05
1.0173073e-05
1.0189546e-05
1.0198769e-05
1.0209433e-05
1.0214557e-05
1.0217561e-05
1.0220684e-05
1.0224715e-05
1.0231402e-05
1.023906e-05
1.0251529e-05
1.026564e-05
1.0290254e-05
1.0337886e-05
1.0382864e-05
1.0477389e-05
1.0565262e-05
1.0744393e-05
1.0855979e-05
1.1061365e-05
1.1187235e-05
1.1404112e-05
1.155005e-05
1.1788221e-05
1.197988e-05
1.2280896e-05
1.2624971e-05
1.2993676e-05
1.3614038e-05
1.4180405e-05
1.5162226e-05
1.5927817e-05
1.7255523e-05
1.8290987e-05
1.9760011e-05
2.18231e-05
2.3415594e-05
2.6071429e-05
2.8140802e-05
3.1913556e-05
3.4742314e-05
3.9284445e-05
4.3017657e-05
4.7617862e-05
5.248841e-05
5.8529297e-05
6.3366228e-05
7.104677e-05
7.6693704e-05
8.6918226e-05
9.4038108e-05
0.00010614219
0.00011495263
0.00012804548
0.00013758997
0.00015136082
0.00016135056
0.00017800942
0.00018935599
0.00021540662
1.0040942e-05
1.0077661e-05
1.0156054e-05
1.0211073e-05
1.0312533e-05
1.0382111e-05
1.0502039e-05
1.0575593e-05
1.0692794e-05
1.0757794e-05
1.0853295e-05
1.090471e-05
1.097602e-05
1.1018154e-05
1.107626e-05
1.1110006e-05
1.1151107e-05
1.1173719e-05
1.119217e-05
1.1192689e-05
1.1186326e-05
1.1186254e-05
1.1185307e-05
1.1199305e-05
1.1214293e-05
1.1248388e-05
1.1308256e-05
1.143617e-05
1.1697843e-05
1.200021e-05
1.2562568e-05
1.3132615e-05
1.4216981e-05
1.5106132e-05
1.6728494e-05
1.8076074e-05
2.0511988e-05
2.2528597e-05
2.599157e-05
2.8946091e-05
3.4032283e-05
3.8822799e-05
4.4821751e-05
5.4707582e-05
6.2630176e-05
7.6147078e-05
8.6711729e-05
0.0001052257
0.00011955504
0.0001386644
0.00016598513
0.00018643767
0.00022057263
0.00024617769
0.00029282817
0.00032641607
0.00037970998
0.00042806739
0.00047323811
0.00053221819
0.00060051545
0.00065134632
0.00073121435
0.00079101511
0.00089847234
0.00097140117
0.0010941229
0.0011805816
0.0013102844
0.0014012173
0.0015332664
0.0016261739
0.0017759326
0.0018793764
0.0021110504
1.0230596e-05
1.0648179e-05
1.1120257e-05
1.1624063e-05
1.2200677e-05
1.2753229e-05
1.3356436e-05
1.3792437e-05
1.4277011e-05
1.4542596e-05
1.4855306e-05
1.499549e-05
1.5158098e-05
1.5228965e-05
1.5303789e-05
1.5299609e-05
1.5333388e-05
1.5277099e-05
1.5282892e-05
1.5198871e-05
1.5173169e-05
1.5210236e-05
1.5294109e-05
1.5483276e-05
1.5811279e-05
1.6448609e-05
1.7426892e-05
1.9244374e-05
2.1797556e-05
2.5027695e-05
3.1044534e-05
3.7266452e-05
4.8365866e-05
5.8488737e-05
7.719904e-05
9.3695379e-05
0.00012366022
0.00014854174
0.00019208114
0.00022840499
0.00029276115
0.000345139
0.00043021753
0.00053104828
0.00061807592
0.00077047546
0.00088563041
0.0010830701
0.0012341888
0.0014176558
0.0016976745
0.0018952728
0.0022262569
0.0024644684
0.0028987985
0.0032049064
0.0036719378
0.0041454653
0.0044858698
0.0050240676
0.005600164
0.0060073876
0.0066561114
0.0071340087
0.0079868044
0.008548451
0.009494649
0.0101533
0.011130317
0.011777752
0.012752563
0.013398457
0.014422836
0.015126047
0.016688953
1.0711443e-05
1.34143e-05
1.4984801e-05
1.7993193e-05
1.9592642e-05
2.2227917e-05
2.3560509e-05
2.5327618e-05
2.6250204e-05
2.7162703e-05
2.7719052e-05
2.7990102e-05
2.8130956e-05
2.8056356e-05
2.8073174e-05
2.7862946e-05
2.7888934e-05
2.7740254e-05
2.7869887e-05
2.815079e-05
2.8836713e-05
3.0162019e-05
3.2574089e-05
3.7022131e-05
4.3414817e-05
5.5622059e-05
6.9557602e-05
9.6085591e-05
0.00012558154
0.00016580713
0.00023965511
0.00030689437
0.00042761697
0.0005371147
0.0007419578
0.00091133684
0.0012198375
0.0014629503
0.0018955884
0.0022368398
0.0028451381
0.0033113774
0.0041444016
0.0048535212
0.0057034439
0.0070227724
0.0079250636
0.0094129796
0.010694095
0.012039256
0.014169974
0.015580304
0.017982329
0.019647411
0.022658792
0.024816429
0.027745567
0.03117798
0.033327676
0.036796437
0.040248719
0.042758775
0.046857094
0.049679223
0.054615658
0.057834046
0.063275277
0.067094432
0.072474923
0.075870614
0.08115322
0.084483057
0.089741724
0.093277766
0.10109202
1.1604339e-05
1.8292526e-05
2.1330183e-05
2.8357189e-05
3.1020182e-05
3.7492069e-05
3.9701717e-05
4.4551924e-05
4.636394e-05
4.9082917e-05
5.0372938e-05
5.1279285e-05
5.1886178e-05
5.2187954e-05
5.2659143e-05
5.3295998e-05
5.4615278e-05
5.6923295e-05
6.1628379e-05
6.9476898e-05
8.4904469e-05
0.00010678792
0.00014539905
0.00020661555
0.00028698026
0.00043313792
0.00058612235
0.00088149081
0.0011574519
0.001622685
0.0022626643
0.002856366
0.0039677269
0.0049038988
0.0066413094
0.0079760474
0.010441417
0.012271564
0.015579581
0.018003223
0.022354477
0.025500355
0.031287277
0.035348325
0.042198359
0.049113314
0.055074342
0.063327118
0.072419874
0.079274952
0.091146845
0.098692305
0.11204038
0.12086019
0.13642936
0.14777974
0.16189358
0.17942055
0.19012308
0.20790894
0.22118127
0.23601314
0.25389042
0.26617985
0.28774112
0.3022332
0.32568184
0.34222083
0.36465396
0.37889601
0.40031811
0.41351994
0.43404389
0.4479581
0.47853453
1.1186778e-05
1.8057066e-05
2.1678824e-05
3.2007739e-05
3.7059085e-05
4.9684691e-05
5.4741953e-05
6.4819154e-05
7.0477783e-05
7.4989278e-05
7.8032716e-05
8.0091033e-05
8.3094106e-05
8.6638334e-05
9.3144058e-05
0.0001036397
0.00012467996
0.00015771158
0.0002264652
0.00031872192
0.00051020304
0.0007357449
0.0011970845
0.0016858252
0.0025870153
0.0037371443
0.0051176664
0.0075857661
0.0097101184
0.013677259
0.017418993
0.022218808
0.030022068
0.036026709
0.046949629
0.055115972
0.070462529
0.080955714
0.10006756
0.11317098
0.1370384
0.15327701
0.18315758
0.20318609
0.24025411
0.26433115
0.30240729
0.33546372
0.37673001
0.40648184
0.45931176
0.49078263
0.54731026
0.58282568
0.6452142
0.69136252
0.74944625
0.81388935
0.85615508
0.92864891
0.97320649
1.0417791
1.0989174
1.1467277
1.2276086
1.2811074
1.3644922
1.426041
1.5037809
1.5567259
1.6296987
1.6776911
1.7505132
1.8024926
1.9158896
1.0386568e-05
1.4569987e-05
1.8947631e-05
2.7435294e-05
4.225758e-05
5.3340766e-05
7.6652653e-05
8.6827964e-05
0.00010827167
0.00011519067
0.00013004831
0.00013980976
0.00015843998
0.00019005949
0.00025272065
0.00035761165
0.00058416135
0.00090648832
0.0015979459
0.0024155515
0.0041581924
0.0059683701
0.0097654014
0.013320804
0.020688713
0.026987361
0.039034653
0.051448564
0.065863655
0.089242444
0.10883925
0.1407782
0.17342162
0.20959549
0.26040041
0.30148071
0.37448367
0.41993858
0.50476759
0.56118465
0.66480498
0.7306784
0.851536
0.93067817
1.0761662
1.1657369
1.3214961
1.4277608
1.5892254
1.6985547
1.8912307
2.0024533
2.2037021
2.3267664
2.5481859
2.7068286
2.9262704
3.118355
3.3006949
3.5737831
3.7473763
4.0087532
4.1861484
4.4214603
4.6683327
4.8981602
5.1910219
5.4296327
5.6936443
5.9160895
6.1973879
6.4145246
6.7417769
6.9855955
7.4913833
1.4889672e-05
3.6720099e-05
4.5558669e-05
6.5034006e-05
7.7083306e-05
8.5937825e-05
0.00010528789
0.00011477756
0.00013800342
0.00016236802
0.00021449516
0.00029692162
0.00045511558
0.00075228544
0.0013380518
0.0022439258
0.0042917814
0.006816931
0.012270248
0.018011504
0.03039461
0.041860614
0.066084957
0.086448686
0.12891712
0.16169875
0.22852578
0.27729422
0.37270271
0.44458184
0.56372988
0.67041721
0.82968827
0.96843906
1.1629218
1.3303416
1.5980145
1.7677871
2.0877096
2.2911083
2.6605799
2.8924633
3.3171793
3.5938412
4.0903458
4.404453
4.948867
5.3055625
5.9000638
6.2839316
6.9385241
7.336285
8.0632377
8.508063
9.3419944
9.9771421
10.850621
11.529101
12.613492
13.616519
14.581996
15.599408
16.334696
17.399202
18.17902
19.422154
20.341861
21.735482
22.84695
24.450111
26.119977
27.468952
29.53564
30.931111
33.399536
1.4208635e-05
4.0731984e-05
5.3608666e-05
8.9614618e-05
0.00010044091
0.00012573986
0.00013916262
0.00016447194
0.00021724522
0.00033716736
0.00059747669
0.001164211
0.0022873614
0.00463725
0.008869177
0.015426233
0.030294721
0.04604247
0.079931364
0.11230693
0.18169545
0.23906297
0.35935296
0.45137001
0.64222572
0.77786406
1.0533138
1.2411524
1.6130989
1.8610352
2.3484195
2.6674173
3.2847951
3.6935257
4.4530169
4.9640811
5.8884798
6.4992935
7.5967465
8.3067763
9.5892579
10.41586
11.854884
12.849975
14.650238
15.881458
17.960861
19.364173
21.6759
23.21122
25.759168
27.37231
30.578309
32.611684
37.412388
41.120069
44.963383
48.771924
56.392712
60.942837
65.974178
69.11764
72.628246
78.001477
81.842728
88.696248
94.664325
109.76824
117.09696
134.6395
143.93104
151.32981
167.38251
172.77814
181.67019
1.0293601e-05
1.2058522e-05
1.5050325e-05
2.1199584e-05
3.403147e-05
6.2658382e-05
0.00013390935
0.00031126785
0.00072871494
0.0016694178
0.0036241103
0.0078817382
0.01562402
0.032951133
0.056587987
0.097068075
0.17991838
0.25605156
0.42209958
0.56891295
0.87396586
1.1036959
1.5773287
1.917287
2.6113688
3.0819074
4.0337104
4.6639351
5.9060314
6.7310395
8.3736782
9.458303
11.623398
13.021596
15.633242
17.508619
20.781445
23.083516
27.249491
30.005479
35.004365
38.145437
43.493486
48.130027
57.418428
62.88196
72.59101
78.590215
89.787071
96.545621
111.03525
117.09082
144.48068
152.09747
202.02629
218.59323
228.85667
257.31568
326.38903
325.42732
337.83285
351.60995
376.21249
420.43545
433.93795
481.55862
545.4096
567.6671
560.90176
632.36289
599.34126
626.64726
692.02544
684.57329
667.97544
1.0539125e-05
1.1256844e-05
1.3356394e-05
2.2475887e-05
6.1161842e-05
0.00020075481
0.00062554518
0.0017678092
0.0044795946
0.010700011
0.02331568
0.052760266
0.09709983
0.19774833
0.31188313
0.5427566
0.85978859
1.1781975
1.8665569
2.4049777
3.4736331
4.2507143
5.8157035
6.9202612
9.1218129
10.665867
13.788331
15.904139
20.021165
22.981355
29.142839
33.164597
41.768422
46.762654
56.719054
65.979959
78.410711
89.132065
109.94098
120.2004
146.79772
156.64771
188.01703
220.87135
287.32221
295.0716
345.53765
373.49569
443.24969
473.61337
571.28538
567.55607
731.51566
650.55743
874.42459
867.41612
810.44786
1211.7614
1147.3489
893.0062
837.27476
900.17113
948.39541
827.16478
938.67556
999.80399
855.39753
627.93978
661.58741
509.70353
466.75098
620.63881
467.59996
413.85289
317.95888
1.1889889e-05
1.6239824e-05
3.032672e-05
0.00010474586
0.00041035351
0.0014467122
0.004405967
0.011848213
0.02853528
0.066474941
0.13701243
0.3019465
0.50700847
0.96128611
1.4185532
2.4068108
3.336499
4.6828812
6.9256245
8.6251495
11.874881
14.482404
19.328649
22.966398
30.239706
35.844136
47.325254
54.949686
70.932772
83.58689
113.38098
127.26193
170.39416
185.04626
243.68295
300.19607
340.7058
422.86791
526.91043
550.70689
722.60121
702.41087
896.09698
905.14807
1004.1599
952.52522
1083.3567
1042.4777
1129.5526
1107.1658
943.12875
989.71681
913.19767
764.18699
782.17476
594.09596
581.03719
729.91241
272.62084
324.69907
289.98454
358.12712
244.1752
183.74491
359.68687
166.72086
106.33932
58.067834
65.187524
40.208531
48.455918
69.258493
35.191533
26.217781
22.099215
1.0307243e-05
2.1942864e-05
0.00011639098
0.00065088703
0.0027648015
0.0094146051
0.027203962
0.069243267
0.1574625
0.3695762
0.68613513
1.4167979
2.1999868
3.8439548
5.4629419
8.8205272
11.521898
16.718697
22.203321
28.443931
38.402163
48.725452
62.773995
77.786775
108.09591
130.99964
181.99932
208.95201
300.55429
360.60308
514.775
550.62136
799.00361
796.08951
1027.3568
1060.0126
1120.9954
1351.6293
1186.0909
1280.8519
1217.5994
993.91391
1173.8933
821.18934
587.1712
501.61765
475.28841
388.60606
440.07192
258.26706
160.50118
220.42753
86.76624
174.94437
94.238223
69.185037
156.03626
122.01837
19.467647
21.990219
48.234626
45.72503
21.822179
29.49782
77.954112
14.532282
11.365798
10.099101
8.5768346
7.9789462
14.666204
16.831701
9.9794791
7.3874682
6.8798306
9.9873563e-06
7.5494012e-05
0.00073315113
0.0041451576
0.016845534
0.053605295
0.14544407
0.35013521
0.74744033
1.6973743
2.8781476
5.5006132
8.0853061
13.16265
18.996967
28.621129
37.423051
55.464831
69.813025
96.015175
133.56501
171.9164
225.73615
313.14943
461.88085
574.57144
791.68547
909.38556
1127.2592
1309.4371
1347.7326
1433.8642
1532.0174
1225.6943
1222.638
940.4382
848.28716
610.67058
311.95215
437.27606
175.35033
237.42925
182.57146
61.869166
45.289592
49.417634
43.748953
35.901546
38.827677
20.226353
17.345411
20.094508
12.581735
32.777411
22.096053
46.818807
75.006624
41.688734
9.2246961
7.2196869
20.327423
18.045208
13.288171
18.386977
29.361673
8.3640311
6.72259
6.7487834
5.9922197
4.992656
7.8947775
8.1409873
6.6431025
5.6856999
5.8993269
1.0065129e-05
0.00049496464
0.0047188476
0.024426834
0.091011118
0.26729549
0.67699934
1.5478361
3.0659722
6.5196546
10.355795
18.447948
26.593868
42.666412
63.956508
88.518215
125.26278
189.13257
244.10816
379.29732
533.60528
711.70315
970.69498
1265.5552
1373.0452
1621.7009
1542.9846
1583.044
1275.6504
1219.4885
758.13526
820.96815
223.15399
394.91798
162.72673
165.38282
179.0696
49.679864
31.102555
36.90138
16.74414
44.696603
16.575023
10.896557
9.1957661
12.209961
11.066097
9.5115958
7.1501732
12.711523
9.9060905
9.1753914
6.3630393
11.550844
13.733639
49.243053
55.26504
26.651496
7.393615
6.5241747
12.705686
12.931807
5.7099815
11.375398
14.360899
7.2499162
6.6161426
6.3202822
6.0377054
5.0290506
5.8834113
5.8821311
5.6369703
5.3505243
5.5140547
1.146655e-05
0.0031558866
0.027148282
0.12713415
0.42984562
1.1606516
2.7518231
5.8174283
11.087036
21.694354
33.566425
57.634534
85.177584
146.27213
210.10156
303.62208
497.32053
728.87357
962.71439
1365.299
1458.108
1671.5012
1632.1708
1488.0357
1126.4771
795.53035
408.90938
522.55839
222.21495
182.22694
88.217727
95.349672
30.59886
64.994829
24.60805
37.86333
34.677593
10.967887
19.256486
11.770911
8.8747534
17.408412
6.7814824
14.143531
7.8512799
6.7573486
6.154587
5.2195883
26.481938
15.062789
16.383442
12.329789
7.7032469
7.6586339
20.409716
30.016995
44.876864
17.375993
6.6840396
6.9448828
9.2151118
8.3376282
5.4297685
8.433403
9.7415356
6.9371698
6.7161585
6.1551077
5.6773466
5.2486588
4.7716659
5.5468378
6.0320251
5.501053
5.5341531
4.1230226e-05
0.017890402
0.13757112
0.57984331
1.7739608
4.4127589
9.930623
19.144893
37.395231
65.842278
105.90091
184.96372
292.63104
547.34999
783.82825
1259.951
1474.7606
1732.0226
1691.1398
1527.5644
1068.1125
874.99937
410.71459
265.43444
138.85301
82.795901
41.600347
75.242552
19.67911
24.236651
9.9782767
8.5828178
3.9696577
8.2871961
4.6882301
13.74173
16.754803
10.536695
44.575448
15.173863
9.7542605
9.5268952
7.0755428
17.511435
10.688801
5.7809769
5.3197287
5.5181209
10.617266
14.609722
13.018052
13.322219
8.8269615
7.8714783
22.892441
36.402873
32.197294
12.844142
6.4999009
7.1803493
9.5212295
6.2221766
6.3457288
10.312211
9.0149401
8.1191812
7.0372766
6.0522285
5.9089884
5.8444737
5.1232629
6.3434524
7.0196442
6.6191885
6.0992339
0.00052950568
0.094004406
0.62210896
2.3252776
6.4329923
14.862725
30.990008
60.734682
118.16379
203.4156
359.57583
686.76893
1168.049
1599.2906
1908.6949
1903.2366
1421.766
916.50167
545.03
305.14757
186.35986
169.16354
39.738023
30.171624
12.89286
17.599466
9.479512
9.4003079
4.560105
8.1716941
1.8187795
2.0357405
2.3070109
5.0257033
3.4689175
10.584847
5.0538574
11.287013
51.359705
18.255276
10.694941
7.4714183
10.283777
14.281131
13.016726
8.080944
5.6747407
4.6313895
8.6745116
16.199224
11.943261
10.969875
7.4771619
8.1089276
20.760039
23.770205
20.434098
6.9499773
6.4268722
8.8877718
9.6819594
5.7890702
8.109078
7.4278817
6.5189957
8.9462307
7.0971302
6.2143232
6.5374035
6.1667006
6.2898638
6.6921256
7.1127925
6.9857512
6.4059629
0.0070399675
0.44710995
2.507846
8.2347607
20.807972
45.599583
93.763474
195.29881
379.26744
729.75133
1425.5461
1844.7728
2007.6434
1646.5296
1100.2813
437.61314
210.89632
133.06052
68.776827
52.356562
52.896426
29.265529
8.7459884
4.3972389
3.3676769
10.173551
4.8008508
3.181067
3.52652
10.331691
1.4277016
1.4809345
2.0078374
6.3221663
4.1750399
7.9677621
6.9272839
12.966303
26.261456
15.284846
9.0049042
6.3156123
6.6085078
10.669043
15.222975
8.6902179
5.1222286
5.3561549
25.469841
17.358131
13.21667
9.9968164
8.6721899
7.2931634
16.598441
11.814438
6.4587307
5.9411669
6.5895761
9.4556539
8.5741991
7.6353204
11.254369
6.3688636
5.8521548
8.355659
6.5759765
6.1874029
6.8078342
7.2363407
6.2888888
6.4660762
7.2740001
7.3619126
6.7279978
0.056353268
1.9020749
8.9642259
26.015726
61.808117
134.68969
290.92539
676.93824
1434.0059
1842.3812
2118.5171
1655.1013
655.8251
310.25003
154.3831
39.592519
26.426394
27.997218
9.1139914
9.0274291
14.448159
5.5444468
4.1341118
2.8681501
4.3430424
4.9777076
3.4281313
2.1621224
3.5201224
7.0925832
2.0995195
1.4008202
2.2610047
3.5793906
3.9637171
5.935204
5.2612223
9.4454475
56.24213
13.741311
9.1740449
5.7154747
5.167951
10.750814
14.540481
9.0529723
5.2077048
4.4210713
17.55787
8.8663678
17.577719
11.13804
9.6444696
6.6266546
9.5870359
8.7512258
7.2713561
5.5596756
6.3732489
9.4146688
32.14971
11.875686
17.539013
6.1422613
8.9610752
6.2542561
5.8713991
6.0999187
10.431316
10.509975
7.5368346
7.9028055
7.9252483
7.7493476
6.7784581
0.35501819
7.2456922
28.675706
75.192754
176.76166
407.70425
1021.4516
1836.5472
2300.2612
1686.1277
724.35552
317.32043
77.123929
55.176084
16.990197
3.0311105
4.5182594
7.8340543
4.1004653
3.7815338
6.5575502
9.3073106
2.5460114
2.7694677
2.3803718
3.0162737
2.7781968
1.9620107
4.1401311
5.1378264
3.2092719
1.4038457
3.0043995
2.0401014
2.5257365
5.2175672
3.9217679
13.803053
31.901566
12.24608
6.2645188
4.7266639
5.0236135
12.843054
14.973499
11.360426
6.8627138
4.7321141
11.908595
6.8999418
11.017065
10.328697
8.7552696
6.0573878
6.213538
7.5098512
6.0342083
5.722269
5.9714372
16.267758
26.545702
15.191288
7.8349195
10.931868
10.225505
5.5194261
5.6873184
6.5619868
10.662733
11.393103
9.3986013
9.3858366
8.2963906
7.650638
6.619434
1.8986535
24.822465
83.751385
206.1326
520.86925
1399.7982
1987.1774
1848.5101
917.44025
376.55828
134.74401
32.625225
6.1567342
10.218851
3.0665373
0.88348246
1.7633646
1.8319743
1.8118089
2.997209
5.4657776
14.829078
1.9916759
1.883221
2.4446883
4.56936
2.263323
2.0700792
4.4208268
4.271421
3.6936774
1.5085635
3.8399813
2.1049886
2.1660635
4.0420373
2.2308434
3.0189822
12.211198
8.0215819
5.1626414
4.8835017
4.9824955
12.990054
15.831487
11.574315
8.6462968
4.8421773
6.0231489
5.0368173
5.0977567
11.330942
8.5248462
5.2580113
6.2653751
8.2054499
6.432525
6.8678347
6.9748058
18.014742
12.02742
12.225837
10.027229
14.775834
7.8100926
5.3801436
5.68215
7.3296832
7.3489086
8.9873683
11.157369
9.8646485
7.7463187
7.1547081
6.904511
8.8929291
77.502376
228.9306
568.6788
1713.7027
2221.5943
1405.7962
475.33761
179.50469
51.800531
14.686872
2.6791417
0.87102281
3.2604152
1.1192873
0.74043729
1.3255088
0.9827418
1.944946
2.8870732
5.6930815
16.223801
3.0859634
2.3233785
3.41779
8.3151754
2.2317565
3.0165401
4.5803014
3.7199689
3.5692304
1.6035065
2.891882
1.9871175
2.0158631
3.1128888
2.1158311
2.4911708
5.3194893
7.9452931
4.7173289
5.7263269
4.7811588
6.5818278
6.3537543
7.5940397
7.8627662
5.216019
4.574438
5.4156653
5.371434
11.632941
8.2507453
5.4547774
10.558619
8.5831397
6.4334621
9.1902823
7.8758322
10.434411
10.536564
10.857978
9.7082865
8.0043857
7.4328373
5.811501
5.8433396
7.7845909
7.878714
7.984319
9.6081781
8.1628217
7.1253992
7.0412382
7.1838185
37.367563
223.17338
612.04539
1715.5974
2332.1984
1165.2194
441.20477
98.896764
23.341627
6.6301595
1.573397
0.72580274
0.54097131
1.5670269
0.9608134
0.75753683
1.2392245
0.88312666
1.1433436
2.915824
5.3114191
8.3332981
4.2889918
3.776286
5.8991513
9.1955573
3.125064
3.3445373
4.5993261
2.9164207
2.6062225
1.7978947
1.4974568
1.5946866
1.9218776
2.62035
2.1004263
1.8743884
6.5224532
9.9293307
4.7588556
5.3678116
4.478344
4.2661352
5.6659322
4.4188126
6.9530367
5.9319741
4.9093715
6.4692968
7.2448095
7.1824691
7.2910839
5.422784
9.6389743
8.2472038
5.5125629
11.732673
8.4402614
27.887793
15.600766
10.605822
7.3147027
9.6937712
6.4946194
5.933386
5.8136627
7.2071079
8.5376749
7.6773841
6.8277239
6.760607
6.7638194
6.9113942
7.4072169
144.27333
603.04293
1718.9288
2268.3577
1096.6447
325.24492
93.120954
11.816145
2.5007187
1.7457611
0.523299
0.68054219
0.52842607
0.85090445
0.97535069
0.74453886
1.2341697
0.93413073
1.0151184
2.8778284
4.8652029
6.2335314
4.6294115
3.89503
7.6075719
6.6185367
3.1957035
3.4415131
4.5535162
2.6709307
2.4229245
2.0718915
1.4061356
1.5268568
1.9684571
2.6176633
2.0993153
1.9955722
5.9690542
4.8560526
3.4458174
6.2786707
4.9154109
4.1145391
3.5796257
3.9847017
5.8003605
5.8397062
6.8009848
6.6811056
7.4144664
6.0810991
5.9711619
5.859698
7.9988145
6.6856045
5.6966515
11.230945
7.795371
32.192653
15.924621
9.1633331
6.670041
7.433688
6.3581654
5.743071
5.6360664
6.6963608
7.3465553
5.7939586
5.8055294
6.4759339
6.7201583
7.2657603
7.9111458
483.55399
1624.9327
2752.8757
1391.3476
358.18669
56.781507
12.14633
1.3914057
0.44986189
0.66521452
0.45617509
0.80063206
0.53898233
0.56733637
1.1165615
0.7880779
1.21441
1.5253688
0.97752745
2.7453572
4.4100668
6.3168381
4.752595
3.6006055
5.0564423
4.3380598
3.5622517
10.656317
4.6397645
2.6976473
2.4973355
2.1133798
1.4284629
1.7981418
1.9423104
2.5445171
2.1544896
2.4166387
3.5877742
3.4322759
2.6996028
3.3092803
3.4018
2.9821121
3.2648749
3.7749979
5.5356549
5.5673653
9.3873239
4.6553783
5.1816633
8.2683194
5.3377392
5.5682199
11.63746
7.0843363
5.7576296
6.2416781
6.7514865
10.158282
11.524685
9.0004551
6.8185008
7.5644388
6.6977951
5.2463773
5.2958751
5.1691845
5.6972274
5.2919376
5.6409333
6.5521774
7.3364099
8.2360184
8.5309321
1473.7131
3257.9033
2213.5237
567.22293
61.700587
7.1106061
1.5249906
0.54397006
0.25588902
0.31181407
0.45260977
0.95640415
0.5592095
0.52630611
1.1928126
0.82502823
1.1689477
2.1752431
0.97650569
2.6202808
3.6283634
3.4698227
3.2225873
2.7652485
2.4105214
3.6549326
4.2010396
25.749738
4.8077813
4.932024
3.1469412
2.021989
1.5152039
1.8213355
1.8065623
2.2822898
2.2190595
3.0733494
2.2345721
3.54986
2.7773826
3.0978057
2.7023085
2.7530742
3.6251014
3.7314934
6.7737846
5.3120243
8.7702953
3.9144504
4.1005095
8.5055812
6.6132175
7.3287489
7.363773
6.375297
6.2103822
5.9945877
6.2318117
8.428545
20.397112
10.149964
7.0245747
7.4686455
6.4821265
4.47392
4.3644586
4.9889204
5.5817762
5.2999421
5.8057216
7.3970004
9.0439209
8.6865746
9.1125306
4260.8896
3467.6962
837.30926
103.68756
6.4137968
1.0568563
0.51614458
0.503664
0.25151633
0.22468915
0.46652115
1.0019995
0.57448821
0.62695109
1.3170656
0.81932085
1.083506
1.9419866
1.0000612
2.4430214
2.8593757
2.6519282
2.7099779
1.8646575
1.6404441
3.3709609
3.6712342
23.84004
4.8229963
10.013353
4.3258393
2.0072323
1.6760655
1.4072635
1.6844205
1.87239
2.375788
4.3293045
2.7441109
2.6116237
2.6399251
3.4871152
2.5466013
2.6387063
3.9790294
4.0500543
7.7834759
5.9760199
6.9903139
3.6605879
3.6361593
6.066473
6.0008554
7.6394319
5.3858424
4.954438
9.2068783
6.392624
6.7049715
11.920542
20.864264
11.236789
6.1251907
7.0189907
6.0398198
2.8189833
3.4203534
5.2389205
5.800593
5.8516841
7.3674724
9.631106
10.067278
8.8193522
8.9465489
8083.8503
1738.1173
147.66616
11.568279
0.91836901
0.48151075
0.43723148
0.54571793
0.30506123
0.21241001
0.48929576
1.0062222
0.58206203
0.87173012
1.4406575
0.86506614
1.0098283
1.0559008
1.0857987
2.2305813
2.1606724
2.4850247
2.7581063
1.7255627
1.3712057
2.9702008
3.0570263
8.0791807
3.7375551
8.1287136
4.2776622
2.0451332
1.8003801
1.5300425
1.9826245
1.8104046
2.4894015
5.174747
2.5405934
2.3886447
3.1761176
2.584624
2.0264541
3.4455182
4.0230844
4.1607361
6.3409632
7.0340702
6.8668398
3.5508805
3.2071283
3.8348289
4.1145828
6.0392929
5.2745052
4.5098997
10.815929
5.3584138
12.39541
14.009777
13.435535
11.001351
5.4085693
6.4789703
5.9195418
2.2770535
2.813836
5.6615445
6.810416
7.4438667
9.7273193
10.965957
10.580456
8.9292004
8.3790657
1658.7827
329.89212
15.522986
1.3924611
0.56297201
0.44489845
0.43908688
0.56040186
0.3940943
0.22050693
0.51139552
1.0417611
0.57662956
1.0093768
1.5962822
0.92160689
0.98055302
0.60983423
1.0846394
2.0523241
1.8316241
2.4095104
2.8946691
1.7361776
1.4159172
2.4316342
2.7479448
2.5523238
3.4960978
3.2274196
3.2387644
2.2220181
1.9318207
1.5914377
2.2147809
1.8611798
2.5114228
6.0213463
2.6782729
2.3635371
4.16887
2.1419813
1.8967452
4.003897
4.6535862
5.7220625
6.3797776
9.5534777
7.0786799
3.4298856
3.0783841
4.099898
3.5977629
5.2830535
4.7304845
4.5121633
7.6973835
7.5865003
18.851532
12.949915
11.876754
10.181287
5.616122
6.3172276
4.6372534
1.7541456
2.3859004
5.4878101
8.7453713
9.9759629
10.542239
11.337986
11.611118
9.3394575
8.6234744
121.94202
31.528409
1.64629
0.65498638
0.56107028
0.45308065
0.4442665
0.57575605
0.53120912
0.24337647
0.52894495
1.1613796
0.57649731
1.0068256
1.8118006
0.96214313
0.94109377
0.49255942
1.0794342
1.8609471
1.812856
2.2567684
3.1602955
1.8334223
1.4960158
1.6668364
2.2180293
2.5315105
3.5090929
1.539674
2.5433615
2.5236418
2.0231117
1.7284681
2.7627262
2.161692
2.6656368
7.4817305
2.491307
2.7405671
2.8414603
1.9168495
1.8710175
6.699264
4.2686308
6.6203735
7.2978609
7.3912272
6.7391584
3.5186801
2.9339336
4.2379464
3.5162619
3.9728112
4.4054001
4.35978
5.8265135
8.706098
13.215451
8.4460115
9.2246097
9.2877709
6.0826001
6.0937817
3.1453426
1.5718229
2.0720594
5.508237
10.528571
11.836881
10.393928
11.495631
12.53968
9.0411248
7.9583629
5.1592116
2.5482916
0.71862944
0.62135496
0.61062711
0.45296245
0.44945906
0.6234009
0.73906851
0.26895121
0.54306127
1.2956304
0.71454811
0.91219653
2.064246
1.0395754
0.91715387
0.4899237
1.0800067
1.8704171
2.1674422
2.0560148
2.8052533
1.889835
1.7618623
1.5320576
2.1927692
3.4253595
3.4999913
2.2022975
3.473832
3.0892525
2.1511619
1.887872
6.3878995
3.046446
2.7377505
11.343349
2.4844615
3.3164991
2.7872416
1.9243907
1.8891412
7.2702977
3.1889189
6.8321477
6.3546867
5.8794074
5.991032
3.5295937
2.7217742
3.4317136
3.3644205
3.7588647
5.6814474
4.3717513
5.7329643
9.5768802
9.2185239
7.0236671
8.9419812
9.8474174
6.3523852
4.2353633
2.4909282
1.5150577
2.0729682
6.2674075
11.670664
12.304691
9.0391478
12.923979
11.941695
7.6789949
7.85119
1.2579515
0.87679992
0.68176814
0.62734656
0.66144849
0.44875243
0.45600341
0.69867919
1.0689107
0.30457368
0.54843471
1.3864644
1.6464784
1.1125375
2.4668833
1.1128861
0.88033746
0.55006416
1.0540564
1.89731
3.3168074
2.0185591
1.9274105
1.6891859
1.9677834
1.6054586
2.397126
3.8891372
3.3168692
2.1497951
3.2785854
3.3543388
2.2279365
2.0600803
6.0229901
3.3080471
2.6487462
17.318793
4.0568302
4.5743484
3.2046031
2.0867872
1.9264542
3.0689372
2.9727368
5.323985
3.8852923
4.5019427
4.9138902
3.5246373
2.8879435
3.3721917
3.8585046
4.805931
8.1158332
5.4500227
6.262648
7.6901797
8.0489588
6.7675116
10.043336
9.6496581
10.068335
3.7332814
2.4466977
1.4633296
2.5257343
8.3035823
12.300074
12.096302
8.2225739
13.791675
10.100802
6.4307647
9.0716316
1.1576634
0.80935452
0.68368163
0.64918974
0.73469648
0.43559067
0.46742959
0.78398469
1.3242224
0.37069727
0.53375597
1.4594877
5.6076904
2.1275733
2.9883055
1.202686
0.82568281
0.64765328
1.0444658
2.0709576
5.0625378
2.0770463
1.7290785
1.3009559
1.9411735
1.8863351
2.1176987
2.7802606
2.7963398
1.696561
4.4530798
4.6211647
2.2319247
1.9438784
3.8539715
3.2381976
2.1032783
15.393627
7.4068648
5.4278451
3.3783075
2.1555759
1.8611948
2.88841
2.970758
4.4781634
3.0667572
4.2868615
4.6283969
3.0190365
3.2787061
4.2843328
4.9334198
6.3018685
7.1965288
12.262751
6.0468261
7.0751726
7.1632771
6.346241
11.300508
9.4657835
13.319586
3.6168158
2.3511377
1.2692266
3.9577275
10.090126
12.391882
11.308645
7.8401225
13.303529
10.079727
6.4376251
7.6230555
1.1523169
0.82820131
0.70310294
0.66563371
0.82603794
0.42838678
0.48927778
0.86922566
1.378097
0.51172787
0.5301734
1.5530687
10.271729
4.7025808
3.590608
1.2117284
0.80135757
0.76952917
1.0162012
2.0745032
5.6407629
2.2951991
1.6301557
1.2036106
1.8539455
2.1886904
2.111183
2.1740257
2.6481482
2.9978442
7.802587
5.2836594
1.81012
1.6735488
2.1123141
2.897185
1.8927658
3.852481
6.5200112
6.4836545
4.8663284
2.2697698
1.9472725
2.5160325
2.9689669
3.1531436
2.0059737
5.4112656
5.346861
2.5488131
2.3077762
6.5245112
4.0918786
4.9614478
8.5901496
13.80926
4.6951861
6.5065892
6.2788192
5.7760997
10.394205
10.667004
8.507266
3.9543611
2.4957016
0.9958354
4.6697171
10.63279
12.358591
10.055999
7.7574538
8.8062107
9.5315042
7.8710013
4.7641786
1.1243313
0.81939172
0.71080932
0.68559357
0.89867579
0.43089852
0.51888674
0.90837188
1.3399712
0.88336708
0.53651254
1.5759114
8.5140735
6.6782337
3.8565839
1.1239809
0.75846418
0.91220184
1.0363091
1.9774615
4.9702171
2.5446574
1.6017229
1.2526065
1.7666101
2.03234
2.6766782
2.5344674
2.7126997
6.1303029
8.4232004
4.5073825
1.5256975
1.4808821
1.583737
2.4045377
2.0170395
2.3635315
4.5876136
6.9501448
5.0281422
2.3268237
2.0143096
2.1168802
3.0908729
2.9865923
1.7995047
5.8694941
5.4221196
2.4819477
3.9657371
6.5210917
3.2651363
5.4092534
8.0332046
10.918642
3.910101
6.2809718
5.460375
4.8477645
10.242289
16.921514
7.0130546
3.858254
2.1707413
0.89059755
4.9403353
11.344399
11.920049
9.4996411
7.8018586
7.3851397
9.352409
9.6376594
3.8998957
1.1213039
0.84652081
0.7231697
0.69096601
0.92240521
0.44954281
0.54949447
0.89439098
1.3340791
1.7653084
0.57054684
1.113561
5.2995128
6.1060182
3.9336815
1.0359637
0.76564081
1.2386209
1.0897354
1.912132
4.2562707
2.792953
1.5891121
1.3521033
1.3321184
1.6886834
2.4759049
2.7922938
2.3034952
10.702925
3.7666854
2.1266124
1.456136
1.4542086
1.3768765
2.3784874
2.1814325
2.4216148
4.5939204
4.6524368
4.1460811
2.2953657
2.2215885
5.0137251
3.260741
2.9738699
1.9449642
3.1405258
4.7958274
2.4688429
5.3926821
4.1691973
2.8199599
4.7913404
5.06228
9.1406526
3.9023734
6.2165762
5.2379955
4.1940685
6.5322095
12.50992
12.735468
4.1198366
1.1075889
0.76245664
5.3537999
11.871043
10.78853
9.4680509
9.241484
7.7728002
10.02689
10.408775
2.7639054
1.0871186
0.84758295
0.73700791
0.68921087
0.92455641
0.49305741
0.57592014
0.87705093
1.4451214
2.2548128
0.61513065
0.97196995
6.4486506
13.02259
2.8810774
0.92884243
0.87389102
2.5008403
1.51767
1.9404495
4.8991021
3.0270132
1.4464546
1.3539703
1.1487893
1.5451397
1.9249523
2.0138613
1.7749665
6.8359781
2.204203
1.8021913
1.60271
1.5636085
1.4800707
2.1220229
2.3718555
2.4651947
4.3806434
4.897172
4.2400045
2.2842378
2.4555576
4.1409825
3.296777
2.6281029
2.4519784
3.1120294
3.1255353
1.9098373
7.3879688
3.3577079
2.3291893
4.4007494
4.4434007
5.8187411
4.843734
6.0910016
5.0792273
3.7781645
4.3427195
10.337219
4.9021741
2.6952636
0.46131461
0.71742376
5.6715632
11.937757
10.474558
10.124298
11.738377
9.9505969
10.840503
10.458569
2.811699
1.0835539
0.89059328
0.76541772
0.68045082
0.92248732
0.55799604
0.59984748
0.89666488
1.569949
2.1465049
0.59551375
1.00557
2.9891479
14.499748
1.1100858
0.8479542
1.0936317
4.8249539
6.0072543
6.8770893
6.6491335
3.0497179
1.4718254
1.3566251
1.1838838
1.4956328
1.5212377
1.7886302
1.4920312
1.8825875
1.8036824
1.8717549
2.0013305
1.5790813
2.1458719
1.680868
2.5218654
2.4493802
3.828791
5.811526
4.5843405
2.3391302
2.4362013
3.2995784
3.1895788
3.0545735
3.0665087
4.4755829
2.5235662
1.7360729
5.1199263
2.6377766
2.5441763
6.7720948
3.8490158
4.7229631
5.6470928
5.9906198
5.0500539
3.7875715
3.1434503
4.0085332
3.613014
2.3016342
0.31340682
0.70048798
6.075334
11.874677
10.48946
10.938757
12.328171
13.856392
13.784118
8.6683902
4.0601092
1.0592347
0.89152292
0.81296965
0.66355144
0.9206322
0.63428134
0.62481179
0.94906343
1.7088311
2.0451813
0.5716084
1.1561065
3.3512639
6.3113687
0.95803494
0.79212679
1.3751498
4.514727
7.3917669
12.448272
7.5046421
2.58382
1.373225
1.5031347
1.4194388
1.5422197
1.5663824
2.1874316
1.3312406
1.3751856
1.6672117
2.0817
2.4955926
1.5896792
3.9003654
1.804856
2.467832
2.5791285
11.658804
6.5718177
5.0221599
2.1715835
1.7431119
4.1212831
3.4617251
3.2717723
3.2608784
3.4985336
3.5323104
1.2326751
5.4642914
2.4511892
2.964394
6.7374123
3.4759773
4.7965503
5.822618
5.7654159
4.9497631
3.3602311
3.0320799
3.1924253
3.4310634
1.0877331
0.28836987
0.58596389
6.091738
11.975467
10.532859
10.67334
11.776519
18.425359
15.774106
7.262633
7.2784447
1.06127
0.91312463
0.82502889
0.66246313
0.93187379
0.70101217
0.64762434
1.0109679
1.8206934
2.7368024
0.55290497
1.2097484
2.8469189
2.4135533
1.0039356
0.82004347
1.5416142
4.9251728
11.883384
16.476313
7.584575
2.0815694
1.3774932
1.7844841
1.5846284
1.7885763
1.7326829
2.3495561
1.3407839
1.3791694
1.6339359
2.1395954
3.1949091
1.8384045
4.3689629
2.2807792
2.6343942
3.215779
16.071822
2.9187787
3.243677
1.4712236
1.5995924
3.5915148
4.0329373
3.0261303
4.1592146
5.5049663
3.8015758
0.85759004
4.9843908
2.6041911
1.8318939
4.7371766
3.1560013
4.8406884
5.7104837
5.4482759
4.8091706
3.2454789
2.8644733
2.987414
2.8267909
0.95481239
0.29162758
0.42741452
5.6364536
12.296755
10.201002
8.3783156
9.3462542
20.380802
16.201804
6.9517165
9.1545175
1.0032307
0.91459988
0.81350384
0.67441532
0.96214449
0.77458973
0.67531807
1.0522062
1.7162943
2.8867685
0.60820986
1.1855123
1.8232573
1.1991722
1.0014755
0.83405111
1.5305774
4.8150939
10.256688
14.899734
4.7606252
1.8640104
1.5195845
2.157006
2.1924484
5.1250235
2.9389251
2.2715419
1.2921559
1.4954435
1.6049986
2.0871589
4.0081536
2.4128522
5.4869791
2.7771009
3.0876141
4.1342857
8.3078368
2.5512849
2.0066129
1.2228809
1.5849848
2.6534012
4.54929
2.9716202
3.9372623
6.3015556
1.3141897
0.78411826
2.9753536
2.090297
1.3693763
2.7295082
3.0172618
4.5830153
5.1956836
5.294086
4.1363983
3.6089411
3.3048818
3.0808373
3.20333
1.2520481
0.3274477
0.36035072
4.9792887
12.398987
10.127758
5.0252086
7.1856008
19.943647
16.066428
6.7240109
8.6077976
1.004652
0.85345782
0.72607523
0.72426702
1.0170136
0.85434132
0.69249842
1.0497189
1.3450859
2.0943778
0.7380467
1.1278801
1.2806739
0.96758868
1.0108657
0.75544731
1.455112
4.0843013
5.8345891
5.2256882
4.4568883
1.7447711
1.7176202
2.5550614
3.9825579
6.1980802
2.7988299
2.4252717
1.4258934
1.3646717
1.5497616
1.7457703
4.6249456
4.281961
5.7073821
4.1525128
3.1002666
4.3465221
8.3157737
2.5699792
1.4873876
1.1201238
1.592313
3.4139661
5.8881785
3.5944644
2.8860674
2.7852057
1.054443
0.8113364
2.3332818
1.5205002
0.90605032
1.7311195
2.6143804
4.2236882
4.8450357
4.9175458
3.9849631
4.1673781
3.5919041
3.6405103
3.5079514
1.395732
0.34027404
0.28908229
2.4803685
12.309368
10.484146
4.4504672
6.417636
21.04852
14.099761
6.5133001
8.2028862
0.88715185
0.918309
0.66747029
0.80439075
1.0812528
0.97074866
0.70788112
1.0173313
1.2523793
1.764784
0.81890567
1.1198064
1.0993278
1.0006627
1.3304408
0.88896156
1.2803465
2.8237353
3.8958909
7.7875313
4.7081723
1.5626395
1.8643016
2.8389837
4.7746297
4.3282936
2.8687424
3.4680307
1.9599295
1.4930433
1.5799333
1.6784795
5.6643747
4.91837
4.8320071
8.9115928
2.2832192
3.8781174
8.2196353
2.8410031
1.0928328
1.1084391
1.6450467
4.8164212
6.2803023
5.5596419
3.3199026
2.0681236
0.80176339
0.89107821
2.4170692
1.0240171
0.76294203
1.1794179
2.3110163
4.056629
4.6332752
4.6812981
4.2795274
4.8781109
4.052272
4.480565
3.1350138
1.1450655
0.3380103
0.26431755
1.3256249
9.276908
9.9438698
4.4390558
6.5083045
23.8746
8.3893859
6.0018315
8.2824301
0.85926946
0.77611274
0.66695094
0.92204517
1.151741
1.0515806
0.71464469
0.97482832
1.2616768
1.8265248
0.8488654
1.1462273
1.2083
1.1889222
1.6939413
1.114046
1.1203947
2.3706253
3.4945584
3.9023885
2.6367981
1.5336483
1.9521906
2.980589
4.9105891
6.455226
3.3212294
5.5919833
2.4761538
1.9166345
1.6856158
1.6902591
8.1004168
4.1676676
4.7627862
6.3191885
2.2298608
3.9817468
4.9044085
2.4393051
0.99446226
1.1741958
1.9140096
5.9514273
4.4288603
5.4308488
4.0699611
2.2095532
0.92225948
0.86332992
2.053118
0.8571681
0.65300635
1.0001794
2.1276138
3.9961309
4.513952
4.6786913
4.5668514
6.2199582
4.9204711
4.9644701
3.0668375
0.96066284
0.30125358
0.25136551
1.0654677
6.0248005
7.6005628
4.3513541
6.464261
13.595492
5.5013529
5.5300724
7.3987086
0.66465319
0.72898843
0.74266531
1.0289864
1.1976913
1.102124
0.726504
0.9407152
1.4160423
1.7982835
1.2958033
1.2141984
1.3783101
1.3347869
1.7401681
1.3960801
1.2772575
1.8817289
3.2397556
3.3638628
2.0304925
1.5504846
2.258845
3.3512426
3.9542354
4.2909543
3.155863
6.7637312
3.2938278
2.9896134
1.9286295
1.8571306
9.1814191
5.8612257
4.325072
2.9420632
2.7433373
2.5704053
3.444284
2.3154311
0.98318202
0.94062258
2.048964
4.3537757
1.6698082
5.6818003
4.5655371
2.5891505
1.1233802
0.7546508
1.5668563
0.82426666
0.65101524
0.8883504
2.1665595
4.0445386
4.4956884
4.7092556
5.4196878
8.3032958
5.7719646
5.2001686
3.8895502
0.93591831
0.26633623
0.22993058
0.97844519
4.9590542
6.6683244
3.8701938
4.0327099
8.4624125
5.281372
4.2678234
4.3429693
0.58693265
0.51480036
0.83175829
1.1386296
1.2374317
1.0255232
0.74911946
0.94721972
1.6527413
1.7158876
1.8683957
1.2880729
1.4141391
1.3084196
1.5680424
1.7763476
1.1831493
1.795146
2.6972532
3.1625346
1.718256
1.5436311
2.5684247
3.5587978
7.4625561
3.6833317
2.0953242
4.7083814
3.5977284
3.8980625
2.120709
2.2717693
3.9965541
10.133884
6.7284149
2.7748607
2.8116806
2.1635413
2.6605646
2.4274405
1.0725931
0.8170135
2.0208469
1.5245725
1.0813791
6.0162564
3.9616433
2.0405626
1.0837039
0.73408248
1.5418488
0.98560889
0.67279205
0.8933486
2.1192908
4.5029524
4.5061148
4.708699
6.5824894
9.4267964
6.8858338
5.265296
4.3343716
0.93448367
0.24220552
0.22866136
0.95786459
4.7109151
6.343701
3.7139128
2.8273528
8.1230218
5.6195259
3.0786216
2.0192339
0.58395343
0.49665559
0.85589858
1.2043026
1.2857122
0.87721096
0.75637341
1.0097249
1.8354977
1.8464819
1.7119629
1.4018183
1.4082119
1.5539775
1.5043355
2.0430668
1.03846
1.8095088
2.8049823
2.1105139
1.4783366
1.5976788
2.5825624
2.4012678
10.37953
2.2364818
1.6910207
3.6121542
3.4879906
3.6256814
2.046793
2.8238022
2.1244114
8.8381586
7.681944
2.7421298
2.665865
1.8472679
4.0062724
2.6368517
1.2237523
0.90860122
2.154976
1.1735899
0.89569115
1.3356077
0.6627541
0.77603503
0.59798252
0.70683997
1.3191136
0.90350083
0.7555295
1.0975613
1.855992
4.5103268
4.5748653
4.8348978
7.8826058
10.00315
8.8253597
5.3571618
4.3353355
1.0429293
0.24256982
0.23304952
0.86060878
4.4424914
6.1725975
3.6532769
2.5863962
6.401227
5.8993604
2.2591894
0.98694974
0.79648825
0.58310723
0.85183206
1.3217945
1.4455234
0.81487741
0.73352436
1.0709415
2.1243457
2.2364229
2.6369983
1.4516254
1.3616814
1.5580843
1.508633
2.0355035
1.2047021
2.0918024
2.9108431
2.1252354
2.2873989
1.7015289
2.5367159
2.2746262
9.9560061
2.5581106
1.4712747
5.2389364
3.715335
2.038609
2.1242733
3.3056837
2.1591474
4.4674985
5.5211662
3.579622
2.8619783
1.6388539
3.2172702
3.0953871
1.3556965
1.082006
2.4938983
1.0919138
0.73095249
0.70379792
0.30165783
0.43144899
0.42507431
0.89513757
1.0001176
1.053054
0.8381815
1.6336344
1.6398441
4.2507121
4.7928335
5.3828386
12.280335
11.492123
10.254484
6.0176733
4.2978335
1.2542121
0.27727374
0.20996026
0.5584875
3.5266857
5.2716365
3.4720126
2.8183152
6.0609631
5.9184855
2.0743438
0.78829654
0.68203002
0.60721245
0.88031291
1.3445185
1.900422
1.0814875
0.76268556
1.1642388
2.7077346
2.947876
2.1241778
1.2441322
1.2588214
1.622069
1.580896
1.974451
1.5161032
2.707005
3.1239909
2.6717245
2.0542416
1.7295207
2.4969963
2.7318219
4.2506824
2.5524392
1.83112
3.6763948
3.1796418
1.9100929
2.1752212
3.3402179
2.2230236
3.503303
4.7155768
3.3836974
2.9090247
1.6895696
1.4472082
3.2000344
1.371407
1.0269047
2.4129835
1.3023749
0.72961124
0.41504715
0.18898562
0.33887251
0.3982508
1.0398905
0.92731082
0.98184826
0.80056783
1.5862003
1.5904114
4.0193633
5.1260314
6.2942381
17.661745
12.968448
10.770266
6.3813675
4.3461418
1.6244332
0.350012
0.20055956
0.25478007
1.744527
3.8340697
2.866494
3.08545
5.6946643
5.875554
3.1547135
0.3653222
0.81684298
0.6079659
0.88497557
1.2465645
2.0441395
1.8262669
0.85342307
1.399543
3.6314255
4.1008295
2.6886807
1.5226535
1.1344421
1.7041055
1.7911754
2.4253466
1.5620596
4.1404122
2.5356216
3.30196
1.8185128
1.9049226
2.4481552
3.6138145
2.9031879
2.2147182
2.0338713
1.8807987
3.4677604
1.9533477
2.0125718
3.0912428
2.0235035
3.3719583
5.3556979
3.7590839
2.9649053
1.8078076
1.437505
1.6895508
0.99629507
0.54953128
2.5297091
1.4373563
0.55185136
0.31939764
0.15661941
0.26340987
0.52697489
1.0732039
1.3236659
1.2547936
0.82155446
1.3732693
1.7220322
4.058558
5.5338111
6.2394088
14.215459
12.317858
10.313564
6.7308174
4.3625095
1.8861056
0.44897523
0.19314935
0.14785341
0.55592855
1.6762596
1.6475373
2.5941472
4.9316329
4.8910353
4.3607233
0.14180731
0.73243788
0.61584678
0.74267591
1.1589432
1.8722555
2.2232423
1.7102533
1.5270822
4.9084527
5.6061961
1.9637528
1.4217105
0.99957751
1.6753474
2.049563
2.4919269
1.9462047
3.5049578
2.5156229
2.7719509
2.1726381
2.5591107
2.9195997
2.9519698
3.5741992
2.3958881
2.1658046
2.5441848
3.5657553
1.9779717
2.7982483
3.0084674
1.9903217
2.562566
2.803485
4.0544552
3.1017652
1.8403995
1.6004836
1.5468656
0.63935885
0.40225145
2.0382632
1.188791
0.29257527
0.30730069
0.15068005
0.29988783
0.71313051
0.99087964
1.2612092
1.1424768
1.0286224
1.3545774
1.9696601
4.0451534
5.5790114
5.8829381
6.7231364
9.6218539
9.3842081
7.1493676
4.3918694
2.3399574
0.62342244
0.20019061
0.11729004
0.28294936
0.71789003
0.50316155
1.6189241
4.6785116
4.8149603
3.6584379
0.045507291
0.62115878
0.76445801
0.72395766
1.0888478
1.7991096
2.3131805
1.7103422
1.6511727
5.9246681
7.7682891
2.4386398
1.8508027
0.9988124
2.2258828
2.3600811
2.3265658
1.969456
2.835173
2.9278779
3.2891312
4.7294925
3.8739192
4.0793053
2.9994775
3.5258366
2.4483014
2.3409557
3.0728765
3.8253734
2.4821033
3.3301284
3.0794216
1.9580585
2.3803193
2.3525194
5.5561331
3.0049034
1.827168
0.79485926
1.3843451
0.34304916
0.41802495
2.4184868
0.74885146
0.23409923
0.20405454
0.16382643
0.30993466
0.88521877
1.0872498
1.0524875
1.0246904
1.7202379
1.3829545
1.9582395
3.6836941
5.5822939
11.345926
5.7343899
6.2135514
8.1073997
7.2601424
4.3147331
2.4272926
0.8309383
0.22060121
0.10870692
0.15304586
0.29036441
0.24149918
1.1000428
4.1723325
4.7927596
1.9734194
0.042887891
0.6856973
0.88648902
0.73703859
1.4725595
1.9771748
1.5567385
1.4975561
2.3082788
6.1891305
9.4857007
5.8591099
3.323159
1.313583
2.641149
3.5660502
2.5200521
1.9717899
4.5192797
3.6768716
4.8892154
8.6311224
5.1853101
4.811176
3.8000962
4.0768225
2.8496844
3.590008
3.9488273
5.1836066
3.1668203
2.4127661
4.1124277
2.0600815
3.376854
2.4016616
3.8573869
2.2425457
1.6331263
0.79391664
0.54294094
0.2516422
0.59397819
1.4219347
0.78557594
0.24720674
0.13945635
0.16054964
0.2723197
1.2044013
1.6430563
1.1119322
0.77272606
1.8162205
2.100272
1.783621
3.9110493
6.395951
14.237665
5.6290761
4.5739668
6.3512077
6.1238758
4.3345261
2.5295779
0.91181408
0.25148562
0.10619133
0.095013497
0.12761087
0.162908
0.69852183
3.5135788
4.4425897
1.7225619
0.052427862
0.94071532
0.77658939
0.78449264
1.6356415
2.846803
3.7906758
1.6766797
3.2358934
5.9840307
9.8225472
10.889874
4.8659377
3.047833
3.3282942
4.499985
2.6135057
2.5750081
5.6248362
4.3186444
5.9432013
6.475105
4.5168892
6.4346206
4.3284724
4.2434248
4.8305735
4.6184765
4.4301311
4.8914201
3.2683485
2.6353058
6.5877192
2.8485878
3.0566047
2.4491588
2.5153311
1.8095657
1.2907665
0.67369594
0.3621422
0.18528132
0.35369889
1.5582048
0.77260579
0.28007776
0.15395097
0.1814129
0.3122448
0.56885896
0.54092716
1.0252019
0.97992329
1.9774545
2.3995841
1.7985813
3.846834
6.9216806
9.1124122
5.6361972
4.2516337
5.7402622
4.9102196
4.3690306
2.8519927
0.92493
0.24902406
0.097881293
0.068035163
0.064714396
0.12785404
0.37919496
2.6263599
3.5421444
0.78924156
0.030961787
0.77591644
0.9345526
1.2763615
2.0366418
3.7954367
2.1828756
2.0979518
3.3966979
5.8106232
10.726333
6.836085
5.4267785
2.7882771
3.8039194
3.9412703
2.7157765
2.7614699
3.8834824
4.6398852
6.206514
6.323692
3.911545
8.3587895
4.362877
3.7839328
4.5466652
3.2312423
4.4997425
3.7528192
2.9160534
2.3256184
7.759179
5.5663171
4.2478195
2.504904
3.1801071
1.9942392
0.9921825
0.29035578
0.20671389
0.14710041
0.28029237
0.74803716
0.48541203
0.084098044
0.27293967
0.089644391
0.15766498
0.33626693
0.60095774
0.94374915
1.2924419
3.1580223
2.0541942
1.8109436
3.7404243
6.5357014
11.66506
5.2597826
4.4359751
4.7667936
4.6311639
4.4296459
3.0371689
0.92383075
0.23719515
0.082437563
0.04491062
0.037603032
0.041938442
0.24756677
1.9234737
4.3635669
0.93038
0.047468206
0.36437305
0.76656432
1.6296137
2.4597309
2.7342655
2.9455815
2.3993695
3.6463718
5.6824745
9.1933265
5.9043871
5.485972
3.159062
6.6348871
4.6059989
3.7527327
2.6462768
2.717053
5.3136352
4.1035299
10.385527
4.0882949
4.3838407
3.5210119
3.7659926
5.4458555
3.1110996
5.9982782
2.9133508
2.3150703
4.5270682
6.9387848
8.0913027
4.4717372
2.4475104
3.779273
2.3369963
0.96555741
0.30290525
0.20471882
0.093124311
0.30030625
0.77690228
0.20803266
0.04620265
0.056829573
0.096840621
0.23137579
0.43904933
0.37733545
0.72101976
1.1528329
2.9011256
2.0998749
1.6711321
4.6010293
6.1365931
7.446618
5.4168525
4.2786828
4.4405469
4.5239823
4.5916753
3.0653465
0.83918012
0.18072222
0.053685941
0.036983666
0.026616272
0.03275983
0.18319512
1.4638994
5.0791058
4.5022729
0.53856664
0.26036509
0.64707487
1.3882738
3.0847546
4.6603439
2.8254358
4.6985153
6.1762594
4.5525424
7.5693243
5.9850195
3.7213478
6.2378954
12.550531
5.4255513
3.7844137
3.2522729
3.882418
5.1952722
4.4757566
3.5259841
3.4808222
2.8365551
2.774922
4.6563446
3.5637416
3.0927565
3.6880949
1.5459285
1.8820591
3.9551202
8.8482144
5.2948888
4.4442619
2.4608862
3.2597599
2.1705974
0.79695191
0.18076603
0.23370377
0.0954159
0.23785324
0.41699853
0.19288333
0.049105542
0.043950158
0.072972961
0.11615805
0.20845602
0.31158571
0.67525242
1.3945797
2.0380388
2.0048716
1.5538617
4.0015114
5.8954154
6.0524137
5.4073055
4.4543947
4.5174264
4.5220435
4.8234915
2.9027884
0.40807786
0.082950028
0.038250959
0.027967855
0.018378157
0.01589434
0.049741389
0.47283471
3.1539757
5.9368465
2.8896129
0.11270062
0.53350652
1.5765719
2.5421651
3.1595717
3.2231553
5.1397527
5.3549868
2.5673708
8.4467683
6.5082313
6.2416991
5.803177
6.0188193
3.008358
4.226932
4.775406
4.4007737
6.2823967
4.326507
3.3193262
2.9919315
3.3313223
2.673582
3.3497068
2.416483
2.7029991
4.6360808
1.7485805
1.641513
4.1558185
7.3675834
4.3508675
3.6918849
2.8270563
3.191344
1.510223
0.52319843
0.2126661
0.13665784
0.053038026
0.22760531
0.4646344
0.09683257
0.018282981
0.028625459
0.049006148
0.079881196
0.1990023
0.24341183
0.62765954
2.1705524
1.4227368
1.5666405
1.4616435
2.8111081
5.5422958
5.3779983
5.0067743
5.5035925
4.8538842
4.6855709
4.8919388
1.7056121
0.21771432
0.088266131
0.033434397
0.025779086
0.014092958
0.011808775
0.030236326
0.18520123
1.7171573
4.8863161
3.0957596
0.072909397
0.41407076
1.4247442
2.4821427
2.8416995
3.2376758
4.4246607
4.7853712
2.3121516
4.6710626
4.6934119
6.0013803
5.0912936
7.4456317
2.9656329
2.7476448
3.3142032
2.9515544
5.1432282
4.8965158
4.3066473
3.4687365
3.477871
1.5047335
1.8491134
2.6990298
2.5230004
4.5815928
1.8256183
1.7201692
3.5668331
5.3309561
4.5570638
4.2237495
3.4739141
3.8335666
0.42840377
0.12435568
0.10135216
0.15426593
0.042030249
0.092230114
0.13186426
0.050484985
0.016335944
0.028311996
0.037511563
0.10899843
0.31098863
0.32393653
0.58909845
1.6458712
1.9698218
1.4705087
1.6622978
2.7955112
5.3665757
4.643081
4.7723518
5.7745782
4.9128115
4.8162417
4.6562257
1.546071
0.2737122
0.070240392
0.031772949
0.019715468
0.010370944
0.0080755219
0.017741059
0.056661033
0.52438255
1.9908687
1.4100816
0.03174985
0.15283073
0.89080585
2.2871556
2.808578
3.4282971
5.1270406
1.9962052
2.3071913
3.950472
4.152541
5.1440587
5.239418
5.5792056
3.4006864
2.5617126
3.1438738
3.1727551
6.3071231
5.1001828
4.6694809
3.7356365
1.9121236
1.2402152
1.5050909
3.1338002
2.7799891
2.1978667
1.11574
1.9109275
4.9108425
6.4765505
4.1214535
5.1476736
3.8942287
2.7267645
0.46084087
0.049017959
0.086138512
0.063616212
0.017983112
0.064017865
0.070040481
0.014593148
0.0099719966
0.022019084
0.026655683
0.07893046
0.30884927
0.43952271
0.51134731
3.3417596
1.7812695
1.6799745
2.3136424
2.8821399
4.8296106
5.9703292
4.2802559
5.2939262
4.8167101
4.8425529
4.5287798
1.6853577
0.28558065
0.065188271
0.019540723
0.014698226
0.0088314951
0.0070596543
0.01033662
0.01950857
0.11640302
0.46682747
0.29295551
0.027908841
0.047948622
0.38954992
1.6803089
2.8746332
3.08247
2.9123692
1.1006291
2.3688546
4.2180983
3.8492901
3.7577619
5.3323831
4.4241319
3.3039369
3.1576284
3.1400826
2.8012496
3.0508727
5.0495409
3.7556942
1.9989724
1.5933121
1.7466609
1.2465505
2.5864606
1.7276011
1.6157213
1.1674216
2.1769068
4.6119724
7.123786
3.5274984
4.4796609
3.6734641
4.5432154
0.93442762
0.099104399
0.071582455
0.01728109
0.013066289
0.018168689
0.072240423
0.0096445524
0.0093872658
0.0075452934
0.023129332
0.10971002
0.48822068
0.95394586
0.89075725
2.0693037
2.3697389
1.9452652
2.028064
3.7824754
4.6389772
7.4245902
3.8449533
4.7707089
4.8204688
5.0391849
4.5824167
1.6999752
0.21185618
0.033382562
0.017765859
0.013934251
0.0078417533
0.0060180965
0.0092899989
0.0098580005
0.028918503
0.07623764
0.04434107
0.020548696
0.012809248
0.1129806
0.71592156
2.6138679
2.686751
1.2204039
0.87302849
3.2878643
4.0663935
3.3368924
3.6445892
4.4584713
4.7226368
2.7630117
3.0042169
2.9976714
3.2584169
3.3189298
3.9733924
4.3385191
2.5872863
2.3408446
2.5931344
1.4562743
1.5445227
0.88350959
0.73788018
1.6445168
1.6338337
4.6854282
5.8061023
3.6220932
6.8245021
5.5339816
2.989918
1.1876542
0.034876334
0.023506871
0.012811993
0.0051611946
0.0067191903
0.010099848
0.0061528554
0.0055283639
0.0056715806
0.0080599095
0.031280877
0.20830649
0.22867241
0.65364325
1.4036138
2.1010165
2.1264156
2.0782931
2.5672226
5.0869403
5.1149153
3.6031264
4.621004
4.8583151
5.8569407
4.7442178
1.4497982
0.18627976
0.033201768
0.016921469
0.010518876
0.006413743
0.0047736407
0.0065534651
0.0079055323
0.012721372
0.016241378
0.0046532102
0.021584488
0.0037982275
0.024267792
0.15890952
1.3004542
2.1520103
0.70506496
0.88142215
4.6498812
4.051582
3.0334521
3.442736
3.9268301
4.257694
2.5639546
3.226366
3.032356
4.1847499
1.9216417
2.4250489
2.486114
2.0750005
1.6558807
2.5472951
2.540262
1.5837382
0.47844509
0.39085059
1.0780493
2.0210333
5.4514324
6.1348407
4.023962
4.6795058
1.9901081
2.3072492
0.36632674
0.11559146
0.025797876
0.0068345973
0.0036154942
0.0070814284
0.0036788128
0.0034051856
0.0045743176
0.0049981209
0.010994649
0.042307473
0.2466788
0.63204199
1.7442314
2.6289739
1.5896393
2.2543184
2.3787486
1.9740416
5.62006
4.9609093
3.6254285
4.7896179
5.7461168
7.6397478
4.5478017
0.92839865
0.06410524
0.021989461
0.012400066
0.009496804
0.0058168282
0.0044670933
0.0057512782
0.0059149305
0.0084029846
0.0070814534
0.0013852246
0.01795428
0.0028894261
0.0048225343
0.030545426
0.38146391
1.0426261
0.36440034
1.8502792
5.0583357
5.2177109
4.3027381
3.9983161
6.3281813
5.1316047
3.6463928
4.1949644
3.8338486
5.7596547
1.9492627
1.3921242
1.5768124
3.6827943
1.1452421
5.4549953
1.3664669
0.59325823
0.47606313
0.36493443
1.4073267
2.5256194
5.8362682
7.6326446
3.9430183
1.9499241
0.45008941
0.54647288
0.11969279
0.01323822
0.0085475068
0.0036011042
0.0035977713
0.0024846461
0.0023144085
0.0025037513
0.0047971924
0.0032905274
0.010126534
0.018022315
0.049191094
0.44545516
0.88596739
1.0937115
2.5089518
3.277594
2.6919958
2.5471912
4.9540176
5.7637486
3.6658485
5.1816375
8.4569599
7.0456564
2.147359
0.22011841
0.0471605
0.02136122
0.011607351
0.007650802
0.0051038551
0.003858197
0.004810688
0.0050500472
0.0067353954
0.004963061
0.0012310725
0.018387974
0.0020261985
0.0016859425
0.0047343897
0.096180522
0.38364807
0.31780633
2.2087997
4.7826405
6.4564514
5.4546011
3.419717
8.18544
4.8166617
3.2942138
3.5519041
4.8737831
3.2842193
2.9738774
2.3882148
1.2117545
0.45885886
0.23483466
0.91628781
0.4854477
0.26494321
0.40419331
0.85305326
1.3498205
3.8324223
6.9300474
4.7058375
4.015633
3.7876166
1.336278
0.67126662
0.22705541
0.017318019
0.0054814084
0.0036232758
0.0022841004
0.0021318046
0.0016885807
0.0018402015
0.0028591256
0.0034564108
0.0076012483
0.019310272
0.044081178
0.1741517
0.37381885
1.9392991
3.0523635
3.3272378
3.1467542
2.815317
3.4133009
5.4989572
2.8842632
5.3346294
9.1906627
3.5550907
1.4787177
0.13255515
0.041621555
0.013577949
0.0078517186
0.006588371
0.0043540099
0.0036092398
0.0043736097
0.0044794495
0.0059338707
0.0043318852
0.0012607641
0.015520385
0.0020490854
0.00076137009
0.0012989658
0.019035283
0.11031102
0.43308769
2.0575049
2.5203689
5.9998102
4.5978415
5.0242335
7.2973872
4.6777115
3.3212489
5.5871938
6.1893952
2.3807818
0.42274541
0.59608442
0.14684765
0.089804022
0.080775471
0.33644721
0.28201303
0.20916821
0.16840218
0.39680701
1.7630517
3.2522287
3.8577807
5.261874
2.7876226
2.2722857
1.2586985
0.43754241
0.025635392
0.0052060585
0.0051741837
0.0025648756
0.0015069684
0.0011446317
0.0013013889
0.0014462849
0.0024256119
0.0021181413
0.0058519711
0.012021031
0.043049393
0.15434087
1.2867217
6.7815387
8.0511492
3.3924647
3.4959313
2.8644548
3.5952169
4.8878761
1.5981869
4.8326069
6.370032
2.8910895
0.9074737
0.085705395
0.023608297
0.012999696
0.0073502984
0.0055500226
0.0034485865
0.0032268181
0.0037549797
0.0038910147
0.0052249148
0.0040069231
0.0013073298
0.015335602
0.0020544376
0.00074334862
0.0005896578
0.0041976704
0.032884524
0.023631351
0.22494707
0.62602856
4.1677388
4.0999921
5.8519837
7.7489907
7.627691
6.4064052
4.899862
4.5796392
4.867442
0.77078666
0.24260633
0.08685977
0.045577473
0.046713207
0.27921723
0.10997227
0.0498333
0.10093033
0.93658362
3.6359346
3.8800978
3.4108757
3.402713
2.8211185
1.0390296
0.34244438
0.092221877
0.01340966
0.0061698358
0.0024324178
0.0019453285
0.0013143505
0.0010145711
0.0011873758
0.0013617465
0.0019963952
0.0020497376
0.0055468642
0.017744891
0.028033693
0.11865742
2.6030538
4.0449337
4.0581028
4.9019752
3.0545996
1.3935353
3.2606156
1.8986658
1.024665
2.5533548
6.9560678
4.1951451
1.5336344
0.1650621
0.0299648
0.013416415
0.0056615952
0.0040963806
0.0030058718
0.0028070404
0.0032282664
0.0033952261
0.0045945882
0.0038076137
0.0013764586
0.013404829
0.001830443
0.00042125686
0.00041368741
0.00099785076
0.0073547187
0.0088774258
0.13948479
0.63341891
3.2420221
6.0610724
6.7021739
7.6546488
4.4832046
2.1931967
1.3349038
1.5695353
0.7437224
0.080310935
0.25813994
0.12550732
0.038564964
0.072967862
0.20345594
0.026805712
0.02521816
0.14087643
0.052382781
0.79201591
0.41842565
2.8370599
3.179471
2.8181399
2.4990064
1.5330946
0.1890268
0.035185947
0.008523862
0.0035719564
0.0019025149
0.00083211734
0.00083775074
0.00081375587
0.00093564607
0.0012650465
0.0013696182
0.0025391966
0.013924541
0.044947004
0.029227907
0.7305533
1.5604154
3.0795935
1.7381311
2.0316817
2.0161597
0.92213298
0.94010094
0.88432762
1.675766
2.3155279
1.8612231
0.52198945
0.1945238
0.018411242
0.0060587075
0.0033428027
0.0033730849
0.0023024922
0.0021966456
0.0024635692
0.0025858429
0.0036118153
0.0033532836
0.0015519895
0.012151104
0.002009922
0.00049984948
0.00036279932
0.00091656042
0.0025010155
0.0043006599
0.028474998
0.96816584
2.1434135
2.4903105
1.4265964
2.55932
2.3727774
1.6634436
0.38607597
0.31192817
0.057207393
0.021055197
0.045779114
0.033705676
0.0087974382
0.051956765
0.13619324
0.034422138
0.013481834
0.014594434
0.045402556
0.029710744
0.15550066
1.1195145
1.3603347
0.8378778
1.131298
0.2203235
0.013108971
0.0046436128
0.0021606059
0.0011245839
0.00074865064
0.00065903895
0.000618993
0.00073383989
0.00081305745
0.0010959602
0.0010505627
0.0015953645
0.0050336529
0.018059389
0.016329058
0.044367801
0.12133336
0.39798353
0.96166892
1.0875128
0.99663466
0.47451171
0.64597933
0.22839584
0.70283362
0.23788203
0.063756206
0.05673082
0.0066438928
0.0042282556
0.0036205084
0.0026508684
0.0021536371
0.0014973159
0.0014649806
0.0015641059
0.001638216
0.0024229158
0.002525853
0.0016658562
0.0095776145
0.0014843065
0.00024575915
0.0002039896
0.00039117971
0.00088831188
0.0043289164
0.03911358
0.09045087
0.82262158
1.5168744
0.93771354
0.54208959
1.0067939
1.1210376
0.15593948
0.10152483
0.010933422
0.007819175
0.029883739
0.012912598
0.0033188769
0.014363391
0.014696038
0.0040997217
0.0024108863
0.0078406198
0.0064342524
0.0070160175
0.022585532
0.59029021
0.34646155
1.138575
0.1732817
0.014717656
0.0023857358
0.0021152207
0.00098389412
0.0006994447
0.00061139001
0.00049598411
0.00051406023
0.00050958338
0.00057842114
0.00067739491
0.00086516405
0.0010085053
0.0024526563
0.0062662325
0.0045045582
0.014732621
0.096433291
0.63277692
0.47203709
0.63017778
0.16899077
0.030573536
0.035149444
0.050918648
0.15944245
0.061223647
0.018235443
0.0058869381
0.0032284262
0.0028250206
0.0023254799
0.0016571154
0.0015128932
0.0011242883
0.0010993465
0.0011267401
0.0011724403
0.0017549616
0.0020391468
0.0016448709
0.0086853946
0.0016478242
0.00032163238
0.00021813573
0.00037926567
0.00079936466
0.0013060731
0.024425706
0.059126814
0.14448851
0.13530194
0.040139532
0.28092799
0.082442955
0.12891405
0.043692122
0.015444758
0.0024328083
0.005206151
0.0038086651
0.0056863982
0.0019574805
0.0053557009
0.0066443479
0.0018384699
0.0015402287
0.0015639698
0.0042680365
0.0036176639
0.0051749075
0.039562758
0.24159493
0.025186391
0.0080276455
0.0031643349
0.001912349
0.0010160427
0.00060347235
0.00052290712
0.00039837735
0.00037887849
0.00038090175
0.00041374486
0.00045611113
0.0005469166
0.00059770707
0.00070436036
0.00092225731
0.0030272794
0.0055452086
0.0072413661
0.046539492
0.28198409
0.21032767
0.1560623
0.061447068
0.028798929
0.016084155
0.014556867
0.014692325
0.0068989462
0.0051174308
0.0023287063
0.002642039
0.0015333571
0.0017412914
0.0011082837
0.0011144679
0.0008004922
0.00079028491
0.0007983126
0.00084527217
0.0012795871
0.0016980153
0.0015687316
0.0072655002
0.0011044849
0.000143995
9.5021973e-05
0.00015464841
0.00036211435
0.0011889875
0.0071572214
0.039820041
0.03678413
0.032754542
0.0075895661
0.012761165
0.062096281
0.022464279
0.003271584
0.0027804015
0.0022889316
0.0017789144
0.0032457449
0.0022506791
0.00094168349
0.0025786621
0.0017962808
0.00087377747
0.00083110427
0.001101498
0.0011738786
0.0017942517
0.0010502464
0.0072084592
0.029245726
0.010235077
0.020245455
0.00087073158
0.0008582853
0.00057558051
0.00043724247
0.00035841743
0.00033017852
0.0003193004
0.00032273549
0.00033588562
0.0003712119
0.00042284336
0.0005138951
0.00058237533
0.00085162887
0.0013000115
0.0016886868
0.0030511244
0.014704537
0.079788233
0.12319561
0.017733897
0.017690166
0.024535719
0.015505805
0.0037286379
0.001984385
0.0014864504
0.0017959683
0.0021933926
0.0012184764
0.0011525188
0.0010013336
0.00080631254
0.0007651351
0.00059102095
0.00057876016
0.00057802524
0.00062123399
0.00094530826
0.0014545483
0.0014715677
0.0067506193
0.0012388836
0.00019529952
0.00010254777
0.00013323874
0.00027752123
0.00029445249
0.0015735347
0.0030750936
0.016390776
0.002925942
0.0028831771
0.0064440949
0.0090136028
0.0028189073
0.0019999501
0.0022544911
0.0007325811
0.0013411681
0.00079191945
0.0013512261
0.00066883651
0.0012221242
0.00093784391
0.00064585915
0.00053785507
0.00053999446
0.00080176448
0.0013259144
0.00068238333
0.0028812037
0.0036762638
0.026717055
0.00067907147
0.00048765572
0.00052828617
0.00040388865
0.00030401203
0.00028423372
0.00024468678
0.00024078636
0.00024326773
0.00025740121
0.00028260039
0.0003151291
0.00036096928
0.00041544194
0.00049723362
0.00095333206
0.0017392333
0.0019744915
0.0087579099
0.011643585
0.052776943
0.011482012
0.02254816
0.0069946272
0.0036590038
0.0024232073
0.00091485244
0.0010201489
0.00083048544
0.00079415343
0.00087787145
0.00068326039
0.00074894551
0.00056407552
0.00056106814
0.00043804115
0.00042799028
0.00042474212
0.00046267601
0.00070568303
0.0012565445
0.0013768119
0.0059769252
0.00080788124
8.7387669e-05
5.1348543e-05
7.9829583e-05
0.00019281251
0.00050527028
0.0016061554
0.0022754713
0.0016180741
0.00092114206
0.00057767233
0.001856431
0.0071164458
0.00047839517
0.00051608677
0.0003493013
0.00053730629
0.00050918293
0.00067362129
0.00064935633
0.00039967242
0.00064944141
0.00049225001
0.00039874068
0.0003787191
0.00041159299
0.00038346061
0.00063861302
0.00055989248
0.0011942869
0.0064722612
0.00094369663
0.00092645727
0.0003418373
0.00036219941
0.00025054429
0.00023984651
0.00020770225
0.00020014344
0.00019757738
0.00020114727
0.00021077319
0.00022962604
0.00025767595
0.00030084689
0.0003467883
0.00042975406
0.00051420577
0.00074357878
0.0011796805
0.0024879772
0.027413612
0.010419715
0.016367687
0.0052230161
0.0047141759
0.0022118917
0.0010670422
0.00052956687
0.00071592918
0.00069493243
0.00071384346
0.00057702925
0.00052062355
0.00049449607
0.00041127564
0.0004015018
0.00032856273
0.00031888351
0.00031611278
0.00034792063
0.00053825668
0.001082565
0.0012926743
0.0056309482
0.00086335035
0.00010042997
3.852202e-05
4.1860323e-05
6.4724801e-05
6.9944164e-05
0.00011359688
0.00044820892
0.00058347609
0.00076760302
0.00028845298
0.0010208572
0.00031462627
0.00024767814
0.00029643484
0.000415564
0.00026111098
0.00038874226
0.00025994726
0.00042205218
0.00025134772
0.00040361558
0.00028473047
0.00028634809
0.00024653881
0.0002735411
0.00029550718
0.00040870837
0.00029327721
0.0003798117
0.00069334437
0.0016103812
0.00024342984
0.00026393647
0.00022231093
0.00020497743
0.00017620292
0.00016795517
0.00015791101
0.00015790707
0.000160365
0.00016865266
0.00018346582
0.00020082998
0.00023198214
0.00026161912
0.00031350377
0.0004431097
0.00059309971
0.00072289783
0.00099898913
0.0019844874
0.013251866
0.002635833
0.0025149399
0.0011619217
0.00092464049
0.00070529979
0.00037583356
0.00044423819
0.00036193118
0.00038317732
0.00039217756
0.00035399113
0.00035671596
0.00030137014
0.00029241117
0.00024867538
0.00023938048
0.00023750977
0.00026333548
0.00042157988
0.00092734993
0.00121859
0.0052307305
0.00059803787
5.3238256e-05
2.68365e-05
4.0019913e-05
7.9616003e-05
0.00014880531
0.00026867358
0.00015197942
0.00014703016
0.00012509527
0.00012632794
0.00015538067
0.00071902266
8.7895168e-05
0.00020558791
0.00010797072
0.00017041413
0.00017480826
0.00020354817
0.00022892142
0.00017677012
0.00023049661
0.00019722028
0.00019709298
0.00019075028
0.00021071446
0.00019814756
0.00027010323
0.00028683343
0.00029313717
0.00061650623
0.00020634886
0.00020023122
0.00017273736
0.0001737895
0.00014672897
0.0001431596
0.00013337239
0.00012998803
0.00013026887
0.00013277808
0.0001400004
0.00015185519
0.00016589999
0.00018908023
0.0002150625
0.00025144912
0.00029763538
0.00038079403
0.00056058799
0.00070865158
0.0019484064
0.0011632949
0.0017944522
0.00096365829
0.0011200165
0.000766371
0.00055144431
0.00030847974
0.00036525684
0.00030269616
0.00030727763
0.00028553167
0.00026068906
0.00025578389
0.00022320605
0.0002149274
0.00018920399
0.00018089502
0.00017985166
0.00020083262
0.00033426465
0.00079446052
0.0011536935
0.0049863184
0.0005814816
4.8281954e-05
1.5102662e-05
1.5291741e-05
1.925874e-05
2.3907189e-05
3.9385756e-05
0.00010856582
0.00010611306
0.00016431611
0.00010582949
0.00021550408
7.9841765e-05
5.927115e-05
9.6308125e-05
0.00010363331
0.00010924202
0.00013183578
0.00011412417
0.00015777247
0.00011913558
0.00016394867
0.0001341348
0.0001489759
0.00013891728
0.0001589209
0.00015601942
0.00018614214
0.00016794348
0.00017144766
0.00019372717
0.00025100505
0.00014740383
0.00015576622
0.00013273495
0.00012869021
0.0001187642
0.00011545612
0.00011292437
0.00011374082
0.00011629835
0.0001222391
0.00013161689
0.00014359702
0.00016119645
0.00018193893
0.00021213259
0.00025655045
0.00030046624
0.00036774244
0.00040473284
0.00051100532
0.001382846
0.00059750806
0.00060086439
0.00048938743
0.00042452232
0.00035844175
0.00022982438
0.0002577681
0.00020661059
0.00021841062
0.00020743028
0.00019399869
0.00018845524
0.00016779071
0.00016063639
0.00014457576
0.00013779305
0.0001372256
0.00015421476
0.00026641868
0.00068110204
0.0010967991
0.0051490205
0.00047707305
3.2833736e-05
1.3526631e-05
1.8197944e-05
2.8749376e-05
4.0334305e-05
5.4597659e-05
4.0123809e-05
4.1192539e-05
4.1346094e-05
4.0593922e-05
4.8578275e-05
0.00010920633
4.3900009e-05
8.2375733e-05
5.5147442e-05
7.9421694e-05
8.2861165e-05
9.2349035e-05
0.00010931396
9.9159637e-05
0.0001181643
0.0001125481
0.00012225472
0.00012158883
0.00013572015
0.00013547792
0.00015998999
0.00016786272
0.00016375109
0.00019262542
0.00013611056
0.00012779339
0.00012239221
0.0001193301
0.00011216215
0.00010910142
0.0001059324
0.00010474998
0.000105836
0.00010850226
0.00011383456
0.00012212034
0.00013289298
0.00014776492
0.00016540334
0.00018858194
0.00022015744
0.00025555962
0.00033154005
0.00037519866
0.00047922694
0.00042282576
0.00048595062
0.00046532709
0.00048276362
0.00037988691
0.00031684147
0.00020643086
0.00021953701
0.00017673028
0.00017790128
0.00016490553
0.00015346684
0.00014697725
0.00013241514
0.00012538082
0.00011391782
0.0001071607
0.0001059087
0.00011930643
0.00021357602
0.00058304344
0.0010468773
0.0055154322
0.00049328806
2.970176e-05
8.237532e-06
8.4405695e-06
1.0323364e-05
1.4025761e-05
2.0442597e-05
3.9554595e-05
4.1440791e-05
6.1236187e-05
5.1308696e-05
6.8931025e-05
4.5738255e-05
3.7430045e-05
5.182008e-05
4.9731781e-05
6.4923965e-05
6.8391183e-05
7.2928615e-05
8.6610564e-05
8.1410234e-05
9.7331062e-05
9.176961e-05
0.00010185143
0.00010288857
0.00011442764
0.00011638558
0.00012488964
0.00012338198
0.00012341486
0.00012612576
0.00013231072
0.00011710888
0.000117096
0.00010836934
0.00010556489
0.00010131502
9.9567822e-05
9.8837824e-05
9.9934797e-05
0.00010268429
0.00010751727
0.00011505077
0.00012487077
0.00013806272
0.00015384741
0.00017429355
0.00020044791
0.00022551858
0.00026521526
0.0002888262
0.00033092899
0.00044895974
0.00035239648
0.00034916825
0.00031889292
0.00028442987
0.00025148334
0.00018398298
0.00019085239
0.00015485173
0.00015508388
0.00014245645
0.00013311783
0.00012611155
0.0001148059
0.00010787766
9.8932722e-05
9.2232354e-05
9.0062147e-05
9.9005501e-05
0.00017543639
0.00050008781
0.0010061137
0.0063787495
0.00046805799
2.4695139e-05
8.5814538e-06
1.0376224e-05
1.3985834e-05
1.7482632e-05
2.1582767e-05
1.9532403e-05
2.0869486e-05
2.2134324e-05
2.3209658e-05
2.64613e-05
3.8430092e-05
2.943123e-05
4.0968775e-05
3.727095e-05
4.7770731e-05
5.2584179e-05
5.7690636e-05
6.7916293e-05
6.7879491e-05
7.8396447e-05
7.9918257e-05
8.8220435e-05
9.0661099e-05
9.9583301e-05
0.0001020096
0.0001108721
0.00011469209
0.00011399084
0.00011685173
0.00010574211
0.00010124566
9.8656801e-05
9.5851267e-05
9.3559844e-05
9.1499213e-05
9.0534251e-05
9.0547082e-05
9.173912e-05
9.4550672e-05
9.895239e-05
0.00010535821
0.00011363655
0.00012489423
0.00013773303
0.00015367856
0.00017514514
0.00019584842
0.00023083297
0.00025278832
0.00027945384
0.00028657634
0.00029553628
0.00030174029
0.00029229986
0.00025108651
0.00022237629
0.00016804627
0.00016936649
0.00014053621
0.00013884104
0.00012796596
0.00012023424
0.000113844
0.00010496371
9.8672729e-05
9.1378714e-05
8.5231828e-05
8.293694e-05
8.9938099e-05
0.00015557481
0.00044502171
0.00098123812
0.0070435723
0.0004805088
2.1793492e-05
5.7285307e-06
6.0323952e-06
7.3822504e-06
9.7664299e-06
1.2864204e-05
2.0762472e-05
2.3122117e-05
3.0832644e-05
2.9958276e-05
3.3996615e-05
3.1215657e-05
2.6821101e-05
3.4258157e-05
3.07598e-05
4.0992363e-05
4.0779486e-05
4.7770336e-05
5.1934416e-05
5.4984092e-05
6.103938e-05
6.3216862e-05
6.8931048e-05
7.2235152e-05
7.7692612e-05
8.078897e-05
8.4765511e-05
8.6425278e-05
8.7174795e-05
8.7999587e-05
8.8003948e-05
8.4909816e-05
8.3768773e-05
8.1337413e-05
8.0156974e-05
7.898587e-05
7.8516377e-05
7.8855782e-05
8.0178229e-05
8.2881579e-05
8.6840624e-05
9.2199398e-05
9.8929015e-05
0.00010756487
0.00011796984
0.00013023478
0.00014591201
0.00016100281
0.00018107973
0.00019888169
0.00021636813
0.00023838654
0.00022752093
0.00022618561
0.00021367126
0.00019466338
0.00017715884
0.00014224236
0.0001408288
0.0001200051
0.00011781465
0.00010965143
0.00010404015
9.9287135e-05
9.3133831e-05
8.8399471e-05
8.3060423e-05
7.8151507e-05
7.6142696e-05
8.1757254e-05
0.0001380358
0.00039642354
0.00095473923
0.0075845126
0.00043981182
1.7830981e-05
5.4552406e-06
6.2074457e-06
7.6080597e-06
9.0958642e-06
1.0517622e-05
1.0536197e-05
1.1446423e-05
1.2218614e-05
1.3255424e-05
1.4957983e-05
1.8907813e-05
1.8751606e-05
2.3073545e-05
2.4622988e-05
2.8841762e-05
3.3167873e-05
3.6693871e-05
4.2665671e-05
4.4458739e-05
5.0524559e-05
5.2861216e-05
5.829116e-05
6.0911662e-05
6.5769908e-05
6.823283e-05
7.2439466e-05
7.4210506e-05
7.4942339e-05
7.5241247e-05
7.3660088e-05
7.2140838e-05
7.1285126e-05
6.9733449e-05
6.8928848e-05
6.8165562e-05
6.8203822e-05
6.8593361e-05
6.9835193e-05
7.2261802e-05
7.5535869e-05
8.0072112e-05
8.5919847e-05
9.2924894e-05
0.00010162787
0.00011188493
0.00012399459
0.00013605738
0.0001526688
0.0001658742
0.00017756764
0.00018759013
0.00018692482
0.00018666051
0.00017722305
0.00016033859
0.00014601491
0.00012084052
0.00011730653
0.00010213189
9.9334663e-05
9.3189466e-05
8.9006713e-05
8.5519067e-05
8.137809e-05
7.8017579e-05
7.4374361e-05
7.0827916e-05
6.9389597e-05
7.4272284e-05
0.00012304493
0.00035471389
0.00092681447
0.0077542183
0.00040266169
1.3779686e-05
3.26664e-06
3.2735959e-06
3.7094717e-06
4.4647372e-06
5.5488594e-06
7.5252351e-06
9.1477937e-06
1.1638727e-05
1.2299042e-05
1.3436133e-05
1.3775448e-05
1.3385527e-05
1.5888889e-05
1.651435e-05
1.9536691e-05
2.1096118e-05
2.4101795e-05
2.6540688e-05
2.9176894e-05
3.1917124e-05
3.4750119e-05
3.7507417e-05
4.0204218e-05
4.295012e-05
4.5291879e-05
4.6904691e-05
4.8745473e-05
4.9304201e-05
5.0183382e-05
5.0045207e-05
4.9637565e-05
4.9516288e-05
4.9013413e-05
4.8946825e-05
4.8765075e-05
4.9125655e-05
4.9751411e-05
5.087997e-05
5.2559528e-05
5.4825248e-05
5.7872887e-05
6.1647072e-05
6.6266507e-05
7.1795383e-05
7.8061513e-05
8.5202721e-05
9.2593526e-05
0.00010112614
0.00010834145
0.00011413491
0.00011919446
0.00011860802
0.00011741824
0.00011224117
0.00010469512
9.8148369e-05
8.6035241e-05
8.34217e-05
7.5083041e-05
7.3083292e-05
6.9285123e-05
6.6642404e-05
6.4386014e-05
6.2132684e-05
6.0160659e-05
5.822628e-05
5.6258296e-05
5.5552734e-05
5.9597251e-05
9.8775071e-05
0.00029469461
0.00087083112
0.0070645339
0.00027437544
7.2599235e-06
1.8992978e-06
2.0691572e-06
2.4413791e-06
2.8273604e-06
3.1799393e-06
3.4830646e-06
3.8058193e-06
4.2086436e-06
4.7394601e-06
5.3939512e-06
6.3822115e-06
7.0639976e-06
8.1932171e-06
9.1138357e-06
1.0229648e-05
1.1610753e-05
1.286202e-05
1.449994e-05
1.5873509e-05
1.7546751e-05
1.9064713e-05
2.0696963e-05
2.2151771e-05
2.3635249e-05
2.4957091e-05
2.6092717e-05
2.7033084e-05
2.7678699e-05
2.8148669e-05
2.8357576e-05
2.8428886e-05
2.8545456e-05
2.8518115e-05
2.8648423e-05
2.879037e-05
2.9123401e-05
2.960036e-05
3.0340157e-05
3.1310079e-05
3.2592291e-05
3.4194734e-05
3.6160747e-05
3.8519646e-05
4.1271708e-05
4.433401e-05
4.7768562e-05
5.1345444e-05
5.5020823e-05
5.8419544e-05
6.1174307e-05
6.3309033e-05
6.3553945e-05
6.2858175e-05
6.0581493e-05
5.7009292e-05
5.3584037e-05
4.8337742e-05
4.6475752e-05
4.2782738e-05
4.1487332e-05
3.9819226e-05
3.8607385e-05
3.7642904e-05
3.6781173e-05
3.6067355e-05
3.541097e-05
3.4735904e-05
3.4671084e-05
3.7668887e-05
6.6250541e-05
0.00022564086
0.00077424735
0.0065270965
0.00021820657
4.8504959e-06
1.1140838e-06
1.1677243e-06
1.3386571e-06
1.5680448e-06
1.8638296e-06
2.2369294e-06
2.644794e-06
3.090644e-06
3.4952142e-06
3.8678572e-06
4.3142664e-06
4.6047724e-06
5.2806234e-06
5.6848187e-06
6.5440977e-06
7.1503679e-06
8.1074577e-06
8.9030164e-06
9.8970841e-06
1.084923e-05
1.1859077e-05
1.2866537e-05
1.3857631e-05
1.4790106e-05
1.5650984e-05
1.6451811e-05
1.711672e-05
1.7676495e-05
1.8103973e-05
1.8449823e-05
1.871193e-05
1.8949951e-05
1.9133164e-05
1.9390892e-05
1.961572e-05
1.9956168e-05
2.0354038e-05
2.0903007e-05
2.1565861e-05
2.2374233e-05
2.3340587e-05
2.4502868e-05
2.5877119e-05
2.7394281e-05
2.9021301e-05
3.0793074e-05
3.2584146e-05
3.4274343e-05
3.5777595e-05
3.6958105e-05
3.768884e-05
3.7716417e-05
3.7181436e-05
3.6060147e-05
3.4427204e-05
3.2676805e-05
3.0457616e-05
2.9025328e-05
2.7150267e-05
2.6072343e-05
2.5155001e-05
2.4529474e-05
2.4051424e-05
2.3648326e-05
2.336354e-05
2.3112004e-05
2.2822119e-05
2.2855172e-05
2.485757e-05
4.5325162e-05
0.00017426858
0.00068974284
0.0060263728
0.00016611705
3.0741912e-06
7.1564743e-07
7.6210186e-07
8.7014568e-07
9.9213679e-07
1.1293888e-06
1.2794999e-06
1.449917e-06
1.6440861e-06
1.8693203e-06
2.13197e-06
2.4404328e-06
2.770998e-06
3.1559131e-06
3.5677287e-06
4.0183096e-06
4.5168559e-06
5.0412862e-06
5.6201226e-06
6.2090684e-06
6.8284093e-06
7.4627452e-06
8.0888673e-06
8.7222756e-06
9.3057272e-06
9.8730186e-06
1.0364253e-05
1.0826242e-05
1.1198285e-05
1.152669e-05
1.1794449e-05
1.1998409e-05
1.2209358e-05
1.2381623e-05
1.2587007e-05
1.2780228e-05
1.3039037e-05
1.3330821e-05
1.3670945e-05
1.4099691e-05
1.4578626e-05
1.515389e-05
1.5805375e-05
1.6556171e-05
1.7365555e-05
1.8270719e-05
1.9207756e-05
2.0126553e-05
2.1036775e-05
2.1830567e-05
2.2444275e-05
2.2763828e-05
2.2793735e-05
2.2482579e-05
2.1866576e-05
2.1005694e-05
2.0121184e-05
1.8987042e-05
1.8177199e-05
1.7313068e-05
1.6734938e-05
1.6242317e-05
1.5891387e-05
1.567521e-05
1.5546837e-05
1.5463239e-05
1.5394024e-05
1.5326643e-05
1.5403718e-05
1.6731637e-05
3.1255301e-05
0.00013479988
0.00061415462
0.0055456175
0.00013151547
2.0804311e-06
4.5925889e-07
4.878575e-07
5.5390961e-07
6.3712105e-07
7.3698352e-07
8.5543753e-07
9.8954404e-07
1.1385661e-06
1.2969178e-06
1.4666207e-06
1.6590541e-06
1.8483528e-06
2.0932961e-06
2.3248315e-06
2.6237942e-06
2.9175426e-06
3.2623562e-06
3.6129053e-06
3.9924118e-06
4.3771226e-06
4.7784863e-06
5.1709383e-06
5.5669533e-06
5.9524133e-06
6.3083945e-06
6.6525703e-06
6.9539173e-06
7.2394375e-06
7.4727041e-06
7.6891485e-06
7.8666866e-06
8.0410201e-06
8.194771e-06
8.3575327e-06
8.5278877e-06
8.6910472e-06
8.8860294e-06
9.1176973e-06
9.3715701e-06
9.6661651e-06
9.9982159e-06
1.0391185e-05
1.0796253e-05
1.1240315e-05
1.1711757e-05
1.2184991e-05
1.2661897e-05
1.31019e-05
1.3469863e-05
1.3749122e-05
1.3901915e-05
1.3904865e-05
1.3758877e-05
1.3462586e-05
1.3061158e-05
1.2571153e-05
1.201118e-05
1.158365e-05
1.1152643e-05
1.0846158e-05
1.0616034e-05
1.0471898e-05
1.039719e-05
1.0390186e-05
1.0432213e-05
1.0483239e-05
1.0535311e-05
1.0644832e-05
1.1524561e-05
2.1688671e-05
0.00010406295
0.00054558169
0.0050937111
0.00010511834
1.4364144e-06
3.0608394e-07
3.2592025e-07
3.6725533e-07
4.1777288e-07
4.7766372e-07
5.4678946e-07
6.2618813e-07
7.1666629e-07
8.191414e-07
9.345736e-07
1.0643985e-06
1.2078027e-06
1.3673957e-06
1.5421864e-06
1.7316046e-06
1.937926e-06
2.1581716e-06
2.3918596e-06
2.6382068e-06
2.8897814e-06
3.15003e-06
3.4113496e-06
3.6647256e-06
3.9190462e-06
4.1572792e-06
4.3898876e-06
4.5973153e-06
4.7863625e-06
4.9593419e-06
5.1131789e-06
5.2617959e-06
5.388113e-06
5.5113682e-06
5.6242521e-06
5.7433194e-06
5.8643705e-06
6.0003785e-06
6.1390422e-06
6.2869771e-06
6.460496e-06
6.6585178e-06
6.8637335e-06
7.0883224e-06
7.3309856e-06
7.5759714e-06
7.8364687e-06
8.0759779e-06
8.2964915e-06
8.4905115e-06
8.6250841e-06
8.6895666e-06
8.6745253e-06
8.6013271e-06
8.449455e-06
8.2374663e-06
7.9766992e-06
7.7209113e-06
7.4890137e-06
7.2889019e-06
7.1549052e-06
7.0607494e-06
7.0438777e-06
7.078576e-06
7.1289292e-06
7.2150001e-06
7.3253964e-06
7.4226351e-06
7.5362144e-06
8.1157873e-06
1.5131583e-05
7.9929068e-05
0.0004826372
0.0046728175
8.487018e-05
1.0122311e-06
2.0715792e-07
2.2110399e-07
2.4929432e-07
2.8388377e-07
3.2556259e-07
3.7450365e-07
4.3104607e-07
4.9420179e-07
5.6592745e-07
6.4404855e-07
7.3234845e-07
8.2885341e-07
9.3510864e-07
1.0523056e-06
1.1797683e-06
1.3165413e-06
1.4634967e-06
1.6177372e-06
1.7810866e-06
1.9470647e-06
2.1186284e-06
2.293884e-06
2.4652094e-06
2.6319623e-06
2.7944031e-06
2.9443009e-06
3.0891314e-06
3.2200565e-06
3.3447613e-06
3.453216e-06
3.5538437e-06
3.646459e-06
3.7365781e-06
3.8182875e-06
3.9038502e-06
3.9851202e-06
4.0691821e-06
4.1555621e-06
4.2447038e-06
4.3463201e-06
4.4545011e-06
4.5648783e-06
4.6916142e-06
4.8092956e-06
4.945964e-06
5.0757778e-06
5.2009209e-06
5.3117042e-06
5.4068228e-06
5.4711684e-06
5.5033681e-06
5.4995088e-06
5.4550282e-06
5.3819186e-06
5.27835e-06
5.1568335e-06
5.0447999e-06
4.9349643e-06
4.8519482e-06
4.8076011e-06
4.8065372e-06
4.8387367e-06
4.9041205e-06
5.0051259e-06
5.1254549e-06
5.2405127e-06
5.3536603e-06
5.4773541e-06
5.8582437e-06
1.0591376e-05
6.0818842e-05
0.00042417332
0.0042828825
6.9451929e-05
7.3015995e-07
1.4250223e-07
1.5241761e-07
1.7186228e-07
1.9566221e-07
2.242317e-07
2.578599e-07
2.9659846e-07
3.4092628e-07
3.9050542e-07
4.464981e-07
5.0770958e-07
5.764683e-07
6.5102622e-07
7.324432e-07
8.2089585e-07
9.142113e-07
1.0148949e-06
1.119566e-06
1.2301941e-06
1.3433162e-06
1.4583914e-06
1.5755205e-06
1.6909712e-06
1.8038131e-06
1.9133867e-06
2.0184322e-06
2.1165489e-06
2.2110555e-06
2.2943272e-06
2.3739932e-06
2.4456939e-06
2.5123511e-06
2.5709276e-06
2.6316224e-06
2.6816288e-06
2.736516e-06
2.7865972e-06
2.8412603e-06
2.8935846e-06
2.9518749e-06
3.0087018e-06
3.0698104e-06
3.1314695e-06
3.2022146e-06
3.2677872e-06
3.3336073e-06
3.3963363e-06
3.4525243e-06
3.4972106e-06
3.531433e-06
3.5476374e-06
3.5460309e-06
3.5237859e-06
3.4853767e-06
3.4331853e-06
3.389376e-06
3.3416675e-06
3.2986931e-06
3.2835799e-06
3.292497e-06
3.3285052e-06
3.3929512e-06
3.475106e-06
3.5873506e-06
3.7159145e-06
3.8432026e-06
3.967582e-06
4.0867786e-06
4.3453675e-06
7.4524525e-06
4.5632649e-05
0.00036936566
0.0039217782
5.711756e-05
5.3222122e-07
9.8172686e-08
1.0549662e-07
1.1918346e-07
1.3614394e-07
1.5642265e-07
1.8025181e-07
2.0799874e-07
2.398493e-07
2.7554269e-07
3.1559042e-07
3.5978004e-07
4.0788717e-07
4.6106588e-07
5.1784446e-07
5.7977771e-07
6.4555379e-07
7.1551682e-07
7.8861044e-07
8.6387919e-07
9.4206472e-07
1.0217265e-06
1.1000463e-06
1.178996e-06
1.2558689e-06
1.3320743e-06
1.4036838e-06
1.4726797e-06
1.5350655e-06
1.5955186e-06
1.6488974e-06
1.6994377e-06
1.7448771e-06
1.7854333e-06
1.8241963e-06
1.8581207e-06
1.8912291e-06
1.9214658e-06
1.9488188e-06
1.9785836e-06
2.0078095e-06
2.0369099e-06
2.0671902e-06
2.0989207e-06
2.1313202e-06
2.1629928e-06
2.1953141e-06
2.2257489e-06
2.2536437e-06
2.2764997e-06
2.2938609e-06
2.3033637e-06
2.3051665e-06
2.2987209e-06
2.2861181e-06
2.2704036e-06
2.2566595e-06
2.241497e-06
2.2468956e-06
2.2635877e-06
2.2934187e-06
2.3514234e-06
2.4300369e-06
2.5292551e-06
2.6425795e-06
2.7651063e-06
2.8910935e-06
3.0148786e-06
3.1278314e-06
3.3089558e-06
5.2810575e-06
3.3568651e-05
0.00031750234
0.0035877168
4.7382947e-05
3.908184e-07
7.11319e-08
7.6876272e-08
8.6777358e-08
9.9045825e-08
1.1380612e-07
1.3114732e-07
1.5130646e-07
1.7421543e-07
2.0015369e-07
2.2883736e-07
2.6078529e-07
2.9547666e-07
3.3330955e-07
3.7406518e-07
4.1754968e-07
4.6386185e-07
5.1242869e-07
5.6341783e-07
6.1571235e-07
6.6924208e-07
7.2367754e-07
7.7802131e-07
8.320136e-07
8.8461942e-07
9.3569402e-07
9.8497347e-07
1.0315711e-06
1.0748895e-06
1.1157376e-06
1.1527305e-06
1.1863844e-06
1.2166508e-06
1.2446855e-06
1.2675344e-06
1.2894743e-06
1.3084688e-06
1.325138e-06
1.340294e-06
1.3547508e-06
1.3673601e-06
1.3798616e-06
1.392612e-06
1.4059671e-06
1.4187616e-06
1.4318985e-06
1.4446525e-06
1.4583079e-06
1.4688806e-06
1.4789203e-06
1.4854067e-06
1.4893099e-06
1.4911275e-06
1.4908235e-06
1.4883697e-06
1.4884826e-06
1.4908039e-06
1.5011261e-06
1.5245415e-06
1.5581382e-06
1.6101983e-06
1.6805908e-06
1.7680773e-06
1.8690657e-06
1.9845528e-06
2.1074616e-06
2.2303195e-06
2.348608e-06
2.4571616e-06
2.5884544e-06
3.7831498e-06
2.4024375e-05
0.00026806362
0.003280756
3.9205838e-05
3.1813238e-07
7.2968112e-08
7.8510494e-08
8.7346871e-08
9.8127006e-08
1.110739e-07
1.2631489e-07
1.439085e-07
1.6384834e-07
1.8619872e-07
2.1104092e-07
2.3820703e-07
2.680703e-07
3.0015295e-07
3.3482797e-07
3.715731e-07
4.1029809e-07
4.5086136e-07
4.9328022e-07
5.369248e-07
5.8145078e-07
6.2625697e-07
6.718557e-07
7.1677107e-07
7.6152276e-07
8.0416987e-07
8.4544606e-07
8.8441959e-07
9.2218643e-07
9.5619657e-07
9.8858115e-07
1.0172068e-06
1.0433852e-06
1.0672817e-06
1.0875783e-06
1.1052171e-06
1.120534e-06
1.1333794e-06
1.1445921e-06
1.1538826e-06
1.1612519e-06
1.1686604e-06
1.1746622e-06
1.1805221e-06
1.1855654e-06
1.189681e-06
1.1938733e-06
1.1962769e-06
1.1968047e-06
1.1959698e-06
1.1932125e-06
1.1883733e-06
1.1812253e-06
1.1745335e-06
1.1672935e-06
1.1600429e-06
1.1568751e-06
1.16328e-06
1.1756528e-06
1.197507e-06
1.2336281e-06
1.2843962e-06
1.351774e-06
1.4346519e-06
1.5310076e-06
1.6360756e-06
1.7503918e-06
1.8640695e-06
1.9676545e-06
2.0772516e-06
2.767783e-06
1.6549172e-05
0.00022060351
0.0029819427
3.332208e-05
5.4644773e-07
3.7364613e-07
3.8811138e-07
4.0641839e-07
4.2774294e-07
4.5195273e-07
4.79103e-07
5.0915669e-07
5.4216989e-07
5.7803078e-07
6.1688211e-07
6.5848145e-07
7.0283135e-07
7.500743e-07
7.9995666e-07
8.5263563e-07
9.0772746e-07
9.6515724e-07
1.0248734e-06
1.0865691e-06
1.1497233e-06
1.2140972e-06
1.2796657e-06
1.3454804e-06
1.4118183e-06
1.4777166e-06
1.5427539e-06
1.6055287e-06
1.6668823e-06
1.7255364e-06
1.7814087e-06
1.834361e-06
1.8833782e-06
1.9284001e-06
1.9705857e-06
2.0078805e-06
2.0406861e-06
2.0690064e-06
2.092801e-06
2.1125247e-06
2.127003e-06
2.1369165e-06
2.1412051e-06
2.1394637e-06
2.1310451e-06
2.1161137e-06
2.0936218e-06
2.0624265e-06
2.0238359e-06
1.9772805e-06
1.9227827e-06
1.8606678e-06
1.7920784e-06
1.719207e-06
1.6431001e-06
1.5670124e-06
1.4934966e-06
1.426946e-06
1.3699581e-06
1.3275464e-06
1.3001079e-06
1.2912595e-06
1.3024993e-06
1.3336459e-06
1.380861e-06
1.4415998e-06
1.5147819e-06
1.5923916e-06
1.6657749e-06
1.7354891e-06
2.0795013e-06
1.0764915e-05
0.00017465809
0.0027563625
3.2298318e-05
4.786398e-06
4.7410793e-06
4.8511742e-06
4.9775853e-06
5.1190012e-06
5.2752385e-06
5.445118e-06
5.6280146e-06
5.8227285e-06
6.0291907e-06
6.2463098e-06
6.4738106e-06
6.7116259e-06
6.9586593e-06
7.215075e-06
7.4804019e-06
7.7549854e-06
8.0381533e-06
8.3297927e-06
8.6294252e-06
8.9355399e-06
9.2484198e-06
9.5668325e-06
9.8899697e-06
1.0216066e-05
1.0543882e-05
1.087042e-05
1.1194938e-05
1.1512994e-05
1.1824411e-05
1.2125694e-05
1.2415774e-05
1.2692925e-05
1.2953645e-05
1.3198052e-05
1.3423963e-05
1.3628589e-05
1.3809477e-05
1.3964637e-05
1.4093034e-05
1.4191134e-05
1.4252631e-05
1.4274723e-05
1.4250824e-05
1.4175741e-05
1.4045762e-05
1.3855899e-05
1.3603604e-05
1.3286597e-05
1.2902736e-05
1.2452528e-05
1.1938265e-05
1.1364768e-05
1.073525e-05
1.005997e-05
9.3506414e-06
8.6178743e-06
7.8721366e-06
7.1272968e-06
6.3949334e-06
5.6880622e-06
5.0141811e-06
4.3811481e-06
3.8012848e-06
3.2810343e-06
2.8284435e-06
2.445851e-06
2.1377021e-06
1.9032063e-06
1.7473258e-06
1.7697377e-06
6.5548013e-06
0.00012982608
0.0027067237
7.7109791e-05
5.2896374e-05
5.3432797e-05
5.4186492e-05
5.5035617e-05
5.5974476e-05
5.6996641e-05
5.8097178e-05
5.9269036e-05
6.0504946e-05
6.1800659e-05
6.3149093e-05
6.4544719e-05
6.5989352e-05
6.7474269e-05
6.8997233e-05
7.0557557e-05
7.2152976e-05
7.3781969e-05
7.5441337e-05
7.7128432e-05
7.883656e-05
8.0566786e-05
8.231002e-05
8.4068662e-05
8.5831712e-05
8.7587116e-05
8.9326972e-05
9.1038637e-05
9.2717752e-05
9.4347436e-05
9.5922783e-05
9.7428267e-05
9.8863955e-05
0.00010021665
0.000101481
0.00010264395
0.0001036938
0.00010462194
0.00010542073
0.00010607813
0.00010657806
0.0001068944
0.00010700546
0.00010688515
0.00010650114
0.00010583148
0.00010485448
0.00010354036
0.00010187067
9.9833623e-05
9.7415603e-05
9.4610133e-05
9.1418078e-05
8.7841836e-05
8.3901781e-05
7.9621536e-05
7.5031819e-05
7.0169365e-05
6.5080871e-05
5.9805114e-05
5.4390182e-05
4.8891174e-05
4.3359397e-05
3.7856133e-05
3.2437578e-05
2.717547e-05
2.2144547e-05
1.7423998e-05
1.3107561e-05
9.257369e-06
6.1147408e-06
5.5717725e-06
8.6729243e-05
0.0025074248
0.00042967334
0.0004130204
0.00041521993
0.00041780613
0.00042068741
0.00042383606
0.00042722634
0.00043083425
0.00043463207
0.0004385929
0.000442697
0.00044691926
0.00045124251
0.00045565623
0.00046014509
0.00046468987
0.00046928815
0.00047393152
0.00047861685
0.0004833262
0.00048805522
0.00049278134
0.00049751059
0.00050222213
0.00050690953
0.00051156057
0.00051613475
0.00052062676
0.00052499354
0.00052923115
0.00053331093
0.00053721361
0.00054092302
0.00054442108
0.00054769757
0.00055073788
0.00055352105
0.00055602084
0.00055821376
0.000560094
0.00056164244
0.00056280894
0.00056355509
0.00056381568
0.0005635378
0.00056264362
0.000561084
0.00055878814
0.00055568387
0.00055170521
0.00054679851
0.00054088975
0.00053391251
0.00052581212
0.00051650961
0.00050596224
0.00049412186
0.00048093342
0.00046636134
0.00045036295
0.00043287686
0.00041382347
0.00039317154
0.0003708355
0.00034675794
0.00032084669
0.00029305316
0.000263322
0.00023159994
0.00019790339
0.00016220102
0.00012438027
8.5454351e-05
8.05136e-05
)
;

boundaryField
{
    axis
    {
        type            empty;
    }
    inlet
    {
        type            fixedValue;
        value           uniform 1e-05;
    }
    walls
    {
        type            fixedValue;
        value           uniform 1e-11;
    }
    atmosphere
    {
        type            inletOutlet;
        inletValue      uniform 0.001;
        value           nonuniform List<scalar> 
175
(
0.001
0.001
0.001
0.001
0.001
0.001
0.001
0.001
0.001
0.001
0.001
0.001
0.001
0.001
0.001
0.001
0.001
0.001
0.001
0.001
0.001
0.001
0.001
0.001
0.001
0.001
0.001
0.001
0.001
0.001
0.001
0.001
0.001
0.001
0.001
0.001
0.001
0.001
0.001
0.001
0.001
0.001
0.001
0.001
0.001
0.001
0.001
0.001
0.001
0.001
0.001
0.001
0.001
0.001
0.001
0.001
0.001
0.001
0.001
0.001
0.001
0.001
0.001
0.001
0.001
0.001
0.001
0.001
0.001
0.001
0.001
0.001
0.001
0.001
0.001
0.001
0.001
0.001
0.001
0.001
0.001
0.001
0.001
0.001
0.001
0.001
0.001
0.001
0.001
0.001
0.001
0.001
0.001
0.001
0.001
0.001
0.001
0.001
0.001
0.001
0.001
0.001
0.001
0.001
0.001
8.3790657
8.6234744
7.9583629
7.85119
9.0716316
0.001
0.001
0.001
0.001
0.001
0.001
0.001
0.001
8.6077976
8.2028862
0.001
0.001
0.001
0.001
0.001
0.001
0.001
0.001
0.001
0.001
0.001
0.001
0.001
0.001
0.001
0.001
0.001
0.001
0.001
0.001
0.001
0.001
0.001
0.001
0.001
1.1956098e-05
2.6905994e-05
0.00021540662
0.0021110504
0.016688953
0.10109202
0.47853453
1.9158896
7.4913833
33.399536
181.67019
667.97544
317.95888
22.099215
6.8798306
5.8993269
5.5140547
5.5341531
6.0992339
6.4059629
6.7279978
6.7784581
6.619434
6.904511
7.1838185
7.4072169
7.9111458
8.5309321
9.1125306
8.9465489
)
;
    }
    front
    {
        type            wedge;
    }
    back
    {
        type            wedge;
    }
}


// ************************************************************************* //
