/*--------------------------------*- C++ -*----------------------------------*\
| =========                 |                                                 |
| \\      /  F ield         | OpenFOAM: The Open Source CFD Toolbox           |
|  \\    /   O peration     | Version:  2.3.0                                 |
|   \\  /    A nd           | Web:      www.OpenFOAM.org                      |
|    \\/     M anipulation  |                                                 |
\*---------------------------------------------------------------------------*/
FoamFile
{
    version     2.0;
    format      ascii;
    class       volScalarField;
    location    "2.3e-05";
    object      p;
}
// * * * * * * * * * * * * * * * * * * * * * * * * * * * * * * * * * * * * * //

dimensions      [1 -1 -2 0 0 0 0];

internalField   nonuniform List<scalar> 
7500
(
-18157.698
-18144.403
2505.624
2483.0111
5411.266
-2891.7824
4430.8236
2544.6663
4897.5811
-2675.231
4435.5331
160.0978
8252.6249
-868.32121
3539.3291
861.4981
-376.62145
7215.1831
-6677.6799
10642.435
-7474.7165
11309.804
-5724.1424
7863.4266
1346.204
1150.0463
4999.1993
-1562.3657
9525.8582
-2387.014
9201.1741
-2016.4771
10945.542
1334.5088
6606.0968
5906.0429
3540.3472
9066.4612
5898.2584
4746.8512
8936.406
6304.2016
3365.9249
10685.948
-618.49003
10975.381
-3859.2791
6974.7486
-49.953528
-4728.6892
20878.746
-1073.0569
13510.053
5901.2284
7635.5109
28839.085
17451.764
27337.925
20019.563
20045.767
21347.413
29621.965
41758.471
15812.653
31965.616
43295.948
38411.282
55453.513
45821.759
38068.054
23817.681
8384.8173
16821.682
20500.301
9232.0061
-18245.358
-17620.477
2159.8216
2254.3591
5275.1744
-2335.4909
4043.9141
2732.531
4850.12
-2556.081
4319.3353
200.08807
8070.3494
-745.47008
3528.2202
959.77003
-506.12057
7058.0166
-6262.0338
10104.857
-6725.9175
10312.969
-4670.6081
6874.3858
2053.6068
862.20791
4881.1203
-1105.7911
8864.6015
-1758.9865
8599.8733
-1193.1371
10046.449
1953.9811
6128.1973
6270.0012
3522.5995
9070.5613
5552.4149
5045.9822
9077.9729
5507.7939
4750.1842
9129.5317
744.3923
10945.402
-4966.7863
6733.8152
838.20457
-3903.986
18779.49
-45.83823
13284.798
5970.4133
8696.6862
27095.254
18401.575
28181.334
17731.322
20851.479
24081.394
27617.222
39736.318
18045.411
32707.46
42272.527
37895.782
56302.519
46765.684
36181.466
23858.149
10022.881
16534.469
20288.057
9165.017
-18584.404
-16602.625
1326.1106
2430.6628
4837.5985
-1919.4084
4138.8096
2677.1477
4649.4801
-2077.3154
3945.1389
499.61194
7703.7464
-590.79475
3594.4232
549.75658
241.91224
6010.3721
-5050.294
8765.1669
-5155.8074
8505.7373
-3156.2852
5995.1253
2328.361
1125.5781
4032.7779
121.54771
7244.4569
-119.44925
7028.8211
285.97958
9102.9
2278.1506
6039.5624
6136.2662
3823.7576
9134.1413
5297.1146
4732.8609
10002.164
4069.0284
6403.01
7644.4141
2137.5574
10814.971
-5668.5531
6217.5988
913.14958
-1757.1361
15795.807
1216.6028
13419.47
5449.0183
10358.712
25076.32
19279.585
29175.202
15009.249
21526.421
27958.012
25322.298
35247.208
21937.149
34527.438
40654.848
37857.534
55645.405
48468.208
34943.906
22782.141
11893.567
16525.635
20239.622
9204.5267
-19460.709
-15171.724
636.67114
2426.2319
4576.3814
-1542.2857
4004.4796
2835.0459
4361.4102
-1658.9043
3676.6864
798.02406
7316.2665
-411.20291
3535.3326
391.88373
613.72256
5149.0785
-3539.4443
6715.7938
-2641.1047
5782.7754
-1001.9504
4850.7738
2545.6379
1745.9665
2762.0186
1750.3606
5154.9092
1872.6302
5270.5899
2043.5778
7764.7641
2872.3605
6054.2872
5753.3389
4205.973
9024.7572
5377.191
4413.929
10620.043
2666.3596
8300.3488
5865.702
3717.8171
10774.24
-6337.7169
5433.2425
907.99609
719.08048
13144.74
1905.0088
12967.648
5650.0089
11972.6
23392.695
19842.609
29124.172
13269.225
22051.433
31911.948
24172.86
29264.186
25578.187
36991.842
39365.651
38744.242
54442.387
49184.607
33268.959
21966.133
14637.636
16859.734
19917.603
9135.2367
-20458.394
-13741.362
298.9408
2288.2812
4242.6919
-1126.4901
3772.0391
2941.443
4133.3486
-1198.7203
3379.0816
1218.3574
6618.0943
249.65565
2931.3654
784.76346
628.51291
4183.2187
-1654.798
4343.2725
75.143899
2992.9016
1267.0165
3457.3422
3024.6402
2189.3969
1807.5584
2992.7664
3414.2483
3544.3925
3683.0955
3907.1792
6128.5
3731.0604
6053.559
5427.9894
4539.0326
8618.0615
5582.3954
4712.815
10364.22
1983.2401
9856.4284
4313.1107
5247.0323
10215.326
-6330.2078
3964.3705
1326.4271
2767.1443
11238.162
2693.136
11523.186
6609.532
13124.584
22450.507
20789.168
26757.598
12863.485
23702.57
34062.6
23289.383
23931.663
29137.264
39005.645
37895.133
40414.943
53478.432
49276.178
31191.775
21232.738
17662.528
17408.47
19373.678
9006.2246
-21126.418
-12658.366
170.44244
2268.2043
3679.0236
-704.01857
3629.557
2974.8544
3815.7381
-437.91986
2800.1732
1954.7696
5546.5006
1161.0337
2327.3071
1007.3334
958.08918
3023.3889
21.988309
2463.805
2150.1036
893.25392
3083.1414
2179.3762
3791.6061
1909.5387
1702.9238
3651.1326
2085.4492
4931.111
2236.4681
5526.9377
4733.8934
4489.5163
6150.7134
5211.8992
4787.097
8130.354
5513.7863
5561.249
9447.1323
2318.7693
10399.936
3644.6421
6758.2892
8366.102
-5281.8188
2227.5924
2114.5436
4026.8008
9649.8737
3971.1603
9758.1491
8045.175
13457.376
21940.531
22380.492
22376.809
13654.386
26993.328
34020.082
22127.303
20064.498
32790.042
40604.67
36286.231
42623.482
52228.505
48182.102
30362.001
20927.857
20019.981
18727.309
18688.609
8429.7724
-21505.554
-11930.28
138.11495
2310.9842
3193.3324
-351.50768
3407.8317
3161.6375
3385.8353
445.04288
2129.4501
2741.8334
4543.4359
1853.415
2026.5012
985.98699
1389.0793
2190.7846
1013.4776
1374.0115
3298.6291
-331.52531
4352.9614
1243.5472
4460.6122
1315.0527
1977.1444
3925.8056
1407.8528
5622.9732
1596.1005
6136.6403
3999.4696
5189.2723
5979.8275
5386.5074
4845.2303
7474.0344
5645.2035
6175.3506
8124.5771
3966.174
9757.8509
3801.4028
8194.5157
5565.2023
-4048.5591
1224.987
3087.7699
4376.0679
8445.1675
4614.9836
8798.1015
9685.5174
13373.836
22177.624
22757.581
17118.206
16407.097
30119.429
31620.672
21678.501
18432.483
34941.288
40987.094
36194.456
46069.493
50184.118
44796.508
31160.818
21262.964
20760.988
21475.546
18617.013
7067.9971
-21809.192
-11463.748
243.22521
2320.1871
2893.5568
-91.077748
3131.7411
3356.1263
3062.6942
1199.2609
1613.6085
3319.6452
3785.5173
2378.1033
1731.6475
1124.8708
1473.2279
1904.9137
1446.4055
871.04126
3634.6926
-818.343
5138.268
842.86968
4636.3224
790.87419
2431.4001
3571.0679
1812.3344
5329.3152
1894.3665
5913.7831
3480.4195
6266.7417
5452.6415
5736.6533
4920.5703
6479.24
6318.535
6235.0682
6760.3603
6194.1504
8690.921
4992.986
8686.0257
2873.344
-3587.2247
1236.8343
3941.3922
4249.2851
8183.719
3542.3994
9110.7581
11056.102
13846.569
23735.943
20150.11
13221.353
22053.256
30592.547
27045.659
22228.394
19922.969
35505.688
38887.377
37969.757
51090.287
47457.926
39779.897
33583.547
22412.292
19996.727
24677.586
18986.468
5348.0044
-22149.952
-11204.684
514.31393
2285.0768
2651.6138
106.94928
2929.4518
3414.7214
2917.4524
1743.3129
1308.4235
3719.3695
3107.9639
2919.8519
1327.7942
1489.9884
1208.8844
1975.2445
1659.5621
602.845
3514.3976
-824.85605
5465.3394
1068.6469
4394.5607
230.54416
3025.6114
2824.1956
2771.3896
4745.2805
2365.0808
5343.6734
3154.1794
7241.689
5255.0432
6041.0258
4693.0467
5915.5763
6864.8643
5491.3327
6297.7708
7719.0954
7852.9064
7617.1375
7584.3232
622.13359
-3396.4335
1713.71
4326.6727
3913.4973
8098.7991
2176.3008
10237.078
11468.782
16404.058
24620.118
14450.803
12885.445
29495.586
27453.645
21762.363
23431.824
23410.313
35576.732
35647.299
41109.258
56236.764
43853.065
34406.283
37090.367
23855.99
19387.577
28031.959
18973.544
3633.3257
-22578.323
-11083.717
890.21704
2222.5605
2468.7704
221.33639
2773.5361
3452.2905
2824.3371
2163.6097
1147.457
3967.9577
2578.0865
3335.8479
965.3917
1885.0176
967.00981
1957.315
1979.7256
392.29532
3055.7384
-411.66565
5341.412
1881.0904
3804.7229
-128.00674
3272.0566
2250.8505
3735.1646
4413.5589
2622.2521
4280.0501
3659.5292
7481.1881
5499.792
6637.0205
3637.1359
6610.9482
6544.5087
4081.7606
7388.2095
7746.2965
7748.2447
10774.802
5966.4552
-1686.321
-2628.1084
2382.7607
3471.5345
4712.1274
5616.4948
2381.015
11363.534
9874.4413
23669.69
21474.581
7183.5263
18413.841
34921.826
20763.776
17209.499
24235.429
26718.057
33664.615
33615.33
46642.473
58930.111
40455.317
30626.038
39597.604
24992.963
19987.538
30641.386
19159.459
3248.6541
-23087.049
-10980.878
1299.0802
2135.2227
2366.2643
308.36988
2567.9107
3566.548
2743.6835
2506.9437
1132.0257
4008.2843
2306.204
3485.4277
802.12347
2026.7457
1129.2649
1596.5862
2417.1953
355.41708
2164.0232
379.29907
5003.7086
3019.3405
2872.6595
4.5959557
3000.1594
1773.5139
4900.8437
4213.0081
2753.5803
2703.5309
4975.5362
7034.0672
6276.617
7013.42
2136.3434
8761.9599
5144.816
2566.4547
9318.5773
6259.8082
9152.868
13153.024
4977.382
-3702.0401
-1656.8141
3459.8496
1528.2827
6976.0657
621.244
3053.3042
12262.317
7001.4532
35184.33
14671.176
1063.9089
30504.678
36435.996
13438.716
14528.033
24155.906
28644.415
28016.377
32912.487
51973.214
56112.124
39084.92
30013.088
37812.961
27084.882
21914.085
28747.988
18699.974
4784.7112
-23624.309
-10791.725
1684.862
2027.7289
2265.5186
486.92104
2275.3352
3728.5014
2699.0213
2715.5383
1284.2176
3935.9699
2200.1477
3364.3234
937.40629
1823.821
1604.2022
1119.7635
2767.8864
533.86512
885.6487
1369.6156
4746.6293
4207.5827
1742.2582
445.88898
2595.4223
866.14337
6353.0586
4398.1965
2268.1116
1353.2842
6509.4513
5798.4577
8160.4511
6375.9863
861.26662
11975.26
2280.4234
2115.3174
9911.1421
4500.4155
11147.196
13938.782
4783.8946
-4624.2512
-325.95127
3259.457
674.242
8027.4619
-3992.0617
3805.8534
9081.8411
7869.5165
37430.125
9424.795
1236.8519
38688.691
37880.588
12730.167
12558.31
23538.665
28209.227
25762.479
34290.19
53175.077
51846.778
38651.017
30953.944
34095.465
28701.747
24245.84
26578.841
17439.791
4687.3811
-24145.266
-10503.306
1993.6169
1949.8927
2094.9218
734.7833
1971.551
3876.5812
2668.216
2835.8614
1462.8951
3887.7021
2246.8796
2983.6021
1218.4949
1659.5734
1924.969
852.04762
2945.7788
893.63352
-644.80769
2300.4862
4788.286
5208.1292
684.37969
838.0514
2247.9935
-406.76462
7329.853
5644.7482
483.81441
802.3794
7634.7644
3590.5621
10441.113
4845.1099
528.80435
14873.861
-1588.0154
3475.6126
7494.8479
3589.9655
11539.788
12153.493
4274.328
-2716.9195
994.38838
2669.5065
963.73102
7715.1564
-4257.1583
3953.557
6352.2161
9998.8895
35500.023
5743.546
1554.8953
35097.539
41725.669
16335.851
14284.295
24138.26
28186.984
25441.409
35032.398
54198.181
54133.669
38343.842
32398.776
34858.297
24766.453
25285.027
28834.026
17162.302
4772.0876
-24644.628
-10146.625
2190.5356
1917.9503
1920.3692
907.70688
1772.8833
4019.4704
2578.5709
2997.5274
1584.9163
3754.3618
2521.4053
2509.9677
1299.7172
1915.9629
1879.4011
792.33111
3035.5491
1267.2165
-2158.7673
2837.6698
5171.8571
5770.5161
-118.20781
1183.9988
1611.7341
-1622.9244
7043.9041
7531.8558
-2094.3163
715.96214
7748.0483
1678.3436
10388.043
2541.6236
2700.6531
15496.39
-1714.9253
4180.8773
6170.6777
3657.6644
11710.684
10598.8
2121.9841
-2394.3582
2756.7567
3162.2266
1561.5467
8349.5663
-2911.979
4989.2496
6929.8196
11963.657
37546.785
3348.4782
5428.7656
36421.128
31987.395
15461.542
15859.139
26321.095
27720.74
24270.481
36449.459
53120.329
51721.724
39265.165
31267.029
33961.009
28445.259
23702.895
25857.973
17667.408
5218.4553
-25158.018
-9698.8208
2246.8563
1913.6544
1863.274
930.11457
1670.3352
4264.3368
2340.6868
3193.4197
1816.5578
3379.9106
2912.4974
2158.967
1056.9487
2520.8636
1612.3475
729.43897
3058.2747
1455.0756
-3431.9978
2848.6433
5424.8218
5630.987
-570.01562
1570.8298
629.10857
-2801.3067
5662.4736
8970.4504
-1508.318
1337.6994
7590.642
1718.4179
9970.9859
242.77758
3830.7522
16501.348
-955.01093
5006.8462
7185.7749
4037.6912
12339.787
11869.711
1648.477
-3142.3368
3036.3093
2176.7019
1699.176
5852.6064
-4402.3129
3489.8904
4785.3496
11583.974
35737.911
423.94898
-1629.3035
34537.419
28974.05
13364.308
12678.418
25830.243
27435.071
23652.382
34230.212
52158.179
49381.049
38174.099
32936.223
31702.801
25262.089
24340.64
24306.831
17126.2
5289.1328
-25650.292
-9134.4137
2161.1042
1914.4832
1937.8186
863.41878
1525.6545
4709.0081
2008.3061
3260.3782
2287.1337
2869.5754
3187.7039
1895.7528
679.71556
3011.5096
1343.928
547.05458
2749.4174
1256.3942
-4242.0548
2537.2009
4801.4255
4730.0721
201.04141
2119.4447
580.69055
-2905.2005
4825.6971
8579.7841
-410.03114
2158.8218
8121.7307
2844.6677
10497.445
26.573902
4275.9399
15202.379
-2493.6594
5014.8145
5731.4705
4340.1925
11445.559
10394.903
2457.6531
-2879.6351
3325.3586
2382.9377
1624.1929
7322.6526
-2475.276
4524.1734
3925.1911
13135.453
35298.651
-4593.0055
-3878.508
34563.126
24400.542
10805.081
12464.608
26783.361
28218.712
22614.873
32408.113
46519.198
45371.749
36979.894
30041.225
29687.966
27060.222
25235.338
23044.859
16502.62
5298.4092
-26058.473
-8509.6086
2005.3005
1863.4663
2108.9189
779.65557
1261.0048
5268.1843
1780.2725
3113.5326
2849.5691
2445.8799
3191.025
1480.4028
442.43145
2614.2773
1337.8155
251.66909
1834.8308
605.81581
-3309.2223
3129.1135
4668.6154
3806.8265
886.79204
2800.3043
1131.5164
-2577.9259
5509.4892
8330.8195
-789.66134
2080.5233
6812.9684
1417.6001
10368.857
-770.19725
3933.3098
16216.552
-1420.6469
5397.6476
5426.7994
4067.8534
12119.482
9006.27
822.40061
-4232.3976
3339.9217
1957.4163
1382.7892
2332.637
-2439.7029
4154.4903
1745.2758
8030.4058
32248.441
-5632.8453
-1715.9188
32541.487
20938.555
9907.6949
10787.677
25525.539
28379.011
23151.36
34368.182
44496.775
42170.778
34727.521
28590.541
28501.518
28117.128
27134.803
23133.7
16005.111
5179.1774
-26427.931
-7896.4036
1851.8629
1730.2008
2366.8783
653.41549
1002.1021
5616.3361
1855.6883
2749.6182
3234.0937
2239.1941
2599.685
932.21604
381.02582
1203.2755
1625.3535
999.58555
1948.9345
-139.60066
-2400.2932
4105.0517
5298.3916
3759.6057
830.46192
2608.6176
55.142656
-3795.4311
5401.7342
8189.2074
-483.04783
2208.2607
7171.8222
2449.1229
10090.917
199.29147
3467.0115
12937.535
-1950.6028
5038.1155
5523.6383
3173.2356
11286.563
7156.7341
300.54946
-3342.3021
3063.0885
554.06817
1155.3469
195.8518
-3614.5853
5174.4511
697.68423
5528.0853
26988.23
-2983.8865
6845.2616
29639.733
18983.882
9921.7882
10175.655
23419.842
27371.947
24839.574
35101.262
45633.178
39835.832
33445.393
27351.693
27320.976
28465.727
28592.051
23439.131
15490.431
4974.8802
-26815.243
-7320.987
1682.2899
1584.0613
2656.2184
445.68167
958.10251
5369.7826
2347.4318
1965.2198
3308.9467
2187.3303
1371.434
671.21394
1253.4661
956.67632
1686.93
1757.857
2897.8054
-375.70624
-2995.6745
3690.9289
4766.3436
3425.865
903.25882
2778.3573
823.6689
-3218.7962
5446.517
8102.691
-599.20323
2565.8396
6922.7087
1633.2508
9396.4691
745.2566
4111.7105
10125.603
-2020.8954
4741.3498
5332.3604
3198.8504
10832.979
5293.856
-493.07555
-3215.4285
2846.4146
-34.795945
3286.2369
2911.6529
-3839.4518
5609.3533
-1403.738
4725.2824
17385.854
-1443.415
13808.19
27715.068
19124.637
10941.274
10080.73
23207.003
27121.072
22573.056
35916.779
45317.924
37738.615
32890.302
26513.898
25718.073
29361.36
29451.859
23391.701
15137.973
4710.182
-27212.503
-6758.3713
1409.0356
1560.2677
2824.5679
287.33451
1083.5846
4486.1028
3012.2393
847.98904
2886.1234
2958.2077
1423.3611
495.66202
2218.626
1333.7238
1573.4603
1158.9387
2114.5137
-674.98847
-2781.422
4194.0786
5117.1457
3547.1177
775.34127
2445.9412
506.04801
-3628.3109
5345.1099
8049.489
-826.72432
2316.5128
6902.166
2108.4276
8928.7269
1186.7009
4576.9959
9498.1662
-2167.5987
5381.8935
4762.2835
2201.3789
9630.5545
3716.3403
-924.27437
-3093.3199
2379.5206
46.099148
4088.3219
4644.1096
-3653.2859
5307.3647
-2660.5996
5039.5253
12601.455
-4307.3985
13471.686
26894.813
19961.985
12264.253
10617.922
23805.524
27724.047
24556.122
37461.767
42697.375
35735.003
30992.777
25779.566
24901.572
29301.124
29601.122
23256.853
14989.314
4319.8997
-27554.265
-6153.9184
968.425
1738.9715
2714.0843
435.0076
988.57515
3369.5073
3069.1287
1594.0208
2515.8538
3901.0884
2071.5863
362.82952
1642.8943
841.31787
1466.2321
1503.5296
2376.6998
-656.41401
-2833.9511
4053.948
4785.9616
3539.5324
696.48226
2329.1742
1084.0099
-3418.1224
5029.2852
7888.0892
-949.86173
2031.4114
6696.6558
2133.1408
8839.8292
599.8537
4960.8966
9908.1333
-2095.0928
5853.8475
4072.73
1563.7705
9283.5449
3540.1254
-895.39154
-2393.3225
2074.8847
-206.86284
4535.1729
5714.4087
-4130.8897
4742.5871
-2128.6568
5014.6742
12381.227
-46.6171
15061.669
26247.457
22678.198
14249.111
11680.504
24582.302
28648.054
23922.274
38073.265
42007.736
34267.588
28697.073
25070.192
25166.619
28421.308
28937.234
22620.264
14867.962
3896.182
-27766.602
-5468.0216
427.27623
2056.9966
2310.1823
896.61211
550.91566
2912.9512
3046.6281
2758.0032
2587.9363
3525.072
1685.187
222.5889
1915.4091
901.78253
1489.0023
1165.9833
2321.614
-596.65644
-3022.8299
4012.0981
4535.7417
3442.8014
504.22203
2043.1405
930.79924
-3542.1285
4439.8866
7693.0112
-1026.2149
1657.919
6411.3343
2268.7451
8583.6721
239.6025
3399.2065
9609.027
-1305.7903
5288.952
2765.6927
1829.448
9293.9304
3112.2701
-678.38532
-1202.9617
2087.0162
-877.37697
4470.5196
5711.1846
-3277.6268
3249.032
-2152.7755
5245.0132
12257.739
4292.5668
16006.444
25081.74
25402.398
13844.788
12625.678
25356.293
29458.54
23284.768
37179.337
40389.344
32849.714
27379.365
24288.44
25320.745
29098.737
27749.858
21790.59
14067.544
3233.2544
-27908.896
-4687.8482
47.043454
2361.354
1830.1598
1114.0293
1281.4323
3005.2771
3108.7284
2443.0348
2410.4656
3522.1527
1780.0685
190.16613
1801.5654
736.35257
1503.9236
1177.3927
2362.2047
-498.95544
-3372.3132
3651.086
4381.1514
3287.0096
202.86618
1930.4793
1400.5573
-3476.2271
3580.5989
7315.5233
-1102.9266
1335.7405
5953.385
2245.2653
8035.4534
-1238.5916
2586.776
8726.7983
-2266.7759
5081.3221
2145.7835
2618.2887
8579.7763
1862.2115
-478.69632
446.76551
2407.6481
-2036.7281
4216.4862
4577.5938
-3095.6304
1430.4635
-3995.9863
5121.6319
10252.756
8803.0268
17052.695
23838.18
25929.625
15357.957
12640.551
23796.656
29842.461
24755.76
36925.369
37814.344
31858.214
27598.935
23721.092
26171.659
31158.579
26569.56
21119.57
12425.176
2220.3429
-28391.476
-3829.6884
209.26285
2520.4801
1678.1356
1156.1409
2389.8651
2810.0845
2704.4872
2413.461
2475.202
3440.4408
1705.0997
164.51924
1815.5221
648.36136
1568.9499
1111.7003
2262.9219
-524.18696
-3433.5801
3262.6449
4363.677
3397.786
-162.51318
1702.0383
1660.869
-3588.0632
2519.6368
6986.3335
-1045.9405
1080.3398
5564.9232
2136.012
7415.7662
-894.92411
2095.3914
8227.1687
-852.56502
5125.145
1143.3658
3442.9654
8632.0949
1185.5264
-73.790222
649.92112
1600.1268
-3103.6769
4605.1221
5009.8027
-2544.2352
534.8677
-6066.4096
5032.8143
10433.816
9247.9267
17905.025
22869.287
24381.935
16499.5
12538.706
22056.467
30750.979
24968.987
37321.327
36333.962
31156.339
29322.895
23767.481
26644.463
33304.639
25385.016
20284.587
10400.955
1088.2595
-29958.314
-2927.4589
983.20303
2566.8894
1939.6716
1133.9648
2226.5858
2878.897
2773.7912
2387.0229
2436.5048
3375.2368
1703.2283
196.36138
1761.583
531.37313
1586.1331
1107.3542
2279.6624
-683.10457
-3340.1745
2860.7122
4279.375
3330.6522
-519.96548
1433.4034
1848.1958
-3487.5935
844.69686
6421.1884
-1274.2881
923.83196
5065.1419
1856.7723
6752.935
-1187.546
1047.8364
7419.1284
-318.37815
5470.2912
571.13462
4186.9813
8802.5817
1747.2689
1012.3328
-599.78707
1022.7745
-4097.3256
5551.2402
5141.3396
-2476.2724
249.96666
-5556.4583
5090.1584
10141.359
8609.5606
18848.822
22415.387
23219.747
17235.172
12024.151
19486.459
30794.531
24510.795
38335.224
36451.382
30963.231
30740.294
23916.15
26647.324
33753.203
23749.839
19148.908
8157.4665
-231.3216
-32415.771
-2220.4649
1421.6635
2785.3491
2004.8425
944.06345
2204.5176
2914.3681
2743.0517
2383.7902
2458.1266
3280.9545
1697.6507
237.57368
1675.3004
409.79015
1565.5943
1038.5923
2246.4392
-870.91021
-3048.0121
2521.0986
3986.0646
3350.4599
-790.85153
1254.3187
1908.2
-3543.9718
-1777.0089
5602.182
-1246.0354
883.6789
4540.7334
1313.0206
6193.4316
-1804.5804
108.38176
6533.5589
-477.90118
5582.4211
479.5393
5016.0372
9179.3276
2405.9442
2307.2539
-922.51251
864.8616
-5476.7004
4825.9461
4907.3123
-2840.207
564.42007
-4219.7179
5215.6104
9333.1894
8699.1449
20255.313
22042.259
22122.118
17213.034
10074.065
16745.633
30039.132
24060.975
37986.106
36040.162
30922.886
32179.704
24426.284
26606.498
32599.175
21954.684
17994.25
6024.4692
-1587.8955
-32184.084
-2813.695
785.55355
3138.1071
1968.8397
895.24764
2136.6345
2899.0821
2761.4861
2384.931
2459.4583
3174.2189
1695.7338
278.20242
1540.7182
281.75375
1527.1574
983.76874
2303.7425
-1098.4384
-2652.9297
2155.4438
3494.9579
3354.022
-902.83533
1335.0959
1754.9167
-3706.099
-4839.9359
4666.7494
-1424.3907
857.2725
4150.6117
885.68761
5652.093
-1855.8809
-438.17212
6080.9572
-142.00063
5586.1871
386.23704
5429.9444
8959.5166
2378.8167
2745.4806
-877.28705
980.95285
-6596.3281
4604.4261
4576.1621
-3112.5715
1019.9896
-2419.7474
5070.607
8727.3793
9385.7056
20762.956
21760.092
21584.978
17341.281
10196.41
14840.995
30067.842
23883.953
37184.178
35450.865
30285.559
33012.032
24894.753
26443.324
30999.581
20356.887
16915.205
3956.2977
-2619.8762
-22755.252
-5257.38
254.2662
3301.9092
1962.1566
911.238
2125.2497
2895.2166
2773.7255
2386.6904
2460.3251
3058.7489
1678.7763
313.48734
1371.6219
148.51747
1490.2184
933.52408
2314.5805
-1443.5673
-2662.9903
1634.8453
3047.6824
3273.9936
-879.4379
1490.542
1387.9884
-3981.367
-7186.9793
3913.9
-1419.2966
924.85534
3766.608
416.76045
5148.2909
-1839.5374
-745.78909
5749.3333
-261.59285
5476.8851
646.04705
5800.7611
8207.0668
2110.2649
2888.2347
-964.16226
269.02258
-7405.5278
4174.3959
3930.3811
-3782.107
1395.1883
-1234.593
4170.1361
8016.4787
9770.4007
20858.416
21666.391
21193.504
17454.144
10170.48
12148.057
30327.858
23451.507
36166.276
34605.588
29769.099
33025.516
24048.551
26084.278
28972.011
18709.888
15734.639
1848.9398
-3639.8875
-4594.3836
-6326.5468
174.9376
3201.5052
1948.9915
906.66423
2127.7634
2892.497
2787.489
2389.1658
2451.0867
2932.207
1655.741
342.13188
1185.8769
0.68663341
1420.8005
809.58031
2335.7645
-1791.2782
-2965.2567
1025.5846
2757.307
3199.6597
-847.31814
1604.6789
985.95067
-4001.0147
-8267.0995
3270.9217
-1231.1147
1113.3365
3309.3549
-213.36459
4587.5058
-1767.5912
-785.68403
5547.2268
-101.43576
5361.3226
587.32467
5802.0433
7550.8955
1937.503
3265.8471
-885.52908
-1148.7861
-8423.4736
3200.8428
3242.7297
-3029.6408
1884.6586
-525.28208
4268.3488
6659.4962
9642.2017
21368.771
21449.101
20483.836
17718.824
9932.2018
8543.1905
29760.686
22411.554
35036.925
33453.573
29260.729
33179.115
23125.303
25849.47
26816.402
17420.654
14752.266
-13.999241
-4542.3317
-730.77738
-4776.9329
117.70818
3178.7984
1924.9396
904.60077
2130.0425
2889.0821
2799.016
2391.8762
2425.1603
2792.0857
1630.4666
368.15396
993.58467
-133.70199
1375.8644
731.99811
2347.4689
-2081.4243
-3329.5992
467.29931
2525.9065
3104.3255
-828.38561
1635.142
858.99
-3613.6905
-7851.5126
2842.6758
-835.49096
1385.0996
2943.6056
-765.21535
3905.9827
-1664.547
-632.05601
5027.1179
-134.68235
5232.1372
902.93132
5953.6187
6206.1151
1874.73
4339.1283
-613.61385
-3308.6969
-9714.2625
2031.2637
2513.6262
-2680.0227
2292.0773
-400.40985
5090.062
5698.2926
9157.1267
22414.819
21131.934
19651.946
18406.611
8441.697
5768.6725
29327.965
20495.018
33610.735
32207.588
28718.811
33044.71
21812.678
25739.204
25248.321
16127.652
14079.2
-1150.2971
-4878.2447
-10192.797
-3781.4334
203.05219
3169.3157
1878.9326
903.05334
2131.2671
2885.0247
2809.7135
2394.6103
2379.3235
2635.3433
1613.7517
393.29891
810.5062
-274.85104
1343.0308
644.00645
2360.995
-2314.8405
-3714.7828
-41.103054
2334.5714
3032.4235
-824.0815
1534.1358
1015.2896
-2782.9828
-6107.9199
2682.4005
-233.01657
1743.738
2641.3236
-1183.6594
3339.397
-1435.9073
-343.7431
4739.0396
-164.44192
5155.2766
1092.4584
5890.3557
4616.4587
1224.9091
4676.6639
-472.22151
-4347.7173
-9211.0672
413.70372
1818.4334
-2545.7225
2661.6246
-829.92397
5573.0728
5258.3477
8641.0732
21959.681
20423.571
19831.816
19436.242
7022.8982
4438.7671
28883.424
18054.838
31649.428
31209.146
28345.12
32638.323
20328.587
24839.85
23720.604
15140.732
13204.563
-2343.3329
-5079.1216
-9954.3261
-3994.2544
249.68621
3152.5234
1828.5814
901.11005
2129.2154
2879.1191
2818.139
2396.9307
2316.7346
2458.3951
1598.7288
421.98049
654.59854
-411.62772
1355.6656
566.54184
2350.9596
-2511.3348
-4127.2095
-443.28627
2212.3326
2966.1209
-892.32486
1357.9938
1423.0289
-1893.8065
-3862.1254
2745.5251
411.22295
2203.1896
2444.0398
-1645.0355
2926.2921
-1493.5419
47.863784
4666.2093
142.80002
5055.4585
1219.1164
5639.8083
3296.6135
716.16777
4954.9832
-222.33152
-4646.3755
-8302.9276
-154.35875
1645.4229
-2240.2936
2989.0016
-1262.5597
5611.7154
4343.5506
7510.3461
21443.761
19410.485
19140.689
19561.388
5532.8247
3944.4442
27966.928
16862.622
30661.586
29872.75
27470.712
31986.946
18771.24
23806.486
22160.405
14246.362
12752.772
-3001.7064
-5292.2345
-9324.117
-3690.93
276.33638
3128.5487
1765.7573
898.81782
2123.1442
2870.3032
2823.1048
2397.8273
2243.2639
2261.9795
1578.5815
455.85855
535.11382
-534.8228
1322.2218
408.20236
2336.5124
-2687.2804
-4575.2963
-611.02711
2189.2291
2866.6099
-1020.5133
1051.7256
1861.8654
-1106.2037
-1862.3085
2882.5382
944.08964
2675.321
2244.9055
-2232.8543
2447.0249
-1568.1532
711.53407
4549.3821
573.33909
4962.4691
1295.544
5510.9279
2299.9237
550.14776
5143.1509
-0.41043772
-3817.0002
-8729.0603
322.18701
2681.3835
-2208.3351
3276.1369
-1464.6431
5481.4716
3354.0105
5783.7356
21087.462
19251.176
17784.233
18811.787
2668.8364
3104.9265
27878.704
16828.217
29703.459
28714.87
26479.193
30809.416
16903.589
22177.25
20897.352
13248.792
12112.156
-3076.8863
-4698.3552
-8528.8315
-3473.7191
287.54558
3100.132
1703.5993
896.62535
2110.319
2856.6775
2822.5787
2397.324
2167.493
2048.2093
1548.4906
491.55138
453.77049
-636.8663
1322.8038
284.16703
2259.9893
-2870.4412
-5092.3608
-655.50879
2275.7769
2749.9295
-1220.856
710.30564
2212.144
-321.54976
-392.75848
3066.2605
1162.5775
2958.0258
1973.4236
-2571.6663
1957.3727
-1521.12
1686.7121
4369.5511
1052.9346
4949.774
1428.7855
5315.7095
2021.4071
487.36644
4982.5477
57.399214
-3622.0899
-7450.5832
1082.3282
3916.4344
-2403.8912
3511.5315
-1478.2257
5373.9594
2282.4982
4753.9583
20521.611
18913.844
16434.577
17471.073
1649.7301
3180.4749
27541.63
17463.588
28964.688
27616.915
25838.18
29670.772
15149.699
20287.056
19261.746
12290.198
11189.616
-3252.3995
-4194.6674
-7736.6673
-3199.0384
276.54244
3055.2834
1619.2855
894.41989
2088.2625
2834.9693
2814.5287
2397.2611
2091.3736
1822.706
1499.4554
530.567
407.92747
-734.91708
1330.1011
152.87586
2149.7824
-2996.723
-5567.4607
-661.94801
2425.5925
2573.541
-1441.7256
404.90798
2535.8082
166.56601
386.2723
3066.4633
1268.6734
3089.9974
1757.7334
-2524.5926
1482.7451
-1214.7322
2685.2637
4221.8087
1360.182
4577.8985
1666.6582
5098.9105
2406.6922
693.99894
4466.9413
214.65878
-3300.8759
-7992.2664
1881.6778
4571.1733
-2837.6701
3627.9081
-1447.6559
5132.2767
1032.4789
4428.22
19558.147
18337.207
14971.898
15958.568
1722.8224
4917.4577
26832.673
18639.382
28181.189
26600.697
25514.873
29371.38
13781.473
18799.84
17666.244
10946.995
10597.187
-2530.327
-3630.0122
-6937.862
-3018.2183
266.26838
3012.5633
1534.3523
891.30927
2054.2939
2801.0707
2795.8964
2398.375
2016.3353
1635.7725
1447.2183
564.56109
404.40501
-803.19353
1350.4637
18.406319
2085.4675
-3002.8889
-5973.6283
-558.78513
2545.8952
2349.3748
-1676.0875
122.14973
2690.16
359.53586
832.57226
3042.524
1238.2691
3107.6937
1625.1985
-2203.2091
1329.9895
-598.08966
3549.9939
3940.7508
1427.5078
4563.8112
1682.6004
5004.3961
2660.517
505.39696
4069.9593
119.58088
-2807.3356
-7957.8443
2158.9995
4746.232
-2800.909
3828.8565
-1233.4474
4737.5741
372.35452
4528.0423
17570.16
17179.456
13273.368
13961.842
1114.0306
6286.7257
26333.587
19193.773
27310.213
26016.529
25145.873
28898.818
13197.467
17437.557
16800.528
9569.3331
9650.0423
-1007.2808
-2268.9876
-6205.3026
-2747.8743
243.21608
2964.5051
1438.3957
885.60873
2004.1225
2749.1264
2761.3543
2399.7764
1940.0766
1583.1155
1403.5258
618.63547
475.41534
-856.18288
1377.151
-126.07851
2026.1215
-2745.3918
-6202.1855
-248.5593
2587.1998
2094.4388
-1863.8848
-91.644182
2789.0802
531.05855
1142.8864
3111.4599
1063.1215
3084.1149
1508.9379
-1806.9975
1402.6234
5.7996562
4169.3926
3384.8575
1312.43
4637.3747
1725.0134
4929.0416
2440.9089
32.17128
3721.742
280.32813
-2254.4802
-8060.3823
2093.3882
4423.1638
-3020.1978
3906.9117
-644.0165
4284.5084
477.57759
5630.5891
15764.615
15882.275
10749.711
11560.499
2344.9215
8317.161
25938.77
18589.265
26470.716
25288.669
24487.004
27889.873
12968.334
16722.255
16242.384
9147.0348
7941.1468
-5.5027551
-830.90206
-5490.4229
-2637.0959
215.21598
2909.3863
1331.6452
874.77092
1936.81
2671.9242
2706.4402
2398.5768
1859.8055
1682.981
1382.6629
693.01581
640.13063
-870.59504
1410.6584
-279.56381
1941.3218
-2215.1696
-6159.3143
190.96525
2553.4035
1850.8761
-1939.0777
-177.51045
2892.1501
626.89848
1254.5411
3047.9037
751.7526
3011.1876
1445.7631
-1405.392
1429.3657
544.84626
4700.6833
2999.8136
775.50233
4626.6376
1879.9183
4903.016
2262.5139
243.44746
3766.3196
371.67273
-1706.0138
-7730.2579
2243.1306
3393.2904
-3200.8606
3911.1135
70.292804
4138.8933
1571.5029
6539.6394
14181.69
14587.551
8571.5818
9665.9251
4705.6145
11718.72
26582.311
19112.79
25548.389
24504.562
23761.623
26514.339
12828.111
16388.451
15558.391
9237.115
6162.1115
-52.027754
-27.349999
-4868.1594
-2356.9399
171.32968
2848.6275
1214.6356
857.38279
1851.0976
2565.6131
2634.8902
2393.4055
1778.6053
1850.1217
1364.6657
780.86799
870.71523
-856.26657
1440.523
-413.55984
1889.9292
-1573.7646
-5923.1569
589.27991
2460.8795
1611.7149
-1937.0868
-187.04866
2902.8649
573.5496
1204.1447
2836.9923
571.24251
2955.6433
1366.9313
-1208.0499
1429.8512
1168.0726
5082.0022
2798.0845
767.50986
4617.1094
2141.9094
5031.6428
2345.7093
165.0793
3579.5964
478.52091
-1025.6309
-6949.0341
3168.7934
2860.2357
-2830.027
3898.7707
190.98851
4180.537
2801.9826
6452.0613
12799.056
13280.921
7643.7773
8731.4961
7323.8335
13297.068
26952.618
20521.003
24640.407
23663.915
23060.821
25277.925
12827.545
16184.151
14910.966
8698.3132
4416.0408
86.458371
317.70981
-4276.4492
-2320.2206
130.29417
2780.679
1092.7615
827.39003
1747.8402
2434.7612
2563.8264
2390.675
1728.3562
1886.2026
1289.8028
810.31694
1025.131
-777.73274
1466.5475
-550.16183
1827.3968
-914.43862
-5571.8145
839.5658
2281.8701
1442.9218
-1861.3677
-134.63853
2816.3556
571.36957
1218.1173
2572.7299
612.60171
2938.181
1308.6437
-920.43066
1464.958
1863.4808
5370.8539
2075.6975
868.02919
4755.7895
2433.7646
5212.2511
2625.4437
225.35195
3262.2204
779.61147
-408.25947
-6099.7608
3585.0739
2918.6623
-1559.87
3976.6434
-206.35029
3975.3299
3228.392
5993.2594
11439.461
11884.63
7674.2834
8180.554
8870.1981
13905.018
25816.102
19826.618
23523.28
22764.899
22251.385
24240.551
12736.701
15989.376
14131.257
7572.0085
2935.8888
1462.4401
237.06639
-3786.151
-2038.2646
66.863978
2707.1955
966.54639
791.11988
1632.5839
2289.1778
2511.6727
2401.6446
1724.0944
1836.879
1175.2454
743.20886
1100.6658
-609.28115
1488.3461
-670.60853
1799.4819
-422.64667
-5268.1349
1096.7186
2122.2629
1302.7367
-1755.4801
23.363258
2723.0028
651.85261
1305.7298
2486.8208
787.02856
2922.1495
1196.6109
-730.89596
1528.0254
2373.0985
5435.244
1418.7463
798.76169
4933.0373
2548.1468
5470.7781
3208.7984
666.09246
2974.53
855.09072
218.3709
-5317.6213
3547.4083
3380.01
-676.28117
4204.6289
-295.64176
3849.512
3243.6297
5528.5367
9973.1135
10264.789
7768.0064
7418.3372
9762.2442
13626.438
24458.898
19410.05
22533.375
22053.686
21403.931
22915.03
12062.495
15501.232
13360.603
6550.6134
1477.0762
2031.2024
-541.53219
-3317.6341
-2050.061
24.211515
2622.8219
837.29852
745.88162
1500.359
2123.2098
2467.7163
2415.9539
1744.8008
1840.174
1135.3243
629.54252
1119.1309
-443.40935
1460.2109
-703.39317
1809.6026
-43.162149
-4516.594
1373.1467
1991.4547
1195.7339
-1692.0218
184.78171
2662.7481
697.34972
1351.2175
2479.0079
904.52452
2908.7098
1039.7632
-620.9035
1578.1265
2677.8814
5429.6478
1031.7704
1122.4598
5059.4202
2837.0251
5467.8275
3465.6877
1298.2597
2715.0375
800.97905
769.8158
-4520.9061
4320.1583
4123.88
-175.05748
4522.2163
16.343785
3884.3507
3265.6893
5139.5002
8601.848
8305.9916
6537.5011
6361.4135
10344.555
13648.522
22886.316
18786.097
21611.027
21304.169
20480.388
21492.646
11353.924
14832.102
12882.454
5591.9071
-408.16577
1669.9835
-1840.2198
-2947.785
-1781.8994
-46.360068
2535.3081
707.68971
695.36297
1358.998
1953.7454
2414.6548
2400.3465
1746.631
1899.8404
1157.2475
559.21363
1107.5688
-189.97416
1383.1611
-936.62129
1708.7166
298.31695
-3636.0646
1598.3324
1861.1173
1087.5695
-1713.1562
305.50883
2733.7701
732.6461
1349.77
2412.9163
983.51356
2895.608
930.40877
-586.21148
1611.0668
3040.7263
5432.7523
1083.3359
637.14032
4953.8319
2816.6097
5242.0469
3411.2784
1727.7941
2524.5606
498.1942
961.48185
-3697.1359
5066.3563
3955.0444
-58.639931
4541.4917
541.07526
4158.5169
3310.8909
4970.2061
7411.8201
6325.0418
5368.0224
5162.5008
10518.078
12569.453
21238.34
18051.378
20731.48
20488.708
19552.201
20120.258
10579.378
13952.717
12316.767
4879.6202
-1650.1423
621.51985
-2514.7898
-2595.008
-1792.9434
-70.488894
2427.8193
588.26667
633.39116
1213.9257
1790.3413
2343.9129
2328.3068
1651.2396
1981.5242
1193.3753
460.05613
1099.5939
84.001048
1318.0072
-1207.5437
1436.3888
449.47375
-3133.9842
1777.1152
1754.0957
997.59354
-1760.2111
366.63353
2983.3734
825.09159
1283.6794
2353.5523
1112.4318
2898.5756
935.56135
-618.79372
1650.6842
3365.7889
5304.5415
1705.0482
785.47102
4590.6546
2977.8666
5074.0266
3343.741
1909.6484
2415.5976
304.88634
1115.384
-2805.0681
5228.5735
3419.1146
635.82466
4468.5285
1068.2825
4493.1245
3398.846
4959.0548
6562.8287
4372.8375
4120.3784
3770.109
10585.804
11920.386
19935.141
17371.387
19848.208
19762.59
18605.553
18419.164
9820.9455
12877.852
10977.867
4573.076
-1366.9656
-2941.4614
-2508.5083
-2325.2878
-1544.0909
-116.9866
2319.8033
480.3901
582.92489
1066.9644
1642.3687
2248.7555
2208.5624
1419.6552
2070.1764
1236.6712
323.73901
1116.1393
431.53507
1335.4456
-1290.9264
1141.0058
476.01
-2686.0868
1894.6223
1644.0692
924.19037
-1479.9321
586.49229
3149.7349
991.94757
1212.0277
2331.9076
1289.8842
2922.1791
1117.6539
-391.9393
1535.7684
3451.4172
5321.1834
2216.7466
832.35786
3551.6352
3030.8749
4848.2248
3261.4862
2031.8789
2453.428
231.08513
1175.401
-2163.4322
5129.714
2875.2542
656.42326
4365.4018
1606.9691
4787.315
3618.1898
5131.2808
6000.0049
2332.5195
3103.3104
2641.2402
10255.043
11250.958
18698.251
16631.205
18954.571
18927.833
17632.918
16859.149
9729.0871
12334.534
9510.1376
4328.3908
-1091.6097
-4943.6629
-2201.0361
-2055.1851
-1489.258
-103.73992
2186.3953
393.8385
539.97641
925.34001
1497.8603
2119.7932
2090.6227
1109.2055
2129.553
1264.7146
178.40861
1156.4136
754.84857
1438.3714
-1212.3388
1007.1927
503.30033
-2317.405
1881.3818
1549.8471
963.81875
-952.46133
1000.1175
3039.6172
1122.5194
1177.906
2310.3756
1451.9225
2957.5092
1478.7894
242.21549
1173.3827
3006.8133
5133.7436
2541.9692
1468.5214
3530.2998
2982.1081
4679.4345
3175.519
2071.0579
2368.5728
241.55325
1338.1081
-1600.0308
5068.1462
2673.5826
767.84759
4332.1308
1911.4561
4952.0315
3769.0166
5316.6118
5469.3238
457.20245
2426.3557
1695.4997
9929.0354
10247.018
17438.706
16085.906
18148.922
18140.281
16830.378
15855.926
10055.345
11918.081
8757.5328
4223.6839
-879.37501
-5488.038
-1523.0582
-1834.7021
-1277.3278
-77.68309
2066.8349
330.05601
521.14419
796.9568
1363.2527
1987.4122
2030.0505
833.50746
2129.5802
1264.86
45.093366
1206.6283
961.76976
1529.2187
-996.1629
833.86093
502.35261
-2003.304
1869.2573
1455.082
1087.5316
-464.49369
1435.5915
2801.1637
1168.5385
1199.2747
2286.4313
1565.8153
2988.7953
2110.6483
571.06636
767.45935
2932.6337
4753.2219
2769.8582
2133.8061
3495.5129
2989.1938
4496.6828
3022.0032
2107.1319
2272.4422
416.60842
1658.0308
-1131.4222
4774.714
2836.2172
1199.6224
4332.7388
2179.5405
5173.8221
3873.8993
5374.9977
4930.4838
-1359.3543
1608.3692
802.05183
9655.9804
9364.994
16359.148
15593.413
17359.822
17391.3
16032.11
15143.125
10448.574
11675.747
8859.2811
4639.7078
211.82371
-4576.3786
-974.04726
-1644.8177
-1144.8502
-16.666279
1922.9286
323.12722
530.36051
696.79148
1235.1626
1897.3363
2034.839
687.26848
2091.8376
1242.1188
-78.209909
1248.7516
1205.2811
1623.5194
-959.09558
617.87712
494.61827
-1724.6812
1861.649
1337.0034
1251.0186
-150.17078
1686.1145
2757.3616
1182.8355
1229.6436
2278.775
1657.8977
2911.1717
2414.3656
182.03567
398.88989
3208.7071
4185.8978
2616.4621
2080.2557
3519.3776
2985.5708
4403.6597
3048.2107
2169.9181
1964.9785
822.61894
1779.7711
-16.15282
4591.1814
3024.828
1602.8137
4383.2414
2425.7213
5321.189
3997.7905
5545.7952
4495.5109
-3225.6243
846.13876
313.12003
9290.2472
8603.0746
15368.657
15128.733
16563.532
16718.08
15303.231
14717.267
10682.828
11676.929
9405.7395
5253.9661
1474.2323
-3292.7585
-722.68597
-1411.4042
-982.04879
48.313994
1819.1191
365.19564
577.25172
629.04582
1102.4095
1836.8413
1988.261
648.57244
2093.5646
1174.6103
-198.67218
1284.3884
1182.185
1754.1031
-902.26028
432.72301
532.83136
-1502.3497
1807.2235
1206.9342
1331.8275
64.480806
1757.4046
2719.471
1177.7987
1193.349
2271.1196
1752.5268
2647.2954
2387.7474
-169.09849
111.5924
3142.4203
3827.5941
2422.4509
2108.4288
3603.0556
3004.0909
4179.4378
3040.7095
2282.7915
1869.1242
979.67692
1765.9264
307.53434
4364.1171
3264.0939
1889.9903
4424.5753
2673.925
5476.9913
4072.0405
5818.8294
4279.5865
-4481.9001
834.63167
488.06251
8799.3345
8027.4761
14599.525
14601.125
15853.124
16080.157
14667.656
14326.466
10913.032
11546.922
9402.6926
5504.2086
2141.7951
-2841.2387
-681.67192
-1260.6249
-851.86127
107.11507
1692.9149
476.5609
630.09514
612.82589
962.48629
1771.4913
1763.984
608.71735
2155.9765
1077.9846
-317.19699
1330.9427
1214.6278
1878.7175
-780.1325
201.33723
552.60908
-1281.7915
1732.4767
1063.8988
1348.2235
244.75309
1705.777
2676.5631
1126.4175
1038.8623
2270.4197
1847.4189
2284.0396
1900.96
-464.23607
288.57962
3391.9715
3687.0422
2353.1946
2228.2674
3630.2611
2949.9476
4052.916
2995.6222
2436.8869
2026.415
941.12737
1991.7174
709.45128
4192.5677
3221.2915
2226.7732
4422.0718
2948.4027
5668.6383
4084.87
6023.0554
4048.3125
-4418.0687
1567.1908
1143.8985
8209.7367
7739.9151
14006.421
14100.781
15179.208
15412.276
14103.694
13833.759
10839.947
11303.971
9021.4188
5353.4801
2301.2177
-2470.264
-709.50385
-1007.7681
-747.8269
153.42822
1644.8407
564.86398
646.99198
623.12577
828.09556
1716.1438
1591.2281
523.77746
2183.6013
948.36207
-401.09276
1394.444
1130.0013
1908.4741
-567.3979
148.11889
492.04239
-1071.803
1703.4205
947.00535
1331.2816
377.04058
1620.5833
2628.196
1048.2073
1010.4814
2259.7971
1963.1995
1983.2353
1132.7828
-152.25436
936.15415
3001.5258
3467.1311
2541.3319
2647.5703
3564.8399
2941.4254
4021.3963
2945.1226
2389.6676
2110.7137
1362.3011
2133.8187
997.46253
3999.9235
3127.4706
2529.6529
4454.9068
3137.6651
5859.1075
4115.272
6301.852
3566.285
-3138.7964
2255.9889
1845.543
7481.8495
7643.7937
13497.033
13667.817
14536.561
14887.814
13618.395
13334.247
10696.946
10902.551
8714.7083
5650.1245
2563.0576
-1847.0947
-718.60847
-947.25242
-671.37479
229.26751
1581.1506
655.53428
643.25321
665.40571
692.08038
1684.5645
1738.0885
525.10057
2102.3162
812.29879
-453.64213
1470.8454
966.44034
1933.7384
-94.607252
302.97363
449.15411
-872.76338
1729.0848
836.05059
1272.4764
527.6995
1591.9045
2547.9787
1140.1532
1107.7185
2141.7655
1990.1213
1894.7564
607.02429
677.03408
1785.4777
2719.497
3283.6622
2683.4559
2692.1565
3408.7104
2918.1483
3715.1037
2887.4297
2450.3204
2189.4544
1515.7652
2262.0802
1289.8887
3920.2488
3126.6647
2709.8906
4446.7553
3329.3649
5970.6172
3962.1137
6653.1461
2905.9737
-1933.4807
1282.4753
1796.0984
6502.236
7630.3864
13066.481
13245.378
13986.558
14313.906
13150.211
12815.812
10863.936
10851.213
8671.48
5893.3025
3406.7264
-1034.9077
-692.04213
-633.05197
-565.87895
356.07464
1528.8046
657.54552
540.90806
655.58163
560.06149
1615.7786
1897.6581
634.39119
1891.9922
673.15881
-471.08752
1561.358
649.3193
1968.0007
-78.175594
274.0275
478.57645
-680.6022
1756.4031
691.01527
1195.3166
660.06075
1563.0825
2477.907
1293.3106
1266.7427
2042.53
1981.3093
2013.911
425.9103
1225.9612
2225.3949
2532.1269
3149.568
2813.4349
2738.943
3159.8132
2928.8711
3655.8898
2817.7809
2526.6767
2369.2023
1765.5831
2413.6545
1528.2447
3797.9714
3463.7087
3048.5622
4413.7985
3335.3842
6049.0722
3756.4887
7041.0656
1910.3676
-2611.2139
-1352.9125
1242.8928
5344.8386
7650.1772
12472.433
12814.919
13437.191
13775.112
12707.669
12649.367
10999.473
10994.203
8855.5461
5872.786
3794.6581
-811.71274
-615.10162
-704.01129
-424.55
396.70222
1411.2814
636.45164
291.54982
567.58772
221.56895
1533.937
1788.6925
628.46059
1923.2331
696.17794
-468.40396
1651.1704
97.69958
1689.1096
-105.27619
115.4687
512.55331
-449.95413
1790.2922
588.68802
1176.4021
744.78104
1452.9925
2355.3898
1257.4607
1347.0707
1972.2493
1981.8592
2060.9225
389.30271
1235.6242
2124.2959
2568.9423
3028.3906
2773.5616
2517.4195
3050.0313
3014.1544
3653.513
2769.4757
2535.1304
2491.3034
1791.5799
2484.4765
1703.859
3781.8581
3123.8624
3046.0867
4408.377
3491.1147
6213.0502
3598.6559
7553.9297
676.50843
-4535.8654
-4120.0628
820.85194
4221.8229
7446.5209
11454.761
12403.081
12970.941
13279.804
12278.134
12349.867
10877.187
10655.35
8493.2289
6101.4676
3735.202
-660.74869
-612.29919
-72.365165
-269.52008
446.0292
1255.9502
571.22784
311.11811
442.78307
-192.7054
1561.1058
1843.3809
748.43113
1776.1823
738.13176
-420.87331
1739.6033
19.713144
1455.3789
-123.91625
-254.47132
532.32329
-224.56691
1793.7803
536.13702
1229.8265
754.47219
1285.2673
2329.4778
1250.9608
1317.8972
1887.1843
1920.469
2047.0564
356.07213
984.76936
2262.788
2480.2802
2895.778
2680.1953
2637.9602
3107.1106
2911.615
3555.3025
2796.5188
2530.2717
2496.0639
2042.5606
2588.1279
1925.6756
3723.2474
3279.3665
3072.9785
4553.2839
3575.664
6407.6604
3341.1124
7639.7139
-171.11335
-5108.162
-6409.8903
194.80084
3213.2681
7391.1132
10917.015
12043.405
12535.108
12822.658
11860.675
11934.321
10507.381
10171.204
8226.2495
6286.5461
3591.6319
-39.180615
-579.93037
-531.97469
-74.493963
561.4027
1225.4339
498.86342
163.90152
277.72715
-622.69477
1599.3927
2163.5973
624.24335
1863.5489
647.72338
-700.14256
1847.4976
-227.68933
1101.2917
-176.98025
-797.14939
596.93997
-68.46907
1809.5815
359.32352
1115.9536
805.38615
1152.2727
2321.524
1254.7949
1248.1582
1826.6964
1789.0188
1971.4335
266.44933
1209.8249
2379.212
2386.6759
2716.1097
2652.1072
2672.8952
3077.151
2991.2987
3419.2777
2790.1455
2593.9231
2535.6679
2162.8376
2652.3514
2110.3142
3587.5966
3479.4614
3472.6813
4296.6565
3875.5511
6523.3849
3278.0389
7951.8514
-1256.7564
-4783.6988
-9312.8606
-820.31747
2583.7777
7180.5965
10386.474
11716.818
12049.881
12358.674
11503.785
11532.909
10337.539
10080.096
8250.3161
6128.8689
3504.4933
382.51789
-763.21129
270.87388
108.56665
743.88066
1004.5618
363.81013
163.18646
89.002562
-1203.6035
1621.8842
1622.7133
385.38918
1671.3054
472.41794
-696.30594
1892.9259
-849.31691
810.88902
-54.396621
-856.38714
758.95716
77.416989
1583.1713
355.62918
1058.0361
740.05282
1032.6141
2271.9031
1292.3985
1273.1418
1828.6344
1548.2864
1862.004
749.6456
1456.141
2017.7061
2304.2038
2573.6033
2640.5455
2782.5473
3081.7053
2747.4728
3269.624
2782.87
2574.5641
2522.2729
2378.2454
2729.4492
2253.4914
3661.9424
3345.0206
3509.3723
4505.5755
3894.9553
6667.4515
3290.8005
8290.1903
-3305.2571
-6107.6207
-12965.155
-1152.5757
2436.8721
6925.1692
9312.3393
11367.541
11641.827
11861.917
11135.06
11138.351
9930.17
9588.4557
8061.1427
6142.6383
3654.2914
512.16875
-896.04052
98.131368
293.39599
711.24774
1022.0283
417.32754
10.110796
-67.594887
-1660.7879
1372.3988
3.0553226
-1248.7435
1581.5668
670.66887
-303.51472
2010.8051
-522.71638
964.71453
178.75086
-119.9287
1064.8201
256.23785
929.15747
81.797156
852.08101
697.52828
1098.9665
1971.3988
1401.148
1382.1506
1527.2665
1341.4363
2021.5863
1285.4894
1700.6353
1658.9797
2236.4359
2476.0246
2685.8647
2690.9189
2942.3712
2867.4604
3255.0603
2731.577
2689.588
2674.9778
2340.7509
2765.1768
2392.3695
3444.9245
3311.4214
3463.3508
4358.9475
4025.4632
6728.3414
3037.2549
7817.6534
-5960.9945
-7560.7297
-14282.742
-46.718403
2664.7857
6672.6633
8578.1617
10947.698
11215.291
11456.161
10767.538
10785.381
9681.4562
9314.8815
7707.2625
6153.1695
4288.7864
1244.1112
-952.35018
503.03164
522.77145
854.96102
749.14824
256.97881
-23.908648
-287.34574
-2110.163
831.48349
-961.59245
-838.36561
1136.9798
1034.0095
116.1727
2120.9481
-542.93633
1077.2988
263.31476
-57.340009
955.64659
-0.90828092
904.12062
229.36933
982.4129
227.80399
648.05795
1593.061
1118.0215
1447.0352
1473.9381
1574.5598
2043.9845
1044.6066
1955.7274
1722.518
2186.3052
2239.3457
2622.0794
2660.4172
2964.2922
2676.6467
3175.4074
2800.951
2597.0747
2496.8429
2557.102
2808.4863
2533.1603
3678.8196
3292.8723
3629.5038
4466.2744
4079.7817
6645.158
2935.6796
7641.7351
-6432.5749
-7035.4376
-11677.385
457.41143
3209.8258
6538.7124
8376.9752
10244.535
10713.921
10969.539
10385.288
10388.041
9470.006
9048.3108
7598.4957
6052.6629
4470.235
1783.8916
-920.99646
327.11046
475.00973
797.68099
329.42926
96.184367
-423.2075
-583.44378
-1808.6252
162.19237
-1080.3278
387.41132
1429.6215
1138.6961
103.65867
2251.0084
-142.7109
1166.0604
390.11783
387.75497
1207.6305
343.24831
1548.5126
639.0575
1542.0371
283.22593
345.07522
1851.9507
1201.7082
1481.0718
1630.3938
1929.161
1357.8106
460.33767
1864.7322
2024.5857
2275.3694
2246.5749
2395.7376
2707.6646
2934.0632
2775.6639
3024.6723
2763.7188
2679.5247
2703.4912
2519.0259
2807.1021
2693.9168
3489.2834
3374.9092
3672.1617
4247.4866
4041.3241
6408.8582
2973.6288
7657.1119
-4547.776
-4571.447
-7549.9244
1062.5398
3364.5165
6443.9351
8460.0467
9740.2591
10270.788
10537.901
10038.322
10013.288
9000.5523
8602.4406
7328.8847
5842.7978
4357.1117
1932.0978
-761.43462
612.42384
780.38331
936.03384
504.63351
124.41037
-465.29019
-1065.1501
-1564.4399
-959.88724
-1554.6991
2360.1456
959.73937
859.91683
72.714176
2291.0428
234.69513
1726.4175
1015.6938
763.71234
558.37221
371.60701
1634.1695
565.60263
1735.8022
918.78764
635.78614
1908.1236
1371.6348
1255.2737
1546.5129
1809.493
1033.0789
308.49093
1697.5958
1688.8555
2178.2478
2357.7681
2410.9235
2532.0782
2875.883
2604.1794
3024.904
2741.2989
2637.0948
2653.7325
2659.9547
2902.7459
2775.4024
3548.4347
3275.8224
3462.9487
4313.1547
4002.775
6250.0497
3087.655
7095.6613
-2614.8475
-2739.3301
-3989.3601
2565.6653
4652.3644
6596.1405
8495.8709
9465.1974
9904.132
10116.099
9671.6458
9659.3484
8822.9141
8357.4156
7022.4171
5647.9442
4108.8766
2085.474
-616.15719
533.79028
610.03655
837.4879
639.99804
388.17947
-1106.0388
-1763.2106
-1787.6846
-679.67797
-2139.5832
81.803702
-87.264485
447.49024
-472.95676
2313.7892
-38.789488
1235.7143
412.18772
39.49891
1346.3905
322.74116
1228.7507
817.36689
1527.2161
1125.3694
833.18495
1527.5148
1298.89
1294.1687
1608.4259
1346.4699
1426.1035
1636.4473
1857.321
1622.3661
2229.4377
2212.1698
2480.5362
2554.0156
2828.3969
2682.9679
2906.0918
2729.9608
2632.4882
2705.2042
2654.3121
2844.7444
2981.8268
3421.4778
3365.7617
3730.4797
4096.5161
3608.9947
6092.9686
3283.5322
6865.5619
-1166.1003
-1400.6256
-899.50138
3374.6563
5140.3726
6571.628
8270.5645
9212.7538
9534.6109
9793.1815
9375.2131
9214.6967
8423.9191
7967.3927
6788.6448
5496.5821
3941.4775
2150.6209
-499.14983
657.29526
760.96955
805.55225
536.45522
200.83352
-1561.7459
-2379.5728
-2114.3954
59.218597
-2383.2203
-1708.0328
-1119.4684
561.38931
-372.33781
1965.2812
-97.1003
1664.7321
576.24258
861.25314
669.62598
453.36763
1529.4343
934.18632
1783.9958
1293.7291
888.526
1298.0885
1295.9225
1667.7008
1788.4619
1120.9085
1548.6693
1276.0384
2094.3427
2106.8892
2066.3247
2342.4664
2486.4841
2429.6779
2805.0898
2542.1355
2898.1813
2632.142
2656.9275
2714.0417
2748.8148
2961.1158
2952.0572
3537.8706
3285.7353
3885.2651
4226.3749
4100.5148
5978.0979
3547.3322
6171.0236
-214.14482
-290.2983
1596.4644
3944.6329
5344.0667
6477.73
8108.0241
8888.4995
9138.2444
9330.5802
9050.5236
8937.0715
8128.7106
7657.6254
6500.5892
5210.1401
3722.848
2151.5898
-398.87461
583.58191
629.33564
720.21882
563.9026
429.63121
-1532.3323
-2229.5376
-1636.0839
341.83901
-2987.0846
-1589.8593
-419.99956
897.53787
-188.38595
2269.4148
370.7635
1029.6589
726.27316
-145.08581
1351.105
697.1408
1201.8325
923.46936
1159.025
1191.9814
1110.0782
1487.5686
1472.389
1327.9814
1769.5603
787.21099
1007.0148
1519.4825
1629.8822
1907.777
2120.7056
2175.2938
2435.8153
2424.5132
2726.2534
2602.3114
2752.5554
2679.1431
2714.5653
2689.7547
2753.0788
2869.2127
3131.6014
3419.4206
3228.2195
3924.6275
4006.3344
4053.1666
5662.4306
3818.4306
5826.9031
763.29645
743.83182
3105.4126
4313.2915
5280.307
6435.7051
7908.3346
8740.2059
9016.6522
9015.9908
8698.518
8513.4968
7812.2404
7318.3907
6227.8428
5057.01
3558.2445
2118.4268
-310.36531
654.40379
682.31866
681.57928
548.14963
186.48091
-957.41751
-1923.0498
-916.9162
230.34077
-1327.8883
-1108.8696
14.155019
602.94868
-93.448756
1487.2732
103.91521
1345.8172
975.45307
687.85309
430.08983
673.6171
1295.7864
887.80644
1747.2623
1275.1746
884.37795
1038.4629
1476.059
1650.9033
1983.1574
1129.9462
1461.3428
1548.0545
2360.2773
2040.6693
2058.1938
2245.9047
2457.4939
2352.7941
2697.6844
2487.8167
2775.9157
2617.8076
2664.6862
2729.0411
2806.0841
3016.1947
3012.8346
3446.9614
3521.5846
4009.3092
3877.5703
3847.9604
5710.5052
3921.6326
5951.5581
2581.0645
1222.0336
3631.6102
4136.1837
5007.09
6381.3081
7716.0497
8352.5136
8498.9644
8657.2224
8430.2501
8230.4561
7505.4865
7007.5827
5963.2244
4795.9316
3379.9729
2066.398
-233.846
578.56351
589.10163
605.52046
466.184
170.13
-727.66809
-1418.6763
-190.241
845.11199
-288.49787
784.07695
117.41465
53.867186
-495.32818
2235.3351
160.87022
753.73303
539.23796
57.055318
1277.7243
795.73524
1067.325
836.97377
899.11714
1138.6989
1251.821
1518.9593
1137.5335
1125.7137
1882.2701
1200.5628
1352.8512
1073.1236
1743.8173
2021.4907
2047.2295
2099.0234
2293.63
2236.2243
2658.7069
2511.9767
2658.0581
2597.7664
2696.2162
2657.1779
2785.8626
2861.8016
3210.1307
3190.7882
3140.7505
4205.3118
3891.5242
3947.1013
5641.5602
3999.964
6119.6873
4426.1002
1637.5395
5153.6285
4265.1385
4694.6622
6274.8309
7519.1748
8261.9955
8417.0553
8259.7254
8041.5975
7861.9515
7204.429
6691.3955
5693.6471
4597.3121
3221.2495
1997.3977
-164.98143
623.77568
617.19801
590.91048
470.66105
154.15956
-216.24196
-793.90477
157.19852
-78.855684
148.81935
976.2457
1084.9125
295.52728
134.66298
2040.287
260.97164
771.36348
995.82322
717.29692
401.11823
606.26124
1246.0012
788.01936
1819.3917
1046.2771
722.91354
1179.6129
1614.6393
1686.0502
1944.4994
1128.8224
1496.0071
949.84744
1637.9256
2129.1342
1839.9341
1988.1214
2511.8877
2356.591
2532.5943
2428.6281
2673.1908
2604.5212
2655.1132
2757.0839
2824.92
3071.2017
2922.6972
3217.6559
3673.1725
4198.2632
3693.3633
3858.3982
5399.4513
4102.2654
6081.4902
5857.0901
3443.4165
6045.0245
4454.9834
4819.8501
6334.0513
7227.149
7748.7224
7904.124
7978.6133
7817.7995
7547.3
6909.1102
6392.9116
5439.814
4378.559
3073.1349
1920.1001
-104.24314
548.51289
533.98706
526.20285
377.29558
226.87108
-68.906844
-367.35666
404.30732
-189.07936
183.14482
2048.844
1260.2727
-875.09368
-407.36627
1895.0235
-60.345018
-135.39125
646.12557
125.82486
1715.9774
1174.1943
1305.397
900.40697
1044.8256
1040.1852
1175.1305
1742.9792
943.01805
1075.2199
1712.7482
998.70326
1101.7286
1518.4551
1849.9049
1825.1674
1763.7691
2078.1254
2415.1229
2197.8712
2543.4412
2390.7289
2590.6578
2501.6601
2641.2822
2610.6351
2784.3175
2828.1136
3200.0332
3126.7297
3630.3995
4081.7185
3272.4308
3495.6859
5300.1086
4281.3114
6026.7459
6322.4392
3966.6133
6752.8431
4917.7375
4976.7645
6170.7927
6796.8736
7596.1019
7708.0398
7584.8385
7400.6619
7221.3393
6618.5857
6099.132
5191.7447
4173.1254
2936.0362
1835.907
-50.023232
588.02945
577.64736
549.66791
486.55509
373.46344
427.27249
186.3212
356.64254
-633.06528
-526.06414
1262.1297
695.98519
300.40104
188.36299
2280.2745
262.97215
717.19877
262.55962
520.40511
660.94562
761.97181
979.63614
757.28156
942.1932
1066.0081
664.93115
1562.3515
1442.0496
1431.5079
1892.3598
482.6526
1686.1107
853.54826
1187.6303
2133.0038
1840.1844
2137.1434
2324.8406
2270.1999
2400.4075
2372.9648
2555.3227
2561.0718
2622.7564
2763.3914
2784.4814
3083.1265
2852.6701
3245.1144
3649.8618
4315.4252
3812.4964
3815.4489
5038.4169
4603.0002
5901.545
6275.4104
5524.0424
6976.6677
5782.7542
5206.2175
6321.1401
6707.3428
7092.118
7417.5805
7343.6465
7181.6171
6912.8438
6338.3318
5816.3344
4953.7623
3972.9921
2807.919
1748.3655
-1.8227846
512.88168
494.02586
479.9403
369.88153
333.31919
84.544139
73.935408
428.08592
399.79291
-488.68031
1274.2941
-407.93572
-1988.7859
78.793754
2833.9161
-714.18806
-2641.8702
908.67906
1506.1282
1582.8158
1123.3851
1250.8092
1066.4448
1170.8627
1172.5547
1252.5188
1288.3796
1238.9897
1024.5961
1388.5716
519.55699
2021.8953
1008.7198
1590.6862
1841.9986
1688.8644
1965.2269
2273.6994
2193.2966
2430.168
2293.4152
2505.5381
2410.7365
2576.165
2557.6853
2765.3274
2799.885
3123.269
3292.2406
3707.542
3966.739
2871.2712
3633.9975
4999.8335
4647.6373
5560.5714
6202.4187
5534.3436
6176.5133
5887.6504
5616.6913
5892.501
6258.3088
6730.6638
7084.8492
6977.2209
6802.0312
6609.9996
6062.5353
5541.9924
4724.2393
3781.7658
2686.5503
1658.1473
41.154134
561.51387
559.37754
536.02762
538.26647
463.33438
616.30817
460.56728
676.39816
-318.0682
1307.5427
1144.4964
-2804.2028
-686.9663
1417.0096
1120.0705
-835.17163
-713.9102
706.65597
435.73078
595.84954
666.77253
865.1747
683.94108
1103.7577
961.55418
996.83384
1267.6007
1195.113
1629.8659
279.2145
581.64987
2210.1373
-69.928155
524.6521
2245.8454
2086.8373
2001.4773
2340.352
2170.6481
2306.4821
2308.1873
2428.9431
2509.1964
2550.7868
2766.2247
2672.58
3108.3706
2728.2593
3259.6311
3451.905
3707.4888
3308.1445
4207.8403
4760.9568
4424.5994
5796.3985
6133.2494
6166.5267
6788.2796
5452.4332
5735.8644
6060.2244
6265.5899
6573.1209
6785.0545
6728.4503
6475.4429
6215.5097
5683.7544
5167.6059
4404.4529
3517.0625
2514.5108
1525.0476
96.439635
477.33438
468.70099
438.97583
395.59755
332.18164
234.84307
162.62854
-43.145946
-166.57405
537.41199
-16.844644
1318.7199
-779.12333
-1569.1691
348.15007
-64.616936
547.03463
934.90249
1049.2664
1335.317
1063.3304
1116.534
1111.8208
1042.2796
1061.2381
1177.639
1452.3334
1189.7346
1582.7829
804.89602
820.56077
1500.2349
-389.98888
697.58177
1829.7024
1618.2507
1679.9872
1942.394
2081.1384
2259.8871
2180.6489
2373.2453
2296.4434
2480.9545
2458.629
2720.1581
2718.3699
3038.6888
3275.8996
3413.2735
3797.8212
3334.2838
4480.5628
4120.9999
4116.0697
5105.1
5838.3919
5982.8162
5793.0497
5220.5434
5475.8947
5468.4059
5904.5223
6239.0529
6307.1515
6122.8709
5986.839
5712.4074
5240.5342
4725.2055
4029.557
3205.5953
2307.3133
1364.7004
153.29891
535.3285
538.64113
520.32532
539.01939
500.19896
559.36242
502.49735
490.28379
640.8129
152.22482
2076.5587
-204.35334
-2508.6161
-1208.0726
700.52244
108.67097
69.508056
802.70091
400.73149
685.93163
542.70332
929.1738
666.41172
1248.9443
895.8617
1029.6942
1052.0068
1166.1109
1000.7877
1099.9519
1724.8904
-91.943777
511.12669
2821.4513
1901.3093
2069.7919
1888.898
2211.2592
2024.9854
2193.4705
2181.8053
2292.575
2380.9226
2434.4578
2652.8129
2543.1857
2988.6362
2632.0065
3297.2839
3172.8853
3679.1816
3576.417
3974.0843
2618.7834
3968.8892
5726.7574
5347.2934
5301.4428
5466.9136
5294.2082
5118.0861
5324.4511
5663.6128
5762.2149
5797.7922
5779.5412
5533.0816
5279.4369
4828.1059
4328.0728
3687.8303
2925.627
2112.4738
1226.6155
195.71883
454.78969
454.92603
425.01861
424.92002
371.19085
412.22268
322.9005
705.10353
431.30638
423.93155
546.39094
-274.28935
414.96602
916.84249
1276.8371
91.066638
523.96801
815.36565
943.63798
1081.6574
1024.7774
1008.9293
1090.1576
1009.5359
1153.158
1103.3879
1378.7431
1139.7832
1516.8217
1237.8282
1713.7558
999.62638
755.56473
802.63693
1516.4741
1505.874
1585.6689
1785.0561
1900.9581
2065.8549
2069.5682
2228.4643
2208.0197
2368.5524
2384.5423
2603.7063
2630.1178
2941.8872
3080.5379
3276.5453
3448.9016
3681.6824
3378.2292
2930.493
3853.6776
5224.4464
5213.4609
5295.7874
5309.6424
5151.1658
5145.3751
5225.094
5364.3055
5454.8306
5479.7052
5314.5228
5139.6706
4862.1592
4452.2944
3967.9214
3378.3055
2673.767
1933.552
1107.1186
223.1517
514.12867
520.32359
504.57254
532.84858
493.11294
553.54056
456.96192
547.28747
236.82337
237.94839
758.53794
177.00506
-490.23327
-582.29035
505.70631
404.67976
493.82681
683.73776
467.49306
756.99261
512.78375
945.15179
617.12704
1119.2507
784.99968
1025.3011
896.0175
1065.0909
924.07565
1076.0751
967.73489
890.59964
1305.7828
2063.9673
1635.0892
1951.8822
1762.9046
2046.4339
1890.6792
2072.8593
2047.0969
2162.4331
2238.8037
2310.9687
2501.4538
2427.2791
2834.9151
2510.1408
3164.0368
2938.7768
3587.7853
3238.8034
4139.3938
3352.5514
3635.8441
4360.4375
4561.094
4645.3511
4785.2522
4696.2793
4698.4039
4799.4015
4986.6595
5057.876
5026.8106
4966.9977
4754.9969
4488.8779
4105.0319
3643.4349
3097.6687
2447.728
1770.7564
1006.941
234.47272
434.73949
438.28071
413.84102
428.30462
391.65563
429.54067
408.19486
498.71705
505.52634
607.60304
885.06551
478.34488
457.95812
650.49118
1059.2834
342.2903
684.45278
683.29797
876.42899
890.35074
976.53104
898.40956
1050.3566
932.44729
1137.7457
1037.186
1284.7883
1098.646
1395.1472
1211.0413
1432.768
1178.6167
1041.0426
1394.7941
1363.5667
1472.8024
1511.1097
1681.993
1768.3527
1917.0403
1960.9793
2091.0344
2118.2247
2246.8296
2299.9693
2458.3624
2522.0933
2794.2165
2875.4515
3103.8876
3176.0121
3307.3958
3059.4011
3351.3975
4076.9912
4470.0714
4444.0273
4720.945
4743.4491
4758.8175
4690.6456
4800.612
4766.1624
4791.8874
4739.6903
4612.759
4412.3519
4145.382
3787.6859
3349.6128
2843.1136
2244.7576
1622.9797
922.80572
234.43292
494.64888
501.42295
489.75913
520.53399
481.86295
553.1488
450.77406
576.21646
368.2356
420.06975
409.1246
242.37818
84.624138
130.82105
515.83481
472.01601
545.19804
652.04101
502.41205
771.82639
506.72489
915.8294
587.73641
1022.2432
717.13246
978.69624
825.04402
998.0485
929.57159
1028.9511
1126.0478
993.86461
1253.7894
1642.6666
1522.9853
1770.1099
1644.9159
1877.9808
1770.8802
1927.6708
1917.7336
2030.446
2094.5493
2183.82
2333.4587
2315.0093
2653.7837
2381.8413
2985.0602
2663.8627
3338.5147
2951.4762
3639.8326
3499.4395
3497.2453
4138.3577
3971.5437
4129.195
4206.3606
4223.9548
4265.3632
4316.995
4417.1139
4450.673
4393.1712
4292.0852
4092.535
3833.4013
3496.3041
3083.4709
2612.0786
2062.2866
1488.9795
849.37631
228.58404
413.23469
416.50046
396.79203
410.47785
385.02101
416.13218
394.12793
447.5108
461.67674
560.78804
634.65163
536.12496
500.0658
508.59211
791.12147
436.05302
700.44089
598.87761
811.64472
740.83886
909.93936
810.51776
993.12448
869.57139
1076.4072
976.07437
1181.2515
1056.1914
1267.218
1160.6998
1277.5578
1209.9641
1147.0704
1343.7519
1287.3213
1434.6018
1452.7042
1599.6769
1666.6476
1797.6115
1851.5069
1962.1735
2018.7175
2118.9512
2201.0028
2299.5746
2408.3162
2594.1575
2662.4287
2910.711
2939.8572
3087.8695
3089.8052
3176.4599
3602.4827
3948.4562
3985.2317
4227.6058
4199.6334
4281.5971
4193.9397
4293.1403
4201.7835
4201.1047
4107.3713
3996.1911
3799.4116
3548.2586
3229.6194
2841.9391
2402.3169
1897.6469
1367.4781
784.15868
219.28756
475.48414
481.22879
477.37165
500.24572
472.39142
529.15486
460.4913
536.84173
462.47997
472.45357
426.70396
372.24746
397.63703
363.05085
541.84516
510.55254
547.87339
647.39635
507.38798
764.10266
509.21771
868.82952
574.92705
930.21625
682.95482
920.52187
791.48885
945.8894
910.35362
993.7157
1071.1583
1060.8065
1219.0822
1410.2467
1418.8392
1578.4126
1541.5548
1695.8416
1657.3798
1778.9135
1797.7413
1900.0284
1960.3155
2054.4899
2164.3381
2201.1266
2459.5949
2272.1807
2869.304
2447.7789
3144.8559
2757.1771
3382.0978
3281.3509
3303.9772
3672.9232
3556.0385
3732.7381
3758.5655
3835.1468
3861.0493
3899.2136
3924.8674
3925.0279
3832.7013
3721.3884
3528.88
3287.129
2985.5105
2622.3291
2212.0191
1748.3195
1257.4551
725.54205
208.18223
388.97397
388.78464
377.69784
388.30689
369.15992
392.82173
371.56571
414.97784
408.4368
465.31984
476.42934
457.65849
443.2265
430.78538
609.47911
450.22406
649.12487
550.80974
741.385
660.12879
832.26005
742.46579
914.24665
814.69509
989.76471
915.27014
1071.7334
998.29566
1144.9033
1092.6255
1171.1475
1174.1152
1153.8027
1294.5002
1252.041
1380.8676
1400.6303
1522.8718
1577.543
1689.8326
1739.0126
1836.226
1898.5934
1989.6025
2081.572
2148.6801
2281.5802
2374.8433
2473.1494
2644.7051
2667.801
2835.6632
2924.1184
2996.9954
3272.6767
3531.0796
3570.6476
3750.9236
3707.9866
3792.7983
3713.8475
3781.8625
3697.954
3683.7925
3579.9329
3467.0406
3279.5267
3047.4571
2762.0674
2422.2015
2039.3868
1612.2527
1157.8847
672.27463
196.36693
456.77534
457.45828
459.63102
472.07955
460.55247
497.07666
462.68819
508.57825
477.46266
485.90931
471.14557
455.17294
480.5098
460.8688
549.34053
536.09334
537.15362
636.73608
507.82769
733.3236
514.28184
813.00644
571.25559
848.91712
669.20752
862.94307
774.46035
900.24848
886.84494
959.76415
1017.3059
1057.1916
1153.2848
1257.8809
1310.1981
1417.7762
1427.5658
1536.4238
1543.2877
1640.6538
1682.8848
1773.9409
1836.7294
1924.046
2012.909
2075.1554
2256.9116
2177.2604
2627.4672
2327.4044
2901.304
2606.4539
3064.0088
3004.0929
3067.1693
3271.7084
3225.0441
3390.7747
3393.7935
3488.4415
3479.8975
3517.0234
3472.6388
3451.9366
3344.6936
3230.9681
3049.3733
2827.2226
2557.3439
2239.4682
1882.5497
1488.0512
1067.7281
623.41944
184.49611
366.45038
366.4151
359.79679
365.52743
353.06401
368.26642
352.6988
382.11724
371.55814
407.71786
406.65013
409.2418
425.70763
408.0544
515.07179
443.6613
584.287
519.57729
668.25936
607.78958
750.94391
689.41016
825.53219
765.14586
890.99422
854.0979
959.55357
930.41873
1029.576
1013.776
1078.8411
1101.2442
1121.0816
1210.9962
1212.8532
1312.1486
1342.2961
1441.2035
1486.7515
1578.6983
1626.1666
1711.9808
1774.6323
1858.2935
1942.3912
2007.2869
2153.6341
2160.2517
2332.8229
2385.3137
2496.4434
2584.2759
2710.9452
2782.2337
2972.4785
3144.8922
3178.2834
3308.2066
3271.3854
3341.2378
3290.6302
3324.0737
3262.8316
3234.966
3125.9246
3011.7267
2836.7161
2624.5485
2369.5705
2072.3057
1739.7133
1374.6183
985.92368
578.34862
172.95605
430.18265
430.28006
435.09131
440.65325
442.74077
462.88646
451.76393
479.40683
468.3711
478.05852
475.59747
472.02451
492.34437
486.52694
525.99562
538.7964
522.72907
613.27185
504.19319
688.75687
516.04422
749.3996
572.16501
773.47705
663.09626
808.18773
762.28779
856.68142
863.43305
922.5983
972.33999
1021.6895
1086.6546
1162.9787
1207.3371
1287.8251
1317.6417
1401.472
1437.4684
1520.9973
1569.8166
1650.5896
1712.4266
1792.3861
1872.2652
1937.3386
2079.2748
2060.3661
2350.8783
2218.5926
2598.1854
2448.0693
2748.8152
2725.4733
2812.3295
2937.1479
2938.5895
3072.7623
3065.424
3142.1995
3102.917
3128.2034
3064.4431
3030.7142
2922.13
2807.9189
2639.9882
2437.7657
2197.126
1919.1394
1609.2756
1270.962
911.46647
536.65158
161.92839
347.4048
346.36272
343.27602
344.47927
338.67403
346.2204
338.00227
355.04148
349.21159
369.7154
373.22137
376.9221
403.4426
392.86398
463.64449
432.55605
522.77635
496.23905
597.03903
570.7406
668.27821
641.72559
740.43861
721.36366
792.63112
793.00573
852.78704
859.71349
923.73794
932.7502
989.9277
1019.0514
1057.1004
1121.4813
1155.927
1231.2508
1268.2238
1346.1324
1387.0147
1464.0559
1513.6606
1589.7102
1650.2169
1726.4321
1802.0853
1866.9144
1994.582
1989.8723
2190.5693
2168.1258
2338.5213
2360.6934
2509.4599
2566.696
2684.0643
2802.535
2824.2023
2921.9398
2901.6294
2964.8959
2925.5467
2943.1011
2877.168
2838.6787
2732.0878
2618.3168
2457.7655
2265.3962
2038.5353
1778.5646
1489.8742
1176.1134
843.4716
498.04154
151.47443
400.33368
400.47091
405.93412
409.76478
417.36794
427.68183
429.85006
446.26323
446.17407
454.66514
458.97889
461.10455
476.71127
479.50609
498.30981
521.00436
505.19845
578.20506
494.57301
636.72393
510.59171
682.72423
569.36449
704.06078
651.20603
754.80917
741.8479
810.63819
831.17272
878.30902
923.71246
971.22231
1020.6329
1079.1464
1118.0825
1184.5279
1223.557
1294.1224
1336.7012
1408.0198
1457.7167
1529.3321
1588.1433
1660.6134
1731.9432
1795.4458
1912.1479
1917.7889
2102.4012
2080.0675
2308.1758
2263.1709
2451.6745
2462.3811
2550.5062
2641.1863
2663.9288
2755.2902
2740.6682
2794.5935
2756.6792
2766.5916
2700.9292
2658.0128
2554.6126
2441.7723
2288.7217
2106.0896
1892.4543
1649.3426
1380.372
1089.2037
781.2386
462.34137
141.6617
292.67941
290.44575
286.16001
283.36962
277.98537
277.4982
273.51513
279.4781
279.65904
291.47559
302.07301
305.51677
337.99196
328.69666
396.45397
368.08899
467.67796
423.84688
553.96682
491.59337
633.62555
560.51248
708.04294
651.12124
740.27173
721.71893
778.53029
785.108
838.42795
849.60279
899.69667
929.5427
969.08298
1018.1115
1057.8433
1115.0474
1155.7774
1217.4031
1261.0902
1324.8323
1373.8374
1439.1896
1495.039
1561.9928
1626.526
1684.9333
1792.449
1810.3923
1950.0138
1957.6054
2087.6797
2115.4371
2225.8987
2278.942
2354.8156
2430.1482
2452.9016
2521.5094
2510.8354
2550.1901
2514.8386
2514.2512
2450.7703
2402.1288
2304.7449
2194.1462
2052.2936
1884.0576
1689.4678
1470.1001
1228.8042
969.00222
695.18629
412.50024
127.71408
360.29066
361.72181
366.94601
372.28436
380.92675
389.38338
398.26668
408.28257
416.2173
424.30191
431.39706
438.22788
445.9946
453.87874
459.00351
480.12834
467.14384
513.83554
478.69382
548.3238
500.03281
575.89914
550.14748
606.20876
616.84995
660.53822
687.08322
719.50954
754.13628
783.58727
821.61394
857.63181
895.65258
938.55947
977.27135
1026.0239
1066.1413
1118.939
1161.6973
1217.2592
1263.9311
1321.7603
1373.304
1433.3603
1490.3547
1550.664
1626.5332
1668.6878
1762.3551
1796.5508
1891.8627
1928.9157
2011.5363
2058.7659
2115.1543
2169.894
2193.3086
2239.286
2233.1977
2255.8436
2224.347
2213.2474
2154.9621
2101.2767
2012.7741
1908.2452
1780.2898
1630.1717
1458.5407
1266.9047
1057.5267
833.35685
598.01804
355.66212
111.34036
272.52779
270.61164
268.17706
265.82625
263.60635
262.6081
262.42514
264.60591
267.98514
274.25689
284.92444
287.26403
315.64613
310.54313
350.40332
347.19579
396.58014
390.87569
444.09174
442.4724
495.50065
492.24085
543.19517
553.49279
583.0313
607.89722
634.17921
662.10637
692.87471
721.05887
754.05408
787.62263
822.29963
860.31966
896.66466
938.99776
977.1392
1022.9919
1063.5103
1112.0851
1155.6743
1206.6272
1253.75
1307.0556
1357.9669
1414.9164
1471.9824
1523.4659
1587.6315
1634.7353
1699.2077
1744.9332
1802.4759
1847.6995
1891.3409
1931.1746
1953.6302
1982.6678
1979.3545
1989.2792
1961.4754
1942.4387
1890.4888
1834.3625
1754.4655
1658.3085
1543.3573
1410.0848
1259.2287
1092.1021
910.5978
717.17685
514.78246
306.73463
96.956724
285.36971
286.66959
290.0088
294.65662
300.77119
307.5579
315.00062
322.74326
330.37859
337.99497
345.43415
352.69763
360.50463
367.54633
376.36004
385.30583
394.77412
407.25906
418.56045
434.66065
452.44195
464.09788
490.82085
506.84493
531.17982
554.44123
578.71637
604.25972
631.38565
658.13127
687.47327
717.99223
749.46618
783.29522
816.73931
853.85096
889.23453
929.25838
966.83833
1009.3447
1049.4066
1094.0566
1136.6034
1182.8694
1226.1035
1282.677
1329.0456
1376.3105
1426.4395
1472.6102
1521.5645
1564.9693
1609.057
1647.4261
1682.0298
1711.4403
1731.1518
1748.5028
1746.3634
1746.9456
1722.9772
1698.3777
1652.55
1596.9323
1524.8645
1437.8917
1335.4584
1217.8632
1085.8328
940.50729
783.47046
616.7673
442.79905
264.23198
84.196002
245.13681
243.92792
242.51182
241.21024
240.37047
240.32169
241.23576
243.42922
246.96935
252.14663
258.98644
266.24012
280.39547
284.60745
309.22915
309.80455
342.55427
341.98646
376.04226
379.79994
408.7767
419.10057
442.67609
459.81492
480.55575
501.67328
523.69158
546.72579
570.81838
595.66408
621.81045
649.17919
677.49213
707.47842
737.79719
770.38971
802.63776
837.64104
871.87747
909.02987
945.30766
984.33377
1022.5491
1063.0556
1102.8203
1149.0373
1190.3719
1232.0207
1273.9853
1314.471
1354.5766
1391.8993
1427.433
1458.9734
1486.4428
1508.8047
1524.1822
1534.3644
1532.1871
1526.5444
1505.6978
1478.551
1437.3674
1385.2543
1320.2999
1242.5681
1152.0045
1048.906
933.92184
808.04267
672.60859
529.29811
380.07691
227.09326
72.867604
222.81491
223.02307
224.40245
226.94002
230.58002
235.14033
240.38535
246.08979
252.07266
258.26419
264.61706
271.14439
278.12965
284.92213
293.56284
300.51657
312.78981
320.15327
337.19632
345.89704
365.14442
377.86372
395.83478
412.68211
430.73621
449.59792
469.2592
489.81069
511.35148
533.62742
556.91267
581.22762
606.46646
632.90822
660.01484
688.58049
717.48644
748.04825
778.71577
811.09704
843.48473
877.46042
911.40419
946.65284
982.04132
1020.2674
1056.4176
1092.4279
1128.0064
1162.5261
1195.8937
1227.1481
1256.0908
1281.6989
1303.4408
1320.5264
1331.8814
1337.647
1334.4934
1325.7473
1306.8247
1279.756
1242.4101
1195.0541
1137.0776
1068.3866
989.03195
899.31127
799.81178
691.38096
575.13615
452.46014
324.96454
194.37888
62.740157
198.34784
198.35492
199.01703
200.19576
201.76789
203.72972
206.15171
209.14809
212.85191
217.40141
222.88969
229.33849
236.9041
244.92529
254.76854
263.45399
275.26438
284.53801
297.66504
308.48546
322.63299
335.83523
350.55888
365.68208
381.56816
398.20762
415.57886
433.75079
452.68345
472.3763
492.90373
514.29316
536.51524
559.65652
583.54351
608.43617
633.92797
660.4756
687.49947
715.56219
744.01616
773.39778
803.08402
833.51407
864.2725
896.1908
927.30338
957.99187
988.07523
1017.1222
1044.858
1070.7062
1094.2561
1114.8631
1131.9663
1144.9389
1152.9978
1155.7843
1151.9279
1141.9417
1124.2519
1098.956
1065.316
1023.1082
972.04217
912.06044
843.25254
765.89662
680.50886
587.80907
488.72633
384.39589
276.12792
165.33291
53.640975
173.77393
173.72892
174.22852
175.22844
176.69468
178.662
181.19983
184.35446
188.11798
192.46143
197.36154
202.83377
208.92388
215.64333
223.20252
231.22477
240.28137
249.44285
259.74108
270.16448
281.65864
293.4992
306.09763
319.26724
333.08251
347.54188
362.65499
378.52084
394.95653
412.07624
429.90886
448.46793
467.751
487.77353
508.48899
529.96196
552.05994
574.90365
598.29926
622.38915
646.95009
672.10619
697.62488
723.57669
749.80308
776.55366
802.85348
828.69324
853.84914
878.01495
900.88682
922.04942
941.09439
957.54432
970.89864
980.66539
986.24227
987.06666
982.62417
972.59827
956.29182
933.45391
903.68397
866.7444
822.46259
770.81649
711.90471
645.99947
573.52897
495.09775
411.47337
323.58585
232.48964
139.32787
45.408432
149.27229
149.20837
149.61638
150.46044
151.74564
153.48197
155.69278
158.39903
161.60431
165.30846
169.51525
174.23828
179.49494
185.301
191.69716
198.61624
206.14578
214.12504
222.72299
231.7722
241.43384
251.58823
262.30105
273.53867
285.33338
297.66873
310.55631
324.22035
338.21077
352.81228
368.02293
383.84309
400.27241
417.31069
434.94511
453.17742
471.96773
491.32409
511.18557
531.55436
552.34887
573.55338
595.07206
616.85585
638.82581
661.04176
682.92299
704.33629
725.07697
744.89625
763.5243
780.62931
795.86889
808.85615
819.18595
826.42375
830.14847
829.82557
825.14637
815.70909
801.10781
781.06262
755.29871
723.63153
685.95369
642.26431
592.66269
537.38709
476.79931
411.39538
341.80342
268.76909
193.14602
115.84214
37.906293
124.95517
124.90016
125.23191
125.94485
127.03389
128.50913
130.37678
132.65072
135.33759
138.44123
141.96754
145.92295
150.32283
155.17077
160.48332
166.24673
172.47272
179.13551
186.25775
193.81359
201.83015
210.28957
219.20281
228.56673
238.39399
248.70213
259.48867
270.778
282.47293
294.6497
307.32016
320.48943
334.15831
348.32431
362.97874
378.11315
393.70928
409.75074
426.20579
443.04873
460.23196
477.71326
495.42639
513.30722
531.30647
549.46567
567.29412
584.66356
601.42023
617.35567
632.25431
645.83689
657.83749
667.92812
675.8124
681.12452
683.43935
682.51184
677.99955
669.56399
656.93726
639.88526
618.1998
591.75104
560.46985
524.3655
483.53399
438.17257
388.5803
335.15282
278.39817
218.90407
157.34854
94.441633
31.015593
100.94014
100.88976
101.15433
101.73187
102.61531
103.81361
105.33407
107.17888
109.35212
111.86007
114.70907
117.90681
121.45603
125.36587
129.63698
134.2722
139.27021
144.63144
150.35461
156.43789
162.88334
169.69133
176.86351
184.40614
192.31063
200.62609
209.37401
218.43471
227.85642
237.66667
247.86957
258.47155
269.47024
280.86399
292.6434
304.79869
317.32016
330.18886
343.37778
356.85983
370.59823
384.54942
398.65369
412.84703
427.10056
441.685
455.74081
469.39428
482.51879
494.96727
506.55576
517.05781
526.2655
533.91809
539.78534
543.61516
545.00116
543.8205
539.77972
532.62875
522.17439
508.22619
490.63844
469.31454
444.21682
415.35259
382.80665
346.7389
307.385
265.05514
220.14369
173.10515
124.459
74.75723
24.632274
76.994602
76.954135
77.165936
77.609883
78.297111
79.228367
80.399478
81.82086
83.495312
85.427027
87.618433
90.074113
92.799158
95.798789
99.074048
102.62678
106.45847
110.56249
114.94629
119.60741
124.5441
129.76113
135.25495
141.0246
147.06403
153.36908
160.31088
167.16649
174.36278
181.8748
189.6915
197.81159
206.23153
214.94972
223.9611
233.25623
242.81769
252.6378
262.69907
272.97594
283.4337
294.02986
304.71193
315.38729
325.87421
337.73402
348.04
358.21707
368.02118
377.30814
385.92661
393.70018
400.46801
406.03864
410.23068
412.92975
413.70722
412.54237
409.20953
403.53423
395.37711
384.58918
371.073
354.75648
335.62534
313.68457
289.00161
261.6947
231.94024
199.97444
166.08508
130.61026
93.934337
56.462326
18.657256
54.253731
54.21536
54.364558
54.671911
55.152002
55.800728
56.624865
57.621915
58.797217
60.152819
61.691361
63.417401
65.332125
67.436039
69.735576
72.229434
74.91653
77.801499
80.882018
84.155927
87.629187
91.297539
95.163696
99.233977
103.50081
107.98648
112.73135
117.61823
122.70227
127.99164
133.49676
139.21107
145.13836
151.27049
157.60666
164.14076
170.86575
177.76672
184.82549
192.02611
199.34808
206.7652
214.24009
221.73934
229.25294
236.9547
244.34641
251.43081
258.23213
264.62802
270.51649
275.81381
280.38754
284.11265
286.84777
288.67825
289.024
288.04231
285.56452
281.45825
275.62529
267.98162
258.45937
247.00702
233.60786
218.2735
201.05011
182.02312
161.31288
139.07977
115.51918
90.861488
65.368708
39.319376
13.034276
31.086367
30.996033
31.082268
31.243197
31.520923
31.896044
32.372249
32.950389
33.631993
34.418375
35.312073
36.31401
37.426396
38.65323
39.991531
41.445475
43.013797
44.697029
46.494693
48.4103
50.441676
52.58884
54.855124
57.239944
59.747857
62.362586
65.124964
67.997527
70.988385
74.099445
77.332616
80.691509
84.172177
87.777338
91.501137
95.338751
99.285278
103.33406
107.47956
111.7069
116.00582
120.35952
124.74814
129.15972
133.56786
137.99253
142.29481
146.47362
150.42681
154.15251
157.5864
160.66836
163.32622
165.48513
167.0783
168.09639
168.29743
167.70806
166.2449
163.84223
160.43989
155.98468
150.43492
143.77476
135.98503
127.07356
117.06595
106.01025
93.974564
81.048917
67.346187
52.996514
38.149754
22.968332
7.6334166
8.8046324
8.7667048
8.7974456
8.8311912
8.9169502
9.0229042
9.1647516
9.3374277
9.5425236
9.7815789
10.053791
10.361375
10.704232
11.080976
11.495523
11.946117
12.433295
12.958588
13.520954
14.121102
14.757821
15.434005
16.1525
16.912688
17.732995
18.480791
19.386594
20.309781
21.263966
22.256406
23.288366
24.36177
25.474965
26.628948
27.820827
29.052856
30.320286
31.621858
32.951614
34.309502
35.68771
37.085081
38.499239
39.932403
41.285602
42.713856
44.093873
45.424547
46.692317
47.87984
48.971512
49.947692
50.79182
51.479055
51.991599
52.308544
52.391675
52.22303
51.784343
51.055115
50.01575
48.656918
46.961344
44.921642
42.533037
39.795359
36.714122
33.300754
29.57332
25.556449
21.281241
16.78566
12.113568
7.3134217
2.4420025
)
;

boundaryField
{
    axis
    {
        type            empty;
    }
    inlet
    {
        type            calculated;
        value           nonuniform List<scalar> 
30
(
-18157.698
-18245.358
-18584.404
-19460.709
-20458.394
-21126.418
-21505.554
-21809.192
-22149.952
-22578.323
-23087.049
-23624.309
-24145.266
-24644.628
-25158.018
-25650.292
-26058.473
-26427.931
-26815.243
-27212.503
-27554.265
-27766.602
-27908.896
-28391.476
-29958.314
-32415.771
-32184.084
-22755.252
-4594.3836
-730.77738
)
;
    }
    walls
    {
        type            calculated;
        value           nonuniform List<scalar> 
70
(
-10192.797
-9954.3261
-9324.117
-8528.8315
-7736.6673
-6937.862
-6205.3026
-5490.4229
-4868.1594
-4276.4492
-3786.151
-3317.6341
-2947.785
-2595.008
-2325.2878
-2055.1851
-1834.7021
-1644.8177
-1411.4042
-1260.6249
-1007.7681
-947.25242
-633.05197
-704.01129
-72.365165
-531.97469
270.87388
98.131368
503.03164
327.11046
612.42384
533.79028
657.29526
583.58191
654.40379
578.56351
623.77568
548.51289
588.02945
512.88168
561.51387
477.33438
535.3285
454.78969
514.12867
434.73949
494.64888
413.23469
475.48414
388.97397
456.77534
366.45038
430.18265
347.4048
400.33368
292.67941
360.29066
272.52779
285.36971
245.13681
222.81491
198.34784
173.77393
149.27229
124.95517
100.94014
76.994602
54.253731
31.086367
8.8046324
)
;
    }
    atmosphere
    {
        type            calculated;
        value           nonuniform List<scalar> 
175
(
-1.3361903
-1.515299
-1.5260307
-1.5404076
-1.555977
-1.5740714
-1.5939028
-1.615342
-1.6378479
-1.6610353
-1.6844628
-1.7077662
-1.7305104
-1.7525993
-1.7735912
-1.793538
-1.8121939
-1.8295841
-1.8456281
-1.8603785
-1.8737848
-1.8858088
-1.8964887
-1.9056373
-1.9133072
-1.9193163
-1.9235737
-1.9259577
-1.926532
-1.9251124
-1.921788
-1.9167342
-1.9098772
-1.9018176
-1.8925088
-1.8826789
-1.8724765
-1.862626
-1.8535819
-1.8458904
-1.8400121
-1.836534
-1.8357069
-1.8380799
-1.8437053
-1.8526789
-1.8648624
-1.8800364
-1.8974476
-1.9163989
-1.9357966
-1.9541845
-1.970017
-1.9812657
-1.9859633
-1.9817403
-1.966447
-1.9379636
-1.8940637
-1.8329777
-1.7536133
-1.655408
-1.5385956
-1.404741
-1.2560519
-1.0959054
-0.92872596
-0.75967643
-0.59467642
-0.43977006
-0.30116778
-0.184291
-0.093863957
-0.033075661
-0.0033943631
-13.884361
-10.102061
-7.3560755
-5.360282
-3.8935877
-2.8096987
-2.0039834
-1.4040976
-0.95752898
-0.62751964
-0.3873035
-0.21700666
-0.1027203
-0.034841407
-0.002892153
-221.4881
-183.15381
-151.01768
-124.60155
-102.97306
-85.335983
-70.945007
-59.177654
-49.519389
-41.558792
-34.969186
-29.494594
-24.927437
-21.112302
-17.906914
0
0
0
0
0
-1437.6678
-2798.3643
-2426.3418
-3329.5047
-4691.3999
-3343.3584
-1671.8376
-127.6321
0
0
-95.036576
-750.92852
-2083.7307
-2690.1511
-3359.9251
-2564.2479
-1777.5723
-3976.2488
-5694.8887
-6462.4208
-4665.5509
-2255.0683
-1515.9499
-646.2984
-125.21923
-145.51583
-292.97121
-374.27285
-385.29828
-370.02684
-348.99802
-325.27287
-301.41608
-277.48846
-254.58561
0
0
0
0
0
0
0
0
0
0
0
0
0
0
0
0
0
0
0
0
0
0
0
0
0
0
0
0
0
0
)
;
    }
    front
    {
        type            wedge;
    }
    back
    {
        type            wedge;
    }
}


// ************************************************************************* //
