/*--------------------------------*- C++ -*----------------------------------*\
| =========                 |                                                 |
| \\      /  F ield         | OpenFOAM: The Open Source CFD Toolbox           |
|  \\    /   O peration     | Version:  2.3.0                                 |
|   \\  /    A nd           | Web:      www.OpenFOAM.org                      |
|    \\/     M anipulation  |                                                 |
\*---------------------------------------------------------------------------*/
FoamFile
{
    version     2.0;
    format      ascii;
    class       surfaceScalarField;
    location    "1.9";
    object      phi;
}
// * * * * * * * * * * * * * * * * * * * * * * * * * * * * * * * * * * * * * //

dimensions      [0 3 -1 0 0 0 0];

internalField   nonuniform List<scalar> 
4432
(
6.46468e-06
-6.46468e-06
5.86429e-06
6.00397e-07
5.53533e-06
3.28946e-07
1.32346e-05
-7.69923e-06
1.03031e-05
2.93142e-06
-1.97087e-06
1.2274e-05
-6.22344e-06
4.25257e-06
-8.62183e-06
2.39839e-06
-8.56649e-06
-5.53458e-08
-7.98716e-06
-5.79325e-07
-8.51693e-06
5.29764e-07
-8.52839e-06
1.14563e-08
-7.33484e-06
-1.19355e-06
-6.31602e-06
-1.01882e-06
-6.91506e-06
5.9904e-07
-9.2081e-06
2.29304e-06
-1.24357e-05
3.22757e-06
-1.44609e-05
2.02523e-06
-1.37814e-05
-6.79485e-07
-1.21417e-05
-1.63968e-06
-9.84876e-06
-2.29298e-06
-5.47378e-06
-4.37499e-06
-5.47378e-06
2.20337e-06
-8.66806e-06
-2.3957e-06
5.19947e-06
-2.00427e-06
-6.24893e-08
9.59304e-06
-1.92966e-05
1.29964e-05
-4.71942e-07
-1.10684e-06
2.63772e-05
-8.8829e-06
1.20286e-05
-9.40567e-06
2.92115e-06
-8.04077e-06
-1.42025e-06
-8.58584e-06
-3.4253e-08
-9.72538e-06
1.6693e-06
-9.51498e-06
-1.98949e-07
-8.16833e-06
-2.5402e-06
-6.97113e-06
-2.21602e-06
-7.36979e-06
9.97691e-07
-9.02205e-06
3.94531e-06
-9.98395e-06
4.18946e-06
-9.17714e-06
1.21842e-06
-8.33369e-06
-1.52293e-06
-8.59884e-06
-1.37454e-06
-7.81347e-06
-3.07834e-06
-4.61255e-06
-7.57591e-06
-1.00863e-05
-3.70873e-06
-4.95934e-06
-1.02227e-05
1.17134e-05
-6.92311e-06
-3.36204e-06
1.09903e-06
-2.73187e-05
7.94953e-06
-7.32243e-06
-8.56912e-07
3.51837e-05
-8.01804e-06
1.91898e-05
-7.60335e-06
2.50646e-06
-6.79083e-06
-2.23277e-06
-8.08697e-06
1.26188e-06
-8.88112e-06
2.46346e-06
-8.03937e-06
-1.04071e-06
-6.61354e-06
-3.96603e-06
-5.89329e-06
-2.93626e-06
-5.27475e-06
3.79148e-07
-3.59813e-06
2.2687e-06
-2.34097e-06
2.93229e-06
-2.17206e-06
1.04951e-06
-3.88912e-06
1.94145e-07
-5.97844e-06
7.14777e-07
-6.01452e-06
-3.04226e-06
-3.58288e-06
-1.00075e-05
-1.36692e-05
-6.68047e-06
1.72113e-06
-1.22591e-05
1.7292e-05
-9.12051e-06
-6.50062e-06
-5.70604e-06
-3.07332e-05
1.79946e-06
-1.48279e-05
2.20534e-07
3.67626e-05
-6.40468e-06
2.5815e-05
-5.61856e-06
1.72034e-06
-5.35748e-06
-2.49385e-06
-6.45759e-06
2.36199e-06
-5.97788e-06
1.98376e-06
-3.63171e-06
-3.3869e-06
-1.8343e-06
-5.76343e-06
-2.87414e-06
-1.89641e-06
-4.5286e-06
2.0336e-06
-2.64127e-06
3.81377e-07
5.19086e-07
-2.28067e-07
-1.69893e-07
1.73849e-06
-4.31788e-06
4.34213e-06
-6.55474e-06
2.95164e-06
-6.15974e-06
-3.43727e-06
-3.35949e-06
-1.28078e-05
-1.70287e-05
-6.67252e-06
8.39364e-06
-1.13856e-05
2.20051e-05
-1.06004e-05
-7.28589e-06
-9.21587e-06
-3.21177e-05
-2.21873e-06
-2.18251e-05
2.07028e-06
3.24736e-05
-4.25894e-06
3.21442e-05
-3.27647e-06
7.37866e-07
-3.41537e-06
-2.35495e-06
-4.02655e-06
2.97317e-06
-1.9989e-06
-4.38898e-08
1.6942e-06
-7.08e-06
3.13791e-06
-7.20715e-06
1.0296e-06
2.11908e-07
-2.62808e-06
5.69127e-06
-3.62343e-06
1.37674e-06
-1.9566e-06
-1.89489e-06
-2.38919e-06
2.17109e-06
-5.82003e-06
7.77297e-06
-7.56774e-06
4.69935e-06
-7.02707e-06
-3.97794e-06
-4.13454e-06
-1.57003e-05
-2.11633e-05
-4.34522e-06
1.27389e-05
-6.99262e-06
2.46525e-05
-8.62777e-06
-5.65073e-06
-1.03835e-05
-3.0362e-05
-6.77078e-06
-2.54377e-05
2.47925e-06
2.32235e-05
-3.54449e-07
3.49779e-05
-5.10402e-07
8.93818e-07
-1.33464e-06
-1.53072e-06
-1.16277e-06
2.80129e-06
2.55318e-06
-3.75984e-06
5.97849e-06
-1.05053e-05
4.84629e-06
-6.07495e-06
2.01584e-06
3.04236e-06
-8.59071e-07
8.56618e-06
-3.84636e-06
4.36404e-06
-4.83822e-06
-9.03035e-07
-4.13155e-06
1.46441e-06
-5.02554e-06
8.66696e-06
-5.34229e-06
5.0161e-06
-4.73311e-06
-4.58712e-06
-3.55039e-06
-1.6883e-05
-2.47137e-05
-1.67931e-06
1.44182e-05
-1.84679e-06
2.482e-05
-3.45503e-06
-4.04249e-06
-8.90309e-06
-2.4914e-05
-1.12738e-05
-2.3067e-05
4.50202e-09
1.19453e-05
3.35608e-06
3.16263e-05
2.10198e-06
2.14791e-06
2.33747e-07
3.37518e-07
1.97337e-06
1.06166e-06
6.53433e-06
-8.32079e-06
7.03723e-06
-1.10082e-05
2.31156e-06
-1.34929e-06
-9.81983e-07
6.3359e-06
-1.63156e-06
9.21575e-06
-3.52525e-06
6.25773e-06
-5.06919e-06
6.40908e-07
-3.07623e-06
-5.28552e-07
-7.56854e-07
6.34758e-06
2.80144e-06
1.45781e-06
4.43926e-06
-6.22495e-06
2.19871e-06
-1.46425e-05
-2.25149e-05
5.60458e-07
1.38577e-05
3.52679e-06
2.18536e-05
2.35267e-06
-2.86837e-06
-5.18969e-06
-1.73716e-05
-1.21265e-05
-1.61302e-05
-2.00767e-06
1.82642e-06
6.48477e-06
2.31339e-05
4.19026e-06
4.44242e-06
2.3932e-06
2.13457e-06
5.17838e-06
-1.72352e-06
8.06501e-06
-1.12074e-05
3.86089e-06
-6.80409e-06
-2.7661e-06
5.2777e-06
-5.67067e-06
9.24048e-06
-4.52135e-06
8.06644e-06
-2.34084e-06
4.07722e-06
-6.64728e-08
-1.63346e-06
1.77862e-06
-2.37364e-06
8.12434e-06
1.85641e-09
1.54068e-05
-5.82465e-06
1.67814e-05
-7.5996e-06
1.07997e-05
-8.66067e-06
-1.17153e-05
2.93839e-06
-2.93839e-06
-5.98069e-06
8.91908e-06
-2.56692e-05
1.96885e-05
-4.16994e-05
1.60302e-05
-4.17849e-05
8.54881e-08
-3.40905e-05
-7.69435e-06
-2.77452e-05
-6.34535e-06
-2.43678e-05
-3.37735e-06
-2.26981e-05
-1.66974e-06
-1.91152e-05
-3.58287e-06
-1.24717e-05
-6.64354e-06
-4.43042e-06
-8.0413e-06
9.07615e-07
-5.33802e-06
-2.4715e-06
3.37911e-06
-8.81056e-06
6.33906e-06
-1.26458e-05
3.83523e-06
-1.2125e-05
-5.20782e-07
-9.12746e-06
-2.99754e-06
-9.12748e-06
-4.99473e-06
2.05634e-06
-1.86193e-05
2.25436e-05
-3.23318e-05
3.34011e-05
-3.31525e-05
1.68509e-05
-2.57362e-05
-7.33088e-06
-1.86228e-05
-1.48077e-05
-1.63399e-05
-8.62824e-06
-1.81346e-05
-1.58268e-06
-1.98103e-05
5.99587e-09
-1.79905e-05
-5.40273e-06
-1.26582e-05
-1.19758e-05
-5.52968e-06
-1.51698e-05
2.17479e-06
-1.30425e-05
6.99436e-06
-1.44047e-06
4.76954e-06
8.56388e-06
-1.32399e-06
9.92876e-06
-6.47357e-06
4.62878e-06
-6.27341e-06
-3.19767e-06
-1.54009e-05
-8.97669e-06
1.1033e-05
-1.86945e-05
3.22614e-05
-2.17573e-05
3.64639e-05
-1.47275e-05
9.82113e-06
-3.2586e-06
-1.87998e-05
5.6484e-06
-2.37147e-05
6.57386e-06
-9.55371e-06
-1.12367e-06
6.11485e-06
-7.74552e-06
6.62785e-06
-9.45812e-06
-3.69013e-06
-6.88519e-06
-1.45487e-05
-2.45682e-06
-1.95982e-05
1.71877e-06
-1.72181e-05
8.20877e-06
-7.93047e-06
1.32853e-05
3.48739e-06
1.11537e-05
1.20603e-05
3.54684e-06
1.22356e-05
-1.49292e-06
1.84211e-06
-1.68938e-05
-7.57988e-06
1.86129e-05
-1.14222e-05
3.61038e-05
-6.79688e-06
3.18386e-05
3.78698e-06
-7.62734e-07
1.66789e-05
-3.16917e-05
2.84307e-05
-3.54666e-05
2.99707e-05
-1.10937e-05
2.10188e-05
1.50668e-05
9.00111e-06
1.86455e-05
2.25139e-06
3.05958e-06
1.51662e-06
-1.3814e-05
3.37531e-06
-2.14569e-05
5.82607e-06
-1.96688e-05
9.56259e-06
-1.1667e-05
1.4426e-05
-1.376e-06
1.65607e-05
9.92562e-06
1.15794e-05
1.7217e-05
3.83071e-06
9.59079e-06
-1.30631e-05
-3.57018e-06
2.21831e-05
-2.06332e-06
3.45969e-05
6.28068e-06
2.34946e-05
1.86536e-05
-1.31356e-05
3.28162e-05
-4.58543e-05
4.19656e-05
-4.4616e-05
4.32843e-05
-1.24124e-05
3.67034e-05
2.16477e-05
2.58489e-05
2.95e-05
1.64622e-05
1.24463e-05
1.07104e-05
-8.06222e-06
8.55878e-06
-1.93053e-05
8.96577e-06
-2.00758e-05
1.13074e-05
-1.40086e-05
1.4211e-05
-4.27957e-06
1.70757e-05
7.06094e-06
1.49916e-05
1.9301e-05
7.84335e-06
1.6739e-05
-5.2198e-06
4.0888e-07
2.17742e-05
5.86786e-06
2.91379e-05
1.62933e-05
1.30691e-05
2.82309e-05
-2.50732e-05
3.22751e-05
-4.98985e-05
2.95892e-05
-4.19301e-05
3.0638e-05
-1.34612e-05
3.24146e-05
1.98711e-05
3.0049e-05
3.18655e-05
2.3895e-05
1.86004e-05
1.61771e-05
-3.44317e-07
1.09297e-05
-1.40579e-05
9.93601e-06
-1.90821e-05
1.22852e-05
-1.63578e-05
1.46283e-05
-6.62268e-06
1.64197e-05
5.26961e-06
1.59052e-05
1.98155e-05
9.85582e-06
2.27884e-05
4.63602e-06
1.60289e-06
2.01713e-05
1.06555e-05
2.00854e-05
2.34783e-05
2.46279e-07
2.55468e-05
-2.71417e-05
4.43503e-06
-2.87868e-05
-1.38298e-05
-2.36653e-05
-7.62118e-06
-1.96698e-05
8.825e-06
3.42494e-06
1.77101e-05
2.29804e-05
1.77264e-05
1.85841e-05
1.18874e-05
5.49467e-06
7.31321e-06
-9.48373e-06
8.18313e-06
-1.9952e-05
1.20642e-05
-2.02389e-05
1.49822e-05
-9.54071e-06
1.613e-05
4.12188e-06
1.54962e-05
2.04493e-05
1.01497e-05
2.81349e-05
1.47857e-05
1.49111e-05
5.26025e-06
2.5368e-05
9.62843e-06
2.82908e-05
-2.6765e-06
2.18247e-06
-1.03342e-06
-3.14366e-05
4.83234e-06
-3.86442e-05
-1.64577e-05
-3.08693e-05
-2.74446e-05
-1.73826e-05
-1.00618e-05
-5.07918e-06
1.0677e-05
-1.13998e-06
1.46449e-05
-9.25193e-07
5.27989e-06
6.03286e-07
-1.10122e-05
5.03921e-06
-2.43879e-05
9.89606e-06
-2.50958e-05
1.34109e-05
-1.30555e-05
1.54584e-05
2.0743e-06
1.47697e-05
2.1138e-05
9.67696e-06
3.32277e-05
2.44626e-05
1.09061e-05
2.95163e-06
2.32227e-05
9.53708e-06
2.05749e-05
-2.20579e-07
6.89768e-06
-3.69441e-06
-1.25913e-05
3.35875e-06
-1.29104e-05
2.14547e-06
3.97517e-06
6.24833e-06
6.88836e-06
1.52922e-06
7.46957e-06
1.55336e-06
1.1236e-05
-5.48994e-06
7.91458e-06
-7.886e-06
-7.93189e-06
9.04238e-06
-2.5907e-05
2.32528e-05
-3.29352e-05
1.62686e-05
-2.75275e-05
2.65876e-06
-1.50469e-05
-8.40335e-06
-1.7389e-06
-1.49415e-05
1.22345e-05
-1.6347e-05
2.82368e-05
-1.60005e-05
3.57384e-05
-1.33262e-05
3.82377e-05
-1.00989e-05
3.20318e-05
-2.45479e-06
-7.68545e-06
2.8002e-05
1.55437e-05
-1.2592e-05
3.46547e-05
-9.57393e-06
4.27872e-05
-8.35312e-06
3.40405e-05
5.05232e-06
1.79215e-05
1.94777e-05
7.65284e-06
1.24141e-05
1.28168e-05
1.08437e-06
2.15586e-05
-7.21257e-06
2.1207e-05
1.90498e-06
7.26286e-06
8.45417e-06
-1.76922e-05
1.70691e-05
-5.23392e-05
4.36893e-05
-0.000103264
7.41781e-05
-0.000140694
5.36979e-05
-0.000143587
5.5525e-06
-0.000111701
-4.02903e-05
-8.53813e-05
-4.12607e-05
-7.4674e-05
-2.70543e-05
-7.37267e-05
-1.69479e-05
-6.26939e-05
-2.43589e-05
-3.27982e-05
-3.99946e-05
-2.17304e-05
-1.35226e-05
5.40399e-06
-3.48199e-05
1.02543e-05
-2.28464e-05
3.19835e-05
-3.13031e-05
4.31066e-05
-1.94763e-05
3.19364e-05
1.62225e-05
2.25156e-05
2.88986e-05
1.79459e-05
1.69838e-05
1.46216e-05
4.4087e-06
7.87858e-06
-4.69578e-07
-5.56928e-06
1.53528e-05
-2.86498e-05
3.15347e-05
-6.32297e-05
5.1649e-05
-0.00013762
0.00011808
-0.00020326
0.000139818
-0.000228078
7.85161e-05
-0.000199497
-2.30288e-05
-0.000145653
-9.41343e-05
-0.000121084
-6.58298e-05
-0.000129655
-1.84825e-05
-0.000133673
-1.29302e-05
-0.000131264
-2.67673e-05
-9.61829e-05
-7.50763e-05
-8.9105e-05
-2.06005e-05
3.89515e-05
-0.000122653
-1.96273e-05
-3.21901e-06
-4.01905e-05
-1.07399e-05
-4.84613e-05
-1.12054e-05
-4.27847e-05
1.0546e-05
-2.07122e-05
6.82616e-06
1.12962e-05
-1.50246e-05
-1.55563e-06
1.72606e-05
-8.50246e-05
8.29994e-05
-0.000150633
8.09615e-05
-0.000176836
5.77376e-05
-0.000225352
0.000100165
-0.000260139
0.000152867
-0.000256733
0.000136411
-0.000210931
3.27137e-05
-0.000155521
-7.84384e-05
-0.000116794
-0.000132862
-8.03247e-05
-0.000102299
-4.84573e-05
-5.03499e-05
-5.64059e-05
-4.98156e-06
-5.18865e-05
-3.12868e-05
-8.02305e-05
-4.67325e-05
-0.000129963
2.91321e-05
7.95486e-05
-0.00017056
-3.83553e-05
3.51363e-05
-6.48339e-05
1.57388e-05
-6.73986e-05
-8.64062e-06
-5.47343e-05
-2.11821e-06
-4.7026e-05
-8.82194e-07
-6.48651e-05
2.81443e-06
-0.000128436
8.0832e-05
-0.000158297
0.00011286
-0.000181808
0.000104472
-0.000233094
0.000109024
-0.000277037
0.000144108
-0.000278211
0.00015404
-0.000227245
8.5446e-05
-0.000160817
-3.37144e-05
-0.000120544
-0.000118712
-9.79688e-05
-0.000155437
-8.29913e-05
-0.000117276
-7.24125e-05
-6.09287e-05
-5.43969e-05
-2.29971e-05
-3.22309e-05
-5.34529e-05
-5.60713e-06
-7.33562e-05
-3.70568e-06
2.72306e-05
0.000147201
-7.13582e-05
-1.46445e-05
4.97809e-05
-2.96056e-05
3.06999e-05
-4.5388e-05
7.14187e-06
-4.99934e-05
2.48726e-06
-2.9516e-05
-2.13596e-05
-4.30521e-05
1.63504e-05
-6.98421e-05
0.000107622
-0.000112444
0.000155461
-0.000150557
0.000142585
-0.000193785
0.000152252
-0.000213178
0.0001635
-0.000191856
0.000132719
-0.000143497
3.70866e-05
-0.000106625
-7.05868e-05
-8.52855e-05
-0.000140051
-7.18959e-05
-0.000168826
-7.30311e-05
-0.000116141
-7.9484e-05
-5.44759e-05
-5.98532e-05
-4.2628e-05
-2.93805e-05
-8.39255e-05
-1.52384e-05
-8.74983e-05
8.07433e-06
3.91781e-06
0.00018798
-3.2705e-05
1.02611e-05
3.95198e-05
1.10345e-05
2.99265e-05
-4.56008e-06
2.27365e-05
-1.10395e-05
8.96661e-06
-1.05596e-06
-3.13431e-05
1.39144e-06
1.39031e-05
-1.77454e-05
0.000126759
-5.63592e-05
0.000194075
-9.0817e-05
0.000177043
-0.000114518
0.000175953
-0.000116493
0.000165475
-9.15678e-05
0.000107794
-6.24831e-05
8.00198e-06
-5.17421e-05
-8.13277e-05
-5.15913e-05
-0.000140202
-5.21948e-05
-0.000168223
-7.28298e-05
-9.55058e-05
-8.32023e-05
-4.41035e-05
-6.80649e-05
-5.77654e-05
-4.22167e-05
-0.000109774
-4.18196e-05
-8.78953e-05
-5.16322e-05
1.37304e-05
0.000191816
-5.54675e-05
2.29021e-05
1.66178e-05
2.85713e-05
2.42573e-05
1.469e-05
3.66179e-05
2.74539e-05
-3.79704e-06
3.06496e-05
-3.45388e-05
2.80891e-05
1.64637e-05
1.61956e-05
0.000138652
-1.38856e-05
0.000224156
-3.676e-05
0.000199918
-4.09438e-05
0.000180137
-3.17564e-05
0.000156288
-1.10665e-05
8.71042e-05
-4.06528e-07
-2.658e-06
-5.08325e-07
-8.12259e-05
-8.74247e-06
-0.000131968
-4.65241e-05
-0.000130441
-8.46447e-05
-5.73851e-05
-9.23312e-05
-3.6417e-05
-8.21589e-05
-6.79376e-05
-8.07868e-05
-0.000111146
-9.06508e-05
-7.80314e-05
-0.000111515
3.45945e-05
0.000174868
-9.45667e-05
2.49349e-05
-8.31712e-06
3.13386e-05
1.78538e-05
2.66191e-05
4.13374e-05
4.72249e-05
-2.44028e-05
4.70457e-05
-3.43595e-05
2.80568e-05
3.54524e-05
1.82097e-05
0.000148499
4.30711e-06
0.000238059
-6.20286e-06
0.000210428
1.73919e-06
0.000172195
2.12454e-05
0.000136781
3.60627e-05
7.22869e-05
4.14616e-05
-8.05695e-06
3.01271e-05
-6.98918e-05
4.85585e-06
-0.000106697
-5.39548e-05
-7.16305e-05
-9.71009e-05
-1.4239e-05
-0.000105778
-2.77399e-05
-0.000105592
-6.81235e-05
-0.000120891
-9.58473e-05
-0.00014156
-5.73618e-05
-0.000154213
4.72476e-05
0.000134498
-0.000113843
2.12548e-05
-2.95719e-05
3.53169e-05
3.79183e-06
3.9978e-05
3.66765e-05
5.13949e-05
-3.58198e-05
3.24998e-05
-1.54644e-05
2.40757e-06
6.55447e-05
-9.3275e-06
0.000160234
-3.897e-06
0.000232629
2.31253e-06
0.000204218
1.95859e-05
0.000154921
4.15317e-05
0.000114836
5.62703e-05
5.75483e-05
5.90824e-05
-1.08692e-05
4.36584e-05
-5.44679e-05
-4.99214e-06
-5.8046e-05
-7.98815e-05
3.25887e-06
-0.000115424
2.13033e-05
-0.00012265
-2.05141e-05
-0.000121399
-6.93737e-05
-0.000143379
-7.38675e-05
-0.000172816
-2.79251e-05
-0.000155257
2.96888e-05
7.52451e-05
-9.60033e-05
1.43335e-05
-4.39053e-05
2.69398e-05
-8.81437e-06
3.58594e-05
2.77569e-05
2.31469e-05
-2.3107e-05
-1.34499e-05
2.11324e-05
-4.52883e-05
9.73833e-05
-5.11415e-05
0.000166088
-2.7143e-05
0.00020863
-3.59974e-06
0.000180675
1.88017e-05
0.00013252
4.15247e-05
9.21128e-05
6.43097e-05
3.47633e-05
6.35688e-05
-1.01284e-05
2.8586e-05
-1.94849e-05
-6.63623e-05
3.69024e-05
-0.000130546
6.7443e-05
-0.000138076
2.88327e-05
-0.000130665
-2.79253e-05
-0.000125655
-7.43837e-05
-0.000140893
-5.86295e-05
-0.000154005
-1.48131e-05
-0.000135372
1.10559e-05
4.02761e-05
-0.000100403
4.90498e-06
-4.88103e-05
7.42345e-06
-1.13329e-05
8.87878e-06
2.63016e-05
-3.13081e-05
1.708e-05
-8.2026e-05
7.18503e-05
-0.000107119
0.000122477
-9.87608e-05
0.000157729
-6.09004e-05
0.00017077
-1.86997e-05
0.000138474
1.29564e-05
0.000100864
3.70328e-05
6.80365e-05
4.93545e-05
2.24414e-05
2.57977e-05
1.34285e-05
-4.89311e-05
5.52438e-05
-0.000136145
0.000124116
-0.000155929
8.7227e-05
-0.000147782
2.06856e-05
-0.00012487
-5.08364e-05
-0.000112195
-8.70595e-05
-0.000126605
-4.42192e-05
-0.000147886
6.46811e-06
-0.00015414
1.73099e-05
3.17492e-05
-0.000145613
-7.42712e-06
-4.13831e-05
-2.53318e-05
6.5718e-06
-4.92039e-05
5.01739e-05
-0.000110925
7.88015e-05
-0.000154227
0.000115152
-0.000156856
0.000125105
-0.000121317
0.000122191
-6.57891e-05
0.000115242
-2.17964e-05
9.44818e-05
8.55614e-06
7.05113e-05
1.9708e-05
5.68847e-05
-5.03197e-06
4.71813e-05
-6.67156e-05
7.51121e-05
-0.000129806
0.000118335
-0.000149921
0.000144231
-0.000145976
8.32816e-05
-0.00011981
-5.48013e-06
-8.95905e-05
-8.10559e-05
-6.7945e-05
-0.000108705
-5.25545e-05
-5.96099e-05
-5.75694e-05
1.14832e-05
-9.44548e-05
5.41953e-05
4.61409e-05
-0.000108847
-2.75965e-05
-1.37866e-05
-6.66752e-05
4.56506e-05
-0.00011493
9.84292e-05
-0.000165595
0.000129467
-0.000173003
0.00012256
-0.000137168
8.92703e-05
-8.64696e-05
7.14926e-05
-4.85689e-05
7.73416e-05
-3.77715e-05
8.36843e-05
-4.58312e-05
7.85711e-05
-7.60952e-05
8.71485e-05
-0.000122875
9.39611e-05
-0.000157722
0.000109959
-0.000167128
0.000127741
-0.000141179
0.000118282
-0.000110162
5.22645e-05
-8.51785e-05
-3.04641e-05
-7.40583e-05
-9.21762e-05
-6.75971e-05
-0.000115166
-3.57515e-05
-9.14557e-05
5.48328e-06
-2.97516e-05
1.23846e-05
4.72938e-05
6.0164e-05
-1.63856e-06
-4.34365e-05
2.965e-05
-9.85556e-05
0.00010077
-0.0001502
0.000150074
-0.000172182
0.000151448
-0.000146886
9.72635e-05
-0.000106687
4.90712e-05
-8.69425e-05
5.17484e-05
-9.57604e-05
8.61595e-05
-0.000123827
0.000111751
-0.000164253
0.000118997
-0.000197398
0.000120294
-0.000211014
0.000107577
-0.000200622
9.95666e-05
-0.000166239
9.33582e-05
-0.000116145
6.81885e-05
-7.44394e-05
1.05589e-05
-5.70807e-05
-4.78229e-05
-5.96025e-05
-8.96544e-05
-6.70719e-05
-0.000107697
-5.54517e-05
-0.000103076
-1.81671e-05
-6.7036e-05
2.61339e-05
2.9928e-06
3.95122e-05
4.67857e-05
-5.25955e-05
8.22457e-05
-0.000112212
0.000160387
-0.000158028
0.00019589
-0.000165625
0.000159045
-0.000149734
8.1372e-05
-0.000145143
4.44807e-05
-0.000157897
6.45027e-05
-0.000192256
0.000120519
-0.000228858
0.000148352
-0.000254752
0.000144892
-0.000255354
0.000120895
-0.00023161
8.3832e-05
-0.000187271
5.52283e-05
-0.00013297
3.90569e-05
-8.10444e-05
1.62633e-05
-5.13753e-05
-1.911e-05
-4.59651e-05
-5.3233e-05
-5.7929e-05
-7.76906e-05
-7.46723e-05
-9.09534e-05
-8.30386e-05
-9.47095e-05
-7.77122e-05
-7.23624e-05
-4.83451e-05
-2.63743e-05
7.62795e-06
-1.64609e-05
-4.98096e-05
0.000132056
-0.00011093
0.000221508
-0.000157774
0.000242734
-0.00017197
0.000173242
-0.000185403
9.48048e-05
-0.000207084
6.61615e-05
-0.000226107
8.35253e-05
-0.000238797
0.000133209
-0.000249773
0.000159328
-0.000245378
0.000140497
-0.000216942
9.24592e-05
-0.000183159
5.00496e-05
-0.000151002
2.30715e-05
-0.000117541
5.59556e-06
-8.82005e-05
-1.30772e-05
-6.68763e-05
-4.04343e-05
-5.38221e-05
-6.62872e-05
-6.08459e-05
-7.06668e-05
-8.3036e-05
-6.87633e-05
-0.000105034
-7.27115e-05
-0.000112665
-6.47318e-05
-9.27842e-05
-4.6255e-05
-3.72595e-05
-4.78969e-05
-3.61975e-05
0.000168253
-9.17608e-05
0.000277071
-0.000143771
0.000294744
-0.000172151
0.000201621
-0.000200023
0.000122677
-0.000225162
9.13007e-05
-0.000234637
9.30007e-05
-0.0002178
0.000116371
-0.000191355
0.000132883
-0.000167152
0.000116293
-0.000143792
6.91001e-05
-0.000121972
2.82294e-05
-0.000103795
4.89379e-06
-8.17601e-05
-1.64389e-05
-5.3783e-05
-4.10543e-05
-2.43029e-05
-6.99144e-05
-1.0649e-05
-7.99412e-05
-1.49356e-05
-6.63804e-05
-2.63468e-05
-5.73522e-05
-4.46762e-05
-5.43823e-05
-5.44538e-05
-5.49546e-05
-4.23507e-05
-5.83583e-05
-6.79113e-05
-1.1699e-05
-1.32958e-05
0.000181549
-4.76818e-05
0.000311457
-8.92339e-05
0.000336296
-0.000132971
0.000245358
-0.000165175
0.000154881
-0.000183338
0.000109463
-0.000181976
9.1639e-05
-0.000154571
8.89656e-05
-0.000115059
9.33718e-05
-8.47901e-05
8.60239e-05
-6.70894e-05
5.13994e-05
-4.24954e-05
3.63552e-06
-9.48662e-06
-2.8115e-05
2.92713e-05
-5.51968e-05
7.09857e-05
-8.27686e-05
0.00010142
-0.000100349
0.000112462
-9.09835e-05
0.000112606
-6.6524e-05
9.99933e-05
-4.47401e-05
7.94024e-05
-3.37915e-05
5.92458e-05
-3.47982e-05
4.76306e-05
-4.67431e-05
-6.52424e-05
4.49616e-05
1.0972e-05
0.000170577
4.23296e-06
0.000318196
-8.71846e-06
0.000349247
-5.04363e-05
0.000287076
-8.41523e-05
0.000188597
-9.70044e-05
0.000122316
-9.12593e-05
8.58938e-05
-6.80131e-05
6.57195e-05
-2.82026e-05
5.35612e-05
2.45289e-05
3.32926e-05
7.33685e-05
2.55988e-06
0.000115201
-3.8197e-05
0.000159044
-7.19582e-05
0.000196973
-9.31254e-05
0.000219781
-0.000105578
0.000227086
-0.000107654
0.000229056
-9.29537e-05
0.000227956
-6.54246e-05
0.000218794
-3.55778e-05
0.000197962
-1.29593e-05
0.000168927
-5.76358e-06
0.000136284
-1.41006e-05
-3.02844e-05
0.000101326
2.60084e-05
0.000144569
3.90154e-05
0.000305189
5.61033e-05
0.000332159
4.81991e-05
0.000294981
2.04e-05
0.000216396
3.19915e-06
0.000139517
7.87704e-06
8.1216e-05
3.20049e-05
4.15919e-05
7.15726e-05
1.39935e-05
0.000118568
-1.37025e-05
0.000163654
-4.25263e-05
0.000194835
-6.93784e-05
0.00021537
-9.24927e-05
0.00022975
-0.000107505
0.000238575
-0.000114403
0.000242648
-0.000111727
0.0002459
-9.62063e-05
0.000251163
-7.06874e-05
0.000255171
-3.95859e-05
0.000249773
-7.56103e-06
0.000228196
1.58131e-05
0.000189184
2.49118e-05
2.42731e-05
0.000134626
2.71141e-05
0.000117454
4.71895e-05
0.000285113
7.7222e-05
0.000302127
0.000102942
0.00026926
0.000112826
0.000206512
0.000115483
0.00013686
0.000120395
7.63035e-05
0.000132864
2.91235e-05
0.00015029
-3.4328e-06
0.000169201
-3.2613e-05
0.000183468
-5.67937e-05
0.000192868
-7.87789e-05
0.000197778
-9.74025e-05
0.000201161
-0.000110889
0.000204134
-0.000117376
0.000206986
-0.000114579
0.000211301
-0.000100521
0.000218229
-7.76154e-05
0.00022556
-4.69168e-05
0.000227835
-9.83592e-06
0.000216637
2.70113e-05
0.000187157
5.4391e-05
7.53772e-05
0.000136053
1.85029e-05
9.89515e-05
3.46487e-05
0.000268967
6.14632e-05
0.000275312
9.50831e-05
0.000235641
0.000122003
0.000179592
0.000136743
0.00012212
0.000141633
7.14135e-05
0.000141722
2.90348e-05
0.000143894
-5.60515e-06
0.000146142
-3.48607e-05
0.000149301
-5.99528e-05
0.000152564
-8.20424e-05
0.000155983
-0.000100821
0.000159853
-0.000114759
0.000164194
-0.000121716
0.000168662
-0.000119047
0.000173316
-0.000105176
0.000178163
-8.2462e-05
0.000182439
-5.11931e-05
0.000183818
-1.1215e-05
0.000178075
3.27538e-05
0.000158163
7.43033e-05
0.000114373
0.000119167
7.34365e-06
9.16078e-05
1.59269e-05
0.000260384
3.23563e-05
0.000258883
6.20928e-05
0.000205904
9.13361e-05
0.000150349
0.000108116
0.00010534
0.000112326
6.72035e-05
0.000109564
3.17963e-05
0.000105335
-1.37539e-06
0.000101722
-3.1248e-05
9.95801e-05
-5.7811e-05
9.96248e-05
-8.20872e-05
0.000101958
-0.000103155
0.000106423
-0.000119223
0.000112787
-0.00012808
0.000120201
-0.000126461
0.000127531
-0.000112506
0.000133317
-8.8248e-05
0.000136841
-5.4717e-05
0.000137418
-1.17917e-05
0.000133381
3.67907e-05
0.000121266
8.64183e-05
0.000134687
0.000100952
-9.55449e-07
9.25634e-05
4.41062e-06
0.000255018
1.56935e-05
0.0002476
4.05747e-05
0.000181023
6.16988e-05
0.000129224
6.97996e-05
9.72392e-05
6.80391e-05
6.8964e-05
6.1939e-05
3.78966e-05
5.38793e-05
6.68445e-06
4.61178e-05
-2.34865e-05
4.1993e-05
-5.36863e-05
4.25188e-05
-8.2613e-05
4.619e-05
-0.000106826
5.17827e-05
-0.000124816
5.90399e-05
-0.000135338
6.78108e-05
-0.000135232
7.66188e-05
-0.000121314
8.23121e-05
-9.39413e-05
8.43457e-05
-5.67505e-05
8.55749e-05
-1.30206e-05
8.72425e-05
3.51234e-05
8.8801e-05
8.486e-05
0.000131834
9.16546e-05
-6.00921e-06
9.85727e-05
1.91751e-06
0.000247091
1.39588e-05
0.000235559
2.97474e-05
0.000165234
3.50743e-05
0.000123897
3.05517e-05
0.000101762
2.14723e-05
7.80434e-05
9.06419e-06
5.03048e-05
-3.992e-06
1.97408e-05
-1.19978e-05
-1.54807e-05
-1.25479e-05
-5.31361e-05
-8.00958e-06
-8.71512e-05
-1.61625e-06
-0.000113219
4.58432e-06
-0.000131016
1.04559e-05
-0.000141209
1.73918e-05
-0.000142168
2.57589e-05
-0.000129681
3.36232e-05
-0.000101806
3.96736e-05
-6.28008e-05
4.53461e-05
-1.86929e-05
5.40247e-05
2.64451e-05
6.88347e-05
7.00501e-05
0.000108619
9.20494e-05
-9.24657e-06
0.000107819
2.15705e-06
0.000235687
1.42969e-05
0.000223419
1.72138e-05
0.000162317
6.90254e-06
0.000134208
-7.85984e-06
0.000116524
-2.48063e-05
9.499e-05
-4.20239e-05
6.75226e-05
-5.32229e-05
3.09399e-05
-5.46656e-05
-1.4038e-05
-4.92601e-05
-5.85415e-05
-4.08247e-05
-9.55864e-05
-3.24929e-05
-0.000121551
-2.65016e-05
-0.000137008
-2.35422e-05
-0.000144169
-2.13764e-05
-0.000144334
-1.68776e-05
-0.00013418
-8.81804e-06
-0.000109865
1.50743e-06
-7.31261e-05
1.35478e-05
-3.07331e-05
2.99043e-05
1.00887e-05
5.40395e-05
4.59151e-05
7.42719e-05
8.83868e-05
-1.14799e-05
0.000119299
-5.14171e-07
0.000224722
7.31677e-06
0.000215588
-1.81716e-06
0.000171451
-2.11835e-05
0.000153575
-4.19727e-05
0.000137313
-6.14917e-05
0.000114509
-7.48134e-05
8.08444e-05
-7.69136e-05
3.30401e-05
-7.02879e-05
-2.06634e-05
-6.01383e-05
-6.8691e-05
-5.00225e-05
-0.000105702
-4.20768e-05
-0.000129497
-3.72804e-05
-0.000141804
-3.68902e-05
-0.000144559
-3.98918e-05
-0.000141332
-4.21937e-05
-0.000131878
-3.95818e-05
-0.000112477
-3.00965e-05
-8.26113e-05
-1.42352e-05
-4.65943e-05
5.53169e-06
-9.67822e-06
3.28012e-05
1.86457e-05
3.92908e-05
6.77824e-05
-1.31864e-05
0.000132485
-7.58153e-06
0.000219117
-6.00556e-06
0.000214012
-2.17668e-05
0.000187212
-4.24866e-05
0.000174294
-6.1446e-05
0.000156273
-7.4278e-05
0.000127341
-7.67319e-05
8.32984e-05
-6.77949e-05
2.41032e-05
-5.44896e-05
-3.39686e-05
-4.06182e-05
-8.25623e-05
-3.14654e-05
-0.000114855
-2.83332e-05
-0.000132629
-2.86149e-05
-0.000141523
-3.12892e-05
-0.000141885
-3.73188e-05
-0.000135303
-4.49761e-05
-0.000124221
-4.9316e-05
-0.000108137
-4.67126e-05
-8.52146e-05
-3.60816e-05
-5.72253e-05
-1.70645e-05
-2.86954e-05
6.47901e-06
-4.89783e-06
9.30064e-06
3.64693e-05
-1.45738e-05
0.000147059
-1.44776e-05
0.000219021
-1.7937e-05
0.000217471
-3.27223e-05
0.000201997
-4.76515e-05
0.000189223
-5.7057e-05
0.000165678
-5.70448e-05
0.000127329
-4.69835e-05
7.32371e-05
-3.12706e-05
8.39042e-06
-1.23385e-05
-5.29007e-05
2.80712e-06
-9.7708e-05
8.90211e-06
-0.00012095
5.24683e-06
-0.000128974
-4.18304e-06
-0.000132093
-1.34207e-05
-0.000132647
-2.12943e-05
-0.000127429
-3.01979e-05
-0.000115317
-3.82451e-05
-0.00010009
-4.13736e-05
-8.20859e-05
-3.75632e-05
-6.10358e-05
-2.62056e-05
-4.00531e-05
-8.16212e-06
-2.29414e-05
-1.33029e-05
1.44414e-05
-1.41903e-05
0.000161249
-1.64761e-05
0.000221306
-2.04548e-05
0.00022145
-2.89269e-05
0.000210469
-3.41966e-05
0.000194493
-3.21353e-05
0.000163617
-2.03087e-05
0.000115502
-1.37955e-06
5.4308e-05
1.99263e-05
-1.29155e-05
3.8141e-05
-7.11156e-05
4.89717e-05
-0.000108539
5.14915e-05
-0.00012347
4.44622e-05
-0.000121945
2.83971e-05
-0.000116028
1.05132e-05
-0.000114763
-1.73582e-06
-0.00011518
-1.01926e-05
-0.00010686
-1.77488e-05
-9.25338e-05
-2.23339e-05
-7.75009e-05
-2.14931e-05
-6.18768e-05
-1.48977e-05
-4.66486e-05
-3.10003e-06
-3.47388e-05
-2.85238e-05
1.21208e-05
-9.17379e-06
0.000170423
-1.09239e-05
0.000223057
-1.18255e-05
0.000222352
-1.20324e-05
0.000210676
-7.60221e-06
0.000190063
4.69234e-06
0.000151322
2.4214e-05
9.59806e-05
4.70038e-05
3.15181e-05
6.88677e-05
-3.47797e-05
8.21895e-05
-8.44375e-05
8.51167e-05
-0.000111466
8.11521e-05
-0.000119506
7.26128e-05
-0.000113406
5.71833e-05
-0.000100599
3.65282e-05
-9.41085e-05
1.85583e-05
-9.72101e-05
7.66705e-06
-9.59691e-05
5.58215e-07
-8.5425e-05
-4.36522e-06
-7.25774e-05
-5.44694e-06
-6.0795e-05
-2.1382e-06
-4.99574e-05
4.38795e-06
-4.12648e-05
-3.6936e-05
1.28001e-05
1.28744e-06
0.000169136
1.54885e-06
0.000222795
4.6291e-06
0.000219271
1.18059e-05
0.000203499
2.49642e-05
0.000176904
4.36405e-05
0.000132646
6.65294e-05
7.30916e-05
8.993e-05
8.11726e-06
0.0001058
-5.06496e-05
0.000108735
-8.73729e-05
0.000103466
-0.000106198
9.59816e-05
-0.000112021
8.74735e-05
-0.000104898
7.59353e-05
-8.90605e-05
5.91679e-05
-7.73413e-05
3.97064e-05
-7.77487e-05
2.50006e-05
-8.12632e-05
1.61988e-05
-7.66232e-05
1.0084e-05
-6.64626e-05
6.51014e-06
-5.72212e-05
6.32062e-06
-4.9768e-05
8.84436e-06
-4.37889e-05
-4.04931e-05
1.24013e-05
1.43347e-05
0.000154801
1.82823e-05
0.000218847
2.41779e-05
0.000213376
3.56659e-05
0.000192011
5.33829e-05
0.000159187
7.52566e-05
0.000110772
9.83413e-05
5.00067e-05
0.00011643
-9.9719e-06
0.000120101
-5.43201e-05
0.000115372
-8.26442e-05
0.000110562
-0.000101388
0.000106418
-0.000107877
0.000100489
-9.89689e-05
9.15357e-05
-8.01073e-05
7.81572e-05
-6.39628e-05
5.98065e-05
-5.93979e-05
4.2225e-05
-6.36817e-05
3.04141e-05
-6.48125e-05
2.25578e-05
-5.86064e-05
1.68434e-05
-5.1507e-05
1.35933e-05
-4.65176e-05
1.26285e-05
-4.28239e-05
-4.05782e-05
1.27137e-05
2.35159e-05
0.000131285
3.39955e-05
0.000208368
4.2106e-05
0.000205265
5.50164e-05
0.0001791
7.36382e-05
0.000140565
9.51537e-05
8.92564e-05
0.000113616
3.15441e-05
0.000120737
-1.7093e-05
0.000119557
-5.31396e-05
0.000119082
-8.21698e-05
0.000122513
-0.000104819
0.000125518
-0.000110883
0.000123154
-9.66044e-05
0.000113468
-7.04217e-05
9.78232e-05
-4.83179e-05
7.80017e-05
-3.95765e-05
5.7848e-05
-4.35281e-05
4.27091e-05
-4.96737e-05
3.26135e-05
-4.85104e-05
2.50927e-05
-4.39861e-05
1.95582e-05
-4.09833e-05
1.59735e-05
-3.92393e-05
-3.82096e-05
1.36051e-05
2.62287e-05
0.000105056
4.28819e-05
0.000191714
5.31788e-05
0.000194968
6.58543e-05
0.000166425
8.28038e-05
0.000123616
0.000100762
7.12985e-05
0.000111919
2.03872e-05
0.000116892
-2.20665e-05
0.000121963
-5.82106e-05
0.000129278
-8.94844e-05
0.000138507
-0.000114048
0.000146906
-0.000119281
0.000147577
-9.72754e-05
0.000136713
-5.95581e-05
0.000116621
-2.82258e-05
9.26674e-05
-1.56227e-05
6.96336e-05
-2.04943e-05
5.17089e-05
-3.17492e-05
3.94693e-05
-3.62712e-05
3.05478e-05
-3.50644e-05
2.3591e-05
-3.40264e-05
1.83346e-05
-3.39827e-05
-3.42299e-05
1.43552e-05
2.26091e-05
8.24474e-05
4.18867e-05
0.000172437
5.4275e-05
0.000182579
6.69797e-05
0.00015372
8.26496e-05
0.000107946
9.67618e-05
5.71864e-05
0.000106904
1.02453e-05
0.000116336
-3.1499e-05
0.000125013
-6.6888e-05
0.000133501
-9.79725e-05
0.000144035
-0.000124582
0.000155165
-0.000130411
0.000158138
-0.000100248
0.000147876
-4.92964e-05
0.000125989
-6.33926e-06
9.9306e-05
1.10607e-05
7.47232e-05
4.08842e-06
5.56302e-05
-1.26561e-05
4.22715e-05
-2.29124e-05
3.26339e-05
-2.54269e-05
2.51499e-05
-2.65423e-05
1.92267e-05
-2.80594e-05
-2.95164e-05
1.45133e-05
1.57593e-05
6.6688e-05
3.31273e-05
0.000155069
4.83775e-05
0.000167329
6.35483e-05
0.000138549
7.8848e-05
9.26465e-05
9.22123e-05
4.38222e-05
0.000104286
-1.82851e-06
0.000113961
-4.11735e-05
0.000120568
-7.34951e-05
0.000126036
-0.000103441
0.000136365
-0.000134911
0.000150123
-0.000144169
0.000153135
-0.00010326
0.000140683
-3.68441e-05
0.000117879
1.6465e-05
9.26124e-05
3.63268e-05
7.05747e-05
2.61261e-05
5.34999e-05
4.41851e-06
4.07732e-05
-1.01857e-05
3.13217e-05
-1.59754e-05
2.40984e-05
-1.9319e-05
1.83787e-05
-2.23397e-05
-2.48939e-05
1.37564e-05
7.9805e-06
5.87075e-05
2.31176e-05
0.000139932
4.18387e-05
0.000148608
5.95035e-05
0.000120884
7.491e-05
7.724e-05
8.77905e-05
3.09416e-05
9.64432e-05
-1.04812e-05
0.000100761
-4.54916e-05
0.000103582
-7.63157e-05
0.000107922
-0.000107781
0.000117202
-0.000144191
0.000131928
-0.000158895
0.000135622
-0.000106954
0.000119435
-2.06569e-05
9.51128e-05
4.07872e-05
7.40207e-05
5.7419e-05
5.88094e-05
4.13374e-05
4.6421e-05
1.6807e-05
3.56451e-05
5.90004e-07
2.70692e-05
-7.39965e-06
2.07249e-05
-1.29748e-05
1.58285e-05
-1.74433e-05
-2.0956e-05
1.18906e-05
-3.21027e-07
5.90286e-05
1.54443e-05
0.000124166
3.52198e-05
0.000128833
5.3004e-05
0.0001031
6.67075e-05
6.35365e-05
7.38506e-05
2.37984e-05
7.55462e-05
-1.21767e-05
7.53325e-05
-4.52778e-05
7.72007e-05
-7.81838e-05
8.13976e-05
-0.000111978
8.83168e-05
-0.00015111
0.000100697
-0.000171276
9.91432e-05
-0.0001054
8.21728e-05
-3.68629e-06
5.88856e-05
6.40747e-05
4.57017e-05
7.0603e-05
3.95657e-05
4.74736e-05
3.35467e-05
2.28259e-05
2.63325e-05
7.80408e-06
2.02385e-05
-1.30587e-06
1.55615e-05
-8.29786e-06
1.19212e-05
-1.38031e-05
-1.80393e-05
9.00444e-06
-7.70273e-06
6.67315e-05
8.16455e-06
0.000108299
2.69177e-05
0.000110079
4.21689e-05
8.7849e-05
4.90963e-05
5.66092e-05
4.87871e-05
2.41076e-05
4.66802e-05
-1.00696e-05
4.60722e-05
-4.46697e-05
4.67941e-05
-7.89057e-05
4.84655e-05
-0.000113649
5.09028e-05
-0.000153547
6.0586e-05
-0.000180959
6.03382e-05
-0.000105152
4.09068e-05
1.57453e-05
2.23831e-05
8.25985e-05
2.20407e-05
7.09455e-05
2.43107e-05
4.52037e-05
2.16261e-05
2.55104e-05
1.66058e-05
1.28243e-05
1.2487e-05
2.81279e-06
9.48654e-06
-5.29741e-06
7.24267e-06
-1.15592e-05
-1.62778e-05
5.48124e-06
-5.47065e-06
2.86409e-06
1.34279e-05
2.00544e-05
2.0444e-05
1.71686e-05
1.6079e-05
1.59906e-05
1.61474e-05
1.64969e-05
1.39903e-05
1.07378e-05
2.29457e-06
-2.54758e-05
-4.20875e-05
-1.64748e-05
2.01827e-08
4.63966e-06
4.62745e-06
3.77777e-06
3.04483e-06
2.38065e-06
1.81157e-06
3.82202e-05
-1.02183e-05
3.90101e-05
-7.89902e-07
3.96674e-05
-6.57279e-07
-1.52336e-06
4.11908e-05
-5.59646e-05
1.09265e-05
-8.40104e-05
2.72559e-05
-9.90834e-05
1.44158e-05
5.76102e-06
-0.000106368
-0.000152496
4.07695e-05
-0.00015031
2.50708e-05
-0.000136512
6.17293e-07
-2.01034e-06
-0.000128741
-0.000165682
3.58916e-05
-0.000156193
1.55815e-05
-0.000159424
3.84831e-06
3.57774e-06
-0.000165012
-9.25246e-05
5.7058e-05
-0.000109953
3.30098e-05
-0.000125527
1.94224e-05
1.53037e-05
-0.000137253
-5.30708e-05
7.74237e-05
-7.71345e-05
5.70734e-05
-0.000102333
4.46212e-05
3.77313e-05
-0.000124761
-6.41326e-05
8.60887e-05
-7.58455e-05
6.87862e-05
-9.08636e-05
5.9639e-05
5.07367e-05
-0.000103869
-8.8023e-05
7.9545e-05
-8.45575e-05
6.53208e-05
-8.42422e-05
5.93239e-05
5.03065e-05
-8.38118e-05
-9.65171e-05
6.22182e-05
-8.47791e-05
5.35827e-05
-7.52139e-05
4.97585e-05
4.19305e-05
-6.68381e-05
-7.89312e-05
4.51464e-05
-7.0636e-05
4.52878e-05
-6.32572e-05
4.23799e-05
3.52444e-05
-5.65712e-05
-9.03378e-05
3.50809e-05
-8.10829e-05
3.60326e-05
-7.02538e-05
3.15505e-05
2.40855e-05
-5.90949e-05
-0.000134226
2.3694e-05
-0.000117552
1.93584e-05
-9.88891e-05
1.28875e-05
4.54802e-06
-7.93517e-05
-0.00010068
1.55274e-05
-8.68159e-05
5.49393e-06
-7.25643e-05
-1.36412e-06
-8.76584e-06
-5.92504e-05
-3.27652e-06
1.71654e-05
-3.71081e-06
5.92819e-06
-2.87523e-06
-2.19974e-06
-1.22874e-05
6.46299e-07
4.92113e-05
1.47398e-05
4.71358e-05
8.00368e-06
4.38779e-05
1.0582e-06
-1.0464e-05
4.20544e-05
-2.25373e-06
5.32602e-07
1.06694e-05
-4.91942e-06
2.314e-05
-1.14124e-05
-2.23953e-05
3.50711e-05
-2.5357e-05
-2.20073e-05
-3.15167e-06
-2.71248e-05
1.82741e-05
-3.28381e-05
-4.05647e-05
3.64433e-05
3.55827e-06
-3.72647e-05
1.83425e-05
-4.19092e-05
3.27105e-05
-4.72061e-05
-5.01655e-05
4.23111e-05
4.50279e-05
-3.73311e-05
4.4954e-05
-4.18356e-05
4.34551e-05
-4.57073e-05
-4.64827e-05
3.97722e-05
8.38827e-05
-1.98875e-05
6.63047e-05
-2.42578e-05
4.7075e-05
-2.64776e-05
-3.5375e-05
3.59673e-05
0.000104421
1.03169e-05
7.12097e-05
8.95365e-06
3.35616e-05
1.11706e-05
-3.2654e-05
3.08407e-05
0.000103509
4.28613e-05
6.52962e-05
4.71661e-05
1.9884e-05
5.65829e-05
-3.18753e-05
1.91052e-05
9.44744e-05
6.75539e-05
6.60207e-05
7.56198e-05
3.007e-05
9.25336e-05
-1.63246e-05
1.45192e-05
8.97277e-05
7.8778e-05
7.58045e-05
8.95429e-05
5.99206e-05
0.000108417
1.28089e-05
3.07873e-05
9.46295e-05
7.58032e-05
9.56958e-05
8.84766e-05
0.000101283
0.00010283
4.16418e-05
7.24496e-05
0.000107108
6.07443e-05
0.000124785
7.08005e-05
0.000145649
8.19659e-05
5.59215e-05
0.000131369
0.000109193
3.99377e-05
0.000136049
4.39454e-05
0.000167286
5.07289e-05
4.54295e-05
0.000177778
8.70784e-05
2.06416e-05
0.000110969
2.00554e-05
0.000140347
2.13503e-05
2.19993e-05
0.000163778
5.15018e-05
5.60888e-06
6.79085e-05
3.64887e-06
8.7846e-05
1.41273e-06
7.90737e-07
0.000109055
2.59672e-05
-5.917e-06
3.70035e-05
-7.38732e-06
4.81212e-05
-9.70504e-06
-1.15357e-05
6.04476e-05
1.95277e-05
-1.33238e-05
2.6293e-05
-1.41524e-05
3.23182e-05
-1.57303e-05
-1.76681e-05
3.84506e-05
1.6658e-05
-1.71816e-05
2.01468e-05
-1.76412e-05
2.31003e-05
-1.86838e-05
-2.02278e-05
2.56602e-05
1.39936e-05
-1.87738e-05
1.53498e-05
-1.89973e-05
1.63177e-05
-1.96518e-05
-2.0686e-05
1.6776e-05
1.27954e-05
-1.88554e-05
1.27503e-05
-1.89521e-05
1.24398e-05
-1.93413e-05
-1.99741e-05
1.1728e-05
1.26684e-05
-1.79185e-05
1.17275e-05
-1.80111e-05
1.06645e-05
-1.82781e-05
-1.86928e-05
9.38331e-06
1.27638e-05
-1.6327e-05
1.12566e-05
-1.65038e-05
9.73822e-06
-1.67595e-05
-1.70943e-05
8.13999e-06
1.25993e-05
-1.44129e-05
1.08029e-05
-1.47071e-05
9.05355e-06
-1.50099e-05
-1.5341e-05
7.30046e-06
1.18593e-05
-1.25157e-05
1.0081e-05
-1.29286e-05
8.37383e-06
-1.33024e-05
-1.36583e-05
6.69129e-06
1.02627e-05
-1.08877e-05
8.74101e-06
-1.14068e-05
7.3002e-06
-1.18615e-05
-1.2262e-05
5.904e-06
7.79293e-06
-9.67615e-06
6.66919e-06
-1.0283e-05
5.61897e-06
-1.08112e-05
-1.12606e-05
4.61765e-06
4.75276e-06
-8.94762e-06
4.08504e-06
-9.61517e-06
3.46635e-06
-1.01924e-05
-1.06779e-05
2.88381e-06
1.56976e-06
1.35096e-06
1.14742e-06
9.55172e-07
3.34869e-05
1.29641e-05
7.60625e-06
3.55091e-05
-4.89092e-05
5.3839e-05
-0.000106963
5.70199e-05
-0.000112641
1.05103e-05
-0.000102985
-2.61127e-05
-9.94401e-05
-3.099e-05
-8.57162e-05
-2.37857e-05
-6.49236e-05
-1.01156e-05
-4.30361e-05
-7.24253e-06
-2.60742e-05
-1.1682e-05
-1.3205e-05
-2.38814e-05
-4.53844e-06
-3.30545e-05
3.62587e-06
-3.32601e-05
1.2345e-05
-2.17746e-05
2.07367e-05
-6.31741e-06
2.24288e-05
1.94459e-05
1.48543e-05
4.08022e-05
3.93169e-05
-0.000107693
1.42889e-05
-0.000105394
3.32106e-05
-0.000111715
6.01604e-05
-0.000104658
4.99623e-05
-9.92384e-05
5.09085e-06
-0.000113664
-1.16871e-05
-0.000130842
-1.38116e-05
-0.000108667
-4.59608e-05
-8.45485e-05
-3.42344e-05
-5.83625e-05
-3.34285e-05
-4.13955e-05
-2.86491e-05
-3.15729e-05
-3.3704e-05
-2.82549e-05
-3.63725e-05
-2.67278e-05
-3.47872e-05
-1.99541e-05
-2.85483e-05
-7.39152e-06
-1.888e-05
3.63121e-06
8.42318e-06
5.61161e-06
3.88218e-05
4.49285e-05
-0.00011235
-2.10207e-06
-8.43368e-05
5.19764e-06
-4.22103e-05
1.80339e-05
-3.71277e-06
1.14647e-05
5.20698e-06
-3.82889e-06
-5.69746e-05
5.04944e-05
-0.000151497
8.0711e-05
-0.000162689
-3.47692e-05
-0.000137239
-5.9684e-05
-9.6181e-05
-7.44867e-05
-7.08116e-05
-5.40186e-05
-5.10728e-05
-5.34427e-05
-4.23476e-05
-4.50977e-05
-4.13601e-05
-3.57747e-05
-3.91508e-05
-3.07577e-05
-3.01822e-05
-2.78485e-05
-1.61417e-05
-5.61734e-06
-3.52404e-06
2.62041e-05
4.14045e-05
-0.00015922
-7.89384e-06
-0.000113635
-4.0388e-05
-6.41102e-05
-3.14906e-05
-3.02879e-05
-2.23575e-05
-3.34625e-05
-6.54335e-07
-0.000115919
0.000132951
-0.000133437
9.82293e-05
-0.000155099
-1.31071e-05
-0.000164224
-5.05593e-05
-0.000167737
-7.09734e-05
-0.000144183
-7.75724e-05
-9.98497e-05
-9.77762e-05
-5.95344e-05
-8.5413e-05
-3.73915e-05
-5.79176e-05
-3.12988e-05
-3.68504e-05
-3.41974e-05
-2.49499e-05
-2.59923e-05
-1.38225e-05
-1.03973e-05
1.06091e-05
3.10072e-05
-0.000159832
1.4685e-05
-0.00017744
-2.27797e-05
-0.000164855
-4.40756e-05
-0.000144441
-4.27713e-05
-0.000158608
1.35121e-05
-0.000135573
0.000109916
-0.000103438
6.60948e-05
-9.9512e-05
-1.70335e-05
-0.00011192
-3.81509e-05
-0.000139578
-4.33162e-05
-0.000157435
-5.97148e-05
-0.000160339
-9.48725e-05
-0.000126252
-0.0001195
-7.2353e-05
-0.000111816
-1.73126e-05
-9.18908e-05
-1.30545e-05
-2.9208e-05
-1.90967e-05
-7.78026e-06
-1.15657e-05
3.07815e-06
1.94415e-05
-0.000167245
5.71697e-05
-0.000195599
5.57378e-06
-0.000201395
-3.82787e-05
-0.00019066
-5.35067e-05
-0.000159639
-1.75087e-05
-8.04335e-05
3.07098e-05
-1.92986e-05
4.9601e-06
-3.88157e-06
-3.24507e-05
-9.93431e-06
-3.20982e-05
-2.28324e-05
-3.0418e-05
-5.12509e-05
-3.12961e-05
-7.81445e-05
-6.79789e-05
-8.59044e-05
-0.00011174
-5.60978e-05
-0.000141623
-2.64281e-05
-0.00012156
-2.70341e-05
-2.8602e-05
-1.60179e-05
-1.87964e-05
-1.22856e-05
-6.5423e-07
7.15591e-06
-0.000124529
7.78297e-05
-0.000133819
1.48638e-05
-0.000124403
-4.76948e-05
-9.59829e-05
-8.19268e-05
-4.63857e-05
-6.71057e-05
2.18034e-05
-3.74794e-05
6.71856e-05
-4.04221e-05
6.43539e-05
-2.9619e-05
6.42062e-05
-3.19506e-05
6.6321e-05
-3.25327e-05
5.01445e-05
-1.51195e-05
1.99116e-05
-3.77459e-05
-6.90343e-06
-8.49249e-05
-1.46781e-05
-0.000133848
1.48337e-06
-0.000137722
-2.56719e-05
-1.44674e-06
-3.1908e-05
-1.25603e-05
-5.49197e-06
-2.70703e-05
1.66394e-06
-7.90061e-05
7.3024e-05
-6.57466e-05
1.60426e-06
-4.15598e-05
-7.18815e-05
-1.22539e-05
-0.000111233
1.53289e-05
-9.46885e-05
4.93679e-05
-7.15184e-05
7.18347e-05
-6.28891e-05
8.20303e-05
-3.98146e-05
9.28641e-05
-4.27843e-05
0.000100658
-4.03262e-05
0.000110913
-2.53754e-05
8.51357e-05
-1.19681e-05
2.69086e-05
-2.66979e-05
-8.47434e-06
-9.84654e-05
4.37937e-06
-0.000150576
2.87803e-05
-2.58477e-05
-4.75477e-06
2.09747e-05
-6.22263e-06
-2.56024e-05
-4.55869e-06
-4.81421e-05
5.4328e-05
-2.66857e-05
-1.98519e-05
-1.71756e-07
-9.83955e-05
1.76337e-05
-0.000129038
2.89678e-05
-0.000106023
3.716e-05
-7.97105e-05
4.53051e-05
-7.10342e-05
6.99261e-05
-6.44355e-05
8.98057e-05
-6.26638e-05
0.000105138
-5.56588e-05
0.000118695
-3.89323e-05
0.00011435
-7.62244e-06
1.61145e-05
7.15373e-05
-2.71316e-05
-5.52193e-05
-3.28388e-05
-0.000144868
5.48941e-06
-6.41758e-05
1.30277e-05
1.34365e-05
-1.06405e-05
-1.93428e-06
-1.51992e-05
-3.66637e-05
3.44205e-05
-1.13292e-05
-4.51864e-05
7.39884e-06
-0.000117123
1.47625e-05
-0.000136402
1.59174e-05
-0.000107178
1.77189e-05
-8.15119e-05
2.36873e-05
-7.70024e-05
4.56228e-05
-8.6371e-05
6.39043e-05
-8.09454e-05
8.27106e-05
-7.44651e-05
8.78255e-05
-4.40472e-05
3.67776e-05
4.34256e-05
-3.68788e-05
0.000145194
-3.55856e-05
-5.65128e-05
-5.92844e-05
-0.000121169
-5.83711e-05
-6.50892e-05
-4.08854e-05
-4.04919e-06
-2.4865e-05
-1.79547e-05
-4.00641e-05
-3.23484e-05
7.67427e-06
-1.25088e-05
-6.50262e-05
-1.07232e-05
-0.000118909
-2.12137e-05
-0.000125911
-2.19384e-05
-0.000106453
-1.37555e-05
-8.96948e-05
-7.57559e-06
-8.31825e-05
1.09529e-06
-9.5042e-05
8.24348e-06
-8.80936e-05
1.30063e-05
-7.92279e-05
2.2389e-06
-3.328e-05
-2.90782e-05
7.47428e-05
-5.41911e-05
0.000170307
-6.33642e-05
-4.73399e-05
-8.13708e-05
-0.000103163
-8.6047e-05
-6.0413e-05
-6.74016e-05
-2.26946e-05
-2.65661e-05
-5.87902e-05
-6.66303e-05
-4.45505e-05
-2.71269e-05
-2.61702e-05
-8.34065e-05
-2.75369e-05
-0.000117543
-2.46999e-05
-0.000128749
-1.45426e-05
-0.00011661
-6.26116e-06
-9.79762e-05
-1.03286e-05
-7.9115e-05
-2.39548e-05
-8.14158e-05
-3.07266e-05
-8.1322e-05
-2.27136e-05
-8.72408e-05
-1.16772e-05
-4.43164e-05
-2.82379e-06
6.5889e-05
-6.1882e-06
0.000173672
-6.35237e-05
9.99567e-06
-8.25437e-05
-8.41427e-05
-7.3169e-05
-6.97877e-05
-4.51227e-05
-5.07409e-05
-2.51083e-05
-7.88045e-05
-9.17386e-05
-3.08528e-05
-5.55246e-05
-1.03644e-05
-0.000103895
2.66902e-06
-0.000130576
1.54643e-05
-0.000141544
2.82662e-05
-0.000129412
3.14198e-05
-0.00010113
1.76989e-05
-6.53941e-05
-1.22019e-05
-5.15149e-05
-2.54667e-05
-6.80575e-05
-2.23895e-05
-9.0318e-05
9.51679e-06
-7.62227e-05
5.57371e-05
1.96685e-05
9.68073e-05
0.000132602
2.20065e-05
8.47966e-05
-4.12863e-05
-2.08499e-05
-4.13797e-05
-6.96942e-05
-2.16487e-05
-7.04719e-05
-7.10134e-06
-9.33519e-05
-9.88399e-05
1.54772e-05
-7.03557e-05
2.98766e-05
-0.000118295
4.39578e-05
-0.000144657
6.07902e-05
-0.000158376
7.84831e-05
-0.000147105
8.47031e-05
-0.000107349
7.61791e-05
-5.68701e-05
4.11198e-05
-1.64556e-05
1.22061e-05
-3.91438e-05
-1.82641e-06
-7.62855e-05
1.4963e-05
-9.3012e-05
8.42241e-05
-4.95925e-05
0.00015449
6.2336e-05
0.000127424
0.000111862
4.29643e-05
6.361e-05
-1.64745e-05
-1.02553e-05
-1.1406e-05
-7.55404e-05
1.32508e-06
-0.000106083
-9.75148e-05
5.08718e-05
-7.91731e-05
6.45259e-05
-0.000131949
8.35582e-05
-0.00016369
0.000103617
-0.000178435
0.000122724
-0.000166212
0.000137348
-0.000121973
0.000143902
-6.34248e-05
0.000130034
-2.58719e-06
8.38797e-05
7.01035e-06
3.90533e-05
-3.14589e-05
2.44195e-05
-7.83781e-05
6.5425e-05
-9.05979e-05
0.000144391
-1.663e-05
0.000165512
9.07406e-05
0.000106706
0.000122416
2.84055e-05
6.80456e-05
5.61807e-06
-5.27529e-05
7.88862e-06
-0.000108354
-8.96262e-05
6.11828e-05
-0.000105285
8.58459e-05
-0.000156612
0.000111087
-0.000188931
0.000133649
-0.000200997
0.000155873
-0.000188436
0.00017804
-0.000144141
0.000189274
-7.46583e-05
0.00019155
-4.86326e-06
0.000162636
3.59242e-05
0.000104006
2.71715e-05
5.78021e-05
-3.21744e-05
5.90813e-05
-9.1877e-05
0.000109419
-6.69677e-05
0.000158456
4.17032e-05
0.000151396
0.000129477
9.80704e-05
0.000121371
2.65425e-05
1.8775e-05
1.14816e-05
-9.32925e-05
-7.81446e-05
6.62658e-05
-0.000135108
9.39773e-05
-0.000184324
0.000117981
-0.000212934
0.000138028
-0.000221044
0.000159592
-0.000209999
0.000184891
-0.00016944
0.000204613
-9.43804e-05
0.000207289
-7.53983e-06
0.000194107
4.91062e-05
0.000155944
6.53353e-05
9.84833e-05
2.52859e-05
7.17603e-05
-6.51539e-05
8.83364e-05
-8.35438e-05
0.000128466
1.57382e-06
0.000145904
0.000112039
0.000117119
0.000150156
5.29062e-05
8.2988e-05
1.21227e-05
-5.25091e-05
-6.60219e-05
6.34802e-05
-0.000156277
8.74902e-05
-0.000208334
0.000107041
-0.000232486
0.000123748
-0.000237751
0.000139286
-0.000225537
0.000157625
-0.000187779
0.000178213
-0.000114968
0.000188497
-1.78236e-05
0.000184711
5.28924e-05
0.000167577
8.24694e-05
0.000125633
6.72303e-05
8.57093e-05
-2.52303e-05
7.86832e-05
-7.65176e-05
9.55787e-05
-1.53217e-05
0.000114104
9.35133e-05
0.000102923
0.000161337
5.06494e-05
0.000135261
1.63676e-05
-1.82274e-05
-4.96544e-05
5.68892e-05
-0.000173394
7.46979e-05
-0.000226142
8.49031e-05
-0.000242691
9.10691e-05
-0.000243917
9.69817e-05
-0.00023145
0.000108467
-0.000199264
0.000123327
-0.000129829
0.000138508
-3.30046e-05
0.000147919
4.34816e-05
0.000146007
8.43815e-05
0.000127706
8.55313e-05
9.34083e-05
9.06773e-06
7.38388e-05
-5.69481e-05
7.06608e-05
-1.21437e-05
8.04775e-05
8.36966e-05
7.89054e-05
0.000162909
4.1298e-05
0.000172869
8.86952e-06
1.42011e-05
-4.07849e-05
4.81946e-05
-0.000185621
5.06191e-05
-0.000228567
4.52249e-05
-0.000237297
3.81429e-05
-0.000236835
3.38777e-05
-0.000227185
4.03937e-05
-0.00020578
5.74465e-05
-0.000146881
8.29041e-05
-5.84622e-05
0.000104806
2.15803e-05
0.000113771
7.54169e-05
0.000107583
9.17195e-05
8.86881e-05
2.79623e-05
7.18294e-05
-4.00894e-05
6.04654e-05
-7.79809e-07
5.8557e-05
8.56049e-05
6.24257e-05
0.00015904
4.13281e-05
0.000193966
-6.67338e-06
6.22026e-05
-4.74583e-05
2.75482e-05
-0.000182328
1.4505e-05
-0.000215524
-5.9874e-07
-0.000222193
-1.32596e-05
-0.000224174
-2.20663e-05
-0.000218378
-1.61008e-05
-0.000211746
1.29438e-05
-0.000175926
5.03635e-05
-9.5882e-05
7.68987e-05
-4.95491e-06
8.92039e-05
6.31118e-05
8.10273e-05
9.98962e-05
7.39325e-05
3.50571e-05
6.90254e-05
-3.51824e-05
6.17435e-05
6.50194e-06
5.20178e-05
9.53307e-05
5.87141e-05
0.000152344
6.62141e-05
0.000186466
3.37626e-05
9.4654e-05
-1.36958e-05
-5.85511e-07
-0.000162638
-2.0098e-05
-0.000196011
-2.49652e-05
-0.000217326
-2.18473e-05
-0.000227292
-1.7814e-05
-0.000222411
-1.22332e-05
-0.000217326
7.12826e-06
-0.000195287
4.65922e-05
-0.000135346
7.54896e-05
-3.38522e-05
8.28443e-05
5.57572e-05
7.24058e-05
0.000110335
6.73532e-05
4.01097e-05
6.43286e-05
-3.21578e-05
6.42673e-05
6.56327e-06
5.36716e-05
0.000105926
5.43367e-05
0.000151679
6.8924e-05
0.000171879
4.67092e-05
0.000116869
3.30133e-05
-1.72281e-05
-0.00013089
-3.33974e-05
-0.000179842
-1.87186e-05
-0.000232005
-3.64502e-06
-0.000242365
4.93215e-06
-0.000230988
8.56825e-06
-0.000220962
1.6966e-05
-0.000203685
4.97577e-05
-0.000168138
8.71503e-05
-7.12448e-05
9.36495e-05
4.92581e-05
8.38192e-05
0.000120165
7.24514e-05
5.14775e-05
6.41564e-05
-2.38627e-05
6.35434e-05
7.17628e-06
5.38487e-05
0.000115621
4.54749e-05
0.000160053
5.29194e-05
0.000164434
3.97572e-05
0.000130031
7.27704e-05
-1.40255e-05
-8.60776e-05
-2.27064e-05
-0.000171161
-4.89481e-06
-0.000249816
1.16521e-05
-0.000258912
2.51042e-05
-0.00024444
2.98916e-05
-0.00022575
3.26211e-05
-0.000206414
4.65877e-05
-0.000182104
8.46695e-05
-0.000109327
0.000104767
2.91613e-05
9.72519e-05
0.00012768
8.07859e-05
6.79436e-05
6.80806e-05
-1.11574e-05
6.10622e-05
1.41946e-05
4.94929e-05
0.00012719
3.65615e-05
0.000172984
3.58542e-05
0.000165141
2.72345e-05
0.00013865
0.000100005
2.25101e-05
-3.61379e-05
1.6365e-05
-0.000165016
2.04922e-05
-0.000253943
3.44065e-05
-0.000272826
4.86467e-05
-0.00025868
5.33972e-05
-0.0002305
5.09235e-05
-0.000203941
5.13778e-05
-0.000182558
7.00311e-05
-0.00012798
9.8517e-05
6.75458e-07
9.87898e-05
0.000127407
8.62157e-05
8.05178e-05
7.1011e-05
4.04723e-06
5.54652e-05
2.97404e-05
3.99938e-05
0.000142662
2.77306e-05
0.000185247
2.3306e-05
0.000169566
1.73986e-05
0.000144557
0.000117403
9.48818e-05
3.49638e-07
7.98791e-05
-0.000150013
6.88686e-05
-0.000242933
7.2806e-05
-0.000276763
8.08594e-05
-0.000266734
8.10207e-05
-0.000230662
6.99136e-05
-0.000192833
5.86331e-05
-0.000171278
5.7965e-05
-0.000127312
7.61204e-05
-1.74799e-05
8.41157e-05
0.000119412
8.29123e-05
8.17212e-05
6.84448e-05
1.85148e-05
4.36888e-05
5.44964e-05
2.48263e-05
0.000161524
1.68021e-05
0.000193271
1.3913e-05
0.000172455
1.07568e-05
0.000147713
0.00012816
0.000165106
1.30217e-05
0.000142175
-0.000127082
0.000117546
-0.000218304
0.000100533
-0.00025975
9.06858e-05
-0.000256887
8.61741e-05
-0.00022615
7.74709e-05
-0.00018413
5.94788e-05
-0.000153286
4.8939e-05
-0.000116772
4.5682e-05
-1.4223e-05
6.11904e-05
0.000103904
7.16905e-05
7.12212e-05
5.66616e-05
3.35437e-05
2.26307e-05
8.85273e-05
4.79364e-06
0.000179361
3.55158e-06
0.000194514
5.74995e-06
0.000170257
5.71405e-06
0.000147749
0.000133874
0.000179021
-2.22197e-06
0.000159018
-0.000107078
0.000127238
-0.000186524
9.46591e-05
-0.000227172
6.72331e-05
-0.000229461
5.30035e-05
-0.00021192
5.32246e-05
-0.000184351
4.39114e-05
-0.000143972
2.53196e-05
-9.81801e-05
2.07907e-05
-9.69403e-06
5.06126e-05
7.40818e-05
6.24784e-05
5.93554e-05
3.36296e-05
6.23926e-05
-8.51804e-06
0.000130675
-1.79074e-05
0.000188751
-9.61109e-06
0.000186217
-1.86243e-06
0.000162508
1.02136e-06
0.000144865
0.000134895
0.000132408
-2.55752e-05
0.00012258
-9.72501e-05
9.45513e-05
-0.000158496
5.80216e-05
-0.000190642
2.08631e-05
-0.000192302
-2.35282e-06
-0.000188704
-4.09078e-06
-0.000182613
9.9354e-07
-0.000149057
2.45486e-06
-9.96414e-05
1.77336e-05
-2.49727e-05
4.35552e-05
4.82601e-05
2.9773e-05
7.31376e-05
-1.52025e-05
0.000107368
-4.44775e-05
0.00015995
-3.71889e-05
0.000181462
-2.03393e-05
0.000169368
-8.1311e-06
0.0001503
-3.85911e-06
0.000140593
0.000131036
8.07314e-05
-4.5859e-05
7.54404e-05
-9.19591e-05
5.08591e-05
-0.000133914
1.4107e-05
-0.00015389
-2.64071e-05
-0.000151788
-5.61982e-05
-0.000158913
-7.07066e-05
-0.000168104
-6.47632e-05
-0.000155
-5.37079e-05
-0.000110697
-3.98553e-05
-3.88253e-05
-3.15575e-05
3.99623e-05
-4.92397e-05
9.08198e-05
-7.28339e-05
0.000130962
-7.17524e-05
0.000158868
-4.96618e-05
0.000159371
-2.77147e-05
0.00014742
-1.37203e-05
0.000136305
-8.32876e-06
0.000135202
0.000122708
4.79548e-05
-5.53631e-05
4.00442e-05
-8.40485e-05
1.7071e-05
-0.000110941
-1.7891e-05
-0.000118928
-5.5737e-05
-0.000113942
-8.81749e-05
-0.000126475
-0.000113121
-0.000143159
-0.000130383
-0.000137738
-0.000137746
-0.000103334
-0.00013647
-4.01012e-05
-0.000127816
3.13082e-05
-0.000121679
8.46828e-05
-0.00010954
0.000118823
-8.34854e-05
0.000132814
-5.43568e-05
0.000130243
-3.19516e-05
0.000125015
-1.83119e-05
0.000122666
-1.13795e-05
0.00012827
0.000111328
2.70499e-05
-5.67528e-05
1.70701e-05
-7.40687e-05
-3.07581e-06
-9.07954e-05
-3.1948e-05
-9.00556e-05
-6.21721e-05
-8.37182e-05
-9.10049e-05
-9.7642e-05
-0.000118231
-0.000115933
-0.000144036
-0.000111932
-0.000164608
-8.27626e-05
-0.000170479
-3.42309e-05
-0.000159655
2.04845e-05
-0.000139554
6.45813e-05
-0.000111345
9.06143e-05
-7.94838e-05
0.000100952
-5.29453e-05
0.000103704
-3.37501e-05
0.00010582
-2.14039e-05
0.000110319
-1.25736e-05
0.000119439
9.87545e-05
1.41204e-05
-5.40972e-05
4.61085e-06
-6.45592e-05
-1.15459e-05
-7.46387e-05
-3.23106e-05
-6.92908e-05
-5.39034e-05
-6.21253e-05
-7.64132e-05
-7.51322e-05
-9.9064e-05
-9.32817e-05
-0.00012086
-9.01362e-05
-0.000139019
-6.46035e-05
-0.00014603
-2.72197e-05
-0.000137652
1.2106e-05
-0.000117903
4.48327e-05
-9.25311e-05
6.52423e-05
-6.82147e-05
7.66356e-05
-4.88386e-05
8.43281e-05
-3.38266e-05
9.0808e-05
-2.25442e-05
9.9037e-05
-1.2094e-05
0.000108989
8.66604e-05
7.72738e-06
-5.00964e-05
-4.23139e-07
-5.64084e-05
-1.32372e-05
-6.18246e-05
-2.64237e-05
-5.61041e-05
-4.03575e-05
-4.81914e-05
-5.72532e-05
-5.82365e-05
-7.53232e-05
-7.52116e-05
-9.15527e-05
-7.39067e-05
-0.000103781
-5.23753e-05
-0.000108498
-2.2503e-05
-0.000103049
6.65721e-06
-8.96744e-05
3.14581e-05
-7.33717e-05
4.89395e-05
-5.80773e-05
6.13411e-05
-4.46094e-05
7.08602e-05
-3.26281e-05
7.88267e-05
-2.18632e-05
8.8272e-05
-1.05897e-05
9.77155e-05
7.60707e-05
5.07829e-06
-4.57912e-05
-1.96987e-06
-4.93599e-05
-1.18282e-05
-5.19661e-05
-1.98357e-05
-4.80965e-05
-2.68576e-05
-4.11694e-05
-3.87813e-05
-4.63127e-05
-5.43372e-05
-5.96556e-05
-6.83938e-05
-5.98501e-05
-7.79984e-05
-4.27706e-05
-8.14633e-05
-1.90381e-05
-7.85774e-05
3.77129e-06
-7.07102e-05
2.35908e-05
-6.0858e-05
3.90872e-05
-5.07009e-05
5.11839e-05
-4.04631e-05
6.06224e-05
-3.02856e-05
6.86491e-05
-1.99428e-05
7.79291e-05
-8.77438e-06
8.6547e-05
6.72963e-05
3.79579e-06
-4.14468e-05
-2.06441e-06
-4.34995e-05
-9.38887e-06
-4.46414e-05
-1.4808e-05
-4.26773e-05
-1.76684e-05
-3.83088e-05
-2.44342e-05
-3.95469e-05
-3.7177e-05
-4.69128e-05
-5.0406e-05
-4.66211e-05
-5.9758e-05
-3.34186e-05
-6.37833e-05
-1.50127e-05
-6.27345e-05
2.72247e-06
-5.81411e-05
1.89973e-05
-5.15823e-05
3.25285e-05
-4.39752e-05
4.35767e-05
-3.57019e-05
5.2349e-05
-2.69598e-05
5.9907e-05
-1.74326e-05
6.84018e-05
-7.11865e-06
7.62331e-05
6.01777e-05
3.02734e-06
-3.71734e-05
-1.785e-06
-3.8687e-05
-7.03522e-06
-3.93911e-05
-1.12714e-05
-3.84411e-05
-1.35152e-05
-3.60649e-05
-1.74809e-05
-3.55812e-05
-2.66907e-05
-3.77029e-05
-3.78098e-05
-3.55019e-05
-4.60757e-05
-2.51527e-05
-5.00476e-05
-1.10408e-05
-5.0188e-05
2.86292e-06
-4.7399e-05
1.62083e-05
-4.2747e-05
2.78764e-05
-3.69131e-05
3.77428e-05
-3.03244e-05
4.57603e-05
-2.30775e-05
5.26601e-05
-1.48093e-05
6.01336e-05
-5.78845e-06
6.72124e-05
5.43894e-05
2.76978e-06
-3.32518e-05
-1.29588e-06
-3.46212e-05
-5.37801e-06
-3.53088e-05
-8.9931e-06
-3.48259e-05
-1.18215e-05
-3.32365e-05
-1.54222e-05
-3.19805e-05
-2.19317e-05
-3.11935e-05
-2.98851e-05
-2.75485e-05
-3.59549e-05
-1.90827e-05
-3.89712e-05
-8.02443e-06
-3.94291e-05
3.32087e-06
-3.76832e-05
1.44624e-05
-3.43754e-05
2.45686e-05
-2.99984e-05
3.33657e-05
-2.49057e-05
4.06677e-05
-1.91263e-05
4.68806e-05
-1.23026e-05
5.33101e-05
-4.71575e-06
5.96257e-05
4.96738e-05
2.73026e-06
-3.0078e-05
-5.88902e-07
-3.13019e-05
-4.03687e-06
-3.18608e-05
-7.30295e-06
-3.15598e-05
-1.02187e-05
-3.03207e-05
-1.36047e-05
-2.85944e-05
-1.83901e-05
-2.64081e-05
-2.37087e-05
-2.22297e-05
-2.7775e-05
-1.50163e-05
-2.98847e-05
-5.91466e-06
-3.0321e-05
3.75727e-06
-2.92281e-05
1.33695e-05
-2.69252e-05
2.22656e-05
-2.37204e-05
3.01608e-05
-1.98723e-05
3.68195e-05
-1.53964e-05
4.24047e-05
-9.97104e-06
4.78849e-05
-3.77393e-06
5.34288e-05
4.59e-05
2.41067e-06
-2.78709e-05
1.28486e-07
-2.90196e-05
-2.43848e-06
-2.92937e-05
-5.20422e-06
-2.8794e-05
-7.99842e-06
-2.75266e-05
-1.09792e-05
-2.56136e-05
-1.4457e-05
-2.29301e-05
-1.79657e-05
-1.87209e-05
-2.05834e-05
-1.23984e-05
-2.20667e-05
-4.43127e-06
-2.24934e-05
4.184e-06
-2.18685e-05
1.27445e-05
-2.03464e-05
2.07434e-05
-1.80931e-05
2.79074e-05
-1.52836e-05
3.401e-05
-1.19426e-05
3.90636e-05
-7.79856e-06
4.3741e-05
-2.90122e-06
4.85317e-05
4.29988e-05
1.64391e-06
-2.6631e-05
4.18973e-07
-2.77945e-05
-9.56442e-07
-2.79182e-05
-2.64042e-06
-2.711e-05
-4.69961e-06
-2.54673e-05
-7.1213e-06
-2.31919e-05
-9.76642e-06
-2.02848e-05
-1.22333e-05
-1.62538e-05
-1.40559e-05
-1.05758e-05
-1.52033e-05
-3.2838e-06
-1.57311e-05
4.71174e-06
-1.55763e-05
1.25895e-05
-1.47415e-05
1.99085e-05
-1.3299e-05
2.64648e-05
-1.13694e-05
3.20804e-05
-8.99263e-06
3.66869e-05
-5.95672e-06
4.07053e-05
-2.1806e-06
4.47557e-05
4.08183e-05
5.57302e-07
1.82415e-07
-1.83619e-07
-5.99128e-07
-1.17148e-06
-2.02266e-06
-3.21993e-06
-4.57922e-06
-5.83187e-06
-6.73262e-06
-7.29683e-06
-7.49658e-06
-7.33729e-06
-6.81887e-06
-5.98537e-06
-4.85652e-06
-3.32289e-06
-1.30971e-06
)
;

boundaryField
{
    leftWall
    {
        type            calculated;
        value           uniform 0;
    }
    rightWall
    {
        type            calculated;
        value           uniform 0;
    }
    lowerWall
    {
        type            calculated;
        value           uniform 0;
    }
    atmosphere
    {
        type            calculated;
        value           nonuniform List<scalar> 
46
(
7.22022e-05
9.99645e-05
9.95156e-05
8.12226e-05
5.62196e-05
2.7383e-05
-8.98002e-06
-4.45812e-05
-7.90624e-05
-0.000113998
-0.00015104
-0.000177707
-9.67085e-05
4.35159e-05
9.92104e-05
4.53329e-05
2.87087e-05
2.08909e-05
1.28364e-05
3.66237e-06
-4.56452e-06
-1.0895e-05
-1.57087e-05
-8.70573e-06
-9.39633e-06
-9.98879e-06
-1.04856e-05
-2.6233e-05
-2.74196e-05
-2.75522e-05
-2.66944e-05
-2.48949e-05
-2.23406e-05
-1.90874e-05
-1.48944e-05
-9.32309e-06
-2.38307e-06
5.27589e-06
1.27892e-05
1.97492e-05
2.59463e-05
3.1247e-05
3.55581e-05
3.91717e-05
4.27426e-05
3.95086e-05
)
;
    }
    defaultFaces
    {
        type            empty;
        value           nonuniform 0();
    }
}


// ************************************************************************* //
