/*--------------------------------*- C++ -*----------------------------------*\
| =========                 |                                                 |
| \\      /  F ield         | OpenFOAM: The Open Source CFD Toolbox           |
|  \\    /   O peration     | Version:  2.3.0                                 |
|   \\  /    A nd           | Web:      www.OpenFOAM.org                      |
|    \\/     M anipulation  |                                                 |
\*---------------------------------------------------------------------------*/
FoamFile
{
    version     2.0;
    format      ascii;
    class       volVectorField;
    location    "1.2";
    object      U;
}
// * * * * * * * * * * * * * * * * * * * * * * * * * * * * * * * * * * * * * //

dimensions      [0 1 -1 0 0 0 0];

internalField   nonuniform List<vector> 
2268
(
(0.0169964 -0.0146227 0)
(0.0497674 -0.0147457 0)
(0.076393 -0.00176625 0)
(0.0442547 0.00853719 0)
(-0.0127433 0.00895796 0)
(-0.00376603 -0.00360889 0)
(0.0379583 -0.00972342 0)
(0.0820016 -0.00851622 0)
(0.110955 -0.00745969 0)
(0.132814 -0.00647247 0)
(0.154652 -0.00807395 0)
(0.180383 -0.0127531 0)
(0.199701 -0.0105741 0)
(0.166253 0.00946331 0)
(0.0278408 0.0330403 0)
(-0.067561 0.0173879 0)
(-0.0397578 -0.00955103 0)
(-0.0104026 -0.00849149 0)
(0.00447114 -0.00192818 0)
(0.00234243 -0.00182753 0)
(-0.000450242 -0.00389239 0)
(0.00237368 -0.00339065 0)
(0.00491809 -0.000853845 0)
(0.00398287 -0.0198581 0)
(0.0014215 -0.0180005 0)
(0.0314142 0.00647109 0)
(0.00112821 0.0286082 0)
(-0.0419709 0.015184 0)
(-0.0194263 -0.016953 0)
(0.0218302 -0.0321208 0)
(0.0747132 -0.0253946 0)
(0.101608 -0.0166931 0)
(0.112643 -0.0135452 0)
(0.122821 -0.0182303 0)
(0.125078 -0.0130757 0)
(0.0977945 0.0199012 0)
(0.0743179 0.060448 0)
(-0.016285 0.0694671 0)
(-0.00308749 0.0183064 0)
(0.040022 -0.023332 0)
(0.0480221 -0.0180829 0)
(0.0545498 -0.00360405 0)
(0.0517632 0.0042832 0)
(0.0369864 0.00375611 0)
(0.0178914 0.00127286 0)
(0.0128959 0.00406444 0)
(-0.00899106 -0.0135288 0)
(-0.028154 -0.0216335 0)
(-0.0283123 0.00745155 0)
(-0.0396273 0.0389406 0)
(-0.0543175 0.0156413 0)
(-0.0359087 -0.0320794 0)
(0.0041489 -0.0581622 0)
(0.0630019 -0.0460185 0)
(0.100501 -0.0261551 0)
(0.116254 -0.0160406 0)
(0.117879 -0.0151277 0)
(0.0995573 0.00182912 0)
(0.0540967 0.0325241 0)
(0.0291188 0.0748541 0)
(0.0312436 0.0667146 0)
(0.0938214 6.92223e-05 0)
(0.0965061 -0.0281969 0)
(0.0794757 -0.0184235 0)
(0.0730781 -0.00249788 0)
(0.0689319 0.00850955 0)
(0.0542721 0.0124665 0)
(0.026089 0.00869 0)
(0.0157005 0.0123966 0)
(-0.00705393 -0.00279605 0)
(-0.0276184 -0.0112157 0)
(-0.0467093 0.0120912 0)
(-0.0497628 0.0396248 0)
(-0.0494571 0.0138549 0)
(-0.0340108 -0.0445882 0)
(-0.00144583 -0.0831986 0)
(0.0510128 -0.0713885 0)
(0.0982651 -0.0417464 0)
(0.123521 -0.0215648 0)
(0.12788 -0.0108448 0)
(0.115406 0.0138302 0)
(0.0943113 0.0437352 0)
(0.0921914 0.0659724 0)
(0.133487 0.0457877 0)
(0.156233 -0.002041 0)
(0.129575 -0.0188573 0)
(0.0974991 -0.0101902 0)
(0.0818246 0.00272409 0)
(0.0734745 0.0150186 0)
(0.0597884 0.0230716 0)
(0.0327635 0.0193022 0)
(0.0136874 0.0224536 0)
(0.000546086 0.00330078 0)
(-0.00237059 -0.00177044 0)
(-0.0262774 0.0165075 0)
(-0.030972 0.0372452 0)
(-0.0256506 0.0113837 0)
(-0.00992979 -0.0537635 0)
(0.0132486 -0.100502 0)
(0.0501093 -0.0953619 0)
(0.0949821 -0.0609073 0)
(0.126966 -0.0312706 0)
(0.140926 -0.0107749 0)
(0.142641 0.0160172 0)
(0.152081 0.04279 0)
(0.176459 0.0547783 0)
(0.200639 0.0390171 0)
(0.184092 0.0079637 0)
(0.133557 -0.0036152 0)
(0.0941427 0.000821429 0)
(0.076846 0.00813565 0)
(0.0703028 0.0205224 0)
(0.0605575 0.0317855 0)
(0.0382952 0.030734 0)
(0.0112926 0.0324796 0)
(0.0145473 -0.0020889 0)
(0.0314092 0.00096239 0)
(0.0177008 0.0221676 0)
(0.00913423 0.0368741 0)
(0.0138061 0.00803364 0)
(0.0284245 -0.0599854 0)
(0.042322 -0.111234 0)
(0.0674511 -0.111001 0)
(0.096646 -0.0778924 0)
(0.12696 -0.0442925 0)
(0.148567 -0.0178536 0)
(0.165715 0.00830618 0)
(0.193075 0.0302848 0)
(0.224371 0.0453302 0)
(0.22551 0.0469826 0)
(0.167547 0.0329268 0)
(0.0906841 0.0212597 0)
(0.0554535 0.0141913 0)
(0.0495693 0.0110691 0)
(0.0556158 0.02166 0)
(0.0559647 0.0366258 0)
(0.0378587 0.0420138 0)
(0.00840172 0.045308 0)
(0.0159012 -0.0127541 0)
(0.05866 -0.000660007 0)
(0.0713496 0.0231406 0)
(0.0633601 0.0352006 0)
(0.0650975 0.00444672 0)
(0.0756192 -0.0629604 0)
(0.0794808 -0.121159 0)
(0.0944669 -0.122465 0)
(0.109973 -0.0876689 0)
(0.127881 -0.0550799 0)
(0.149333 -0.0281345 0)
(0.178054 -0.00519759 0)
(0.22349 0.0130652 0)
(0.247496 0.0403325 0)
(0.209691 0.069188 0)
(0.0896763 0.0752994 0)
(-0.00798622 0.0514017 0)
(-0.0169952 0.0212389 0)
(0.00220038 0.00864368 0)
(0.0369855 0.0236633 0)
(0.0555881 0.0414907 0)
(0.0437279 0.0522744 0)
(0.0141862 0.0533439 0)
(-0.00367023 -0.0314061 0)
(0.0341592 -0.0230172 0)
(0.0948032 0.0176388 0)
(0.117611 0.0393817 0)
(0.122703 0.00735836 0)
(0.133499 -0.0609412 0)
(0.12797 -0.123054 0)
(0.11936 -0.134124 0)
(0.132442 -0.0952957 0)
(0.139473 -0.0622401 0)
(0.158462 -0.04086 0)
(0.212498 -0.0319888 0)
(0.256157 -0.0105467 0)
(0.236126 0.0484633 0)
(0.13724 0.121894 0)
(-0.036745 0.129442 0)
(-0.115893 0.0711742 0)
(-0.104307 0.0119392 0)
(-0.0852051 -0.0151638 0)
(-0.0456662 -0.00550315 0)
(0.033347 0.0304122 0)
(0.0742866 0.0624739 0)
(0.0425273 0.0816458 0)
(0.0567152 -0.0369275 0)
(0.173979 -0.0163312 0)
(0.027053 0.0225058 0)
(-0.035199 0.00126505 0)
(0.162714 -0.063016 0)
(0.426835 -0.0796482 0)
(0.680241 -0.064171 0)
(0.881596 -0.0251124 0)
(0.913346 0.0334075 0)
(0.706661 0.0767105 0)
(0.392135 0.0624561 0)
(0.194035 0.0206321 0)
(0.113828 -0.0173761 0)
(0.120844 -0.0205059 0)
(0.117628 0.0106818 0)
(-0.0143516 0.0320114 0)
(-0.127535 0.00756639 0)
(-0.0851849 -0.0163986 0)
(0.000250255 -0.0132179 0)
(0.00700564 -0.0621809 0)
(0.131571 0.0129843 0)
(-0.0304681 0.0590291 0)
(0.131067 -0.0527166 0)
(0.321654 -0.163211 0)
(0.4989 -0.185664 0)
(0.687991 -0.139551 0)
(0.821431 -0.0669556 0)
(0.937547 0.0247329 0)
(0.969473 0.119792 0)
(0.843264 0.157673 0)
(0.635881 0.123158 0)
(0.437202 0.0547469 0)
(0.243274 0.0114692 0)
(0.121326 0.0514289 0)
(-0.0725156 0.0803972 0)
(-0.189584 0.0274926 0)
(-0.0861459 -0.0394119 0)
(0.0508539 -0.0270824 0)
(0.00252741 -0.0848059 0)
(0.0699004 -4.33199e-05 0)
(0.0640944 0.0408501 0)
(0.251212 -0.111523 0)
(0.366046 -0.223859 0)
(0.407765 -0.248708 0)
(0.536886 -0.193823 0)
(0.674699 -0.105018 0)
(0.755376 -0.00828872 0)
(0.834763 0.105479 0)
(0.865932 0.186347 0)
(0.785385 0.19848 0)
(0.605099 0.14971 0)
(0.334003 0.0987783 0)
(0.118423 0.13392 0)
(-0.145748 0.199581 0)
(-0.379397 0.0567316 0)
(-0.142718 -0.157083 0)
(0.0829812 -0.00572295 0)
(-0.0118998 -0.0884198 0)
(0.0210994 -0.0228597 0)
(0.141174 -0.0184186 0)
(0.304891 -0.161036 0)
(0.329501 -0.230634 0)
(0.216089 -0.263654 0)
(0.293786 -0.240707 0)
(0.452146 -0.144634 0)
(0.546007 -0.0367735 0)
(0.620504 0.0764655 0)
(0.704422 0.177031 0)
(0.724226 0.238319 0)
(0.619797 0.234219 0)
(0.360136 0.198255 0)
(0.092594 0.241552 0)
(-0.294281 0.356156 0)
(-0.505391 0.0128359 0)
(-0.236784 -0.281484 0)
(-0.0576876 -0.0341664 0)
(-0.00703252 -0.0864454 0)
(0.0484424 -0.0651089 0)
(0.186158 -0.0875966 0)
(0.287289 -0.180743 0)
(0.259186 -0.189534 0)
(0.0188874 -0.239416 0)
(0.0172426 -0.290481 0)
(0.188369 -0.200715 0)
(0.30698 -0.0817378 0)
(0.401708 0.0285184 0)
(0.504355 0.138649 0)
(0.576293 0.246809 0)
(0.531846 0.299601 0)
(0.327735 0.285778 0)
(0.0391116 0.387913 0)
(-0.467776 0.517319 0)
(-0.415631 -0.0253468 0)
(-0.250953 -0.371641 0)
(-0.167291 -0.120559 0)
(0.0202283 -0.109397 0)
(0.0561196 -0.116691 0)
(0.164234 -0.129328 0)
(0.219078 -0.184353 0)
(0.224959 -0.124402 0)
(-0.0652442 -0.183699 0)
(-0.235891 -0.302671 0)
(-0.118093 -0.252843 0)
(0.0323444 -0.128294 0)
(0.155562 -0.0168187 0)
(0.272646 0.0982784 0)
(0.381801 0.246052 0)
(0.378515 0.345734 0)
(0.209 0.37779 0)
(-0.211332 0.602433 0)
(-0.572354 0.548036 0)
(-0.32158 -0.099447 0)
(-0.176735 -0.423609 0)
(-0.19853 -0.212537 0)
(-0.0043951 -0.126774 0)
(-0.0467133 -0.124588 0)
(0.0447373 -0.146604 0)
(0.113958 -0.19627 0)
(0.234184 -0.0763236 0)
(0.0706476 -0.0646429 0)
(-0.342231 -0.241704 0)
(-0.423209 -0.271615 0)
(-0.281594 -0.17759 0)
(-0.118908 -0.084501 0)
(0.0429944 0.0531065 0)
(0.185165 0.237574 0)
(0.206132 0.379882 0)
(0.000859322 0.510451 0)
(-0.495637 0.735898 0)
(-0.534167 0.434032 0)
(-0.237609 -0.215091 0)
(-0.0823594 -0.472165 0)
(-0.162879 -0.281947 0)
(-0.11231 -0.0662464 0)
(-0.193824 -0.117652 0)
(-0.115962 -0.19316 0)
(0.00325132 -0.241289 0)
(0.162507 -0.135481 0)
(0.379156 0.0928074 0)
(-0.160759 -0.0828248 0)
(-0.594789 -0.267046 0)
(-0.568312 -0.245293 0)
(-0.387957 -0.173045 0)
(-0.159779 -0.0654842 0)
(-0.00769233 0.18371 0)
(0.0489463 0.40439 0)
(-0.209337 0.644464 0)
(-0.624553 0.822334 0)
(-0.397967 0.426021 0)
(-0.0745389 -0.205801 0)
(-0.0145034 -0.496083 0)
(-0.0810568 -0.33151 0)
(-0.00834475 -0.0539565 0)
(-0.00195575 -0.0686728 0)
(0.0379584 -0.048609 0)
(0.122383 -0.00511176 0)
(0.176617 -0.00376144 0)
(0.20679 -0.0413535 0)
(0.199586 -0.098617 0)
(0.162551 -0.128501 0)
(0.156518 -0.103782 0)
(0.161656 -0.0741312 0)
(0.201608 -0.0734265 0)
(0.237385 -0.0646604 0)
(0.190336 0.0116417 0)
(0.0487521 0.118865 0)
(-0.0672951 0.219131 0)
(-0.187589 0.184668 0)
(-0.208387 0.0466079 0)
(-0.197703 -0.0201795 0)
(-0.197997 -0.0441131 0)
(-0.181349 -0.0466184 0)
(-0.117471 -0.0359524 0)
(-0.0189981 0.00483987 0)
(0.0863905 0.0858806 0)
(0.148071 0.0154366 0)
(0.145815 -0.0317138 0)
(0.0317486 -0.110982 0)
(0.0740114 -0.0826197 0)
(0.126245 -0.0701526 0)
(0.190686 -0.0802572 0)
(0.239756 -0.0856253 0)
(0.230432 -0.0951527 0)
(0.192382 -0.0957264 0)
(0.193393 -0.113437 0)
(0.219882 -0.130514 0)
(0.0507219 -0.0534167 0)
(-0.117507 0.166114 0)
(-0.229325 0.325383 0)
(-0.360049 0.356777 0)
(-0.374359 0.274181 0)
(-0.380926 0.13243 0)
(-0.377125 0.0342339 0)
(-0.296544 -0.0123522 0)
(-0.196433 -0.0129323 0)
(-0.148473 -0.0835305 0)
(-0.109778 -0.0994561 0)
(-0.121848 -0.0484595 0)
(0.106685 -0.376021 0)
(0.477712 0.0634768 0)
(0.469665 0.118621 0)
(0.366232 -0.0346543 0)
(0.302768 -0.118962 0)
(0.266724 -0.164889 0)
(0.271832 -0.146157 0)
(0.251393 -0.0869518 0)
(0.17585 -0.0674502 0)
(0.11333 -0.0987377 0)
(-0.112877 0.092076 0)
(-0.45883 0.33273 0)
(-0.65427 0.430606 0)
(-0.727292 0.420698 0)
(-0.763602 0.363459 0)
(-0.747026 0.274612 0)
(-0.728131 0.109789 0)
(-0.703465 -0.0873444 0)
(-0.620159 -0.195655 0)
(-0.407165 -0.192312 0)
(-0.15782 -0.220691 0)
(0.170115 -0.0972984 0)
(0.380119 0.118552 0)
(-0.00202383 -0.693993 0)
(0.294972 -0.486777 0)
(0.597431 -0.147056 0)
(0.730501 0.00673611 0)
(0.834302 0.0700003 0)
(0.61988 0.00202952 0)
(0.377861 -0.0290071 0)
(0.225623 0.0333122 0)
(0.0785687 0.0597423 0)
(-0.17786 0.184092 0)
(-0.681121 0.453958 0)
(-1.08484 0.579062 0)
(-1.065 0.423902 0)
(-1.03111 0.354804 0)
(-0.973981 0.267656 0)
(-0.935403 0.133535 0)
(-0.930481 -0.0337207 0)
(-0.965091 -0.201831 0)
(-0.976937 -0.375458 0)
(-0.865961 -0.558571 0)
(-0.654853 -0.647943 0)
(-0.376962 -0.574872 0)
(0.0147046 -0.244581 0)
(-0.0805823 -0.657405 0)
(-0.0837512 -0.462046 0)
(0.0222109 -0.299204 0)
(0.0497241 -0.130277 0)
(0.148089 0.038454 0)
(0.152649 0.11689 0)
(0.106162 0.144647 0)
(0.0102685 0.175556 0)
(-0.121991 0.252636 0)
(-0.435486 0.519743 0)
(-0.934662 0.849124 0)
(-1.0577 0.561882 0)
(-1.02394 0.288302 0)
(-0.936204 0.221356 0)
(-0.87369 0.202386 0)
(-0.818955 0.181975 0)
(-0.757976 0.0994776 0)
(-0.68135 -0.009712 0)
(-0.72842 -0.286613 0)
(-0.79484 -0.61384 0)
(-0.821379 -0.786423 0)
(-0.742672 -0.794161 0)
(-0.629597 -0.630648 0)
(-0.08213 -0.448378 0)
(-0.305935 -0.382187 0)
(-0.340949 -0.303091 0)
(-0.301412 -0.175251 0)
(-0.275461 -0.0278721 0)
(-0.256549 0.0860931 0)
(-0.259822 0.167872 0)
(-0.323381 0.290576 0)
(-0.468471 0.521686 0)
(-0.755174 0.928784 0)
(-1.03615 1.15432 0)
(-0.923435 0.596994 0)
(-0.875233 0.272794 0)
(-0.689269 0.220842 0)
(-0.464467 0.196949 0)
(-0.0110767 0.169493 0)
(0.171219 -0.0559772 0)
(0.107256 -0.00639974 0)
(-0.00154334 -0.0493179 0)
(-0.306627 -0.386726 0)
(-0.638587 -0.717028 0)
(-0.771248 -0.759421 0)
(-0.812426 -0.663484 0)
(0.0690406 -0.303448 0)
(-0.27758 -0.283008 0)
(-0.487105 -0.224685 0)
(-0.582254 -0.10214 0)
(-0.604728 0.0323618 0)
(-0.625557 0.146699 0)
(-0.620744 0.287822 0)
(-0.632846 0.478507 0)
(-0.725522 0.766702 0)
(-0.911373 1.19989 0)
(-0.955042 1.25854 0)
(-0.679288 0.712869 0)
(-0.472974 0.104755 0)
(-0.132974 -0.194625 0)
(0.0311107 -0.323072 0)
(0.142361 -0.252672 0)
(0.201798 -0.161551 0)
(0.253108 -0.0143232 0)
(0.316988 0.150594 0)
(0.366941 0.134049 0)
(0.00677901 -0.354873 0)
(-0.501116 -0.540755 0)
(-0.68317 -0.629499 0)
(0.137379 -0.305373 0)
(0.173007 0.0172956 0)
(-0.0909701 0.0274063 0)
(-0.595777 -0.0482615 0)
(-0.683693 0.0469868 0)
(-0.674049 0.120517 0)
(-0.656567 0.228848 0)
(-0.642279 0.457818 0)
(-0.669939 0.822626 0)
(-0.680338 1.15912 0)
(-0.434276 0.93976 0)
(-0.186177 0.356293 0)
(-0.112578 -0.237642 0)
(-0.0903501 -0.377215 0)
(0.0425086 -0.295752 0)
(0.119086 -0.212504 0)
(0.163764 -0.186025 0)
(0.212556 -0.156128 0)
(0.295317 -0.137116 0)
(0.37606 -0.0701142 0)
(0.412697 0.0436261 0)
(0.0157781 -0.08762 0)
(-0.399668 -0.478286 0)
(0.0271084 -0.455712 0)
(0.240852 -0.207112 0)
(0.501396 0.25451 0)
(0.355828 0.390596 0)
(0.292708 0.21248 0)
(-0.0305806 -0.0123726 0)
(-0.162352 0.129187 0)
(-0.0522157 0.295266 0)
(-0.0946433 0.598272 0)
(0.225341 0.930785 0)
(0.668513 0.803514 0)
(0.698774 0.347195 0)
(0.450754 -0.165027 0)
(0.247859 -0.44141 0)
(0.194675 -0.390685 0)
(0.226586 -0.258643 0)
(0.260252 -0.201638 0)
(0.304303 -0.161559 0)
(0.359889 -0.117222 0)
(0.416378 -0.0775262 0)
(0.47203 -0.00879121 0)
(0.557325 0.143398 0)
(0.481727 0.122445 0)
(-0.000898016 -0.582706 0)
(0.247874 -0.514072 0)
(0.494302 -0.107066 0)
(0.715608 0.348605 0)
(0.816806 0.499812 0)
(0.621865 0.474867 0)
(0.219619 0.295665 0)
(0.229463 0.187614 0)
(0.338686 0.221569 0)
(0.664833 0.416561 0)
(1.15609 0.601932 0)
(1.37935 0.569462 0)
(1.13004 0.239027 0)
(0.708503 -0.173653 0)
(0.447865 -0.291977 0)
(0.401378 -0.248332 0)
(0.434818 -0.232811 0)
(0.487563 -0.219145 0)
(0.53463 -0.177175 0)
(0.557869 -0.10907 0)
(0.545927 -0.0460335 0)
(0.525648 -0.0107921 0)
(0.539028 -0.0257737 0)
(-0.0845239 -0.784427 0)
(0.367532 -0.638099 0)
(0.305877 -0.363003 0)
(0.589487 0.0885916 0)
(0.78315 0.437131 0)
(0.71926 0.647657 0)
(0.513963 0.562996 0)
(0.507479 0.294331 0)
(0.511316 0.106135 0)
(0.598438 0.119349 0)
(0.861744 0.332586 0)
(1.12075 0.486593 0)
(1.09455 0.393143 0)
(0.79117 0.0871564 0)
(0.586068 -0.104281 0)
(0.580155 -0.215718 0)
(0.653291 -0.279831 0)
(0.722706 -0.270255 0)
(0.757071 -0.199654 0)
(0.745797 -0.0965086 0)
(0.691339 0.00588905 0)
(0.606636 0.0740977 0)
(0.500337 0.0715469 0)
(-0.156889 -0.941434 0)
(0.336247 -0.608367 0)
(-0.198465 -0.410948 0)
(0.264215 0.0041727 0)
(0.558026 0.439455 0)
(0.618609 0.642785 0)
(0.664051 0.548009 0)
(0.70045 0.341121 0)
(0.586536 0.125723 0)
(0.529717 0.0506835 0)
(0.618849 0.205652 0)
(0.737009 0.359878 0)
(0.680886 0.429967 0)
(0.493181 0.246075 0)
(0.560281 -0.0472267 0)
(0.705635 -0.287947 0)
(0.823589 -0.377298 0)
(0.90016 -0.333284 0)
(0.925408 -0.206706 0)
(0.890519 -0.0476511 0)
(0.797699 0.0937928 0)
(0.670942 0.185625 0)
(0.529604 0.19746 0)
(-0.180419 -0.988779 0)
(0.210334 -0.493023 0)
(-0.185851 -0.395735 0)
(-0.128337 -0.56497 0)
(0.262205 0.250271 0)
(0.464573 0.483935 0)
(0.642455 0.458707 0)
(0.786992 0.458927 0)
(0.506448 0.207586 0)
(0.29062 0.178394 0)
(0.310329 0.284895 0)
(0.287313 0.463046 0)
(0.0624064 0.535088 0)
(0.264893 0.182174 0)
(0.533738 -0.235886 0)
(0.713225 -0.453227 0)
(0.823214 -0.487487 0)
(0.89069 -0.387814 0)
(0.91312 -0.199236 0)
(0.883859 0.0256835 0)
(0.789868 0.215662 0)
(0.646803 0.32737 0)
(0.488879 0.342401 0)
(-0.206773 -1.00207 0)
(0.200654 -0.45221 0)
(-0.275773 -0.146817 0)
(0.038892 -0.737196 0)
(-0.00170411 -0.247831 0)
(0.292396 0.229662 0)
(0.47751 0.308127 0)
(0.551773 0.522643 0)
(0.0243217 0.46705 0)
(-0.14984 0.264806 0)
(-0.383129 0.387389 0)
(-0.50689 0.598571 0)
(-0.242589 0.293951 0)
(0.150551 -0.206308 0)
(0.36135 -0.469852 0)
(0.503315 -0.579442 0)
(0.591008 -0.572986 0)
(0.653532 -0.437895 0)
(0.678755 -0.203857 0)
(0.66623 0.0790511 0)
(0.608287 0.322173 0)
(0.493345 0.463409 0)
(0.351078 0.481063 0)
(-0.24332 -1.00444 0)
(0.140747 -0.343502 0)
(-0.350476 -0.478554 0)
(0.0991114 -0.568951 0)
(0.00186768 -0.290427 0)
(-0.110603 -0.120741 0)
(-0.213068 0.339493 0)
(-0.402084 0.837199 0)
(-0.90297 0.782926 0)
(-0.995911 0.588124 0)
(-1.00139 0.493456 0)
(-0.742691 0.216517 0)
(-0.365588 -0.182948 0)
(-0.158247 -0.434441 0)
(-0.00365176 -0.607435 0)
(0.116893 -0.68834 0)
(0.191058 -0.663886 0)
(0.252549 -0.484692 0)
(0.28175 -0.207518 0)
(0.284882 0.107804 0)
(0.271502 0.391575 0)
(0.211088 0.560209 0)
(0.116809 0.582298 0)
(-0.192704 -0.884594 0)
(0.144617 -0.264572 0)
(-0.157614 -0.488345 0)
(-0.148237 -0.577879 0)
(-0.368066 -0.0504608 0)
(-0.730431 0.359028 0)
(-1.09689 0.782394 0)
(-1.37425 1.08001 0)
(-1.53025 0.923403 0)
(-1.41929 0.581084 0)
(-1.17032 0.211087 0)
(-0.894833 -0.138062 0)
(-0.717133 -0.377759 0)
(-0.563558 -0.582768 0)
(-0.439699 -0.72966 0)
(-0.347628 -0.793176 0)
(-0.291361 -0.724291 0)
(-0.246055 -0.503307 0)
(-0.215568 -0.1958 0)
(-0.191303 0.130196 0)
(-0.16216 0.425973 0)
(-0.155285 0.606368 0)
(-0.166588 0.61743 0)
(-0.185332 -0.889176 0)
(0.143355 -0.368205 0)
(0.0148978 -0.163631 0)
(-0.310724 -0.293394 0)
(-0.693539 0.30487 0)
(-1.15283 0.818116 0)
(-1.56513 1.14322 0)
(-1.75053 1.15559 0)
(-1.70325 0.813224 0)
(-1.51101 0.354405 0)
(-1.32442 -0.0210564 0)
(-1.19218 -0.292519 0)
(-1.05932 -0.519044 0)
(-0.94739 -0.696384 0)
(-0.861727 -0.818857 0)
(-0.809603 -0.854149 0)
(-0.778291 -0.755296 0)
(-0.746782 -0.516072 0)
(-0.712216 -0.200369 0)
(-0.661284 0.127402 0)
(-0.587128 0.409207 0)
(-0.504862 0.566641 0)
(-0.426062 0.566554 0)
(-0.176279 -0.796375 0)
(0.109913 -0.470317 0)
(0.0250664 -0.133103 0)
(-0.06785 0.144581 0)
(-0.835174 0.751778 0)
(-1.29661 1.24602 0)
(-1.65977 1.39887 0)
(-1.76512 1.16326 0)
(-1.69634 0.684408 0)
(-1.60161 0.223679 0)
(-1.53359 -0.126017 0)
(-1.44214 -0.407946 0)
(-1.34123 -0.620595 0)
(-1.25764 -0.772429 0)
(-1.2047 -0.869571 0)
(-1.18149 -0.883975 0)
(-1.16829 -0.777063 0)
(-1.14158 -0.543795 0)
(-1.09246 -0.243608 0)
(-1.0075 0.0581672 0)
(-0.888526 0.306947 0)
(-0.753812 0.441285 0)
(-0.61251 0.435799 0)
(-0.167714 -0.755135 0)
(0.0766266 -0.561461 0)
(0.0364299 -0.0950777 0)
(-0.0568265 0.643271 0)
(-0.832991 1.24631 0)
(-1.24238 1.64247 0)
(-1.55731 1.61068 0)
(-1.65877 1.2008 0)
(-1.67773 0.660955 0)
(-1.69815 0.195986 0)
(-1.68884 -0.186106 0)
(-1.6289 -0.492455 0)
(-1.54433 -0.701703 0)
(-1.46637 -0.828672 0)
(-1.42196 -0.897941 0)
(-1.40871 -0.8971 0)
(-1.40203 -0.794675 0)
(-1.37408 -0.589093 0)
(-1.30997 -0.320707 0)
(-1.20237 -0.0543495 0)
(-1.05742 0.155125 0)
(-0.888624 0.265593 0)
(-0.710675 0.256794 0)
(-0.0500884 -0.719303 0)
(0.00788789 -0.674162 0)
(0.0227699 -0.0584116 0)
(-0.118939 1.12576 0)
(-0.736182 1.71288 0)
(-1.08547 2.00727 0)
(-1.38185 1.82733 0)
(-1.52609 1.31125 0)
(-1.64071 0.73613 0)
(-1.73628 0.236555 0)
(-1.77522 -0.205118 0)
(-1.74732 -0.559024 0)
(-1.67029 -0.785304 0)
(-1.57856 -0.8939 0)
(-1.51351 -0.929642 0)
(-1.48573 -0.909377 0)
(-1.47186 -0.814082 0)
(-1.43917 -0.638181 0)
(-1.36787 -0.412894 0)
(-1.25128 -0.187546 0)
(-1.09301 -0.0180019 0)
(-0.911392 0.0671061 0)
(-0.731662 0.0676581 0)
(0.211442 -0.66398 0)
(-0.0543717 -0.635992 0)
(0.010488 0.0705686 0)
(-0.115374 1.50783 0)
(-0.549232 2.13256 0)
(-0.881136 2.34129 0)
(-1.17672 2.06496 0)
(-1.37129 1.4827 0)
(-1.54959 0.876417 0)
(-1.69302 0.325768 0)
(-1.77188 -0.182126 0)
(-1.77905 -0.606742 0)
(-1.72001 -0.878346 0)
(-1.61617 -0.990018 0)
(-1.51514 -0.994346 0)
(-1.44861 -0.94334 0)
(-1.4091 -0.846633 0)
(-1.36444 -0.698319 0)
(-1.28775 -0.513924 0)
(-1.17045 -0.33254 0)
(-1.01844 -0.194538 0)
(-0.853719 -0.119543 0)
(-0.702591 -0.0936997 0)
(0.182406 -0.854329 0)
(0.135064 -0.406668 0)
(0.0456892 0.0651126 0)
(0.0150306 1.63869 0)
(-0.274824 2.52852 0)
(-0.660696 2.64775 0)
(-0.938729 2.32285 0)
(-1.1685 1.69495 0)
(-1.37774 1.05269 0)
(-1.5436 0.451306 0)
(-1.6494 -0.120412 0)
(-1.6925 -0.619229 0)
(-1.6726 -0.960557 0)
(-1.58355 -1.10941 0)
(-1.46259 -1.10403 0)
(-1.35592 -1.01916 0)
(-1.27852 -0.902644 0)
(-1.21501 -0.766399 0)
(-1.13525 -0.612549 0)
(-1.02897 -0.462981 0)
(-0.902525 -0.342873 0)
(-0.773037 -0.262566 0)
(-0.657012 -0.214325 0)
(0.0972444 -1.23063 0)
(0.220299 -0.424198 0)
(0.0797243 0.131745 0)
(0.0367215 1.51028 0)
(-0.0728426 2.8886 0)
(-0.468183 2.91754 0)
(-0.667455 2.57542 0)
(-0.891874 1.9295 0)
(-1.09776 1.25437 0)
(-1.26792 0.594795 0)
(-1.38356 -0.0385425 0)
(-1.46367 -0.590448 0)
(-1.49631 -1.00026 0)
(-1.45754 -1.21391 0)
(-1.35403 -1.23335 0)
(-1.23805 -1.13292 0)
(-1.13332 -0.987637 0)
(-1.05347 -0.84292 0)
(-0.975757 -0.701131 0)
(-0.88628 -0.567561 0)
(-0.787702 -0.45526 0)
(-0.689657 -0.369693 0)
(-0.600859 -0.3077 0)
(-0.0726672 -1.42742 0)
(0.118483 -0.421982 0)
(-0.00641103 0.185226 0)
(-0.163234 1.56888 0)
(-0.18014 3.11819 0)
(-0.333993 3.0994 0)
(-0.383986 2.76986 0)
(-0.55602 2.13505 0)
(-0.725481 1.44562 0)
(-0.883717 0.756722 0)
(-1.00527 0.0855421 0)
(-1.09727 -0.515578 0)
(-1.17868 -0.983126 0)
(-1.21875 -1.26427 0)
(-1.16566 -1.33555 0)
(-1.0825 -1.25079 0)
(-0.980459 -1.08691 0)
(-0.896818 -0.92262 0)
(-0.826545 -0.778337 0)
(-0.754908 -0.649513 0)
(-0.680521 -0.539523 0)
(-0.60709 -0.450153 0)
(-0.538484 -0.380277 0)
(-0.404133 -1.10374 0)
(-0.112435 -0.118328 0)
(-0.392294 0.566934 0)
(-0.484328 1.85211 0)
(-0.328968 3.09386 0)
(-0.202785 3.11644 0)
(-0.0990365 2.85405 0)
(-0.175818 2.28179 0)
(-0.289776 1.60832 0)
(-0.422883 0.91137 0)
(-0.548923 0.227551 0)
(-0.655023 -0.39706 0)
(-0.747467 -0.898193 0)
(-0.87527 -1.23961 0)
(-0.893347 -1.37181 0)
(-0.873281 -1.33257 0)
(-0.80695 -1.17461 0)
(-0.738272 -0.993766 0)
(-0.682638 -0.84103 0)
(-0.630243 -0.711509 0)
(-0.576911 -0.601768 0)
(-0.52392 -0.510787 0)
(-0.47214 -0.436808 0)
(-0.571234 -0.835481 0)
(-0.195531 0.17206 0)
(-0.533507 0.658063 0)
(-0.454822 1.67875 0)
(-0.278187 2.8623 0)
(-0.0212779 2.94735 0)
(0.180703 2.78888 0)
(0.226938 2.33894 0)
(0.185926 1.73445 0)
(0.0896077 1.06512 0)
(-0.0311295 0.392372 0)
(-0.170612 -0.245357 0)
(-0.2747 -0.756163 0)
(-0.465034 -1.13643 0)
(-0.565377 -1.32315 0)
(-0.617915 -1.34994 0)
(-0.608714 -1.22656 0)
(-0.572489 -1.0429 0)
(-0.538607 -0.883623 0)
(-0.507762 -0.753401 0)
(-0.474179 -0.644394 0)
(-0.439431 -0.553853 0)
(-0.403304 -0.478939 0)
(-0.610877 -0.748407 0)
(0.265947 -0.0483962 0)
(-0.323114 0.456983 0)
(-0.251429 1.49732 0)
(-0.106951 2.57076 0)
(0.186704 2.66525 0)
(0.429357 2.59136 0)
(0.586242 2.27717 0)
(0.631743 1.7764 0)
(0.590272 1.18129 0)
(0.482186 0.553753 0)
(0.335074 -0.0528282 0)
(0.170134 -0.577011 0)
(-0.0507307 -0.968389 0)
(-0.228499 -1.19542 0)
(-0.34536 -1.29451 0)
(-0.396573 -1.22877 0)
(-0.402974 -1.0607 0)
(-0.395334 -0.901732 0)
(-0.387179 -0.774244 0)
(-0.372986 -0.668513 0)
(-0.354985 -0.580462 0)
(-0.333637 -0.507118 0)
(-0.542928 -0.70832 0)
(0.423017 0.112421 0)
(-0.142951 0.531897 0)
(-0.00574642 1.44109 0)
(0.0737397 2.32335 0)
(0.359316 2.38245 0)
(0.60383 2.32992 0)
(0.820878 2.11427 0)
(0.949106 1.72612 0)
(0.966294 1.22253 0)
(0.887848 0.673914 0)
(0.746069 0.134142 0)
(0.544865 -0.369491 0)
(0.301459 -0.755509 0)
(0.0717431 -1.01502 0)
(-0.0912184 -1.17776 0)
(-0.189781 -1.18067 0)
(-0.238951 -1.0442 0)
(-0.258567 -0.894351 0)
(-0.271776 -0.774153 0)
(-0.276024 -0.675107 0)
(-0.273342 -0.591872 0)
(-0.265397 -0.522026 0)
(-0.410286 -0.708021 0)
(0.433128 -0.0162955 0)
(0.184983 0.744784 0)
(0.214901 1.4509 0)
(0.242157 2.1373 0)
(0.468557 2.15418 0)
(0.683388 2.0727 0)
(0.908799 1.90296 0)
(1.08065 1.6123 0)
(1.15228 1.21687 0)
(1.1152 0.759094 0)
(0.987127 0.28567 0)
(0.788882 -0.155263 0)
(0.542545 -0.519498 0)
(0.299368 -0.807519 0)
(0.118187 -1.02467 0)
(-0.00752455 -1.0929 0)
(-0.0902213 -0.996948 0)
(-0.134904 -0.863758 0)
(-0.166141 -0.755111 0)
(-0.186491 -0.66583 0)
(-0.197313 -0.589777 0)
(-0.200991 -0.525056 0)
(-0.251132 -0.667115 0)
(0.299338 -0.435546 0)
(0.427544 0.701287 0)
(0.423171 1.52959 0)
(0.377319 2.02975 0)
(0.517626 1.98944 0)
(0.683642 1.8556 0)
(0.883328 1.69354 0)
(1.05961 1.46981 0)
(1.15992 1.17669 0)
(1.16126 0.825715 0)
(1.06537 0.441895 0)
(0.891545 0.0606424 0)
(0.666317 -0.289026 0)
(0.440795 -0.599798 0)
(0.269408 -0.86312 0)
(0.138305 -0.98158 0)
(0.0358948 -0.927033 0)
(-0.0289093 -0.814762 0)
(-0.0740617 -0.720635 0)
(-0.107021 -0.643293 0)
(-0.128998 -0.576273 0)
(-0.142353 -0.518062 0)
(-0.0706428 -0.83344 0)
(0.229584 -0.477637 0)
(0.164224 0.255864 0)
(0.450216 1.56265 0)
(0.444238 1.99767 0)
(0.509648 1.88039 0)
(0.633174 1.68705 0)
(0.797795 1.51316 0)
(0.953968 1.32981 0)
(1.05704 1.11492 0)
(1.08052 0.857749 0)
(1.01665 0.559338 0)
(0.878871 0.23612 0)
(0.693071 -0.0892279 0)
(0.506274 -0.41534 0)
(0.36537 -0.713934 0)
(0.244281 -0.865637 0)
(0.135178 -0.841709 0)
(0.057521 -0.753001 0)
(0.00256568 -0.674897 0)
(-0.0392255 -0.61064 0)
(-0.0696875 -0.553678 0)
(-0.0907125 -0.502965 0)
(-0.0985202 -0.985943 0)
(0.191554 -0.495499 0)
(0.0919765 0.081872 0)
(0.273522 1.46647 0)
(0.378849 1.94842 0)
(0.449382 1.8005 0)
(0.562764 1.56072 0)
(0.698705 1.36912 0)
(0.824653 1.21022 0)
(0.91228 1.05297 0)
(0.939601 0.869786 0)
(0.89768 0.642576 0)
(0.795923 0.371443 0)
(0.652622 0.069084 0)
(0.517734 -0.271587 0)
(0.419547 -0.59163 0)
(0.315332 -0.756035 0)
(0.20751 -0.750675 0)
(0.124454 -0.683074 0)
(0.0635511 -0.621934 0)
(0.0162395 -0.570928 0)
(-0.0199754 -0.524366 0)
(-0.0466752 -0.481596 0)
(-0.259213 -0.940007 0)
(0.155226 -0.407036 0)
(-0.329986 0.0924643 0)
(0.130729 1.41789 0)
(0.22865 1.83257 0)
(0.365369 1.69972 0)
(0.499886 1.453 0)
(0.6145 1.25612 0)
(0.708108 1.11887 0)
(0.769555 1.00657 0)
(0.785476 0.878748 0)
(0.752874 0.703325 0)
(0.678728 0.470158 0)
(0.578951 0.178223 0)
(0.50481 -0.177645 0)
(0.449072 -0.500485 0)
(0.359749 -0.656941 0)
(0.256447 -0.659266 0)
(0.17305 -0.609962 0)
(0.109868 -0.565199 0)
(0.0597597 -0.526913 0)
(0.0201021 -0.490523 0)
(-0.0102942 -0.455708 0)
(-0.258152 -0.795924 0)
(0.119502 -0.334178 0)
(-0.415858 0.0348031 0)
(0.0562461 1.26072 0)
(0.117692 1.63003 0)
(0.321686 1.55419 0)
(0.463539 1.34184 0)
(0.55456 1.16611 0)
(0.615532 1.05903 0)
(0.644336 0.985332 0)
(0.638429 0.895427 0)
(0.605242 0.7502 0)
(0.551823 0.535538 0)
(0.501572 0.235882 0)
(0.491215 -0.133226 0)
(0.466968 -0.435094 0)
(0.384981 -0.566512 0)
(0.286347 -0.56999 0)
(0.205617 -0.536889 0)
(0.142921 -0.507456 0)
(0.0923263 -0.480991 0)
(0.0512268 -0.454025 0)
(0.0187333 -0.426944 0)
(-0.17824 -0.687943 0)
(0.0356329 -0.291165 0)
(-0.14707 -0.146312 0)
(0.0627538 0.991575 0)
(0.177069 1.42357 0)
(0.368212 1.40298 0)
(0.469146 1.23439 0)
(0.518138 1.0985 0)
(0.541293 1.03278 0)
(0.532511 0.995229 0)
(0.498117 0.92694 0)
(0.459053 0.787347 0)
(0.429686 0.560875 0)
(0.443914 0.233044 0)
(0.491646 -0.129774 0)
(0.479255 -0.382635 0)
(0.395164 -0.479579 0)
(0.30052 -0.483498 0)
(0.224362 -0.466109 0)
(0.164335 -0.450901 0)
(0.115112 -0.435054 0)
(0.0741511 -0.416588 0)
(0.0409034 -0.39668 0)
(-0.00965693 -0.693405 0)
(-0.222795 -0.501167 0)
(-0.0356748 0.14608 0)
(-0.0505356 0.617442 0)
(0.368766 1.21823 0)
(0.549494 1.32836 0)
(0.557095 1.19822 0)
(0.51827 1.08113 0)
(0.481763 1.05051 0)
(0.426817 1.04287 0)
(0.360949 0.977928 0)
(0.315917 0.81197 0)
(0.324867 0.537883 0)
(0.422731 0.1787 0)
(0.507907 -0.14397 0)
(0.482723 -0.327596 0)
(0.389737 -0.391653 0)
(0.30026 -0.400826 0)
(0.230821 -0.399773 0)
(0.175342 -0.39743 0)
(0.128838 -0.390664 0)
(0.0891152 -0.379489 0)
(0.0561566 -0.366044 0)
(0.0740508 -0.530424 0)
(-0.236662 -0.368696 0)
(0.0722069 -0.0552608 0)
(0.149803 0.378203 0)
(0.457991 0.91541 0)
(0.740681 1.27694 0)
(0.72583 1.27468 0)
(0.580917 1.16616 0)
(0.446074 1.13131 0)
(0.32634 1.1362 0)
(0.216834 1.06113 0)
(0.135178 0.829547 0)
(0.235105 0.439327 0)
(0.434937 0.0573875 0)
(0.519392 -0.162009 0)
(0.46329 -0.260936 0)
(0.364849 -0.3035 0)
(0.285777 -0.325245 0)
(0.225825 -0.340301 0)
(0.176095 -0.348472 0)
(0.132865 -0.348761 0)
(0.0950993 -0.343591 0)
(0.0634795 -0.335932 0)
(-0.0395087 -0.44691 0)
(-0.189024 -0.321969 0)
(0.0288155 -0.209318 0)
(0.202468 0.184185 0)
(0.415389 0.58365 0)
(0.762594 1.09927 0)
(0.873562 1.36341 0)
(0.687264 1.36176 0)
(0.428412 1.3158 0)
(0.223255 1.29706 0)
(-0.0243553 1.17954 0)
(-0.064721 0.730551 0)
(0.257315 0.120181 0)
(0.447177 -0.104583 0)
(0.484807 -0.145594 0)
(0.40803 -0.180794 0)
(0.321158 -0.223473 0)
(0.258417 -0.26154 0)
(0.209089 -0.289156 0)
(0.164772 -0.304168 0)
(0.124845 -0.3095 0)
(0.0900572 -0.309603 0)
(0.0614203 -0.307488 0)
(-0.025713 -0.425535 0)
(0.0948755 -0.405949 0)
(-0.0779689 -0.549356 0)
(0.172885 -0.0200136 0)
(0.331675 0.402215 0)
(0.571691 0.775567 0)
(0.915046 1.4029 0)
(0.805662 1.63337 0)
(0.424558 1.57081 0)
(0.0804313 1.58092 0)
(-0.251546 1.36971 0)
(0.186401 0.456552 0)
(0.394403 -0.0306382 0)
(0.429255 -0.132884 0)
(0.40169 -0.0773701 0)
(0.329073 -0.105202 0)
(0.265092 -0.161015 0)
(0.219271 -0.211604 0)
(0.178185 -0.245111 0)
(0.138258 -0.263491 0)
(0.102798 -0.273434 0)
(0.0733336 -0.279338 0)
(0.0501999 -0.283052 0)
(-0.0202956 -0.431383 0)
(0.000417706 -0.321851 0)
(-0.086223 -0.316997 0)
(0.0561224 -0.227217 0)
(0.298058 0.189018 0)
(0.493427 0.464575 0)
(0.794004 1.16735 0)
(0.865872 1.98935 0)
(0.440085 1.96663 0)
(-0.160592 1.97933 0)
(-0.0965773 1.08218 0)
(0.296127 0.0609529 0)
(0.360098 -0.181875 0)
(0.316464 -0.151947 0)
(0.250885 -0.0396988 0)
(0.22761 -0.0617907 0)
(0.200753 -0.121017 0)
(0.166702 -0.171657 0)
(0.130609 -0.205133 0)
(0.097088 -0.227427 0)
(0.0698822 -0.243909 0)
(0.0490954 -0.256446 0)
(0.0337795 -0.265726 0)
(-0.00874929 -0.410684 0)
(-0.0272656 -0.346754 0)
(0.0331799 -0.382612 0)
(-0.194648 -0.365085 0)
(0.142828 0.0531129 0)
(0.562981 0.404375 0)
(0.760398 0.920316 0)
(0.741259 1.88261 0)
(0.393184 2.28592 0)
(-0.176037 2.27451 0)
(0.135278 0.934358 0)
(0.0760433 0.191722 0)
(0.3113 -0.027165 0)
(0.295867 0.0601849 0)
(0.209305 0.0656273 0)
(0.176683 -0.0164816 0)
(0.138861 -0.0852489 0)
(0.0999225 -0.133684 0)
(0.0717294 -0.171859 0)
(0.0509843 -0.202089 0)
(0.036172 -0.225517 0)
(0.0256621 -0.243164 0)
(0.0181734 -0.256096 0)
(0.00101636 -0.415369 0)
(0.0286317 -0.39639 0)
(0.0952388 -0.421989 0)
(0.23656 -0.488258 0)
(0.459633 -0.667324 0)
(1.67208 -1.16083 0)
(1.20925 2.28415 0)
(0.10878 2.68992 0)
(0.0879738 2.45152 0)
(-0.145559 2.81747 0)
(-0.711461 1.26812 0)
(-0.904744 -0.743875 0)
(-0.257316 -0.274773 0)
(-0.156615 -0.132867 0)
(-0.0122409 -0.0442694 0)
(0.0295394 -0.0247894 0)
(0.0310243 -0.0602917 0)
(0.0230067 -0.112617 0)
(0.0176662 -0.158185 0)
(0.0135261 -0.192868 0)
(0.0103277 -0.218959 0)
(0.00780293 -0.238389 0)
(0.00580656 -0.252618 0)
(0.119998 0.0884065 0)
(0.0835212 0.0564159 0)
(0.031533 0.0847339 0)
(-0.0585193 0.157203 0)
(-0.116173 0.0439056 0)
(-0.111789 0.103984 0)
(-0.100445 0.169876 0)
(-0.124599 0.206121 0)
(0.299526 0.174611 0)
(0.20208 0.0674963 0)
(0.154615 0.0738328 0)
(0.150419 0.161265 0)
(0.350378 0.241553 0)
(0.448581 0.294347 0)
(0.473285 0.177321 0)
(0.513536 0.0648513 0)
(-0.34589 -0.17635 0)
(-0.160561 -0.219085 0)
(-0.0218638 -0.248537 0)
(0.0531886 -0.338716 0)
(-0.77113 -0.479456 0)
(-0.704102 -0.414125 0)
(-0.668532 -0.315648 0)
(-0.616399 -0.185635 0)
(-0.708362 -0.548215 0)
(-0.67755 -0.42097 0)
(-0.672541 -0.323869 0)
(-0.644676 -0.264072 0)
(-0.513988 -0.585105 0)
(-0.526326 -0.454104 0)
(-0.546528 -0.381045 0)
(-0.540533 -0.335823 0)
(0.180181 -0.420944 0)
(0.0397304 -0.248349 0)
(-0.173323 -0.32849 0)
(-0.334625 -0.31914 0)
(0.524218 0.0665587 0)
(0.468958 0.205605 0)
(0.429435 0.170903 0)
(0.316149 0.136661 0)
(0.427588 0.0355809 0)
(0.419355 0.026085 0)
(0.444002 0.0369262 0)
(0.470966 0.0728809 0)
(0.426362 0.170234 0)
(0.363482 0.135689 0)
(0.31058 0.0824706 0)
(0.267421 0.0180382 0)
(0.37833 0.308992 0)
(0.31683 0.258698 0)
(0.268536 0.196745 0)
(0.229054 0.141808 0)
(0.255388 0.43661 0)
(0.206425 0.36828 0)
(0.1672 0.286191 0)
(0.133148 0.209866 0)
(0.0640307 0.525324 0)
(0.0408737 0.438819 0)
(0.0241412 0.340583 0)
(0.012923 0.25731 0)
(-0.155289 0.544507 0)
(-0.143787 0.445575 0)
(-0.130555 0.34726 0)
(-0.121462 0.266117 0)
(-0.356486 0.480597 0)
(-0.312691 0.385808 0)
(-0.275591 0.301662 0)
(-0.249642 0.232837 0)
(-0.502482 0.350131 0)
(-0.440488 0.277122 0)
(-0.390614 0.217586 0)
(-0.352912 0.168781 0)
(-0.5856 0.191039 0)
(-0.520867 0.148972 0)
(-0.467456 0.115295 0)
(-0.424161 0.0853412 0)
(-0.616893 0.038046 0)
(-0.55838 0.023799 0)
(-0.507045 0.00983224 0)
(-0.463326 -0.00496561 0)
(-0.610625 -0.0887042 0)
(-0.560818 -0.0864872 0)
(-0.515153 -0.0875696 0)
(-0.47502 -0.0906846 0)
(-0.584116 -0.191007 0)
(-0.542141 -0.180396 0)
(-0.503096 -0.17276 0)
(-0.467984 -0.167327 0)
(-0.542617 -0.274645 0)
(-0.508367 -0.258394 0)
(-0.476249 -0.24435 0)
(-0.446766 -0.232731 0)
(-0.492084 -0.341231 0)
(-0.464891 -0.32108 0)
(-0.439085 -0.30281 0)
(-0.414995 -0.286985 0)
(-0.435936 -0.393485 0)
(-0.414891 -0.370495 0)
(-0.394735 -0.349486 0)
(-0.375661 -0.330842 0)
(-0.376621 -0.433174 0)
(-0.361017 -0.408174 0)
(-0.345985 -0.385464 0)
(-0.331573 -0.36508 0)
(-0.316223 -0.461153 0)
(-0.305646 -0.435168 0)
(-0.295324 -0.411575 0)
(-0.285266 -0.390305 0)
(-0.256732 -0.477863 0)
(-0.250938 -0.452162 0)
(-0.24498 -0.428524 0)
(-0.238967 -0.407066 0)
(-0.200054 -0.484003 0)
(-0.198719 -0.45973 0)
(-0.196794 -0.436966 0)
(-0.194502 -0.415973 0)
(-0.147881 -0.480839 0)
(-0.15045 -0.458691 0)
(-0.152138 -0.437609 0)
(-0.153189 -0.417734 0)
(-0.101461 -0.469999 0)
(-0.107202 -0.450278 0)
(-0.111936 -0.431399 0)
(-0.115843 -0.413224 0)
(-0.0614538 -0.45318 0)
(-0.0695839 -0.436008 0)
(-0.0766974 -0.419572 0)
(-0.0828594 -0.40353 0)
(-0.027963 -0.432006 0)
(-0.0377344 -0.417463 0)
(-0.0465408 -0.403551 0)
(-0.054318 -0.389896 0)
(-0.000738076 -0.407985 0)
(-0.0115126 -0.396125 0)
(-0.0213608 -0.384746 0)
(-0.0301585 -0.373576 0)
(0.0204873 -0.382428 0)
(0.00920875 -0.373253 0)
(-0.00113568 -0.364378 0)
(-0.0104517 -0.355689 0)
(0.0355977 -0.356242 0)
(0.0242036 -0.349771 0)
(0.0137757 -0.343425 0)
(0.00437862 -0.337175 0)
(0.043664 -0.3303 0)
(0.0326846 -0.326472 0)
(0.0226836 -0.322675 0)
(0.0137065 -0.318913 0)
(0.0436866 -0.305897 0)
(0.0339483 -0.304663 0)
(0.0251394 -0.303387 0)
(0.0172888 -0.302062 0)
(0.0362824 -0.28538 0)
(0.0287493 -0.286549 0)
(0.0219828 -0.287542 0)
(0.0159738 -0.288288 0)
(0.0248729 -0.271226 0)
(0.0200628 -0.274165 0)
(0.015745 -0.276699 0)
(0.0118646 -0.278723 0)
(0.0138335 -0.26328 0)
(0.0114008 -0.267083 0)
(0.00917587 -0.270263 0)
(0.00710961 -0.272775 0)
(0.00456347 -0.260286 0)
(0.00381983 -0.264367 0)
(0.00311467 -0.267728 0)
(0.00244166 -0.270394 0)
(-0.233293 0.034613 0)
(-0.286539 -0.1638 0)
(-0.247876 -0.302727 0)
(-0.138987 -0.360084 0)
(-0.0256065 -0.33305 0)
(0.322432 -0.0338 0)
(0.498698 0.287846 0)
(-0.353737 -0.0829236 0)
(-0.585292 -0.262661 0)
(-0.516023 -0.202232 0)
(-0.349767 -0.00620081 0)
(-0.211849 0.255772 0)
(-0.208804 0.539181 0)
(-0.412479 0.824783 0)
(-0.56623 0.87014 0)
(-0.339655 0.459004 0)
(-0.0276797 -0.342918 0)
(-0.0591914 -0.332689 0)
(0.0724539 -0.357254 0)
(-0.157785 0.0872834 0)
(-0.047621 -0.118988 0)
(-0.118727 -0.313682 0)
(-0.238231 -0.43113 0)
(-0.268429 -0.516253 0)
(0.0110376 -0.254624 0)
(0.407237 0.275479 0)
(0.363879 0.467414 0)
(0.262531 -0.0210351 0)
(-0.095227 -0.451118 0)
(-0.270771 -0.343229 0)
(-0.306139 0.14971 0)
(-0.223568 0.605265 0)
(-0.280883 0.959372 0)
(-0.297532 0.897513 0)
(-0.109269 0.0879884 0)
(0.0196804 -0.608356 0)
(-0.058046 -0.381918 0)
(0.207609 -0.326323 0)
(0.318845 -0.00594174 0)
(0.85387 -0.211189 0)
(0.65798 -0.0298203 0)
(-0.0755104 -0.0872376 0)
(-0.521473 -0.564493 0)
(-0.277478 -0.531643 0)
(0.10988 -0.00689178 0)
(0.529111 0.238742 0)
(0.747398 0.260879 0)
(0.636466 0.149411 0)
(0.375006 0.0307729 0)
(0.322567 0.00209341 0)
(0.214485 0.331976 0)
(0.405116 0.694928 0)
(0.0365048 0.971807 0)
(0.135454 0.00444813 0)
(0.0138159 -0.554871 0)
(-0.0937903 -0.489934 0)
(0.219356 -0.262289 0)
(0.778874 -0.0563064 0)
(0.992841 -0.201722 0)
(0.958153 0.169635 0)
(0.669292 0.492642 0)
(-0.376806 -0.172619 0)
(-0.332061 -0.772264 0)
(-0.0443836 -0.53943 0)
(0.26224 -0.217415 0)
(0.58487 0.0298523 0)
(0.726681 0.129693 0)
(0.692644 0.00274298 0)
(0.595735 0.0624937 0)
(0.534457 0.399012 0)
(0.575946 0.971338 0)
(0.106735 1.11361 0)
(0.213176 0.159339 0)
(-0.0465065 -0.452925 0)
(-0.192333 -0.632098 0)
(0.199857 -0.229519 0)
(0.0254718 -0.660087 0)
(-0.107264 -0.633442 0)
(0.201041 0.163169 0)
(0.284201 0.795841 0)
(-0.3715 0.251253 0)
(0.0850779 -0.692358 0)
(0.159741 -0.823355 0)
(0.180864 -0.468817 0)
(0.438184 -0.0549745 0)
(0.577315 0.046024 0)
(0.380324 0.029489 0)
(0.4286 0.165325 0)
(0.374278 0.559249 0)
(0.348675 1.30297 0)
(0.00494533 1.21087 0)
(0.068364 0.207002 0)
(-0.141614 -0.412449 0)
(-0.247206 -0.715789 0)
(0.122543 -0.282632 0)
(-0.712931 -0.23514 0)
(-0.888381 -0.0442443 0)
(-0.784028 0.327684 0)
(-0.272331 0.787629 0)
(0.204701 0.0194822 0)
(0.277865 -0.63895 0)
(0.282068 -0.77468 0)
(0.193305 -0.591254 0)
(0.317426 -0.137158 0)
(0.357841 0.110704 0)
(0.087794 0.0104928 0)
(0.287219 0.114822 0)
(0.11065 0.666985 0)
(0.0433348 1.46208 0)
(-0.0244711 1.14651 0)
(0.0150034 0.352455 0)
(0.0428914 -0.302922 0)
(-0.169191 -0.691245 0)
(0.0177908 -0.312473 0)
(-0.659573 -0.263061 0)
(-0.763557 -0.208591 0)
(-0.451792 -0.270914 0)
(-0.17086 -0.152376 0)
(0.222424 -0.346937 0)
(0.181472 -0.647856 0)
(0.129628 -0.73618 0)
(0.0829222 -0.582005 0)
(0.277444 -0.12724 0)
(0.24455 0.18388 0)
(0.0334696 0.12386 0)
(-0.106764 0.233679 0)
(-0.176791 0.815304 0)
(-0.116466 1.42958 0)
(0.0472575 1.0789 0)
(0.239642 0.376466 0)
(0.326459 -0.200723 0)
(0.0870729 -0.620176 0)
(-0.0234191 -0.435738 0)
(-0.48236 -0.316198 0)
(-0.351064 -0.267104 0)
(-0.186776 -0.294606 0)
(-0.0426874 -0.302868 0)
(0.146805 -0.383267 0)
(0.0433101 -0.559646 0)
(-0.0955902 -0.705243 0)
(-0.0930425 -0.588664 0)
(0.00396147 -0.251766 0)
(0.180233 0.268522 0)
(0.0444732 0.306368 0)
(-0.261552 0.321529 0)
(-0.253025 0.724109 0)
(-0.0445579 1.15642 0)
(0.324612 0.845871 0)
(0.64985 0.242424 0)
(0.771948 -0.170034 0)
(0.581121 -0.345414 0)
(0.0459183 -0.264884 0)
(-0.389924 -0.394649 0)
(-0.351684 -0.413078 0)
(-0.197448 -0.40284 0)
(-0.0760602 -0.408238 0)
(0.00974936 -0.443391 0)
(0.091565 -0.348997 0)
(-0.293113 -0.680236 0)
(-0.289712 -0.608367 0)
(-0.342696 -0.278087 0)
(0.0129905 0.245624 0)
(-0.197114 0.385676 0)
(-0.160346 0.493239 0)
(-0.0112883 0.634817 0)
(0.315028 0.797967 0)
(0.805307 0.522191 0)
(1.07953 0.117957 0)
(1.04416 -0.0600018 0)
(0.677149 -0.0163038 0)
(0.0601928 0.0259703 0)
(0.0584911 -0.226359 0)
(-0.122162 -0.497341 0)
(-0.167128 -0.500663 0)
(-0.136994 -0.482823 0)
(-0.228717 -0.540328 0)
(-0.130874 -0.213325 0)
(-0.332483 -0.592181 0)
(-0.42667 -0.601235 0)
(-0.283803 -0.278056 0)
(-0.254779 0.0336121 0)
(-0.0188262 0.290235 0)
(0.261864 0.275112 0)
(0.537691 0.251561 0)
(0.790032 0.223882 0)
(0.960325 0.106819 0)
(0.957512 0.0017676 0)
(0.768572 0.110783 0)
(0.310446 0.44282 0)
(-0.00629957 0.2776 0)
(0.485016 0.154971 0)
(0.402618 -0.21653 0)
(0.125213 -0.398329 0)
(-0.0937334 -0.414382 0)
(-0.26496 -0.381229 0)
(-0.272315 -0.259906 0)
(-0.313509 -0.526794 0)
(-0.421063 -0.641233 0)
(-0.162929 -0.429597 0)
(0.105546 -0.137322 0)
(0.201528 -0.0707063 0)
(0.314856 -0.0224565 0)
(0.577144 0.123535 0)
(0.871882 0.266038 0)
(0.962974 0.278215 0)
(0.740526 0.228912 0)
(0.217904 0.627072 0)
(-0.0174791 0.735436 0)
(-0.186144 0.268306 0)
(0.277262 -0.0845283 0)
(0.237573 -0.170016 0)
(0.11521 -0.182974 0)
(-0.0209763 -0.230988 0)
(-0.100472 -0.251003 0)
(-0.1404 -0.260283 0)
(-0.262732 -0.419843 0)
(-0.487126 -0.60765 0)
(-0.700243 -0.674978 0)
(-0.616504 -0.220704 0)
(-0.248903 0.0224842 0)
(0.0690627 -0.149778 0)
(0.391585 -0.166102 0)
(0.533124 0.0343953 0)
(0.484683 0.343311 0)
(0.196927 0.654517 0)
(-0.127437 0.967469 0)
(-0.234711 0.868224 0)
(-0.115124 0.0310054 0)
(0.172805 0.0747361 0)
(0.0955578 -0.0598602 0)
(0.0303966 -0.131107 0)
(-0.0285826 -0.179002 0)
(-0.0800384 -0.194665 0)
(-0.118471 -0.195024 0)
(-0.173341 -0.253519 0)
(-0.297071 -0.336205 0)
(-0.457812 -0.454689 0)
(-0.489945 -0.521213 0)
(-0.366233 -0.564882 0)
(-0.264873 -0.565226 0)
(-0.193496 -0.371038 0)
(-0.155016 0.0843659 0)
(-0.322315 0.580281 0)
(-0.43565 0.907407 0)
(-0.398701 1.06096 0)
(-0.375544 0.800552 0)
(0.211871 -0.150754 0)
(0.0853313 0.105165 0)
(0.0316436 -0.00335611 0)
(-0.0210855 -0.0787967 0)
(-0.0651432 -0.126665 0)
(-0.0960534 -0.154207 0)
(-0.12263 -0.192157 0)
(-0.163775 -0.246134 0)
(-0.239019 -0.281506 0)
(-0.350732 -0.289192 0)
(-0.460208 -0.324525 0)
(-0.579959 -0.436 0)
(-0.777577 -0.46618 0)
(-0.96746 -0.217123 0)
(-1.08098 0.27961 0)
(-1.12657 0.759499 0)
(-0.900167 0.930311 0)
(-0.584366 0.820497 0)
(-0.309295 0.39763 0)
(0.192182 -0.165444 0)
(-0.0130115 0.147609 0)
(-0.0428608 0.0385348 0)
(-0.0765738 -0.0405028 0)
(-0.108087 -0.095213 0)
(-0.138921 -0.130251 0)
(-0.174132 -0.154759 0)
(-0.21519 -0.1791 0)
(-0.265084 -0.201291 0)
(-0.334144 -0.201912 0)
(-0.448347 -0.194422 0)
(-0.682101 -0.23004 0)
(-1.06209 -0.233521 0)
(-1.40927 -0.056348 0)
(-1.53041 0.287548 0)
(-1.32757 0.608031 0)
(-0.901033 0.609561 0)
(-0.479576 0.359492 0)
(-0.10991 -0.0293415 0)
(0.097534 -0.181531 0)
(-0.122462 0.161877 0)
(-0.121113 0.0573707 0)
(-0.130297 -0.015993 0)
(-0.144519 -0.0658383 0)
(-0.162767 -0.102532 0)
(-0.18281 -0.135866 0)
(-0.202726 -0.161946 0)
(-0.226499 -0.163642 0)
(-0.266485 -0.122685 0)
(-0.335068 -0.0360885 0)
(-0.471691 0.0408308 0)
(-0.778629 0.0426744 0)
(-1.13973 0.0701083 0)
(-1.22615 0.196092 0)
(-0.973533 0.258111 0)
(-0.606734 0.167498 0)
(-0.253754 -0.0121819 0)
(0.0980684 -0.15514 0)
(-0.0093132 -0.202038 0)
(-0.225088 0.145923 0)
(-0.196151 0.0522231 0)
(-0.183396 -0.0136687 0)
(-0.17885 -0.0602561 0)
(-0.179981 -0.0945146 0)
(-0.18325 -0.123183 0)
(-0.182641 -0.144738 0)
(-0.175723 -0.141092 0)
(-0.175018 -0.0885496 0)
(-0.199794 0.0183022 0)
(-0.24334 0.162817 0)
(-0.341484 0.270478 0)
(-0.547149 0.255346 0)
(-0.642105 0.149808 0)
(-0.559994 -0.00737058 0)
(-0.402196 -0.182462 0)
(-0.37104 -0.266105 0)
(-0.260493 -0.22573 0)
(-0.0959116 -0.201812 0)
(-0.308692 0.10352 0)
(-0.258826 0.0274227 0)
(-0.229646 -0.0261851 0)
(-0.211203 -0.0661011 0)
(-0.198169 -0.0997401 0)
(-0.182525 -0.134064 0)
(-0.155897 -0.163225 0)
(-0.117751 -0.160556 0)
(-0.0819545 -0.0946344 0)
(-0.0679867 0.0339177 0)
(-0.0808981 0.180466 0)
(-0.0751292 0.312602 0)
(-0.0819137 0.363723 0)
(-0.139052 0.24025 0)
(-0.162327 0.0455666 0)
(-0.247075 -0.0431359 0)
(-0.262825 -0.215774 0)
(-0.182492 -0.422492 0)
(-0.10224 -0.40157 0)
(-0.368884 0.041091 0)
(-0.30644 -0.012617 0)
(-0.266316 -0.0520063 0)
(-0.237197 -0.0852947 0)
(-0.212072 -0.119809 0)
(-0.18042 -0.162391 0)
(-0.133894 -0.203038 0)
(-0.0769937 -0.205762 0)
(-0.0255946 -0.132317 0)
(0.0101469 0.0159562 0)
(0.0210465 0.176194 0)
(0.0275111 0.278104 0)
(0.0727479 0.327665 0)
(0.0882188 0.271077 0)
(0.0472509 0.148766 0)
(-0.0574649 0.00546984 0)
(-0.0942015 -0.21017 0)
(-0.079585 -0.426469 0)
(-0.0685178 -0.494821 0)
(-0.404495 -0.029165 0)
(-0.337844 -0.0598887 0)
(-0.292727 -0.0858108 0)
(-0.257341 -0.113109 0)
(-0.225343 -0.15044 0)
(-0.186377 -0.203857 0)
(-0.135755 -0.256807 0)
(-0.0815495 -0.261531 0)
(-0.0331085 -0.176979 0)
(0.00647749 -0.0154566 0)
(0.0394783 0.161321 0)
(0.0498731 0.256631 0)
(0.0698327 0.281343 0)
(0.0969576 0.255618 0)
(0.0894914 0.19338 0)
(0.0207726 0.0673143 0)
(-0.00539842 -0.190535 0)
(0.00223972 -0.413249 0)
(-0.0217713 -0.539001 0)
(-0.419326 -0.0980854 0)
(-0.354935 -0.109672 0)
(-0.308441 -0.123578 0)
(-0.271129 -0.144893 0)
(-0.239022 -0.182946 0)
(-0.205746 -0.24221 0)
(-0.17175 -0.3007 0)
(-0.141729 -0.304174 0)
(-0.110325 -0.212346 0)
(-0.0691198 -0.0437983 0)
(-0.0221522 0.135503 0)
(0.00825587 0.241905 0)
(0.0201808 0.265339 0)
(0.0324396 0.2474 0)
(0.0409582 0.210493 0)
(0.017121 0.0867235 0)
(0.0367139 -0.203947 0)
(0.0449228 -0.397502 0)
(0.0156803 -0.527355 0)
(-0.418042 -0.161912 0)
(-0.358921 -0.15805 0)
(-0.314108 -0.161283 0)
(-0.278566 -0.174911 0)
(-0.252096 -0.207502 0)
(-0.234357 -0.262294 0)
(-0.229235 -0.317631 0)
(-0.233439 -0.322478 0)
(-0.225136 -0.236323 0)
(-0.187744 -0.0736118 0)
(-0.132193 0.100663 0)
(-0.0840899 0.216039 0)
(-0.059756 0.253691 0)
(-0.0486217 0.24581 0)
(-0.0317226 0.209094 0)
(-0.011964 0.0657764 0)
(0.0700561 -0.233999 0)
(0.0665606 -0.381745 0)
(0.0353278 -0.492395 0)
(-0.403835 -0.217865 0)
(-0.351715 -0.202408 0)
(-0.31078 -0.1961 0)
(-0.279077 -0.199819 0)
(-0.259583 -0.21977 0)
(-0.257292 -0.259342 0)
(-0.278454 -0.3038 0)
(-0.315364 -0.313108 0)
(-0.336443 -0.246919 0)
(-0.315162 -0.10599 0)
(-0.259803 0.0568721 0)
(-0.204036 0.176622 0)
(-0.164117 0.230808 0)
(-0.134308 0.233502 0)
(-0.0910337 0.178806 0)
(-0.018606 0.00152152 0)
(0.0982561 -0.277167 0)
(0.0790118 -0.360754 0)
(0.0426251 -0.444195 0)
(-0.379289 -0.265363 0)
(-0.33502 -0.241253 0)
(-0.299346 -0.226754 0)
(-0.271899 -0.220178 0)
(-0.256417 -0.223988 0)
(-0.260419 -0.241106 0)
(-0.293104 -0.266088 0)
(-0.350793 -0.274657 0)
(-0.403777 -0.232287 0)
(-0.415876 -0.124693 0)
(-0.379934 0.0142317 0)
(-0.322363 0.133044 0)
(-0.263488 0.194776 0)
(-0.196711 0.189846 0)
(-0.104677 0.0965498 0)
(0.0273966 -0.114681 0)
(0.107882 -0.304143 0)
(0.0813122 -0.336547 0)
(0.0429764 -0.389944 0)
(-0.34696 -0.304476 0)
(-0.31066 -0.274001 0)
(-0.280722 -0.253021 0)
(-0.257376 -0.238273 0)
(-0.242802 -0.228454 0)
(-0.242827 -0.223428 0)
(-0.26704 -0.223032 0)
(-0.319863 -0.219064 0)
(-0.384764 -0.190058 0)
(-0.426842 -0.115755 0)
(-0.418815 -0.0110099 0)
(-0.363566 0.0823294 0)
(-0.282441 0.122026 0)
(-0.176168 0.0837426 0)
(-0.0402976 -0.0420832 0)
(0.0875482 -0.209063 0)
(0.111704 -0.305323 0)
(0.0760554 -0.305635 0)
(0.0390501 -0.33703 0)
(-0.309518 -0.335627 0)
(-0.28092 -0.300716 0)
(-0.256601 -0.274864 0)
(-0.237275 -0.254653 0)
(-0.223371 -0.237052 0)
(-0.216783 -0.218769 0)
(-0.222002 -0.198761 0)
(-0.244129 -0.177191 0)
(-0.279579 -0.14915 0)
(-0.309497 -0.104333 0)
(-0.308419 -0.0459909 0)
(-0.262277 0.000823173 0)
(-0.174466 0.00669412 0)
(-0.058526 -0.048446 0)
(0.0590615 -0.149905 0)
(0.115214 -0.241417 0)
(0.10707 -0.28623 0)
(0.0655684 -0.2711 0)
(0.0333275 -0.289553 0)
(-0.269524 -0.35919 0)
(-0.24836 -0.321638 0)
(-0.229468 -0.292403 0)
(-0.214051 -0.268555 0)
(-0.201928 -0.24723 0)
(-0.192818 -0.224712 0)
(-0.186471 -0.198616 0)
(-0.183163 -0.169336 0)
(-0.180402 -0.137742 0)
(-0.169966 -0.103184 0)
(-0.143111 -0.0705858 0)
(-0.0954343 -0.053529 0)
(-0.0274712 -0.0686438 0)
(0.0512139 -0.122651 0)
(0.105308 -0.190257 0)
(0.112447 -0.241573 0)
(0.0873451 -0.258044 0)
(0.0491373 -0.238021 0)
(0.0278274 -0.25126 0)
(-0.229183 -0.37545 0)
(-0.215189 -0.336864 0)
(-0.201673 -0.305748 0)
(-0.19008 -0.279678 0)
(-0.180207 -0.256353 0)
(-0.171507 -0.232911 0)
(-0.162497 -0.207441 0)
(-0.151334 -0.180354 0)
(-0.135125 -0.153546 0)
(-0.10929 -0.129232 0)
(-0.0709014 -0.111747 0)
(-0.021849 -0.105798 0)
(0.0322003 -0.11876 0)
(0.0753676 -0.160189 0)
(0.0913736 -0.200065 0)
(0.0789483 -0.226699 0)
(0.0566889 -0.23147 0)
(0.031482 -0.214586 0)
(0.0236857 -0.22331 0)
(-0.190228 -0.384794 0)
(-0.182968 -0.346507 0)
(-0.174672 -0.314886 0)
(-0.166832 -0.287957 0)
(-0.159302 -0.263908 0)
(-0.151685 -0.240663 0)
(-0.142677 -0.217021 0)
(-0.130545 -0.193879 0)
(-0.113032 -0.173424 0)
(-0.0878417 -0.157452 0)
(-0.0549872 -0.147959 0)
(-0.0176621 -0.147224 0)
(0.020835 -0.157531 0)
(0.0443631 -0.179421 0)
(0.0485461 -0.197167 0)
(0.038324 -0.213775 0)
(0.0287939 -0.216436 0)
(0.0177635 -0.204286 0)
(0.0201538 -0.203727 0)
(-0.153855 -0.387803 0)
(-0.152617 -0.35095 0)
(-0.149049 -0.32005 0)
(-0.144612 -0.293475 0)
(-0.13928 -0.269836 0)
(-0.132851 -0.24771 0)
(-0.124366 -0.226285 0)
(-0.112765 -0.206489 0)
(-0.0972308 -0.190601 0)
(-0.0773322 -0.180044 0)
(-0.0539688 -0.174523 0)
(-0.0291701 -0.173499 0)
(-0.00480169 -0.177962 0)
(0.00784766 -0.187544 0)
(0.0131208 -0.194944 0)
(0.0117467 -0.21039 0)
(0.0106085 -0.212122 0)
(0.00849178 -0.203713 0)
(0.0156952 -0.190335 0)
(-0.120738 -0.385293 0)
(-0.124538 -0.350889 0)
(-0.124893 -0.32182 0)
(-0.123244 -0.296657 0)
(-0.119731 -0.274324 0)
(-0.114413 -0.253947 0)
(-0.106728 -0.234986 0)
(-0.0961203 -0.218029 0)
(-0.0826608 -0.204683 0)
(-0.0671601 -0.195971 0)
(-0.0512591 -0.191453 0)
(-0.0357819 -0.189564 0)
(-0.0208579 -0.190245 0)
(-0.0122299 -0.194401 0)
(-0.00308497 -0.198859 0)
(-0.000747578 -0.211925 0)
(-0.0004831 -0.212381 0)
(0.00174994 -0.207653 0)
(0.00971287 -0.182541 0)
(-0.0911412 -0.378291 0)
(-0.0988111 -0.347251 0)
(-0.102149 -0.320942 0)
(-0.102646 -0.298029 0)
(-0.100615 -0.27764 0)
(-0.0963944 -0.25931 0)
(-0.0898483 -0.24269 0)
(-0.0808391 -0.228062 0)
(-0.0697961 -0.216356 0)
(-0.0576665 -0.208058 0)
(-0.0459975 -0.202986 0)
(-0.0352801 -0.200046 0)
(-0.0247393 -0.199332 0)
(-0.01771 -0.201726 0)
(-0.00857531 -0.204219 0)
(-0.00672169 -0.213043 0)
(-0.00692621 -0.213443 0)
(-0.00330829 -0.212671 0)
(0.00305038 -0.180249 0)
(-0.065077 -0.367929 0)
(-0.0754435 -0.341012 0)
(-0.0809033 -0.318116 0)
(-0.0830741 -0.297963 0)
(-0.0823931 -0.279845 0)
(-0.0794305 -0.263576 0)
(-0.0743776 -0.248956 0)
(-0.0673688 -0.236088 0)
(-0.0588862 -0.225485 0)
(-0.0496123 -0.217392 0)
(-0.0406111 -0.211915 0)
(-0.0322298 -0.20838 0)
(-0.0237662 -0.206792 0)
(-0.0180562 -0.207942 0)
(-0.0109193 -0.208355 0)
(-0.00942123 -0.213689 0)
(-0.00939136 -0.214153 0)
(-0.00655244 -0.21741 0)
(-0.00264698 -0.182203 0)
(-0.042513 -0.355313 0)
(-0.0545881 -0.333021 0)
(-0.0615273 -0.313858 0)
(-0.0650983 -0.296631 0)
(-0.0657733 -0.28084 0)
(-0.0642466 -0.266485 0)
(-0.0608696 -0.253516 0)
(-0.0558977 -0.242026 0)
(-0.0497142 -0.232333 0)
(-0.0427371 -0.22458 0)
(-0.0356913 -0.218982 0)
(-0.0289587 -0.215117 0)
(-0.0221305 -0.212819 0)
(-0.0174397 -0.212734 0)
(-0.0119952 -0.211849 0)
(-0.0100169 -0.214684 0)
(-0.00904233 -0.214748 0)
(-0.00753194 -0.220209 0)
(-0.00553177 -0.187431 0)
(-0.0236066 -0.341391 0)
(-0.0366437 -0.323901 0)
(-0.0446116 -0.308493 0)
(-0.0493727 -0.294114 0)
(-0.0513534 -0.280559 0)
(-0.0512428 -0.267971 0)
(-0.0494126 -0.256448 0)
(-0.0461544 -0.246158 0)
(-0.0417749 -0.237342 0)
(-0.0365797 -0.230095 0)
(-0.0311044 -0.224578 0)
(-0.0257224 -0.220499 0)
(-0.0203111 -0.217696 0)
(-0.016317 -0.216634 0)
(-0.0118953 -0.215156 0)
(-0.00955592 -0.216368 0)
(-0.00759246 -0.21572 0)
(-0.00681333 -0.221339 0)
(-0.00553762 -0.193547 0)
(-0.00883032 -0.326916 0)
(-0.022168 -0.314103 0)
(-0.0307434 -0.302265 0)
(-0.0363607 -0.290561 0)
(-0.0393797 -0.279125 0)
(-0.0403893 -0.268231 0)
(-0.0397323 -0.258092 0)
(-0.0377161 -0.248944 0)
(-0.0346386 -0.240982 0)
(-0.0307978 -0.234285 0)
(-0.0266141 -0.228948 0)
(-0.0223676 -0.224776 0)
(-0.0181151 -0.221694 0)
(-0.014695 -0.219969 0)
(-0.011033 -0.218205 0)
(-0.00882278 -0.218361 0)
(-0.00638579 -0.21725 0)
(-0.00573905 -0.221796 0)
(-0.00431894 -0.198882 0)
(0.00124761 -0.312591 0)
(-0.0115934 -0.304119 0)
(-0.0202117 -0.295529 0)
(-0.0261499 -0.286308 0)
(-0.0297191 -0.276878 0)
(-0.0313807 -0.267627 0)
(-0.0314621 -0.258839 0)
(-0.0302808 -0.250772 0)
(-0.0281408 -0.243597 0)
(-0.0253338 -0.237412 0)
(-0.0221876 -0.232293 0)
(-0.0188977 -0.22813 0)
(-0.0156021 -0.224915 0)
(-0.0127754 -0.222745 0)
(-0.00984356 -0.220777 0)
(-0.00798156 -0.220229 0)
(-0.00566621 -0.218972 0)
(-0.00506063 -0.22235 0)
(-0.00335437 -0.20321 0)
(0.00648836 -0.299374 0)
(-0.00487526 -0.294708 0)
(-0.0128013 -0.288919 0)
(-0.0184104 -0.281926 0)
(-0.0219657 -0.274331 0)
(-0.0238204 -0.266592 0)
(-0.0242878 -0.259031 0)
(-0.0236654 -0.251913 0)
(-0.022228 -0.245419 0)
(-0.0202268 -0.239679 0)
(-0.0179079 -0.234776 0)
(-0.0154262 -0.230671 0)
(-0.0129348 -0.227383 0)
(-0.010699 -0.224912 0)
(-0.00844717 -0.222792 0)
(-0.00692167 -0.221738 0)
(-0.00499785 -0.220423 0)
(-0.00464373 -0.222989 0)
(-0.00294488 -0.206909 0)
(0.00767179 -0.288536 0)
(-0.00132407 -0.286824 0)
(-0.00785063 -0.283231 0)
(-0.0125414 -0.278083 0)
(-0.0156123 -0.272032 0)
(-0.0173204 -0.265558 0)
(-0.0179271 -0.259006 0)
(-0.0176706 -0.252657 0)
(-0.0167634 -0.246718 0)
(-0.0153983 -0.241346 0)
(-0.0137543 -0.236633 0)
(-0.0119618 -0.232594 0)
(-0.010152 -0.229256 0)
(-0.00846693 -0.226587 0)
(-0.0068136 -0.224361 0)
(-0.00561228 -0.222931 0)
(-0.00407887 -0.221516 0)
(-0.00413217 -0.223376 0)
(-0.00272204 -0.210345 0)
(0.00636437 -0.280806 0)
(0.000132816 -0.28098 0)
(-0.00456989 -0.27889 0)
(-0.00798114 -0.275101 0)
(-0.0102748 -0.27021 0)
(-0.0116144 -0.264689 0)
(-0.0121745 -0.258902 0)
(-0.012118 -0.253146 0)
(-0.0115897 -0.247646 0)
(-0.0107239 -0.24257 0)
(-0.00964311 -0.238025 0)
(-0.00844602 -0.234057 0)
(-0.00722704 -0.230697 0)
(-0.00606158 -0.227915 0)
(-0.00494663 -0.225615 0)
(-0.00409735 -0.223928 0)
(-0.00295974 -0.222387 0)
(-0.0033631 -0.223416 0)
(-0.0023449 -0.213629 0)
(0.00406292 -0.27573 0)
(0.000449336 -0.276928 0)
(-0.00234472 -0.275747 0)
(-0.00437346 -0.272824 0)
(-0.00576323 -0.268689 0)
(-0.00659984 -0.263796 0)
(-0.00697559 -0.258524 0)
(-0.00698417 -0.253174 0)
(-0.00671059 -0.247982 0)
(-0.00623418 -0.243121 0)
(-0.00562624 -0.238708 0)
(-0.00494666 -0.234807 0)
(-0.00425047 -0.23145 0)
(-0.00357681 -0.228619 0)
(-0.00294921 -0.226273 0)
(-0.00245663 -0.224427 0)
(-0.00177448 -0.222794 0)
(-0.00231298 -0.222883 0)
(-0.00169789 -0.216225 0)
(0.00143543 -0.273733 0)
(0.000227643 -0.275408 0)
(-0.000699147 -0.274658 0)
(-0.00137061 -0.272132 0)
(-0.00183371 -0.268337 0)
(-0.00211414 -0.263723 0)
(-0.00224219 -0.258671 0)
(-0.00224893 -0.25349 0)
(-0.00216301 -0.248419 0)
(-0.00201072 -0.243636 0)
(-0.00181535 -0.239264 0)
(-0.00159692 -0.235373 0)
(-0.00137297 -0.231999 0)
(-0.00115632 -0.22913 0)
(-0.000959016 -0.226742 0)
(-0.000798784 -0.2248 0)
(-0.000576769 -0.223128 0)
(-0.000923615 -0.222483 0)
(-0.000725392 -0.217892 0)
)
;

boundaryField
{
    leftWall
    {
        type            fixedValue;
        value           uniform (0 0 0);
    }
    rightWall
    {
        type            fixedValue;
        value           uniform (0 0 0);
    }
    lowerWall
    {
        type            fixedValue;
        value           uniform (0 0 0);
    }
    atmosphere
    {
        type            pressureInletOutletVelocity;
        value           nonuniform List<vector> 
46
(
(0 -0.415766 0)
(0 -0.398226 0)
(0 -0.43112 0)
(0 -0.500801 0)
(0 -0.721753 0)
(0 -1.37203 0)
(1.20925 2.28415 0)
(0.10878 2.68992 0)
(0.0879738 2.45152 0)
(-0.145559 2.81747 0)
(-0.711461 1.26812 0)
(-0 -0.828793 0)
(-0 -0.315717 0)
(-0 -0.155011 0)
(-0 -0.0607782 0)
(0 -0.0330787 0)
(0 -0.0624877 0)
(0 -0.113018 0)
(0 -0.157953 0)
(0 -0.192442 0)
(0 -0.218508 0)
(0 -0.237966 0)
(0 -0.252239 0)
(0 -0.259934 0)
(0 -0.264032 0)
(0 -0.267407 0)
(0 -0.270087 0)
(0 -0.273452 0)
(0 -0.275157 0)
(-0 -0.274433 0)
(-0 -0.271931 0)
(-0 -0.268157 0)
(-0 -0.263561 0)
(-0 -0.258525 0)
(-0 -0.253356 0)
(-0 -0.248296 0)
(-0 -0.243523 0)
(-0 -0.239157 0)
(-0 -0.235272 0)
(-0 -0.231901 0)
(-0 -0.229035 0)
(-0 -0.226648 0)
(-0 -0.224705 0)
(-0 -0.223034 0)
(-0 -0.222374 0)
(-0 -0.217836 0)
)
;
    }
    defaultFaces
    {
        type            empty;
    }
}


// ************************************************************************* //
