/*--------------------------------*- C++ -*----------------------------------*\
| =========                 |                                                 |
| \\      /  F ield         | OpenFOAM: The Open Source CFD Toolbox           |
|  \\    /   O peration     | Version:  2.3.0                                 |
|   \\  /    A nd           | Web:      www.OpenFOAM.org                      |
|    \\/     M anipulation  |                                                 |
\*---------------------------------------------------------------------------*/
FoamFile
{
    version     2.0;
    format      ascii;
    class       surfaceScalarField;
    location    "5";
    object      phi;
}
// * * * * * * * * * * * * * * * * * * * * * * * * * * * * * * * * * * * * * //

dimensions      [0 3 -1 0 0 0 0];

internalField   nonuniform List<scalar> 
3330
(
1.99193e-07
-4.10795e-09
1.99031e-07
-1.21128e-08
1.98281e-07
-1.65042e-08
1.976e-07
-1.90677e-08
1.97251e-07
-2.16871e-08
1.97026e-07
-2.49031e-08
1.96773e-07
-2.86952e-08
1.96459e-07
-3.26493e-08
1.96139e-07
-3.65153e-08
1.95837e-07
-4.01009e-08
1.95589e-07
-4.34331e-08
1.95404e-07
-4.64787e-08
1.95313e-07
-4.91981e-08
1.95333e-07
-5.15093e-08
1.95495e-07
-5.3278e-08
1.95801e-07
-5.44744e-08
1.96304e-07
-5.49652e-08
1.969e-07
-5.47202e-08
1.97605e-07
-5.38586e-08
1.98398e-07
-5.23178e-08
1.99214e-07
-5.02141e-08
2.00019e-07
-4.77176e-08
2.00806e-07
-4.49582e-08
2.01547e-07
-4.20738e-08
2.02292e-07
-3.91012e-08
2.02999e-07
-3.60995e-08
2.03682e-07
-3.294e-08
2.04304e-07
-2.98494e-08
2.04917e-07
-2.6535e-08
2.05429e-07
-2.34533e-08
2.05905e-07
-1.99813e-08
2.05992e-07
-1.68372e-08
2.05411e-07
-1.27668e-08
2.03535e-07
-9.40073e-09
2.08672e-07
-5.05773e-09
2.12593e-07
-2.73379e-09
2.14851e-07
8.47433e-10
2.16845e-07
3.05108e-09
2.18433e-07
5.18297e-09
2.1964e-07
7.10651e-09
2.2048e-07
8.93609e-09
2.21043e-07
1.06472e-08
2.21401e-07
1.22706e-08
2.21588e-07
1.38475e-08
2.21628e-07
1.53789e-08
2.21479e-07
1.69303e-08
2.21146e-07
1.84352e-08
2.20567e-07
1.99577e-08
2.1967e-07
2.13862e-08
2.18387e-07
2.28185e-08
2.16747e-07
2.40643e-08
2.14602e-07
2.51234e-08
2.12113e-07
2.57465e-08
2.08863e-07
2.64214e-08
2.05112e-07
2.63413e-08
2.0012e-07
2.64314e-08
1.93997e-07
2.56013e-08
1.85122e-07
2.54369e-08
1.72365e-07
2.46957e-08
2.62495e-08
1.98243e-07
-6.44703e-09
1.97629e-07
-1.14986e-08
1.96265e-07
-1.51399e-08
1.95258e-07
-1.80607e-08
1.94717e-07
-2.11459e-08
1.94393e-07
-2.45794e-08
1.94133e-07
-2.84357e-08
1.93802e-07
-3.23182e-08
1.93491e-07
-3.62036e-08
1.93227e-07
-3.98372e-08
1.93136e-07
-4.3342e-08
1.93217e-07
-4.65597e-08
1.93541e-07
-4.95219e-08
1.94117e-07
-5.20856e-08
1.94945e-07
-5.41061e-08
1.96013e-07
-5.55423e-08
1.97277e-07
-5.6229e-08
1.9872e-07
-5.61636e-08
2.00218e-07
-5.53568e-08
2.01677e-07
-5.37767e-08
2.03007e-07
-5.15446e-08
2.04197e-07
-4.89067e-08
2.05282e-07
-4.6044e-08
2.06279e-07
-4.30705e-08
2.07178e-07
-3.99997e-08
2.08007e-07
-3.69289e-08
2.08756e-07
-3.36887e-08
2.09401e-07
-3.0495e-08
2.10002e-07
-2.7136e-08
2.10413e-07
-2.38636e-08
2.10775e-07
-2.03437e-08
2.10903e-07
-1.69653e-08
2.11374e-07
-1.32375e-08
2.12065e-07
-1.00921e-08
2.13495e-07
-6.48738e-09
2.13224e-07
-2.46296e-09
2.13905e-07
1.66689e-10
2.1429e-07
2.6659e-09
2.14659e-07
4.81426e-09
2.15135e-07
6.62987e-09
2.15774e-07
8.29753e-09
2.16517e-07
9.90417e-09
2.17311e-07
1.14767e-08
2.18117e-07
1.30412e-08
2.18895e-07
1.46015e-08
2.19561e-07
1.62636e-08
2.20041e-07
1.79558e-08
2.20312e-07
1.96863e-08
2.20361e-07
2.13378e-08
2.20108e-07
2.30706e-08
2.19509e-07
2.46643e-08
2.18387e-07
2.62445e-08
2.16691e-07
2.74428e-08
2.14518e-07
2.85948e-08
2.11788e-07
2.90715e-08
2.0861e-07
2.96091e-08
2.04865e-07
2.93457e-08
2.01082e-07
2.92204e-08
1.97583e-07
2.81949e-08
2.70216e-08
1.9386e-07
-6.88561e-09
1.93365e-07
-1.10033e-08
1.92971e-07
-1.47462e-08
1.92386e-07
-1.74752e-08
1.91836e-07
-2.05957e-08
1.91451e-07
-2.41946e-08
1.91189e-07
-2.81741e-08
1.90898e-07
-3.2027e-08
1.90715e-07
-3.60203e-08
1.90613e-07
-3.97354e-08
1.90797e-07
-4.35258e-08
1.91235e-07
-4.69983e-08
1.92031e-07
-5.03172e-08
1.93156e-07
-5.32104e-08
1.94671e-07
-5.56211e-08
1.96468e-07
-5.73392e-08
1.98534e-07
-5.82951e-08
2.00731e-07
-5.8361e-08
2.02856e-07
-5.74812e-08
2.04773e-07
-5.56942e-08
2.0639e-07
-5.31616e-08
2.07769e-07
-5.02859e-08
2.08943e-07
-4.7218e-08
2.10026e-07
-4.41535e-08
2.11103e-07
-4.10768e-08
2.12061e-07
-3.7886e-08
2.12954e-07
-3.45819e-08
2.13675e-07
-3.12162e-08
2.1422e-07
-2.76806e-08
2.14524e-07
-2.41679e-08
2.14732e-07
-2.05513e-08
2.14803e-07
-1.70364e-08
2.15059e-07
-1.34939e-08
2.15126e-07
-1.01595e-08
2.15381e-07
-6.74176e-09
2.16449e-07
-3.53125e-09
2.17434e-07
-8.18419e-10
2.18471e-07
1.62925e-09
2.19575e-07
3.71021e-09
2.20616e-07
5.58847e-09
2.21587e-07
7.32698e-09
2.2251e-07
8.98084e-09
2.23389e-07
1.05979e-08
2.24204e-07
1.22266e-08
2.24914e-07
1.38911e-08
2.25531e-07
1.56472e-08
2.25986e-07
1.75001e-08
2.26258e-07
1.94144e-08
2.26165e-07
2.14314e-08
2.25755e-07
2.34801e-08
2.24937e-07
2.54824e-08
2.23764e-07
2.74175e-08
2.22033e-07
2.91739e-08
2.19915e-07
3.07126e-08
2.17023e-07
3.19633e-08
2.138e-07
3.28328e-08
2.09752e-07
3.3393e-08
2.05574e-07
3.3399e-08
2.00178e-07
3.3591e-08
3.35132e-08
1.91203e-07
-7.00542e-09
1.90907e-07
-1.07074e-08
1.90113e-07
-1.39523e-08
1.89603e-07
-1.69649e-08
1.89049e-07
-2.0042e-08
1.88582e-07
-2.37273e-08
1.88269e-07
-2.78611e-08
1.87949e-07
-3.17076e-08
1.8783e-07
-3.59009e-08
1.87806e-07
-3.97118e-08
1.8823e-07
-4.39493e-08
1.8889e-07
-4.76584e-08
1.90163e-07
-5.15905e-08
1.91793e-07
-5.48406e-08
1.93997e-07
-5.78244e-08
1.96692e-07
-6.00346e-08
1.9966e-07
-6.12631e-08
2.02679e-07
-6.13796e-08
2.05537e-07
-6.03395e-08
2.07959e-07
-5.81164e-08
2.09896e-07
-5.50983e-08
2.11549e-07
-5.19392e-08
2.13114e-07
-4.87832e-08
2.14484e-07
-4.55228e-08
2.15501e-07
-4.2094e-08
2.16179e-07
-3.85641e-08
2.1654e-07
-3.49433e-08
2.16621e-07
-3.12973e-08
2.16564e-07
-2.76234e-08
2.16383e-07
-2.39867e-08
2.16199e-07
-2.03668e-08
2.15964e-07
-1.68014e-08
2.1578e-07
-1.33099e-08
2.15577e-07
-9.95727e-09
2.15616e-07
-6.78062e-09
2.15932e-07
-3.84708e-09
2.16327e-07
-1.21386e-09
2.16879e-07
1.07799e-09
2.17487e-07
3.10218e-09
2.18221e-07
4.8546e-09
2.19112e-07
6.43539e-09
2.20166e-07
7.92678e-09
2.21344e-07
9.42054e-09
2.22596e-07
1.09739e-08
2.23855e-07
1.26326e-08
2.25076e-07
1.44256e-08
2.26171e-07
1.64052e-08
2.27054e-07
1.85317e-08
2.27635e-07
2.08504e-08
2.27851e-07
2.3264e-08
2.27567e-07
2.57664e-08
2.26777e-07
2.82079e-08
2.25339e-07
3.06121e-08
2.233e-07
3.27516e-08
2.20518e-07
3.47448e-08
2.17145e-07
3.62059e-08
2.13026e-07
3.75119e-08
2.08318e-07
3.81071e-08
2.03224e-07
3.8685e-08
3.78873e-08
1.8861e-07
-6.90925e-09
1.88306e-07
-1.04026e-08
1.8747e-07
-1.31165e-08
1.86897e-07
-1.63918e-08
1.86258e-07
-1.94034e-08
1.85678e-07
-2.31475e-08
1.8524e-07
-2.74228e-08
1.84816e-07
-3.1284e-08
1.8466e-07
-3.57442e-08
1.84642e-07
-3.96939e-08
1.85201e-07
-4.45085e-08
1.8607e-07
-4.85269e-08
1.87828e-07
-5.33494e-08
1.89993e-07
-5.7005e-08
1.93096e-07
-6.09273e-08
1.9668e-07
-6.36193e-08
2.00858e-07
-6.54407e-08
2.05128e-07
-6.56494e-08
2.08877e-07
-6.40886e-08
2.11796e-07
-6.10351e-08
2.14322e-07
-5.76245e-08
2.16251e-07
-5.38681e-08
2.17377e-07
-4.99093e-08
2.17891e-07
-4.60366e-08
2.17952e-07
-4.21549e-08
2.17773e-07
-3.83858e-08
2.17418e-07
-3.4588e-08
2.16908e-07
-3.0787e-08
2.1623e-07
-2.69456e-08
2.15397e-07
-2.3154e-08
2.14441e-07
-1.94105e-08
2.13425e-07
-1.57854e-08
2.12423e-07
-1.23081e-08
2.11514e-07
-9.04837e-09
2.10775e-07
-6.04117e-09
2.10252e-07
-3.32392e-09
2.10013e-07
-9.75557e-10
2.10029e-07
1.06185e-09
2.10288e-07
2.84323e-09
2.10835e-07
4.30823e-09
2.11677e-07
5.59318e-09
2.1282e-07
6.78366e-09
2.14244e-07
7.99699e-09
2.15918e-07
9.2991e-09
2.17756e-07
1.0795e-08
2.19673e-07
1.25091e-08
2.2153e-07
1.45474e-08
2.23234e-07
1.6828e-08
2.24631e-07
1.94539e-08
2.25627e-07
2.2267e-08
2.26057e-07
2.53373e-08
2.2588e-07
2.83846e-08
2.24971e-07
3.15213e-08
2.23391e-07
3.43313e-08
2.2106e-07
3.70755e-08
2.18028e-07
3.92383e-08
2.14264e-07
4.12757e-08
2.10016e-07
4.23556e-08
2.05657e-07
4.30437e-08
4.22585e-08
1.86117e-07
-6.65033e-09
1.85697e-07
-9.98278e-09
1.84906e-07
-1.23249e-08
1.84163e-07
-1.56495e-08
1.8339e-07
-1.86301e-08
1.82681e-07
-2.24389e-08
1.82027e-07
-2.67689e-08
1.81429e-07
-3.06853e-08
1.81104e-07
-3.54196e-08
1.81015e-07
-3.9605e-08
1.8162e-07
-4.51136e-08
1.82654e-07
-4.95609e-08
1.84942e-07
-5.56367e-08
1.87693e-07
-5.97564e-08
1.91943e-07
-6.51778e-08
1.96454e-07
-6.81301e-08
2.02226e-07
-7.12121e-08
2.08147e-07
-7.1571e-08
2.13166e-07
-6.9107e-08
2.16655e-07
-6.45242e-08
2.18641e-07
-5.96102e-08
2.1922e-07
-5.44478e-08
2.19054e-07
-4.97434e-08
2.18519e-07
-4.55012e-08
2.17456e-07
-4.10921e-08
2.15833e-07
-3.67629e-08
2.13824e-07
-3.25787e-08
2.11557e-07
-2.85195e-08
2.0914e-07
-2.45295e-08
2.06617e-07
-2.06301e-08
2.0408e-07
-1.68744e-08
2.01609e-07
-1.33137e-08
1.99295e-07
-9.99469e-09
1.97224e-07
-6.97672e-09
1.95434e-07
-4.25129e-09
1.94014e-07
-1.90384e-09
1.93047e-07
-9.03642e-12
1.92454e-07
1.65537e-09
1.92366e-07
2.9311e-09
1.92757e-07
3.91699e-09
1.93619e-07
4.73131e-09
1.94956e-07
5.44639e-09
1.96758e-07
6.19496e-09
1.99007e-07
7.05046e-09
2.01637e-07
8.16534e-09
2.04595e-07
9.55059e-09
2.07739e-07
1.14039e-08
2.10908e-07
1.36585e-08
2.1389e-07
1.64725e-08
2.16524e-07
1.96332e-08
2.18567e-07
2.32934e-08
2.19885e-07
2.70668e-08
2.20301e-07
3.11057e-08
2.19823e-07
3.48097e-08
2.184e-07
3.8498e-08
2.16187e-07
4.14518e-08
2.1326e-07
4.42021e-08
2.09837e-07
4.57786e-08
2.05811e-07
4.70702e-08
4.68092e-08
1.83756e-07
-6.25978e-09
1.83125e-07
-9.35174e-09
1.82308e-07
-1.15084e-08
1.81339e-07
-1.46804e-08
1.80436e-07
-1.77271e-08
1.79582e-07
-2.15851e-08
1.78606e-07
-2.57931e-08
1.77751e-07
-2.98299e-08
1.77075e-07
-3.4744e-08
1.76863e-07
-3.93923e-08
1.7728e-07
-4.55306e-08
1.78502e-07
-5.07831e-08
1.81102e-07
-5.82364e-08
1.84741e-07
-6.33962e-08
1.90661e-07
-7.10976e-08
1.96607e-07
-7.40755e-08
2.03888e-07
-7.84931e-08
2.12256e-07
-7.99391e-08
2.17487e-07
-7.43382e-08
2.19612e-07
-6.66497e-08
2.19889e-07
-5.9887e-08
2.18389e-07
-5.29478e-08
2.15924e-07
-4.72778e-08
2.12627e-07
-4.2205e-08
2.08222e-07
-3.66871e-08
2.03097e-07
-3.16371e-08
1.97698e-07
-2.71806e-08
1.9227e-07
-2.30908e-08
1.86967e-07
-1.92272e-08
1.8191e-07
-1.55728e-08
1.77194e-07
-1.21586e-08
1.72905e-07
-9.02393e-09
1.6911e-07
-6.19975e-09
1.65847e-07
-3.714e-09
1.63163e-07
-1.56715e-09
1.61045e-07
2.14218e-10
1.59552e-07
1.48338e-09
1.5871e-07
2.49801e-09
1.58563e-07
3.07824e-09
1.59062e-07
3.41765e-09
1.60204e-07
3.58988e-09
1.62006e-07
3.64399e-09
1.64455e-07
3.7464e-09
1.67542e-07
3.96297e-09
1.71191e-07
4.51615e-09
1.75335e-07
5.40661e-09
1.7991e-07
6.82927e-09
1.84795e-07
8.7737e-09
1.8982e-07
1.14471e-08
1.94801e-07
1.46526e-08
1.99466e-07
1.86277e-08
2.0362e-07
2.29129e-08
2.069e-07
2.78263e-08
2.08963e-07
3.27464e-08
2.09646e-07
3.7815e-08
2.09069e-07
4.20292e-08
2.07402e-07
4.58685e-08
2.04925e-07
4.82561e-08
2.01551e-07
5.0444e-08
5.06053e-08
1.81601e-07
-5.79899e-09
1.80798e-07
-8.54872e-09
1.7942e-07
-1.01295e-08
1.78356e-07
-1.36163e-08
1.77495e-07
-1.68667e-08
1.76414e-07
-2.05044e-08
1.75003e-07
-2.43819e-08
1.7376e-07
-2.85862e-08
1.72574e-07
-3.35586e-08
1.72038e-07
-3.88558e-08
1.72017e-07
-4.551e-08
1.7333e-07
-5.20956e-08
1.75879e-07
-6.07861e-08
1.80648e-07
-6.81646e-08
1.88468e-07
-7.89175e-08
1.98135e-07
-8.37432e-08
2.08158e-07
-8.85158e-08
2.16058e-07
-8.7839e-08
2.18733e-07
-7.70137e-08
2.17138e-07
-6.50547e-08
2.12574e-07
-5.5323e-08
2.05713e-07
-4.60863e-08
1.9725e-07
-3.88153e-08
1.87794e-07
-3.27482e-08
1.77355e-07
-2.62484e-08
1.66973e-07
-2.12553e-08
1.57154e-07
-1.73611e-08
1.48168e-07
-1.4105e-08
1.40159e-07
-1.12185e-08
1.33198e-07
-8.61142e-09
1.27281e-07
-6.24219e-09
1.22365e-07
-4.10799e-09
1.18391e-07
-2.22578e-09
1.15264e-07
-5.86398e-10
1.12958e-07
7.38542e-10
1.11519e-07
1.65353e-09
1.10821e-07
2.18079e-09
1.10883e-07
2.43686e-09
1.11602e-07
2.35899e-09
1.13063e-07
1.95644e-09
1.15304e-07
1.34929e-09
1.1827e-07
6.77527e-10
1.21925e-07
9.19058e-11
1.26319e-07
-4.3097e-10
1.31351e-07
-5.16311e-10
1.36892e-07
-1.34678e-10
1.42941e-07
7.80581e-10
1.49327e-07
2.38745e-09
1.55914e-07
4.86088e-09
1.62535e-07
8.03167e-09
1.69012e-07
1.21498e-08
1.75122e-07
1.68036e-08
1.80775e-07
2.21731e-08
1.85807e-07
2.77139e-08
1.89904e-07
3.37189e-08
1.92627e-07
3.93061e-08
1.93819e-07
4.4676e-08
1.93454e-07
4.86211e-08
1.9186e-07
5.20382e-08
5.29623e-08
1.79578e-07
-5.2412e-09
1.78147e-07
-7.11752e-09
1.7837e-07
-1.03523e-08
1.76937e-07
-1.21835e-08
1.7498e-07
-1.49101e-08
1.73207e-07
-1.8731e-08
1.71305e-07
-2.24799e-08
1.69524e-07
-2.68049e-08
1.6763e-07
-3.1665e-08
1.66389e-07
-3.76149e-08
1.6558e-07
-4.47009e-08
1.66521e-07
-5.3037e-08
1.6882e-07
-6.30847e-08
1.74467e-07
-7.38116e-08
1.84674e-07
-8.91245e-08
1.99329e-07
-9.83986e-08
2.13534e-07
-1.02721e-07
2.12479e-07
-8.67835e-08
2.06882e-07
-7.1417e-08
1.94485e-07
-5.2658e-08
1.79324e-07
-4.01621e-08
1.60416e-07
-2.71778e-08
1.41646e-07
-2.00455e-08
1.23217e-07
-1.43194e-08
1.07493e-07
-1.05241e-08
9.50287e-08
-8.79107e-09
8.53134e-08
-7.64577e-09
7.7967e-08
-6.75866e-09
7.24657e-08
-5.71715e-09
6.84063e-08
-4.55201e-09
6.54635e-08
-3.29936e-09
6.34131e-08
-2.05763e-09
6.21066e-08
-9.19257e-10
6.13989e-08
1.21325e-10
6.13573e-08
7.80124e-10
6.18103e-08
1.20057e-09
6.27646e-08
1.22645e-09
6.43223e-08
8.79168e-10
6.6462e-08
2.19332e-10
6.92395e-08
-8.21087e-10
7.26202e-08
-2.03145e-09
7.66406e-08
-3.34286e-09
8.1331e-08
-4.59847e-09
8.65908e-08
-5.69076e-09
9.24529e-08
-6.37838e-09
9.88785e-08
-6.56027e-09
1.05712e-07
-6.05295e-09
1.12871e-07
-4.77165e-09
1.20271e-07
-2.53941e-09
1.27761e-07
5.42239e-10
1.35249e-07
4.66133e-09
1.42512e-07
9.54057e-09
1.49442e-07
1.52438e-08
1.558e-07
2.13552e-08
1.61567e-07
2.79521e-08
1.66416e-07
3.44571e-08
1.7008e-07
4.10122e-08
1.72592e-07
4.61085e-08
1.73713e-07
5.09172e-08
5.37288e-08
1.77764e-07
-4.6107e-09
1.76669e-07
-6.02181e-09
1.75601e-07
-9.28512e-09
1.74179e-07
-1.07609e-08
1.72253e-07
-1.29838e-08
1.7004e-07
-1.65181e-08
1.67559e-07
-1.99993e-08
1.6503e-07
-2.42761e-08
1.62271e-07
-2.8906e-08
1.59886e-07
-3.52298e-08
1.57721e-07
-4.25358e-08
1.57199e-07
-5.25147e-08
1.58754e-07
-6.46397e-08
1.64299e-07
-7.93563e-08
1.80296e-07
-1.05121e-07
1.90974e-07
-1.09077e-07
1.97088e-07
-1.08835e-07
2.53156e-07
-1.42851e-07
1.81739e-07
1.29081e-07
8.89187e-08
6.17409e-08
3.85327e-08
3.16268e-09
3.05968e-08
-6.3835e-09
2.7141e-08
-7.06823e-09
2.6317e-08
-7.96708e-09
2.60782e-08
-7.40697e-09
2.57713e-08
-6.45175e-09
2.53462e-08
-5.29207e-09
2.48837e-08
-4.08947e-09
2.45162e-08
-2.93182e-09
2.43521e-08
-1.89356e-09
2.44599e-08
-1.02706e-09
2.49499e-08
-3.68639e-10
2.57269e-08
3.08525e-12
2.68904e-08
3.71115e-11
2.84662e-08
-3.49329e-10
3.04913e-08
-1.14599e-09
3.30187e-08
-2.30806e-09
3.6012e-08
-3.81434e-09
3.95353e-08
-5.55479e-09
4.36105e-08
-7.41805e-09
4.82627e-08
-9.25061e-09
5.34703e-08
-1.08984e-08
5.92418e-08
-1.21498e-08
6.55298e-08
-1.28483e-08
7.22753e-08
-1.27984e-08
7.93917e-08
-1.1888e-08
8.6807e-08
-9.9547e-09
9.43699e-08
-7.02067e-09
1.02015e-07
-2.9842e-09
1.09548e-07
2.00781e-09
1.16886e-07
7.90574e-09
1.23844e-07
1.43974e-08
1.30359e-07
2.14378e-08
1.36267e-07
2.8549e-08
1.41363e-07
3.59159e-08
1.45428e-07
4.20432e-08
1.48654e-07
4.76916e-08
5.25383e-08
1.76119e-07
-3.86496e-09
1.7503e-07
-4.93262e-09
1.7351e-07
-7.76447e-09
1.71792e-07
-9.04298e-09
1.69691e-07
-1.08829e-08
1.67061e-07
-1.38882e-08
1.64019e-07
-1.6958e-08
1.60605e-07
-2.08613e-08
1.56825e-07
-2.51266e-08
1.52873e-07
-3.12773e-08
1.4876e-07
-3.8423e-08
1.45436e-07
-4.91913e-08
1.43353e-07
-6.25565e-08
1.45543e-07
-8.15461e-08
1.61036e-07
-1.20614e-07
2.51686e-07
-1.99727e-07
1.42851e-07
3.16268e-09
-3.22082e-09
-7.94062e-10
-9.49498e-09
7.97336e-10
-9.55847e-09
1.96157e-09
-8.57119e-09
2.52238e-09
-7.01255e-09
2.62273e-09
-5.39241e-09
2.4922e-09
-3.95893e-09
2.3195e-09
-2.75911e-09
2.21429e-09
-1.78834e-09
2.25333e-09
-1.0661e-09
2.50231e-09
-6.1762e-10
2.99954e-09
-4.94136e-10
3.7935e-09
-7.56848e-10
4.8984e-09
-1.45422e-09
6.33994e-09
-2.58752e-09
8.16312e-09
-4.13123e-09
1.03971e-08
-6.04834e-09
1.3097e-08
-8.25471e-09
1.6314e-08
-1.0635e-08
2.00985e-08
-1.30351e-08
2.448e-08
-1.52799e-08
2.9477e-08
-1.71468e-08
3.50787e-08
-1.84501e-08
4.12459e-08
-1.89656e-08
4.78914e-08
-1.85335e-08
5.49324e-08
-1.69957e-08
6.22145e-08
-1.43027e-08
6.96162e-08
-1.0386e-08
7.70507e-08
-5.42662e-09
8.43723e-08
5.84143e-10
9.14601e-08
7.30963e-09
9.82152e-08
1.46826e-08
1.04508e-07
2.22565e-08
1.103e-07
3.01235e-08
1.15216e-07
3.71268e-08
1.19485e-07
4.34233e-08
4.99062e-08
1.74725e-07
-3.00467e-09
1.73578e-07
-3.78571e-09
1.71829e-07
-6.01532e-09
1.6981e-07
-7.02394e-09
1.67434e-07
-8.50722e-09
1.64397e-07
-1.08507e-08
1.60796e-07
-1.33575e-08
1.56506e-07
-1.65715e-08
1.51597e-07
-2.02177e-08
1.45896e-07
-2.55758e-08
1.39369e-07
-3.18964e-08
1.32206e-07
-4.20281e-08
1.23623e-07
-5.39739e-08
1.15839e-07
-7.3762e-08
1.01968e-07
-1.06743e-07
-9.77588e-08
-4.62679e-09
-4.86818e-09
-5.55969e-09
-8.62557e-09
-6.37516e-09
-7.75571e-09
-7.27044e-09
-6.11726e-09
-8.22186e-09
-4.44099e-09
-9.188e-09
-2.99278e-09
-1.01359e-08
-1.81122e-09
-1.10152e-08
-9.0903e-10
-1.17919e-08
-2.89354e-10
-1.24329e-08
2.33426e-11
-1.29017e-08
-2.53247e-11
-1.31721e-08
-4.86466e-10
-1.3224e-08
-1.40227e-09
-1.30232e-08
-2.78832e-09
-1.25204e-08
-4.63408e-09
-1.16552e-08
-6.91353e-09
-1.03497e-08
-9.56014e-09
-8.52031e-09
-1.24644e-08
-6.08268e-09
-1.54727e-08
-2.97223e-09
-1.83903e-08
8.90671e-10
-2.10097e-08
5.50183e-09
-2.30613e-08
1.0839e-08
-2.43028e-08
1.68207e-08
-2.45153e-08
2.33507e-08
-2.35257e-08
3.02778e-08
-2.12298e-08
3.74191e-08
-1.75273e-08
4.46407e-08
-1.26482e-08
5.18553e-08
-6.63048e-09
5.89146e-08
2.50358e-10
6.57573e-08
7.83996e-09
7.22245e-08
1.57894e-08
7.83085e-08
2.40394e-08
8.36464e-08
3.17889e-08
8.8314e-08
3.87557e-08
4.62109e-08
1.73641e-07
-2.05345e-09
1.72424e-07
-2.56901e-09
1.70511e-07
-4.10222e-09
1.68282e-07
-4.79458e-09
1.65618e-07
-5.84305e-09
1.62222e-07
-7.45458e-09
1.58097e-07
-9.23247e-09
1.53042e-07
-1.15173e-08
1.47026e-07
-1.42016e-08
1.39639e-07
-1.81885e-08
1.30737e-07
-2.29945e-08
1.19804e-07
-3.1095e-08
1.05935e-07
-4.01047e-08
9.09678e-08
-5.87951e-08
9.77588e-08
-1.13534e-07
-4.86818e-09
-6.32187e-09
-7.17186e-09
-9.11641e-09
-4.96118e-09
-1.15733e-08
-3.66036e-09
-1.38188e-08
-2.19554e-09
-1.59147e-08
-8.96836e-10
-1.79103e-08
1.84389e-10
-1.98006e-08
9.81302e-10
-2.16049e-08
1.51489e-09
-2.33207e-08
1.73921e-09
-2.49387e-08
1.5926e-09
-2.64419e-08
1.01679e-09
-2.78051e-08
-3.9066e-11
-2.8986e-08
-1.60743e-09
-2.99366e-08
-3.68343e-09
-3.05783e-08
-6.27183e-09
-3.08175e-08
-9.321e-09
-3.05522e-08
-1.27297e-08
-2.96789e-08
-1.6346e-08
-2.80915e-08
-1.99777e-08
-2.56984e-08
-2.34028e-08
-2.24131e-08
-2.63465e-08
-1.82114e-08
-2.85045e-08
-1.31576e-08
-2.9569e-08
-7.40893e-09
-2.92744e-08
-1.10962e-09
-2.75291e-08
5.70263e-09
-2.43396e-08
1.27011e-08
-1.96467e-08
1.9749e-08
-1.36784e-08
2.67098e-08
-6.71038e-09
3.35486e-08
1.00113e-09
4.01859e-08
9.15208e-09
4.6553e-08
1.76723e-08
5.19438e-08
2.63981e-08
5.66153e-08
3.40842e-08
4.13589e-08
1.729e-07
-1.03915e-09
1.71627e-07
-1.29549e-09
1.69598e-07
-2.07349e-09
1.67229e-07
-2.42584e-09
1.64351e-07
-2.96478e-09
1.60681e-07
-3.78393e-09
1.56156e-07
-4.70817e-09
1.50524e-07
-5.88457e-09
1.43642e-07
-7.32007e-09
1.3485e-07
-9.39661e-09
1.2394e-07
-1.20844e-08
1.09292e-07
-1.64471e-08
9.11355e-08
-2.19481e-08
6.60466e-08
-3.37062e-08
-4.74874e-08
-5.54851e-09
-1.62335e-09
-9.63993e-09
-8.69748e-10
-1.3407e-08
1.06729e-10
-1.67466e-08
1.14402e-09
-1.97826e-08
2.13921e-09
-2.25976e-08
2.99932e-09
-2.52836e-08
3.66731e-09
-2.78662e-08
4.09754e-09
-3.03582e-08
4.23115e-09
-3.27632e-08
3.99766e-09
-3.50623e-08
3.31589e-09
-3.72314e-08
2.13005e-09
-3.92203e-08
3.81479e-10
-4.1026e-08
-1.87778e-09
-4.25747e-08
-4.72308e-09
-4.38116e-08
-8.08417e-09
-4.46789e-08
-1.18623e-08
-4.51155e-08
-1.59094e-08
-4.50541e-08
-2.00391e-08
-4.4428e-08
-2.40289e-08
-4.31577e-08
-2.76169e-08
-4.11442e-08
-3.0518e-08
-3.82567e-08
-3.24566e-08
-3.43675e-08
-3.31636e-08
-2.94581e-08
-3.24384e-08
-2.37163e-08
-3.00813e-08
-1.73184e-08
-2.60446e-08
-1.05859e-08
-2.04108e-08
-3.84287e-09
-1.34534e-08
2.78689e-09
-5.62863e-09
9.37274e-09
2.56623e-09
1.60456e-08
1.09994e-08
2.18161e-08
2.06276e-08
2.61617e-08
2.97386e-08
3.51315e-08
1.72526e-07
7.45282e-12
1.71221e-07
8.86838e-12
1.69132e-07
1.53956e-11
1.66688e-07
1.82987e-11
1.63701e-07
2.26834e-11
1.59887e-07
2.93143e-11
1.55142e-07
3.73384e-11
1.4921e-07
4.68924e-11
1.41831e-07
5.95712e-11
1.32359e-07
7.51028e-11
1.20178e-07
9.68216e-11
1.03611e-07
1.1993e-10
8.15118e-08
1.51047e-10
4.76314e-08
1.74211e-10
1.43945e-10
-4.40899e-09
2.78565e-09
-9.35275e-09
4.07401e-09
-1.37877e-08
4.5417e-09
-1.76765e-08
5.03279e-09
-2.11451e-08
5.60778e-09
-2.43244e-08
6.17864e-09
-2.73125e-08
6.65543e-09
-3.01683e-08
6.95333e-09
-3.29116e-08
6.9745e-09
-3.55536e-08
6.6396e-09
-3.80913e-08
5.85367e-09
-4.05018e-08
4.54054e-09
-4.2759e-08
2.63869e-09
-4.47885e-08
1.51658e-10
-4.66167e-08
-2.89488e-09
-4.82017e-08
-6.49909e-09
-4.95047e-08
-1.05594e-08
-5.04912e-08
-1.49229e-08
-5.11335e-08
-1.93968e-08
-5.14085e-08
-2.37538e-08
-5.1285e-08
-2.77404e-08
-5.07225e-08
-3.10805e-08
-4.96968e-08
-3.34822e-08
-4.8212e-08
-3.46485e-08
-4.60705e-08
-3.458e-08
-4.32686e-08
-3.28832e-08
-3.96913e-08
-2.9622e-08
-3.5254e-08
-2.48481e-08
-2.9977e-08
-1.87305e-08
-2.40929e-08
-1.15127e-08
-1.81265e-08
-3.40012e-09
-1.20311e-08
4.90392e-09
-5.67583e-09
1.42724e-08
1.88138e-09
2.21814e-08
2.72712e-08
1.72528e-07
1.05372e-09
1.71224e-07
1.31287e-09
1.69136e-07
2.10367e-09
1.66692e-07
2.46169e-09
1.63706e-07
3.00914e-09
1.59894e-07
3.84152e-09
1.5515e-07
4.78112e-09
1.49221e-07
5.97618e-09
1.41844e-07
7.43592e-09
1.32377e-07
9.54257e-09
1.20204e-07
1.22693e-08
1.03647e-07
1.66771e-08
8.15749e-08
2.22233e-08
4.77175e-08
3.40316e-08
4.78614e-08
-4.35113e-09
7.13677e-09
-8.98187e-09
8.70475e-09
-1.31833e-08
8.74312e-09
-1.68722e-08
8.72174e-09
-2.0165e-08
8.90056e-09
-2.31816e-08
9.19522e-09
-2.60077e-08
9.48149e-09
-2.87095e-08
9.65519e-09
-3.13306e-08
9.59555e-09
-3.38892e-08
9.19818e-09
-3.63888e-08
8.35326e-09
-3.88219e-08
6.9737e-09
-4.11693e-08
4.98604e-09
-4.33539e-08
2.33626e-09
-4.53646e-08
-8.84126e-10
-4.71985e-08
-4.66521e-09
-4.87998e-08
-8.95811e-09
-5.01268e-08
-1.35959e-08
-5.1143e-08
-1.83807e-08
-5.18309e-08
-2.30659e-08
-5.21874e-08
-2.73839e-08
-5.22079e-08
-3.10599e-08
-5.19189e-08
-3.37713e-08
-5.13501e-08
-3.52172e-08
-5.03428e-08
-3.55873e-08
-4.90112e-08
-3.42148e-08
-4.73513e-08
-3.12819e-08
-4.53229e-08
-2.68765e-08
-4.28226e-08
-2.12308e-08
-3.96827e-08
-1.46526e-08
-3.55014e-08
-7.58141e-09
-3.02556e-08
-3.41872e-10
-2.20806e-08
6.09733e-09
-1.12773e-08
1.13781e-08
1.55866e-08
1.72908e-07
2.06702e-09
1.71635e-07
2.58532e-09
1.69609e-07
4.1306e-09
1.67242e-07
4.82821e-09
1.64367e-07
5.88462e-09
1.607e-07
7.50834e-09
1.56181e-07
9.30025e-09
1.50551e-07
1.16053e-08
1.4368e-07
1.43073e-08
1.34899e-07
1.83238e-08
1.24006e-07
2.31626e-08
1.09373e-07
3.13093e-08
9.12443e-08
4.03524e-08
6.61618e-08
5.9114e-08
1.14023e-07
-5.44551e-09
1.25823e-08
-8.5316e-09
1.17908e-08
-1.15527e-08
1.17642e-08
-1.431e-08
1.14791e-08
-1.68354e-08
1.1426e-08
-1.91937e-08
1.15535e-08
-2.14388e-08
1.17267e-08
-2.35961e-08
1.18125e-08
-2.56762e-08
1.16756e-08
-2.76792e-08
1.12012e-08
-2.95952e-08
1.02693e-08
-3.14124e-08
8.79094e-09
-3.31215e-08
6.69505e-09
-3.47307e-08
3.94546e-09
-3.6155e-08
5.40216e-10
-3.74956e-08
-3.32456e-09
-3.86884e-08
-7.76534e-09
-3.97384e-08
-1.25459e-08
-4.06601e-08
-1.7459e-08
-4.14633e-08
-2.22627e-08
-4.21549e-08
-2.66923e-08
-4.27359e-08
-3.04789e-08
-4.31639e-08
-3.33433e-08
-4.34439e-08
-3.49372e-08
-4.35472e-08
-3.5484e-08
-4.32958e-08
-3.44662e-08
-4.26636e-08
-3.1914e-08
-4.15991e-08
-2.79411e-08
-4.00085e-08
-2.28214e-08
-3.78332e-08
-1.68279e-08
-3.47858e-08
-1.06288e-08
-2.99262e-08
-5.20152e-09
-2.17042e-08
-2.12462e-09
-1.03255e-08
-6.00441e-13
3.7784e-09
1.73653e-07
3.01663e-09
1.72438e-07
3.80028e-09
1.70528e-07
6.04076e-09
1.68302e-07
7.05412e-09
1.65643e-07
8.54419e-09
1.62252e-07
1.08988e-08
1.58135e-07
1.34177e-08
1.53091e-07
1.66495e-08
1.47088e-07
2.03101e-08
1.39713e-07
2.56986e-08
1.30836e-07
3.20393e-08
1.19926e-07
4.22194e-08
1.06091e-07
5.41877e-08
9.11603e-08
7.40446e-08
9.81007e-08
1.07083e-07
9.81007e-08
-5.79012e-09
5.7901e-09
-5.46496e-09
1.22571e-08
-7.03935e-09
1.33652e-08
-8.41709e-09
1.31419e-08
-9.74871e-09
1.28107e-08
-1.10362e-08
1.27134e-08
-1.22728e-08
1.279e-08
-1.34533e-08
1.29072e-08
-1.45673e-08
1.29265e-08
-1.56131e-08
1.27214e-08
-1.65735e-08
1.21616e-08
-1.74351e-08
1.11308e-08
-1.81815e-08
9.53731e-09
-1.87969e-08
7.31054e-09
-1.92881e-08
4.43667e-09
-1.96377e-08
8.8981e-10
-1.9855e-08
-3.10732e-09
-1.99561e-08
-7.66423e-09
-1.99726e-08
-1.25293e-08
-1.99505e-08
-1.74811e-08
-1.99415e-08
-2.22717e-08
-2.00007e-08
-2.66331e-08
-2.0165e-08
-3.03146e-08
-2.04581e-08
-3.30502e-08
-2.07962e-08
-3.45991e-08
-2.12263e-08
-3.50539e-08
-2.14831e-08
-3.42093e-08
-2.14515e-08
-3.19456e-08
-2.09877e-08
-2.84049e-08
-1.98803e-08
-2.39288e-08
-1.79968e-08
-1.87113e-08
-1.50372e-08
-1.35885e-08
-1.10443e-08
-9.19438e-09
-5.52846e-09
-7.64049e-09
2.37657e-09
-7.90564e-09
-4.63311e-09
1.74741e-07
3.8748e-09
1.73597e-07
4.94483e-09
1.71851e-07
7.78596e-09
1.69837e-07
9.06875e-09
1.67467e-07
1.09135e-08
1.64437e-07
1.39289e-08
1.60847e-07
1.70078e-08
1.56571e-07
2.0926e-08
1.51676e-07
2.52046e-08
1.45996e-07
3.13783e-08
1.39496e-07
3.85398e-08
1.32368e-07
4.9347e-08
1.23819e-07
6.27373e-08
1.16086e-07
8.17775e-08
1.02228e-07
1.20941e-07
2.00329e-07
-4.18992e-09
9.98001e-09
-4.02518e-09
1.20924e-08
-3.47585e-09
1.28159e-08
-2.99785e-09
1.26639e-08
-2.68171e-09
1.24945e-08
-2.49136e-09
1.25231e-08
-2.3693e-09
1.2668e-08
-2.2439e-09
1.27818e-08
-2.07185e-09
1.27545e-08
-1.82501e-09
1.24745e-08
-1.47273e-09
1.18093e-08
-9.98128e-10
1.06562e-08
-3.84054e-10
8.92324e-09
3.73013e-10
6.55347e-09
1.30097e-09
3.50872e-09
2.31076e-09
-1.19981e-10
3.4681e-09
-4.26466e-09
4.68198e-09
-8.8781e-09
5.91026e-09
-1.37576e-08
7.09957e-09
-1.86704e-08
8.16948e-09
-2.33417e-08
9.06845e-09
-2.75321e-08
9.74539e-09
-3.09916e-08
1.0151e-08
-3.34558e-08
1.03123e-08
-3.47604e-08
1.02593e-08
-3.50008e-08
1.02612e-08
-3.42112e-08
1.03804e-08
-3.20648e-08
1.08388e-08
-2.88633e-08
1.19431e-08
-2.50331e-08
1.38197e-08
-2.0588e-08
1.67674e-08
-1.65362e-08
2.03292e-08
-1.27562e-08
2.38636e-08
-1.11749e-08
2.6636e-08
-1.0678e-08
-9.73947e-09
1.76139e-07
4.61803e-09
1.75053e-07
6.03112e-09
1.73537e-07
9.30182e-09
1.71824e-07
1.07811e-08
1.69731e-07
1.3007e-08
1.6711e-07
1.65495e-08
1.64081e-07
2.00369e-08
1.60681e-07
2.43262e-08
1.56922e-07
2.89637e-08
1.52994e-07
3.53058e-08
1.48909e-07
4.26253e-08
1.45629e-07
5.26273e-08
1.43594e-07
6.47723e-08
1.45853e-07
7.95177e-08
1.6145e-07
1.05344e-07
2.52466e-07
1.09313e-07
1.43357e-07
1.09109e-07
1.43357e-07
3.24926e-09
-3.24927e-09
-3.17246e-09
6.4217e-09
-3.41142e-10
7.14869e-09
2.34299e-09
9.40823e-09
5.06329e-09
1.00955e-08
7.19358e-09
1.05336e-08
8.87751e-09
1.08106e-08
1.03423e-08
1.10583e-08
1.17174e-08
1.12929e-08
1.31331e-08
1.13661e-08
1.46397e-08
1.12478e-08
1.62853e-08
1.08289e-08
1.80942e-08
1.00005e-08
2.00832e-08
8.66726e-09
2.226e-08
6.7464e-09
2.46285e-08
4.18501e-09
2.71191e-08
1.01808e-09
2.96624e-08
-2.66325e-09
3.22893e-08
-6.89159e-09
3.49043e-08
-1.14931e-08
3.74274e-08
-1.62807e-08
3.97773e-08
-2.10204e-08
4.18623e-08
-2.54266e-08
4.36084e-08
-2.92782e-08
4.50111e-08
-3.23942e-08
4.60172e-08
-3.44619e-08
4.65973e-08
-3.53405e-08
4.68516e-08
-3.52552e-08
4.70279e-08
-3.43875e-08
4.72464e-08
-3.22834e-08
4.7672e-08
-2.92889e-08
4.86025e-08
-2.59635e-08
5.01426e-08
-2.21281e-08
5.24376e-08
-1.88311e-08
5.52794e-08
-1.5598e-08
5.80074e-08
-1.39028e-08
6.00821e-08
-1.27528e-08
-1.26554e-08
1.77786e-07
5.24583e-09
1.76694e-07
7.1234e-09
1.75632e-07
1.03635e-08
1.74217e-07
1.2197e-08
1.72298e-07
1.49255e-08
1.70096e-07
1.87513e-08
1.67628e-07
2.25047e-08
1.65118e-07
2.6837e-08
1.62378e-07
3.17034e-08
1.60021e-07
3.76623e-08
1.57888e-07
4.47585e-08
1.57412e-07
5.3104e-08
1.59015e-07
6.31685e-08
1.6464e-07
7.38928e-08
1.8073e-07
8.92542e-08
1.91559e-07
9.84844e-08
1.97795e-07
1.02873e-07
2.54243e-07
8.69089e-08
1.82817e-07
7.14262e-08
1.30222e-07
5.25946e-08
8.99938e-08
4.02283e-08
6.2752e-08
2.72418e-08
3.92494e-08
2.02533e-08
3.12115e-08
1.44596e-08
2.76929e-08
1.06673e-08
2.75314e-08
9.56975e-09
2.84765e-08
9.15037e-09
2.96992e-08
9.31095e-09
3.09778e-08
9.53199e-09
3.23887e-08
9.64734e-09
3.40944e-08
9.58724e-09
3.61756e-08
9.2849e-09
3.85728e-08
8.8505e-09
4.13017e-08
8.1001e-09
4.43631e-08
6.93902e-09
4.77267e-08
5.30373e-09
5.13546e-08
3.11842e-09
5.52513e-08
2.88338e-10
5.91512e-08
-2.8818e-09
6.31572e-08
-6.66931e-09
6.71403e-08
-1.08746e-08
7.09901e-08
-1.5343e-08
7.4595e-08
-1.98856e-08
7.78583e-08
-2.42837e-08
8.06684e-08
-2.82367e-08
8.29593e-08
-3.15691e-08
8.47468e-08
-3.41818e-08
8.59699e-08
-3.5685e-08
8.66574e-08
-3.6028e-08
8.69994e-08
-3.55971e-08
8.70399e-08
-3.4428e-08
8.70186e-08
-3.22621e-08
8.71017e-08
-2.9372e-08
8.74804e-08
-2.63422e-08
8.83253e-08
-2.29731e-08
8.96224e-08
-2.01282e-08
9.13929e-08
-1.73685e-08
9.32757e-08
-1.57856e-08
9.50159e-08
-1.44929e-08
-1.43932e-08
1.79602e-07
5.80105e-09
1.78175e-07
8.55027e-09
1.78403e-07
1.01353e-08
1.76977e-07
1.36226e-08
1.75029e-07
1.68741e-08
1.73268e-07
2.05119e-08
1.71379e-07
2.43938e-08
1.69618e-07
2.85981e-08
1.67743e-07
3.3578e-08
1.66534e-07
3.88717e-08
1.65754e-07
4.55385e-08
1.66744e-07
5.21134e-08
1.69089e-07
6.08235e-08
1.74809e-07
6.8173e-08
1.85092e-07
7.89712e-08
1.99854e-07
8.37227e-08
2.14221e-07
8.85054e-08
2.133e-07
8.78299e-08
2.07792e-07
7.69346e-08
1.95462e-07
6.49241e-08
1.8049e-07
5.52002e-08
1.61787e-07
4.59446e-08
1.43306e-07
3.87345e-08
1.24965e-07
3.2801e-08
1.09177e-07
2.64552e-08
9.68979e-08
2.18488e-08
8.75887e-08
1.84596e-08
8.10818e-08
1.58178e-08
7.6944e-08
1.36698e-08
7.47255e-08
1.18658e-08
7.40456e-08
1.02671e-08
7.45954e-08
8.7351e-09
7.61681e-08
7.27784e-09
7.8634e-08
5.63412e-09
8.18249e-08
3.74811e-09
8.56207e-08
1.50793e-09
8.97899e-08
-1.05076e-09
9.41565e-08
-4.07824e-09
9.87688e-08
-7.49414e-09
1.03393e-07
-1.12933e-08
1.079e-07
-1.53821e-08
1.12141e-07
-1.95832e-08
1.15979e-07
-2.37245e-08
1.19314e-07
-2.76181e-08
1.22041e-07
-3.09636e-08
1.24138e-07
-3.36663e-08
1.25657e-07
-3.57006e-08
1.26508e-07
-3.65367e-08
1.26877e-07
-3.6397e-08
1.26956e-07
-3.56754e-08
1.2668e-07
-3.41524e-08
1.26308e-07
-3.18903e-08
1.26008e-07
-2.90716e-08
1.25843e-07
-2.61772e-08
1.26002e-07
-2.3132e-08
1.26412e-07
-2.05383e-08
1.27214e-07
-1.81709e-08
1.28085e-07
-1.66568e-08
1.29046e-07
-1.54536e-08
-1.53024e-08
1.81627e-07
6.25838e-09
1.80827e-07
9.3501e-09
1.79454e-07
1.1508e-08
1.78398e-07
1.46788e-08
1.77546e-07
1.7726e-08
1.76478e-07
2.15798e-08
1.7508e-07
2.57916e-08
1.73857e-07
2.98219e-08
1.72691e-07
3.47431e-08
1.72183e-07
3.938e-08
1.72195e-07
4.55267e-08
1.73551e-07
5.07569e-08
1.76148e-07
5.82272e-08
1.80971e-07
6.33495e-08
1.88874e-07
7.10686e-08
1.98601e-07
7.39954e-08
2.08702e-07
7.84048e-08
2.16719e-07
7.9813e-08
2.19483e-07
7.417e-08
2.17976e-07
6.64315e-08
2.13554e-07
5.96221e-08
2.06864e-07
5.26349e-08
1.9861e-07
4.69885e-08
1.89389e-07
4.20214e-08
1.79213e-07
3.6631e-08
1.69235e-07
3.18274e-08
1.59966e-07
2.77287e-08
1.51736e-07
2.40472e-08
1.44798e-07
2.06077e-08
1.39308e-07
1.73559e-08
1.35305e-07
1.427e-08
1.32746e-07
1.12945e-08
1.31607e-07
8.41632e-09
1.31709e-07
5.53277e-09
1.32888e-07
2.56876e-09
1.34935e-07
-5.39137e-10
1.37736e-07
-3.8514e-09
1.41018e-07
-7.36065e-09
1.44588e-07
-1.10636e-08
1.48222e-07
-1.49276e-08
1.51725e-07
-1.88848e-08
1.54923e-07
-2.27813e-08
1.5768e-07
-2.64819e-08
1.59874e-07
-2.98117e-08
1.61467e-07
-3.25564e-08
1.62449e-07
-3.4649e-08
1.62734e-07
-3.59856e-08
1.62558e-07
-3.63604e-08
1.62179e-07
-3.60178e-08
1.61505e-07
-3.50013e-08
1.60615e-07
-3.32629e-08
1.59744e-07
-3.10194e-08
1.59058e-07
-2.83853e-08
1.58531e-07
-2.56506e-08
1.58307e-07
-2.29072e-08
1.58234e-07
-2.04661e-08
1.58447e-07
-1.8383e-08
1.58674e-07
-1.68841e-08
1.59057e-07
-1.58368e-08
-1.56288e-08
1.8378e-07
6.64576e-09
1.83153e-07
9.97716e-09
1.82342e-07
1.23191e-08
1.8138e-07
1.56404e-08
1.80486e-07
1.86201e-08
1.79645e-07
2.24215e-08
1.78683e-07
2.67533e-08
1.77846e-07
3.06588e-08
1.77192e-07
3.53971e-08
1.77007e-07
3.95648e-08
1.77455e-07
4.50792e-08
1.78712e-07
4.94996e-08
1.81358e-07
5.55809e-08
1.85043e-07
5.96647e-08
1.9103e-07
6.50821e-08
1.97028e-07
6.79975e-08
2.04381e-07
7.1051e-08
2.12838e-07
7.13561e-08
2.18159e-07
6.88489e-08
2.2038e-07
6.42112e-08
2.20749e-07
5.92523e-08
2.19345e-07
5.40393e-08
2.17024e-07
4.93099e-08
2.1396e-07
4.50849e-08
2.09856e-07
4.0735e-08
2.05167e-07
3.6517e-08
2.00387e-07
3.25078e-08
1.95786e-07
2.86486e-08
1.9156e-07
2.48333e-08
1.87875e-07
2.10414e-08
1.84861e-07
1.72836e-08
1.82607e-07
1.35487e-08
1.81183e-07
9.84052e-09
1.80563e-07
6.15262e-09
1.80639e-07
2.4933e-09
1.81384e-07
-1.28481e-09
1.82753e-07
-5.22003e-09
1.84482e-07
-9.08951e-09
1.86387e-07
-1.29693e-08
1.88291e-07
-1.68311e-08
1.90012e-07
-2.06055e-08
1.91403e-07
-2.41722e-08
1.92336e-07
-2.74157e-08
1.92731e-07
-3.02061e-08
1.92598e-07
-3.24236e-08
1.91953e-07
-3.40038e-08
1.90857e-07
-3.48893e-08
1.89535e-07
-3.50391e-08
1.88032e-07
-3.45143e-08
1.8644e-07
-3.34099e-08
1.84936e-07
-3.17584e-08
1.83598e-07
-2.96819e-08
1.82541e-07
-2.73277e-08
1.81743e-07
-2.48529e-08
1.81255e-07
-2.24188e-08
1.80968e-07
-2.018e-08
1.80863e-07
-1.82778e-08
1.80791e-07
-1.68114e-08
1.80849e-07
-1.58954e-08
-1.56357e-08
1.8614e-07
6.90192e-09
1.85724e-07
1.03926e-08
1.84938e-07
1.31056e-08
1.84203e-07
1.63753e-08
1.83438e-07
1.93846e-08
1.82741e-07
2.31195e-08
1.82101e-07
2.7393e-08
1.81518e-07
3.12412e-08
1.81216e-07
3.57e-08
1.81149e-07
3.9631e-08
1.81786e-07
4.44426e-08
1.8285e-07
4.84352e-08
1.85181e-07
5.32501e-08
1.87971e-07
5.68748e-08
1.92277e-07
6.07759e-08
1.96841e-07
6.34333e-08
2.02679e-07
6.5213e-08
2.08658e-07
6.53777e-08
2.13742e-07
6.37646e-08
2.17313e-07
6.06406e-08
2.19409e-07
5.7156e-08
2.201e-07
5.3348e-08
2.20056e-07
4.9354e-08
2.19695e-07
4.5446e-08
2.18895e-07
4.15349e-08
2.17655e-07
3.77566e-08
2.16193e-07
3.39697e-08
2.14672e-07
3.01704e-08
2.13203e-07
2.6302e-08
2.11873e-07
2.23716e-08
2.10773e-07
1.83838e-08
2.09953e-07
1.4368e-08
2.09481e-07
1.03132e-08
2.09383e-07
6.25034e-09
2.09639e-07
2.23683e-09
2.10192e-07
-1.83758e-09
2.10893e-07
-5.92065e-09
2.11652e-07
-9.84882e-09
2.12338e-07
-1.36548e-08
2.12828e-07
-1.7321e-08
2.13019e-07
-2.07968e-08
2.12846e-07
-2.39992e-08
2.12263e-07
-2.68332e-08
2.11276e-07
-2.92188e-08
2.09925e-07
-3.10722e-08
2.08264e-07
-3.23428e-08
2.06385e-07
-3.30104e-08
2.04407e-07
-3.30613e-08
2.02408e-07
-3.25151e-08
2.00462e-07
-3.14645e-08
1.98674e-07
-2.99699e-08
1.97103e-07
-2.81107e-08
1.95797e-07
-2.60217e-08
1.94767e-07
-2.38237e-08
1.94002e-07
-2.16537e-08
1.93466e-07
-1.96433e-08
1.93093e-07
-1.79052e-08
1.92806e-07
-1.65244e-08
1.92422e-07
-1.55117e-08
-1.51645e-08
1.88631e-07
6.99569e-09
1.8833e-07
1.06935e-08
1.87499e-07
1.39363e-08
1.86933e-07
1.69418e-08
1.86302e-07
2.00149e-08
1.85732e-07
2.36897e-08
1.85307e-07
2.78178e-08
1.84898e-07
3.16504e-08
1.84762e-07
3.58365e-08
1.84764e-07
3.96288e-08
1.85351e-07
4.38549e-08
1.86247e-07
4.75402e-08
1.88044e-07
5.1453e-08
1.90244e-07
5.46745e-08
1.93393e-07
5.76266e-08
1.97026e-07
5.98009e-08
2.01256e-07
6.09828e-08
2.05581e-07
6.10527e-08
2.09395e-07
5.99506e-08
2.12369e-07
5.76668e-08
2.14952e-07
5.45728e-08
2.16982e-07
5.13179e-08
2.18264e-07
4.80716e-08
2.18963e-07
4.47473e-08
2.19251e-07
4.12474e-08
2.19382e-07
3.76252e-08
2.19457e-07
3.38949e-08
2.19532e-07
3.00951e-08
2.19595e-07
2.62388e-08
2.19712e-07
2.22551e-08
2.19883e-07
1.82128e-08
2.20188e-07
1.40632e-08
2.20566e-07
9.93429e-09
2.21066e-07
5.75105e-09
2.21794e-07
1.50876e-09
2.22494e-07
-2.53819e-09
2.23026e-07
-6.45213e-09
2.23382e-07
-1.02053e-08
2.23506e-07
-1.37781e-08
2.23343e-07
-1.71588e-08
2.22853e-07
-2.0306e-08
2.22014e-07
-2.31603e-08
2.20824e-07
-2.56433e-08
2.19305e-07
-2.77002e-08
2.17502e-07
-2.92689e-08
2.15483e-07
-3.03235e-08
2.13316e-07
-3.08439e-08
2.11099e-07
-3.08444e-08
2.08919e-07
-3.03347e-08
2.06845e-07
-2.9391e-08
2.04939e-07
-2.80638e-08
2.0326e-07
-2.64318e-08
2.01822e-07
-2.45838e-08
2.0063e-07
-2.26318e-08
1.9966e-07
-2.06835e-08
1.98866e-07
-1.88495e-08
1.98234e-07
-1.72727e-08
1.97746e-07
-1.60368e-08
1.97153e-07
-1.4919e-08
-1.41643e-08
1.91219e-07
6.87438e-09
1.90927e-07
1.09861e-08
1.90138e-07
1.4725e-08
1.89633e-07
1.74465e-08
1.89087e-07
2.05607e-08
1.88628e-07
2.41485e-08
1.88327e-07
2.81188e-08
1.88021e-07
3.19571e-08
1.87919e-07
3.5938e-08
1.87913e-07
3.96345e-08
1.88361e-07
4.34069e-08
1.89046e-07
4.68559e-08
1.90351e-07
5.01479e-08
1.92014e-07
5.30118e-08
1.94256e-07
5.5384e-08
1.96992e-07
5.70647e-08
2.00007e-07
5.79683e-08
2.03075e-07
5.79848e-08
2.05987e-07
5.70384e-08
2.08468e-07
5.51853e-08
2.10473e-07
5.25684e-08
2.1219e-07
4.96004e-08
2.13833e-07
4.64292e-08
2.15351e-07
4.32292e-08
2.16579e-07
4.00194e-08
2.17562e-07
3.66415e-08
2.18313e-07
3.31443e-08
2.18918e-07
2.94904e-08
2.19489e-07
2.56672e-08
2.20029e-07
2.17151e-08
2.20625e-07
1.76175e-08
2.2141e-07
1.32774e-08
2.22407e-07
8.93822e-09
2.23201e-07
4.9564e-09
2.24416e-07
2.93587e-10
2.25362e-07
-3.4834e-09
2.26065e-07
-7.1557e-09
2.26458e-07
-1.05981e-08
2.26517e-07
-1.38376e-08
2.2624e-07
-1.68818e-08
2.25613e-07
-1.96785e-08
2.24634e-07
-2.21809e-08
2.23316e-07
-2.43261e-08
2.21698e-07
-2.60819e-08
2.19827e-07
-2.73978e-08
2.17767e-07
-2.82636e-08
2.1558e-07
-2.86573e-08
2.13343e-07
-2.86067e-08
2.11124e-07
-2.81164e-08
2.08986e-07
-2.72522e-08
2.06975e-07
-2.60532e-08
2.05143e-07
-2.46003e-08
2.03516e-07
-2.29564e-08
2.02108e-07
-2.12238e-08
2.00899e-07
-1.94741e-08
1.99844e-07
-1.77954e-08
1.98852e-07
-1.62803e-08
1.97809e-07
-1.4994e-08
1.97219e-07
-1.4329e-08
-1.42346e-08
1.93873e-07
6.4354e-09
1.9338e-07
1.14785e-08
1.92991e-07
1.51139e-08
1.92411e-07
1.80269e-08
1.91867e-07
2.11045e-08
1.91489e-07
2.45265e-08
1.91237e-07
2.83706e-08
1.90957e-07
3.22374e-08
1.90789e-07
3.61064e-08
1.90703e-07
3.97206e-08
1.90907e-07
4.32029e-08
1.91367e-07
4.63959e-08
1.92188e-07
4.93268e-08
1.93341e-07
5.1859e-08
1.94887e-07
5.38373e-08
1.96719e-07
5.52326e-08
1.98822e-07
5.58658e-08
2.0106e-07
5.57463e-08
2.03229e-07
5.48703e-08
2.052e-07
5.32137e-08
2.06872e-07
5.08966e-08
2.08322e-07
4.81505e-08
2.09572e-07
4.51792e-08
2.10762e-07
4.20394e-08
2.11959e-07
3.88219e-08
2.13096e-07
3.55045e-08
2.14215e-07
3.20251e-08
2.1529e-07
2.8416e-08
2.16316e-07
2.46413e-08
2.17332e-07
2.06985e-08
2.18204e-07
1.67454e-08
2.18916e-07
1.25661e-08
2.20194e-07
7.65963e-09
2.22112e-07
3.03893e-09
2.2288e-07
-4.74791e-10
2.24217e-07
-4.81991e-09
2.2517e-07
-8.10947e-09
2.25667e-07
-1.10947e-08
2.25755e-07
-1.39259e-08
2.25474e-07
-1.6601e-08
2.24829e-07
-1.90329e-08
2.23861e-07
-2.12136e-08
2.22596e-07
-2.30606e-08
2.21102e-07
-2.45876e-08
2.194e-07
-2.56964e-08
2.17573e-07
-2.64366e-08
2.15636e-07
-2.67196e-08
2.1368e-07
-2.6651e-08
2.11712e-07
-2.61481e-08
2.09822e-07
-2.53623e-08
2.07994e-07
-2.42257e-08
2.06304e-07
-2.291e-08
2.04714e-07
-2.13667e-08
2.03262e-07
-1.97718e-08
2.01885e-07
-1.80971e-08
2.0057e-07
-1.64796e-08
1.99131e-07
-1.48413e-08
1.97643e-07
-1.35059e-08
1.95394e-07
-1.20802e-08
-1.08121e-08
1.98248e-07
4.09913e-09
1.97637e-07
1.20898e-08
1.96278e-07
1.64729e-08
1.95275e-07
1.90297e-08
1.94739e-07
2.16409e-08
1.9442e-07
2.48452e-08
1.94168e-07
2.86224e-08
1.93846e-07
3.25595e-08
1.93547e-07
3.64059e-08
1.93297e-07
3.99708e-08
1.93222e-07
4.32772e-08
1.93322e-07
4.62962e-08
1.93668e-07
4.8981e-08
1.94268e-07
5.12585e-08
1.95124e-07
5.29819e-08
1.96221e-07
5.41354e-08
1.9752e-07
5.45667e-08
1.98992e-07
5.42742e-08
2.00526e-07
5.33361e-08
2.02025e-07
5.17148e-08
2.034e-07
4.95221e-08
2.04639e-07
4.69114e-08
2.05782e-07
4.40358e-08
2.06848e-07
4.09734e-08
2.0783e-07
3.784e-08
2.08774e-07
3.45604e-08
2.09655e-07
3.11445e-08
2.10491e-07
2.75795e-08
2.11341e-07
2.37915e-08
2.12264e-07
1.9775e-08
2.13498e-07
1.55115e-08
2.14398e-07
1.16668e-08
2.14436e-07
7.62148e-09
2.15461e-07
2.0136e-09
2.17325e-07
-2.33857e-09
2.17976e-07
-5.47106e-09
2.18412e-07
-8.54508e-09
2.1878e-07
-1.14626e-08
2.19005e-07
-1.41517e-08
2.19006e-07
-1.66018e-08
2.18749e-07
-1.87757e-08
2.18215e-07
-2.06801e-08
2.1741e-07
-2.22552e-08
2.16334e-07
-2.3512e-08
2.15023e-07
-2.43847e-08
2.13507e-07
-2.49214e-08
2.11851e-07
-2.50638e-08
2.10103e-07
-2.49028e-08
2.08334e-07
-2.43792e-08
2.06594e-07
-2.36219e-08
2.04939e-07
-2.25703e-08
2.03409e-07
-2.13808e-08
2.02024e-07
-1.99818e-08
2.00815e-07
-1.85626e-08
1.9973e-07
-1.70123e-08
1.98827e-07
-1.55766e-08
1.98116e-07
-1.41297e-08
1.97698e-07
-1.30875e-08
1.97793e-07
-1.2176e-08
-1.20973e-08
1.99194e-07
1.99035e-07
1.98287e-07
1.97609e-07
1.97262e-07
1.9704e-07
1.96791e-07
1.96483e-07
1.96171e-07
1.95877e-07
1.95639e-07
1.95467e-07
1.95391e-07
1.95427e-07
1.95609e-07
1.95934e-07
1.9646e-07
1.9708e-07
1.97814e-07
1.98635e-07
1.99478e-07
2.00318e-07
2.01133e-07
2.01918e-07
2.027e-07
2.03468e-07
2.04206e-07
2.04905e-07
2.05538e-07
2.06037e-07
2.06537e-07
2.07897e-07
2.1114e-07
2.1614e-07
2.19042e-07
2.21307e-07
2.22887e-07
2.23748e-07
2.23934e-07
2.23503e-07
2.22541e-07
2.21103e-07
2.19274e-07
2.17109e-07
2.1471e-07
2.1213e-07
2.09481e-07
2.06798e-07
2.04196e-07
2.01684e-07
1.99361e-07
1.972e-07
1.95263e-07
1.93451e-07
1.91757e-07
1.89925e-07
1.87718e-07
1.84392e-07
1.79025e-07
)
;

boundaryField
{
    upstream
    {
        type            calculated;
        value           nonuniform List<scalar> 
30
(
-1.98677e-07
-1.95904e-07
-1.93422e-07
-1.91083e-07
-1.88707e-07
-1.86376e-07
-1.84146e-07
-1.82062e-07
-1.80136e-07
-1.78395e-07
-1.76865e-07
-1.75585e-07
-1.74592e-07
-1.73915e-07
-1.73572e-07
-1.73574e-07
-1.73921e-07
-1.74603e-07
-1.75599e-07
-1.76882e-07
-1.78414e-07
-1.80157e-07
-1.82084e-07
-1.84167e-07
-1.86396e-07
-1.88724e-07
-1.91098e-07
-1.93434e-07
-1.95912e-07
-1.9868e-07
)
;
    }
    downstream
    {
        type            calculated;
        value           nonuniform List<scalar> 
30
(
1.52068e-07
1.96811e-07
1.93686e-07
1.9885e-07
2.01286e-07
2.0126e-07
1.97755e-07
1.89503e-07
1.72947e-07
1.49844e-07
1.22117e-07
9.20092e-08
6.14673e-08
3.23891e-08
9.74171e-09
4.073e-10
1.48269e-09
1.07881e-08
3.17424e-08
6.29981e-08
9.67537e-08
1.29955e-07
1.59384e-07
1.80856e-07
1.91951e-07
1.96153e-07
1.9729e-07
1.91971e-07
1.99079e-07
1.69981e-07
)
;
    }
    upANDdown
    {
        type            calculated;
        value           nonuniform List<scalar> 
120
(
3.59232e-09
1.22745e-08
1.72545e-08
1.97488e-08
2.20363e-08
2.51281e-08
2.89484e-08
3.29629e-08
3.68351e-08
4.04032e-08
4.36814e-08
4.66637e-08
4.92886e-08
5.14898e-08
5.31161e-08
5.41677e-08
5.44626e-08
5.41244e-08
5.31531e-08
5.15254e-08
4.93981e-08
4.69121e-08
4.41712e-08
4.1333e-08
3.8356e-08
3.53929e-08
3.22572e-08
2.92274e-08
2.59219e-08
2.29411e-08
1.95047e-08
1.67505e-08
1.33482e-08
1.1276e-08
-7.93035e-11
-1.18725e-09
-3.10531e-09
-5.04496e-09
-6.77061e-09
-8.31377e-09
-9.77564e-09
-1.12101e-08
-1.26291e-08
-1.4034e-08
-1.54195e-08
-1.67807e-08
-1.81028e-08
-1.93784e-08
-2.04888e-08
-2.15364e-08
-2.24234e-08
-2.29787e-08
-2.32572e-08
-2.31716e-08
-2.25901e-08
-2.14402e-08
-1.94776e-08
-1.65622e-08
-1.19383e-08
-5.95328e-09
3.58474e-09
1.22497e-08
1.722e-08
1.97083e-08
2.19877e-08
2.50672e-08
2.8871e-08
3.28676e-08
3.67183e-08
4.02647e-08
4.35146e-08
4.64692e-08
4.90561e-08
5.12229e-08
5.27997e-08
5.38103e-08
5.40408e-08
5.36548e-08
5.26015e-08
5.08941e-08
4.86795e-08
4.60714e-08
4.32208e-08
4.01884e-08
3.70573e-08
3.37931e-08
3.04064e-08
2.68807e-08
2.31577e-08
1.92769e-08
1.50116e-08
1.03065e-08
4.37805e-09
-2.98606e-09
-5.24069e-09
-7.7361e-09
-1.01247e-08
-1.23238e-08
-1.43375e-08
-1.61714e-08
-1.78137e-08
-1.92416e-08
-2.04268e-08
-2.13468e-08
-2.19859e-08
-2.23409e-08
-2.24144e-08
-2.22207e-08
-2.17767e-08
-2.11106e-08
-2.02471e-08
-1.92194e-08
-1.80451e-08
-1.67501e-08
-1.53187e-08
-1.3745e-08
-1.19224e-08
-9.76126e-09
-6.80935e-09
-3.05264e-09
)
;
    }
    frontAndBack
    {
        type            empty;
        value           nonuniform 0();
    }
    cylinder
    {
        type            calculated;
        value           uniform 0;
    }
}


// ************************************************************************* //
