/*--------------------------------*- C++ -*----------------------------------*\
| =========                 |                                                 |
| \\      /  F ield         | OpenFOAM: The Open Source CFD Toolbox           |
|  \\    /   O peration     | Version:  2.3.0                                 |
|   \\  /    A nd           | Web:      www.OpenFOAM.org                      |
|    \\/     M anipulation  |                                                 |
\*---------------------------------------------------------------------------*/
FoamFile
{
    version     2.0;
    format      ascii;
    class       surfaceScalarField;
    location    "2.6";
    object      phi;
}
// * * * * * * * * * * * * * * * * * * * * * * * * * * * * * * * * * * * * * //

dimensions      [0 3 -1 0 0 0 0];

internalField   nonuniform List<scalar> 
4432
(
5.00234e-06
-5.00234e-06
5.51383e-06
-5.11483e-07
6.26663e-06
-7.52796e-07
8.10816e-06
-1.84154e-06
8.55421e-06
-4.4605e-07
5.16489e-06
3.38932e-06
-6.21516e-07
5.7864e-06
-2.65366e-06
2.03215e-06
7.89962e-07
-3.44362e-06
5.75288e-06
-4.96291e-06
9.98381e-06
-4.23093e-06
1.27191e-05
-2.73527e-06
1.35325e-05
-8.13416e-07
1.20833e-05
1.44925e-06
9.00596e-06
3.0773e-06
6.61827e-06
2.3877e-06
6.48235e-06
1.35924e-07
7.05932e-06
-5.76966e-07
6.09721e-06
9.62112e-07
2.84133e-06
3.25588e-06
-1.29255e-06
4.13388e-06
-2.97571e-06
1.68315e-06
-2.97571e-06
2.27398e-06
-7.27631e-06
9.90942e-07
7.71561e-07
-5.25621e-07
7.6376e-07
-5.44064e-07
-1.8231e-06
-1.44974e-06
4.59622e-07
-3.36174e-06
5.30132e-06
-3.79565e-06
6.22032e-06
-5.41384e-07
-1.22211e-06
4.93343e-06
-8.91845e-06
9.81633e-06
-9.8458e-06
1.28932e-05
-7.30777e-06
1.38874e-05
-3.72945e-06
1.30149e-05
5.90609e-08
1.12232e-05
3.24091e-06
9.44391e-06
4.85663e-06
8.91875e-06
2.91285e-06
9.66696e-06
-6.12298e-07
9.98793e-06
-8.97946e-07
8.53839e-06
2.41165e-06
5.1594e-06
6.63487e-06
9.89943e-07
8.30333e-06
-9.41703e-07
3.6148e-06
-3.91741e-06
4.28625e-08
-7.31917e-06
-2.37013e-06
3.18456e-06
-3.91987e-06
2.31349e-06
-4.54051e-06
-1.20246e-06
-5.38714e-06
1.30626e-06
-4.74311e-06
4.65729e-06
-1.03707e-06
2.51426e-06
4.30365e-06
-6.56283e-06
1.01999e-05
-1.48147e-05
1.55255e-05
-1.51714e-05
1.7554e-05
-9.33629e-06
1.73336e-05
-3.50903e-06
1.59175e-05
1.47514e-06
1.3661e-05
5.49747e-06
1.2569e-05
5.94856e-06
1.30407e-05
2.44108e-06
1.41608e-05
-1.73235e-06
1.4433e-05
-1.17017e-06
1.26937e-05
4.15096e-06
9.24052e-06
1.00881e-05
5.40515e-06
1.21387e-05
2.12931e-06
6.89064e-06
-1.78811e-06
-2.16226e-07
-7.10295e-06
-2.26634e-06
5.23467e-06
-3.68973e-06
3.73688e-06
-3.10253e-06
-1.78965e-06
-2.59668e-06
8.00409e-07
-4.91717e-07
2.55233e-06
3.36172e-06
-1.33919e-06
8.3837e-06
-1.15848e-05
1.46992e-05
-2.11301e-05
1.94045e-05
-1.98767e-05
2.05658e-05
-1.04977e-05
1.96652e-05
-2.60846e-06
1.83104e-05
2.82997e-06
1.69235e-05
6.88436e-06
1.63398e-05
6.53228e-06
1.67237e-05
2.05722e-06
1.74785e-05
-2.48721e-06
1.75846e-05
-1.2762e-06
1.63217e-05
5.41381e-06
1.35948e-05
1.2815e-05
9.848e-06
1.58855e-05
5.13374e-06
1.16049e-05
3.34563e-06
2.3269e-07
-7.33563e-06
2.32178e-07
5.23519e-06
-5.6025e-07
4.52932e-06
6.72862e-07
-3.02275e-06
2.21898e-06
-7.45718e-07
4.68967e-06
8.16424e-08
7.9475e-06
-4.59703e-06
1.24425e-05
-1.60798e-05
1.76196e-05
-2.63073e-05
2.05456e-05
-2.28027e-05
2.07981e-05
-1.07502e-05
1.96697e-05
-1.48009e-06
1.85182e-05
3.98146e-06
1.81377e-05
7.26487e-06
1.83216e-05
6.34842e-06
1.88033e-05
1.57552e-06
1.933e-05
-3.01397e-06
1.90489e-05
-9.95072e-07
1.80149e-05
6.4478e-06
1.62713e-05
1.45586e-05
1.31045e-05
1.90523e-05
7.6128e-06
1.70966e-05
1.09584e-05
6.37795e-07
-7.97342e-06
2.86469e-06
3.0083e-06
3.89471e-06
3.4993e-06
4.8242e-06
-3.95223e-06
6.72517e-06
-2.64669e-06
9.0306e-06
-2.2238e-06
1.22911e-05
-7.8575e-06
1.68187e-05
-2.06074e-05
1.95998e-05
-2.90884e-05
1.96375e-05
-2.28404e-05
1.84221e-05
-9.53476e-06
1.71257e-05
-1.8369e-07
1.62559e-05
4.85127e-06
1.64677e-05
7.05299e-06
1.74017e-05
5.41448e-06
1.85358e-05
4.41464e-07
1.9158e-05
-3.63626e-06
1.86365e-05
-4.73515e-07
1.7806e-05
7.27832e-06
1.70061e-05
1.53585e-05
1.48488e-05
2.12095e-05
9.42603e-06
2.25194e-05
2.03845e-05
-4.85467e-08
-7.92487e-06
3.77002e-06
-8.10263e-07
7.74502e-06
-4.75704e-07
8.97694e-06
-5.18415e-06
1.04647e-05
-4.13449e-06
1.28623e-05
-4.62134e-06
1.68111e-05
-1.18063e-05
2.04833e-05
-2.42796e-05
2.03608e-05
-2.89659e-05
1.74481e-05
-1.99277e-05
1.46813e-05
-6.76801e-06
1.30494e-05
1.44823e-06
1.22921e-05
5.60858e-06
1.27402e-05
6.60494e-06
1.43562e-05
3.79845e-06
1.58176e-05
-1.01998e-06
1.58202e-05
-3.63879e-06
1.49184e-05
4.28231e-07
1.47235e-05
7.47329e-06
1.52067e-05
1.48752e-05
1.45241e-05
2.18921e-05
1.03984e-05
2.66451e-05
3.07829e-05
-1.36115e-06
-6.56372e-06
2.39533e-06
-4.56675e-06
8.15421e-06
-6.23459e-06
1.20342e-05
-9.06417e-06
1.5007e-05
-7.10721e-06
1.78003e-05
-7.41464e-06
2.12773e-05
-1.52834e-05
2.25744e-05
-2.55767e-05
1.92302e-05
-2.56216e-05
1.38629e-05
-1.45604e-05
9.88062e-06
-2.78572e-06
7.6509e-06
3.67794e-06
7.0855e-06
6.17397e-06
8.10742e-06
5.58302e-06
9.90816e-06
1.9977e-06
1.01616e-05
-1.27337e-06
8.49548e-06
-1.97272e-06
7.16977e-06
1.75394e-06
7.75731e-06
6.88574e-06
9.6648e-06
1.29677e-05
1.10613e-05
2.04957e-05
9.46422e-06
2.82421e-05
4.02471e-05
7.33921e-06
-7.33921e-06
7.32339e-06
1.58151e-08
-1.00114e-06
8.32453e-06
-1.27566e-05
1.17554e-05
-1.64742e-05
3.71762e-06
-7.99443e-06
-8.47976e-06
6.38013e-07
-8.63245e-06
6.69554e-06
-6.05753e-06
1.18543e-05
-5.15872e-06
1.8578e-05
-6.72378e-06
2.46227e-05
-6.04463e-06
2.50521e-05
-4.29435e-07
1.7206e-05
7.84608e-06
5.53417e-06
1.16719e-05
-2.57905e-06
8.11322e-06
-6.77097e-06
4.19192e-06
-1.04838e-05
3.71289e-06
-8.94802e-06
-1.53584e-06
-8.94802e-06
5.02808e-06
-1.23673e-05
5.73595e-06
-6.92058e-07
-3.55844e-06
1.76189e-05
-1.22314e-05
2.04284e-05
-8.57803e-06
6.42779e-08
9.03107e-07
-1.79609e-05
6.99041e-06
-1.47198e-05
1.00764e-05
-9.14347e-06
1.26118e-05
-7.69421e-06
1.7321e-05
-1.14329e-05
2.22451e-05
-1.09688e-05
2.52619e-05
-3.44627e-06
2.55299e-05
7.57808e-06
1.9694e-05
1.75078e-05
9.27753e-06
1.85297e-05
-7.86311e-07
1.42557e-05
-6.70273e-06
9.62931e-06
-5.56414e-06
-2.67442e-06
-1.45122e-05
1.66873e-06
-1.4036e-05
2.53155e-06
-1.55488e-06
-3.65812e-06
2.38086e-05
-5.20693e-06
2.19772e-05
2.57978e-06
-7.72243e-06
8.59679e-06
-2.39779e-05
1.1853e-05
-1.7976e-05
1.16005e-05
-8.89096e-06
1.08919e-05
-6.98558e-06
1.31825e-05
-1.37236e-05
1.72364e-05
-1.50226e-05
1.93556e-05
-5.56546e-06
2.15006e-05
5.43302e-06
2.17348e-05
1.72736e-05
1.62385e-05
2.4026e-05
7.81027e-06
2.2684e-05
5.06199e-07
1.69334e-05
-2.60403e-07
-1.90782e-06
-1.47726e-05
-1.29049e-06
-1.27455e-05
-5.98493e-07
-2.24687e-06
-2.74556e-06
2.59556e-05
1.23583e-06
1.79958e-05
9.69747e-06
-1.61841e-05
1.29604e-05
-2.72409e-05
1.25349e-05
-1.75504e-05
9.84186e-06
-6.19792e-06
7.14317e-06
-4.28689e-06
7.34795e-06
-1.39283e-05
1.05124e-05
-1.81871e-05
1.23007e-05
-7.35376e-06
1.44349e-05
3.29882e-06
1.69425e-05
1.4766e-05
1.61189e-05
2.48496e-05
1.09933e-05
2.78096e-05
5.68891e-06
2.22378e-05
2.60964e-06
1.17144e-06
-1.21629e-05
-2.8117e-06
-9.93382e-06
-1.83343e-06
-3.22514e-06
3.96539e-07
2.37257e-05
8.17841e-06
1.0214e-05
1.35494e-05
-2.1555e-05
1.29964e-05
-2.66879e-05
9.72237e-06
-1.42764e-05
6.52728e-06
-3.00282e-06
3.68378e-06
-1.4434e-06
1.60818e-06
-1.18527e-05
2.9314e-06
-1.95103e-05
5.17785e-06
-9.6002e-06
7.32505e-06
1.15163e-06
1.0197e-05
1.18941e-05
1.19491e-05
2.30975e-05
9.65262e-06
3.0106e-05
6.47728e-06
2.54131e-05
3.70133e-06
3.9474e-06
-8.4616e-06
-1.59441e-06
-8.33942e-06
-7.86638e-07
-4.0329e-06
6.99383e-06
1.59452e-05
1.57443e-05
1.46351e-06
1.55675e-05
-2.13783e-05
1.00075e-05
-2.11279e-05
5.54506e-06
-9.81392e-06
4.07353e-06
-1.53129e-06
2.06814e-06
5.61978e-07
-2.38644e-06
-7.39812e-06
-4.32753e-06
-1.75692e-05
-2.20542e-06
-1.17223e-05
2.60072e-07
-1.31387e-06
3.3822e-06
8.77194e-06
6.07715e-06
2.04026e-05
5.22583e-06
3.09573e-05
4.54946e-06
2.60895e-05
3.55633e-06
4.94052e-06
-4.90527e-06
2.52892e-06
-1.08683e-05
3.30283e-06
-4.80681e-06
1.20393e-05
7.20876e-06
1.88558e-05
-5.353e-06
1.45537e-05
-1.70763e-05
6.01785e-06
-1.2592e-05
2.40319e-06
-6.19926e-06
3.37267e-06
-2.50076e-06
2.12101e-06
1.81364e-06
-3.97227e-06
-1.30484e-06
-9.91561e-06
-1.16259e-05
-9.54039e-06
-1.20975e-05
-6.66493e-06
-4.18932e-06
-3.54973e-06
5.65675e-06
-9.19681e-07
1.77725e-05
-2.19013e-07
3.02567e-05
2.36357e-06
2.35069e-05
3.57414e-06
3.72996e-06
-1.33114e-06
7.93634e-06
-1.88047e-05
1.09945e-05
-7.86492e-06
1.78429e-05
3.60262e-07
2.02238e-05
-7.7339e-06
1.36834e-05
-1.05358e-05
4.63987e-06
-3.54849e-06
7.63388e-07
-2.32279e-06
1.95906e-06
-3.69644e-06
2.19479e-06
1.57789e-06
-3.91206e-06
4.80202e-06
-1.25911e-05
-2.94685e-06
-1.47032e-05
-9.98538e-06
-1.30668e-05
-5.8258e-06
-1.05348e-05
3.12474e-06
-8.12803e-06
1.53658e-05
-4.07423e-06
2.62029e-05
2.4784e-06
1.69542e-05
3.98079e-06
2.22757e-06
2.64965e-06
2.54989e-06
-9.11361e-06
1.14429e-05
-1.34598e-05
2.27424e-05
-1.75341e-05
3.28747e-05
-1.91964e-05
4.17578e-05
-1.59903e-05
4.80618e-05
-1.37187e-05
5.0469e-05
-1.76906e-05
4.52242e-05
-2.03319e-05
3.09237e-05
-1.13211e-05
1.41808e-05
2.18256e-06
2.25991e-06
9.13513e-06
-4.50845e-06
1.04463e-05
-6.99404e-06
8.65956e-06
-6.2348e-06
4.82378e-06
-5.16061e-06
9.23522e-07
-6.47664e-06
4.26542e-08
-1.01493e-05
1.69992e-06
-1.24776e-05
4.08225e-06
-1.21199e-05
6.52803e-06
-7.01516e-06
7.86303e-06
3.29809e-06
1.01824e-05
1.62585e-05
1.52817e-05
1.80424e-05
3.84632e-05
1.75079e-05
-2.66215e-05
3.2407e-05
-2.83588e-05
3.9513e-05
-2.46401e-05
4.12261e-05
-2.09095e-05
4.22752e-05
-1.70394e-05
4.3517e-05
-1.49605e-05
3.98353e-05
-1.40088e-05
2.79012e-05
-8.39784e-06
1.18167e-05
4.76338e-06
-5.25359e-06
1.92528e-05
-2.12907e-05
2.51722e-05
-3.36349e-05
2.27905e-05
-3.92733e-05
1.4298e-05
-4.04043e-05
5.95473e-06
-4.12601e-05
1.77935e-06
-4.28724e-05
1.65489e-06
-4.53143e-05
4.14187e-06
-4.69326e-05
5.70053e-06
-4.68647e-05
6.4601e-06
-4e-05
9.98404e-07
-2.64412e-05
-3.3764e-06
-8.67663e-06
-2.48287e-06
-2.49011e-06
1.18559e-05
2.20401e-05
-4.86615e-05
3.54715e-05
-4.17902e-05
3.66862e-05
-2.58549e-05
3.04738e-05
-1.46971e-05
2.34293e-05
-9.99485e-06
1.69165e-05
-8.44779e-06
7.1755e-06
-4.26778e-06
-5.64917e-06
4.42684e-06
-1.42765e-05
1.33907e-05
-2.36562e-05
2.86325e-05
-3.62379e-05
3.7754e-05
-5.24313e-05
3.89838e-05
-5.29995e-05
1.48662e-05
-4.11887e-05
-5.85603e-06
-2.88469e-05
-1.05625e-05
-1.76698e-05
-9.52221e-06
-1.51988e-05
1.67091e-06
-2.77066e-05
1.82083e-05
-5.20435e-05
3.0797e-05
-6.08811e-05
9.83598e-06
-4.50584e-05
-1.91991e-05
-1.68563e-05
-3.0685e-05
-3.10475e-05
1.17011e-05
1.29145e-05
-6.1576e-05
1.38376e-05
-4.27133e-05
1.0041e-05
-2.20583e-05
-2.20368e-07
-4.43575e-06
-1.13135e-05
1.09823e-06
-1.52899e-05
-4.47143e-06
-1.0247e-05
-9.31065e-06
-5.91081e-06
9.0643e-08
-4.454e-07
7.92532e-06
1.88115e-05
9.37552e-06
6.89295e-05
-1.2364e-05
6.25612e-05
4.53522e-05
2.82513e-05
4.91761e-05
5.76356e-06
1.66318e-05
-8.7746e-06
3.97563e-06
-2.02716e-05
1.97459e-06
-2.87464e-05
1.01456e-05
-7.51137e-05
6.45756e-05
-0.000108041
6.37241e-05
-8.82918e-05
-9.91314e-06
-6.28282e-05
-4.46627e-05
-5.64051e-05
-3.71081e-05
-3.6829e-05
-5.06237e-05
1.66602e-06
-6.3242e-05
1.62711e-06
-4.26744e-05
1.37814e-05
-3.42126e-05
3.04825e-05
-2.11368e-05
3.20991e-05
-5.18251e-07
3.02589e-05
-2.63129e-06
1.66869e-05
4.26144e-06
2.05123e-05
-3.73475e-06
5.33784e-05
-2.49407e-05
9.52835e-05
-3.25296e-05
6.05583e-05
2.2361e-05
1.04833e-05
9.54269e-05
-1.02619e-05
6.99212e-05
-2.46646e-05
3.10343e-05
-4.39575e-05
2.32685e-05
-7.2634e-05
3.06511e-05
-0.000121634
5.91452e-05
-0.000130779
7.3721e-05
-8.69746e-05
1.99195e-05
-4.41209e-05
-5.27667e-05
-1.81581e-05
-7.06256e-05
-5.458e-06
-4.98083e-05
-4.58273e-05
3.54074e-06
6.08356e-06
-6.93256e-05
3.85211e-05
-7.51119e-05
9.70685e-05
-9.276e-05
0.000182599
-0.000106668
0.000207822
-2.57414e-05
0.000215923
-1.07325e-05
0.000208786
1.13989e-05
0.000166978
3.80727e-05
0.000112257
2.97799e-05
3.50765e-05
4.46511e-05
-4.93529e-05
0.00010679
-7.04793e-05
0.000116553
-7.736e-05
7.68019e-05
-9.5676e-05
4.93502e-05
-0.000107801
3.53933e-05
-0.000117482
4.03325e-05
-0.000113057
5.47196e-05
-8.20872e-05
4.27514e-05
-4.99584e-05
-1.22092e-05
-2.07988e-05
-8.19263e-05
-1.2638e-06
-9.01605e-05
2.27091e-05
-7.37814e-05
-6.80663e-05
4.4948e-05
1.82822e-05
-8.76078e-05
6.25051e-05
-0.000119335
9.48531e-05
-0.000125108
6.92693e-05
-8.10841e-05
7.68077e-05
-3.32792e-05
7.65745e-05
-1.04995e-05
7.4073e-05
1.39004e-05
5.58024e-05
5.63438e-05
3.09496e-06
8.2487e-05
-5.78627e-05
0.000105608
-8.75251e-05
0.000136453
-9.13733e-05
0.000120402
-0.000100249
8.56776e-05
-0.000113335
6.24363e-05
-0.000116125
3.8183e-05
-0.000107028
3.12355e-05
-8.30055e-05
3.06973e-05
-5.0422e-05
1.01681e-05
-2.42867e-05
-3.83444e-05
-1.0704e-05
-9.55088e-05
1.01432e-05
-0.000111008
4.37817e-05
-0.00010742
-9.54592e-05
7.11743e-05
3.50132e-05
-0.000122621
3.02248e-05
-0.000114547
1.32455e-05
-0.000108128
-1.03638e-05
-5.74745e-05
-9.26096e-06
-3.43824e-05
-7.90983e-06
-1.18511e-05
-1.68385e-05
2.2829e-05
-3.88009e-05
7.83062e-05
-6.84859e-05
0.000112172
-9.36792e-05
0.000130801
-9.56794e-05
0.000138453
-9.73416e-05
0.000122064
-0.000109821
9.81571e-05
-0.000121669
7.42842e-05
-0.000130839
4.73533e-05
-0.000127784
2.81803e-05
-0.0001073
1.02129e-05
-7.63309e-05
-2.08005e-05
-4.55913e-05
-6.9084e-05
-1.89085e-05
-0.000122192
1.59705e-05
-0.000145886
5.27645e-05
-0.000144214
-0.000126425
8.37299e-05
-8.97786e-06
-0.000113643
-3.22041e-05
-9.13209e-05
-5.31987e-05
-8.71341e-05
-5.96754e-05
-5.09975e-05
-5.38433e-05
-4.02145e-05
-5.43992e-05
-1.1295e-05
-6.77786e-05
3.62079e-05
-8.02614e-05
9.0789e-05
-8.79862e-05
0.000119897
-9.06051e-05
0.000133421
-8.93219e-05
0.00013717
-9.49258e-05
0.000127668
-0.000106182
0.000109413
-0.000116056
8.4159e-05
-0.000122347
5.36441e-05
-0.000116484
2.23173e-05
-9.67995e-05
-9.4714e-06
-6.73581e-05
-5.02416e-05
-3.46741e-05
-0.000101768
-3.38781e-06
-0.000153478
2.97711e-05
-0.000179045
6.44631e-05
-0.000178905
-0.000157341
9.53797e-05
-4.3625e-05
-7.00173e-05
-5.93714e-05
-7.55743e-05
-6.74016e-05
-7.91043e-05
-6.11895e-05
-5.72097e-05
-6.10146e-05
-4.03894e-05
-6.16653e-05
-1.06446e-05
-6.59039e-05
4.04462e-05
-6.70959e-05
9.19811e-05
-6.51349e-05
0.000117936
-6.15628e-05
0.000129849
-6.03449e-05
0.000135952
-6.3662e-05
0.000130985
-6.78298e-05
0.00011358
-7.02342e-05
8.65635e-05
-6.98703e-05
5.32803e-05
-6.34886e-05
1.59357e-05
-4.82365e-05
-2.47233e-05
-2.54276e-05
-7.30503e-05
8.52956e-07
-0.000128048
2.6407e-05
-0.000179032
5.44699e-05
-0.000207108
8.36893e-05
-0.000208125
-0.0001829
0.000109248
-1.61589e-05
-5.38588e-05
-2.80437e-05
-6.36896e-05
-3.87707e-05
-6.8377e-05
-3.44105e-05
-6.157e-05
-3.23271e-05
-4.2473e-05
-3.12472e-05
-1.17244e-05
-2.77135e-05
3.69127e-05
-2.07379e-05
8.50056e-05
-1.53246e-05
0.000112523
-1.10168e-05
0.000125541
-7.8515e-06
0.000132787
-5.93863e-06
0.000129072
-4.42929e-06
0.000112071
-2.74932e-06
8.48836e-05
-1.723e-07
5.07034e-05
5.70596e-06
1.00575e-05
1.62483e-05
-3.52657e-05
3.1268e-05
-8.80698e-05
4.90019e-05
-0.000145782
6.74575e-05
-0.000197487
8.91234e-05
-0.000228774
0.000111876
-0.000230878
-0.000200539
0.000129515
-5.60468e-07
-5.32983e-05
-7.06673e-07
-6.35433e-05
2.83017e-06
-7.19143e-05
6.37744e-06
-6.51174e-05
9.3192e-06
-4.54148e-05
1.50748e-05
-1.74799e-05
2.45987e-05
2.73888e-05
3.83794e-05
7.12248e-05
4.88552e-05
0.000102047
5.55348e-05
0.000118861
6.16736e-05
0.000126648
6.71168e-05
0.000123629
7.0706e-05
0.000108482
7.24757e-05
8.31139e-05
7.3898e-05
4.92813e-05
7.65103e-05
7.44555e-06
8.30459e-05
-4.18012e-05
9.22423e-05
-9.72662e-05
0.000102968
-0.000156507
0.000114931
-0.00020945
0.000130338
-0.000244181
0.000146048
-0.000246588
-0.000208985
0.000154495
1.04739e-06
-5.43458e-05
2.4931e-05
-8.74267e-05
4.73684e-05
-9.43519e-05
6.03464e-05
-7.80954e-05
6.29065e-05
-4.7975e-05
6.19422e-05
-1.65156e-05
7.22895e-05
1.70415e-05
9.07279e-05
5.27865e-05
0.000109384
8.33908e-05
0.000124108
0.000104137
0.000136393
0.000114363
0.000145872
0.00011415
0.000150843
0.000103511
0.000151557
8.24006e-05
0.000150018
5.08199e-05
0.000148574
8.89024e-06
0.000149305
-4.25326e-05
0.000151909
-9.98698e-05
0.000155565
-0.000160163
0.000160966
-0.000214851
0.000170352
-0.000253567
0.000177985
-0.000254222
-0.000206072
0.000175072
1.02034e-05
-6.45494e-05
4.83237e-05
-0.000125547
8.04863e-05
-0.000126514
0.000101671
-9.92798e-05
0.000115477
-6.17814e-05
0.000121385
-2.24242e-05
0.00012609
1.2337e-05
0.000137709
4.11681e-05
0.000156564
6.45354e-05
0.000177802
8.28994e-05
0.000199053
9.31118e-05
0.000216547
9.66556e-05
0.000226471
9.35873e-05
0.00022829
8.05816e-05
0.000224371
5.47387e-05
0.00021764
1.56215e-05
0.000210948
-3.58402e-05
0.000204635
-9.35565e-05
0.000198901
-0.00015443
0.000196177
-0.000212126
0.000197792
-0.000255182
0.00019243
-0.00024886
-0.000189099
0.000175457
3.39944e-05
-9.85438e-05
7.78701e-05
-0.000169423
0.000103189
-0.000151833
0.000113045
-0.000109136
0.000120312
-6.90476e-05
0.000131728
-3.38408e-05
0.000146416
-2.35065e-06
0.000160908
2.6676e-05
0.000178886
4.65577e-05
0.000204082
5.77036e-05
0.000235424
6.1769e-05
0.000264857
6.72232e-05
0.000284436
7.40083e-05
0.000291297
7.37204e-05
0.000287024
5.90122e-05
0.000275412
2.72336e-05
0.00025929
-1.97185e-05
0.000241632
-7.58981e-05
0.00022435
-0.000137149
0.000211009
-0.000198786
0.000198094
-0.000242266
0.000171131
-0.000221897
-0.000151776
0.000133808
4.74894e-05
-0.000146033
7.95098e-05
-0.000201443
8.92068e-05
-0.00016153
9.23543e-05
-0.000112284
0.000100559
-7.72526e-05
0.000116112
-4.93935e-05
0.000132448
-1.86864e-05
0.00014432
1.48034e-05
0.000155501
3.53773e-05
0.000177016
3.61881e-05
0.000208204
3.05809e-05
0.000245583
2.98443e-05
0.000280539
3.90531e-05
0.000302606
5.16529e-05
0.000308005
5.36133e-05
0.000298857
3.63815e-05
0.00027794
1.19906e-06
0.000251585
-4.95431e-05
0.000224549
-0.000110113
0.000199449
-0.000173686
0.00016414
-0.000206957
0.000111326
-0.000169083
-9.98074e-05
5.93566e-05
3.39546e-05
-0.000179988
3.54879e-05
-0.000202976
3.0005e-05
-0.000156048
3.27174e-05
-0.000114996
4.80509e-05
-9.25859e-05
7.60774e-05
-7.742e-05
0.000112174
-5.47832e-05
0.00013805
-1.10721e-05
0.000150022
2.34044e-05
0.000157453
2.8758e-05
0.000170972
1.70615e-05
0.000198838
1.97872e-06
0.00023199
5.90118e-06
0.000258473
2.51697e-05
0.000272877
3.92092e-05
0.000271211
3.80478e-05
0.000254275
1.81353e-05
0.000227829
-2.30971e-05
0.000197672
-7.9956e-05
0.000161547
-0.000137561
0.000107124
-0.000152534
4.41518e-05
-0.00010611
-4.53555e-05
-1.03003e-05
1.45196e-05
-0.000194507
3.99582e-06
-0.000192452
6.18808e-06
-0.00015824
1.95735e-05
-0.000128381
4.24642e-05
-0.000115477
7.03001e-05
-0.000105256
0.000105107
-8.95901e-05
0.000144364
-5.03293e-05
0.00017071
-2.94146e-06
0.000180598
1.88698e-05
0.000185299
1.23603e-05
0.000193978
-6.69988e-06
0.000205362
-5.48246e-06
0.000216859
1.36725e-05
0.00022446
3.16077e-05
0.000221616
4.08921e-05
0.000206017
3.37342e-05
0.000183764
-8.44282e-07
0.000153549
-4.97408e-05
0.000106025
-9.00364e-05
4.34991e-05
-9.00085e-05
-1.03078e-05
-5.23036e-05
-4.61691e-06
-5.10463e-05
-1.91253e-07
-0.000194316
-5.5791e-06
-0.000187064
3.2439e-06
-0.000167062
1.85347e-05
-0.000143672
4.06877e-05
-0.00013763
5.96232e-05
-0.000124191
8.03839e-05
-0.000110351
0.000106868
-7.68134e-05
0.0001299
-2.59733e-05
0.000153299
-4.5295e-06
0.000170198
-4.53861e-06
0.00017327
-9.77213e-06
0.000170577
-2.78866e-06
0.000169541
1.4708e-05
0.000169279
3.18703e-05
0.000162819
4.7352e-05
0.000151208
4.53448e-05
0.000136327
1.40368e-05
0.000106413
-1.98264e-05
5.19892e-05
-3.56125e-05
-8.64929e-06
-2.937e-05
-5.28056e-05
-8.14727e-06
3.61639e-05
-9.35864e-05
-9.02833e-06
-0.000185288
-1.66006e-05
-0.000179491
-1.28208e-05
-0.000170842
-2.88859e-06
-0.000153604
5.77984e-06
-0.000146298
1.23859e-05
-0.000130797
1.91482e-05
-0.000117113
2.69155e-05
-8.45807e-05
4.62844e-05
-4.53421e-05
7.23503e-05
-3.05955e-05
9.01409e-05
-2.23292e-05
9.22758e-05
-1.1907e-05
9.07938e-05
-1.30658e-06
9.47963e-05
1.07055e-05
9.72248e-05
2.94417e-05
9.83549e-05
4.6222e-05
0.000102451
4.12486e-05
9.54477e-05
2.10405e-05
6.61437e-05
9.47761e-06
1.71418e-05
1.33894e-05
-3.87277e-05
2.64995e-05
-9.69743e-05
5.00994e-05
8.62408e-05
-0.000147051
-1.73846e-05
-0.000167903
-3.11416e-05
-0.000165734
-3.64996e-05
-0.000165484
-3.82539e-05
-0.00015185
-4.68107e-05
-0.000137741
-5.70352e-05
-0.000120573
-7.08903e-05
-0.000103258
-7.68836e-05
-7.85873e-05
-6.45799e-05
-5.76458e-05
-5.31344e-05
-4.2041e-05
-4.29598e-05
-3.25039e-05
-3.28821e-05
-2.19846e-05
-1.99297e-05
-1.42589e-05
-2.60947e-06
-6.61466e-06
2.30616e-05
3.77063e-06
5.56371e-05
1.36464e-05
7.47348e-05
2.21509e-05
6.51826e-05
3.05928e-05
3.2188e-05
4.24723e-05
-1.43246e-05
5.9902e-05
-7.25991e-05
8.47739e-05
-0.000132092
0.000109592
0.000127231
-0.000173082
-2.43017e-05
-0.000143601
-4.38162e-05
-0.00014622
-5.761e-05
-0.00015169
-7.19566e-05
-0.000137503
-9.86077e-05
-0.00011109
-0.00013475
-8.44308e-05
-0.00017255
-6.54579e-05
-0.000196289
-5.48476e-05
-0.000203356
-5.05789e-05
-0.000199122
-4.62754e-05
-0.000183699
-4.79274e-05
-0.000151607
-5.40763e-05
-0.000108786
-5.70801e-05
-5.81283e-05
-5.7272e-05
-5.80407e-06
-4.85535e-05
4.21007e-05
-3.42584e-05
5.43781e-05
9.87361e-06
3.74929e-05
4.74781e-05
6.58991e-06
7.33753e-05
-3.71381e-05
0.00010363
-8.98162e-05
0.000137452
-0.000137325
0.0001571
0.000156831
-0.000166925
-2.87905e-05
-0.000114811
-5.06718e-05
-0.000124339
-6.85762e-05
-0.000133786
-9.18942e-05
-0.000114185
-0.000128732
-7.42524e-05
-0.000175905
-3.72574e-05
-0.000217278
-2.40855e-05
-0.000238486
-3.36391e-05
-0.00023722
-5.18453e-05
-0.000213243
-7.02525e-05
-0.000180488
-8.06822e-05
-0.000144641
-8.9923e-05
-0.000103084
-9.86374e-05
-5.70999e-05
-0.000103256
-1.77897e-05
-8.78637e-05
2.29218e-05
-7.49699e-05
4.4552e-05
-1.17564e-05
3.02566e-05
6.17737e-05
-1.92714e-06
0.000105559
-4.30178e-05
0.000144721
-8.73266e-05
0.000181761
-0.000123311
0.000193085
0.00017701
-0.00014349
-3.06722e-05
-8.41388e-05
-4.9814e-05
-0.000105198
-6.27523e-05
-0.000120847
-8.37115e-05
-9.3226e-05
-0.000114494
-4.34699e-05
-0.00014773
-4.02197e-06
-0.000172763
9.48116e-07
-0.000182251
-2.41518e-05
-0.000174903
-5.91935e-05
-0.000157415
-8.77401e-05
-0.000136399
-0.000101698
-0.00011078
-0.000115542
-7.19243e-05
-0.000137493
-2.89061e-05
-0.000146274
-3.29983e-06
-0.00011347
1.54501e-05
-9.37197e-05
4.44538e-05
-4.076e-05
4.15418e-05
6.46857e-05
6.88841e-06
0.000140212
-3.27575e-05
0.000184367
-7.02399e-05
0.000219243
-9.84122e-05
0.000221257
0.000192844
-0.000114246
-2.93464e-05
-5.47922e-05
-4.33292e-05
-9.12157e-05
-4.64491e-05
-0.000117727
-4.87251e-05
-9.09501e-05
-6.38675e-05
-2.83276e-05
-7.88794e-05
1.09897e-05
-9.6342e-05
1.84105e-05
-0.000107474
-1.30196e-05
-0.000108701
-5.79668e-05
-0.00010288
-9.35614e-05
-8.84217e-05
-0.000116156
-6.47196e-05
-0.000139244
-2.7849e-05
-0.000174364
9.35289e-06
-0.000183476
2.98715e-05
-0.000133989
2.74583e-05
-9.13065e-05
4.10765e-05
-5.43781e-05
5.18561e-05
5.39062e-05
2.46083e-05
0.00016746
-1.28455e-05
0.000221821
-4.53522e-05
0.00025175
-7.05124e-05
0.000246417
0.000208008
-8.56773e-05
-2.41188e-05
-3.06734e-05
-3.15651e-05
-8.37695e-05
-2.85145e-05
-0.000120778
-1.32661e-05
-0.000106199
4.54722e-06
-4.61411e-05
1.69706e-05
-1.43392e-06
1.4722e-05
2.06587e-05
3.90902e-07
1.31154e-06
-1.57942e-05
-4.17817e-05
-2.45282e-05
-8.48274e-05
-2.16455e-05
-0.000119039
-8.88118e-06
-0.000152009
1.5136e-05
-0.000198381
3.66197e-05
-0.00020496
5.33951e-05
-0.000150764
4.64582e-05
-8.43695e-05
4.40911e-05
-5.20109e-05
5.57074e-05
4.22899e-05
4.27472e-05
0.00018042
1.05461e-05
0.000254022
-1.70388e-05
0.000279335
-3.88508e-05
0.000268229
0.000222327
-5.3169e-05
-1.22422e-05
-1.84313e-05
-9.99214e-06
-8.60198e-05
-4.94607e-06
-0.000125824
5.72793e-06
-0.000116873
3.9215e-05
-7.96284e-05
8.1296e-05
-4.35152e-05
0.000108823
-6.86793e-06
0.000104573
5.56142e-06
7.88363e-05
-1.60449e-05
5.34195e-05
-5.94105e-05
3.80523e-05
-0.000103672
3.58283e-05
-0.000149785
4.1762e-05
-0.000204315
4.25471e-05
-0.000205745
4.55922e-05
-0.000153809
4.82736e-05
-8.70508e-05
4.22158e-05
-4.59531e-05
5.00135e-05
3.44923e-05
5.14927e-05
0.000178941
3.20476e-05
0.000273467
1.38071e-05
0.000297575
-8.52346e-08
0.000282121
0.000233424
-1.11825e-05
4.16676e-06
-2.25982e-05
1.62907e-05
-9.81438e-05
2.38185e-05
-0.000133352
2.66577e-05
-0.000119712
4.32609e-05
-9.62317e-05
8.71486e-05
-8.74031e-05
0.000133158
-5.2877e-05
0.000149372
-1.06522e-05
0.000131697
1.62936e-06
0.000100034
-2.77469e-05
7.35092e-05
-7.71472e-05
6.12092e-05
-0.000137485
5.11225e-05
-0.000194228
3.19706e-05
-0.000186593
2.05192e-05
-0.000142358
3.00348e-05
-9.65662e-05
3.19672e-05
-4.78853e-05
3.65902e-05
2.98695e-05
4.49031e-05
0.000170628
4.38982e-05
0.000274472
4.12403e-05
0.000300233
4.04935e-05
0.000282868
0.000235924
3.79933e-05
1.78887e-05
-4.04869e-05
3.15914e-05
-0.000111846
4.00442e-05
-0.000141805
5.10911e-05
-0.000130759
5.79416e-05
-0.000103082
7.67378e-05
-0.000106199
0.000109389
-8.55285e-05
0.000136829
-3.80917e-05
0.000138014
4.44906e-07
0.000114549
-4.28204e-06
8.56834e-05
-4.82818e-05
6.94715e-05
-0.000121273
4.62827e-05
-0.00017104
1.16842e-05
-0.000151994
-7.11898e-06
-0.000123554
-3.56359e-06
-0.000100121
1.72142e-06
-5.317e-05
7.56681e-06
2.40243e-05
2.1574e-05
0.000156621
4.02693e-05
0.000255776
5.68973e-05
0.000283605
7.08346e-05
0.000268931
0.000226958
7.9801e-05
1.77953e-05
-5.82822e-05
2.26204e-05
-0.000116671
2.67704e-05
-0.000145955
4.31631e-05
-0.000147152
5.91896e-05
-0.000119109
6.7262e-05
-0.000114271
7.93822e-05
-9.76486e-05
9.37091e-05
-5.24186e-05
0.000102392
-8.23824e-06
9.29188e-05
5.19142e-06
7.59606e-05
-3.13237e-05
6.36346e-05
-0.000108947
3.12013e-05
-0.000138606
-8.67234e-06
-0.000112121
-2.89358e-05
-0.000103291
-3.69317e-05
-9.21255e-05
-3.66665e-05
-5.34351e-05
-3.47591e-05
2.2117e-05
-1.02444e-05
0.000132106
2.48945e-05
0.000220637
5.82013e-05
0.000250298
8.47573e-05
0.000242375
0.000208685
0.00010303
6.34603e-06
-6.46282e-05
-4.29977e-06
-0.000106026
-5.26364e-06
-0.000144991
9.68707e-06
-0.000162103
2.83715e-05
-0.000137793
3.43915e-05
-0.000120291
3.83855e-05
-0.000101643
4.28824e-05
-5.69156e-05
4.72612e-05
-1.26171e-05
4.71602e-05
5.29241e-06
5.41146e-05
-3.82783e-05
4.70279e-05
-0.00010186
7.72728e-06
-9.93057e-05
-2.6349e-05
-7.80443e-05
-4.46852e-05
-8.49543e-05
-5.9525e-05
-7.72855e-05
-6.87906e-05
-4.41694e-05
-6.46237e-05
1.79502e-05
-3.63626e-05
0.000103845
7.08971e-06
0.000177185
4.87407e-05
0.000208647
8.21945e-05
0.000208921
0.000185228
0.000105651
-1.41702e-05
-5.04578e-05
-3.20989e-05
-8.8097e-05
-3.22978e-05
-0.000144792
-2.51485e-05
-0.000169252
-1.57087e-05
-0.000147233
-1.55408e-05
-0.000120459
-1.55684e-05
-0.000101615
-1.34164e-05
-5.90676e-05
-9.77595e-06
-1.62576e-05
1.10464e-05
-1.55301e-05
3.6493e-05
-6.37249e-05
2.16609e-05
-8.70284e-05
-1.87749e-05
-5.88699e-05
-4.09165e-05
-5.59026e-05
-5.67027e-05
-6.91681e-05
-7.1176e-05
-6.28122e-05
-8.01124e-05
-3.52329e-05
-7.55153e-05
1.3353e-05
-4.88393e-05
7.71695e-05
-7.48697e-06
0.000135833
3.31804e-05
0.00016798
6.66496e-05
0.000175452
0.000161902
8.99757e-05
-2.50395e-05
-2.54182e-05
-3.97719e-05
-7.33651e-05
-4.47181e-05
-0.000139846
-4.59125e-05
-0.000168058
-4.43569e-05
-0.000148789
-5.31616e-05
-0.000111655
-6.44306e-05
-9.03459e-05
-6.13875e-05
-6.21107e-05
-3.45587e-05
-4.30865e-05
7.32112e-06
-5.74101e-05
2.07198e-05
-7.71236e-05
-1.1704e-05
-5.46046e-05
-4.03429e-05
-3.02311e-05
-5.19628e-05
-4.42827e-05
-6.64974e-05
-5.46335e-05
-7.90303e-05
-5.02794e-05
-8.42673e-05
-2.99958e-05
-7.84391e-05
7.52485e-06
-5.62959e-05
5.50262e-05
-2.20908e-05
0.000101628
1.27744e-05
0.000133115
4.21777e-05
0.000146048
0.00014103
6.30495e-05
-1.23699e-05
-1.30481e-05
-2.61823e-05
-5.9553e-05
-3.75613e-05
-0.000128467
-4.3429e-05
-0.00016219
-4.52988e-05
-0.000146919
-5.04991e-05
-0.000106455
-5.33345e-05
-8.75105e-05
-3.72796e-05
-7.81656e-05
-7.47786e-06
-7.28882e-05
7.22807e-06
-7.2116e-05
-1.48106e-05
-5.50848e-05
-4.49663e-05
-2.44488e-05
-5.08872e-05
-2.431e-05
-5.71821e-05
-3.79877e-05
-6.99543e-05
-4.18612e-05
-8.19774e-05
-3.82563e-05
-8.75609e-05
-2.44123e-05
-8.24547e-05
2.41866e-06
-6.57406e-05
3.83121e-05
-3.97278e-05
7.5615e-05
-1.13992e-05
0.000104786
1.40138e-05
0.000120636
0.000121859
3.31851e-05
9.25806e-06
-2.23063e-05
7.53543e-07
-5.10486e-05
-1.68936e-05
-0.00011082
-3.02552e-05
-0.000148828
-3.62592e-05
-0.000140915
-3.16283e-05
-0.000111085
-2.63389e-05
-9.28001e-05
-1.80826e-05
-8.64218e-05
-1.49014e-05
-7.60694e-05
-3.01857e-05
-5.68316e-05
-5.26675e-05
-3.2603e-05
-5.61324e-05
-2.09838e-05
-5.13426e-05
-2.90998e-05
-5.59134e-05
-3.3417e-05
-6.56487e-05
-3.21259e-05
-7.68941e-05
-2.7011e-05
-8.49837e-05
-1.63227e-05
-8.45136e-05
1.94857e-06
-7.41918e-05
2.79903e-05
-5.55959e-05
5.70192e-05
-3.29848e-05
8.21749e-05
-1.06081e-05
9.82587e-05
0.000103331
7.91897e-06
2.25872e-05
-4.48935e-05
2.8773e-05
-5.72344e-05
8.78513e-06
-9.08321e-05
-1.61715e-05
-0.000123872
-3.27537e-05
-0.000124333
-3.61971e-05
-0.000107642
-3.49984e-05
-9.39989e-05
-4.04821e-05
-8.09382e-05
-5.1459e-05
-6.50927e-05
-6.18569e-05
-4.64337e-05
-5.98001e-05
-3.46598e-05
-4.90517e-05
-3.17322e-05
-4.63683e-05
-3.17832e-05
-5.03167e-05
-2.94686e-05
-5.70579e-05
-2.53847e-05
-6.56538e-05
-1.84151e-05
-7.36389e-05
-8.33765e-06
-7.73046e-05
5.61421e-06
-7.33958e-05
2.40816e-05
-6.16769e-05
4.53003e-05
-4.46424e-05
6.51405e-05
-2.5699e-05
7.93154e-05
8.58865e-05
-8.25428e-06
1.77249e-05
-6.26184e-05
3.33841e-05
-7.28937e-05
2.23506e-05
-7.97984e-05
-2.09468e-06
-9.94263e-05
-2.40027e-05
-0.000102424
-4.11457e-05
-9.04991e-05
-4.81983e-05
-8.69465e-05
-5.50192e-05
-7.41174e-05
-5.74339e-05
-6.26781e-05
-5.23597e-05
-5.15079e-05
-4.40622e-05
-4.29575e-05
-3.92769e-05
-3.65175e-05
-3.97968e-05
-3.12633e-05
-4.28576e-05
-2.64078e-05
-4.7641e-05
-2.06013e-05
-5.33197e-05
-1.27364e-05
-5.88374e-05
-2.82e-06
-6.26347e-05
9.41144e-06
-6.21121e-05
2.3559e-05
-5.57431e-05
3.89314e-05
-4.41919e-05
5.35894e-05
-2.9725e-05
6.48485e-05
7.11356e-05
-1.49741e-05
9.16063e-06
-7.1779e-05
2.01345e-05
-8.38677e-05
1.98328e-05
-7.94965e-05
6.11379e-06
-8.57072e-05
-1.00521e-05
-8.62585e-05
-2.86473e-05
-7.1904e-05
-3.57218e-05
-7.98722e-05
-3.75803e-05
-7.22591e-05
-3.72464e-05
-6.3012e-05
-3.53083e-05
-5.3446e-05
-3.37189e-05
-4.45468e-05
-3.29673e-05
-3.72691e-05
-3.35536e-05
-3.06769e-05
-3.55439e-05
-2.44175e-05
-3.87118e-05
-1.74334e-05
-4.23229e-05
-9.12528e-06
-4.55202e-05
3.77334e-07
-4.757e-05
1.14612e-05
-4.72661e-05
2.3255e-05
-4.35022e-05
3.51675e-05
-3.60614e-05
4.61487e-05
-2.60123e-05
5.47993e-05
6.01535e-05
-1.50302e-05
4.1192e-06
-7.58982e-05
6.63096e-06
-8.63794e-05
9.03377e-06
-8.18993e-05
4.44745e-06
-8.11208e-05
-1.85578e-06
-7.99553e-05
-1.37863e-05
-5.99736e-05
-1.99396e-05
-7.37188e-05
-2.25514e-05
-6.96473e-05
-2.52713e-05
-6.02919e-05
-2.65054e-05
-5.22119e-05
-2.68923e-05
-4.41599e-05
-2.68526e-05
-3.73087e-05
-2.72666e-05
-3.02629e-05
-2.84711e-05
-2.32131e-05
-3.03398e-05
-1.55647e-05
-3.25087e-05
-6.95643e-06
-3.44754e-05
2.34396e-06
-3.53219e-05
1.23078e-05
-3.45552e-05
2.24884e-05
-3.17171e-05
3.23295e-05
-2.66788e-05
4.11104e-05
-1.99245e-05
4.80451e-05
5.26195e-05
-1.23906e-05
1.80941e-06
-7.77076e-05
-5.10117e-07
-8.40597e-05
-4.35429e-07
-8.19739e-05
-1.50137e-06
-8.00549e-05
-2.41133e-06
-7.90454e-05
-7.43322e-06
-5.49517e-05
-1.25892e-05
-6.85627e-05
-1.56316e-05
-6.66048e-05
-1.78311e-05
-5.80926e-05
-1.87481e-05
-5.1295e-05
-1.90808e-05
-4.38272e-05
-1.94707e-05
-3.69187e-05
-2.00622e-05
-2.96712e-05
-2.10049e-05
-2.22703e-05
-2.21849e-05
-1.43847e-05
-2.34602e-05
-5.68108e-06
-2.46501e-05
3.534e-06
-2.51741e-05
1.28318e-05
-2.45448e-05
2.18592e-05
-2.2497e-05
3.02817e-05
-1.90564e-05
3.76698e-05
-1.45613e-05
4.35501e-05
4.76201e-05
-9.56191e-06
8.37491e-07
-7.85451e-05
-1.61574e-06
-8.16063e-05
-3.33296e-06
-8.02566e-05
-4.57075e-06
-7.8817e-05
-5.2615e-06
-7.83547e-05
-4.92338e-06
-5.52898e-05
-7.00015e-06
-6.6486e-05
-9.1232e-06
-6.44817e-05
-1.01688e-05
-5.70468e-05
-1.0786e-05
-5.06777e-05
-1.1125e-05
-4.34881e-05
-1.15779e-05
-3.64657e-05
-1.21105e-05
-2.91386e-05
-1.28467e-05
-2.15341e-05
-1.36789e-05
-1.35525e-05
-1.45697e-05
-4.79031e-06
-1.55632e-05
4.52756e-06
-1.62873e-05
1.35559e-05
-1.62613e-05
2.18332e-05
-1.52305e-05
2.9251e-05
-1.31951e-05
3.56344e-05
-1.03914e-05
4.07463e-05
4.44155e-05
-7.18687e-06
3.52533e-07
-5.43273e-07
-1.23689e-06
-1.95924e-06
-4.2395e-06
-1.51256e-06
-1.79086e-06
-2.99687e-06
-3.2179e-06
-3.52709e-06
-3.63201e-06
-3.80249e-06
-4.00394e-06
-4.27154e-06
-4.65187e-06
-5.1117e-06
-5.78945e-06
-6.42782e-06
-6.80334e-06
-6.73071e-06
-6.13746e-06
-5.08611e-06
-3.73498e-06
3.54186e-05
3.04464e-06
3.50076e-05
4.10978e-07
3.6887e-05
-1.87939e-06
-2.68401e-06
3.9571e-05
1.79094e-05
-3.00884e-06
2.18108e-05
-3.49041e-06
2.50582e-05
-5.1268e-06
-6.5234e-06
2.88976e-05
2.74718e-05
-1.87796e-05
4.85226e-05
-2.45412e-05
6.77818e-05
-2.43859e-05
3.26472e-06
5.79937e-05
-4.11073e-05
-2.82963e-05
-2.55691e-05
-4.00793e-05
-1.03066e-05
-3.96485e-05
-1.63592e-05
9.31736e-06
3.20093e-06
-2.79562e-05
3.53507e-06
-4.04135e-05
1.06912e-05
-4.68048e-05
-4.15707e-05
3.59025e-05
4.85529e-05
-3.15607e-05
4.7168e-05
-3.90284e-05
4.80515e-05
-4.76884e-05
-4.82659e-05
5.47467e-05
8.05575e-05
-4.0944e-05
8.16534e-05
-4.01246e-05
7.75837e-05
-4.36188e-05
-4.56019e-05
7.49198e-05
9.53014e-05
-5.25156e-05
0.000103354
-4.81776e-05
0.000104632
-4.48966e-05
-4.48718e-05
0.000103901
0.000107076
-6.42123e-05
0.000115786
-5.68867e-05
0.000120886
-4.99964e-05
-4.57676e-05
0.000121781
0.000118776
-7.37411e-05
0.000125914
-6.40245e-05
0.000130097
-5.41798e-05
-4.61812e-05
0.000130511
0.000134452
-7.86781e-05
0.000136524
-6.60965e-05
0.000135965
-5.3621e-05
-4.39629e-05
0.000133747
0.000154696
-7.88788e-05
0.000151604
-6.30049e-05
0.000145978
-4.7994e-05
-3.79031e-05
0.000139918
0.000170231
-7.40378e-05
0.00016383
-5.66047e-05
0.0001566
-4.07637e-05
-2.85553e-05
0.000147252
0.000164937
-6.35184e-05
0.000153904
-4.5572e-05
0.000142529
-2.93878e-05
-1.34364e-05
0.00012741
0.000116358
-4.60688e-05
9.98635e-05
-2.90774e-05
7.62599e-05
-5.78418e-06
1.27179e-05
5.01056e-05
3.25768e-05
-1.92891e-05
4.78742e-06
-1.2881e-06
-1.84729e-05
1.74761e-05
2.88894e-05
-3.46443e-05
-3.36674e-05
4.07799e-06
-5.11697e-05
1.62141e-05
-5.89242e-05
2.52303e-05
3.35443e-05
-6.3579e-05
-6.40221e-05
1.7054e-05
-7.47064e-05
2.68984e-05
-8.53898e-05
3.59136e-05
4.60561e-05
-9.79016e-05
-0.00011049
3.39574e-05
-0.000127123
4.35312e-05
-0.000144022
5.2813e-05
6.1033e-05
-0.000158999
-0.000164555
5.14609e-05
-0.000178779
5.77553e-05
-0.000189198
6.32312e-05
6.62265e-05
-0.000194391
-0.000184991
6.33704e-05
-0.000191762
6.45264e-05
-0.000192379
6.38483e-05
6.1276e-05
-0.000187429
-0.000172879
6.93239e-05
-0.000173324
6.4972e-05
-0.00016927
5.97936e-05
5.40537e-05
-0.000162048
-0.000146922
7.27559e-05
-0.000146878
6.4928e-05
-0.000144401
5.73175e-05
5.02224e-05
-0.00014057
-0.000118647
7.71567e-05
-0.000121204
6.74847e-05
-0.000121802
5.79155e-05
5.04094e-05
-0.000121989
-9.14871e-05
8.29666e-05
-9.65592e-05
7.25569e-05
-0.000100389
6.17457e-05
5.34294e-05
-0.000103409
-5.86959e-05
8.84934e-05
-6.36693e-05
7.75303e-05
-6.76911e-05
6.57675e-05
5.50539e-05
-6.93156e-05
-1.52169e-05
9.25278e-05
-1.82314e-05
8.05449e-05
-2.00138e-05
6.755e-05
5.44265e-05
-1.93863e-05
3.68947e-05
9.36264e-05
3.65017e-05
8.09379e-05
3.65835e-05
6.74681e-05
5.35559e-05
3.74541e-05
8.29069e-05
9.05205e-05
8.56704e-05
7.81744e-05
8.78905e-05
6.5248e-05
5.20092e-05
8.94372e-05
0.000109299
8.42519e-05
0.000114145
7.33279e-05
0.000117445
6.19485e-05
5.03906e-05
0.000119063
0.000113258
7.66454e-05
0.000118501
6.8085e-05
0.000121424
5.90254e-05
4.9868e-05
0.000121947
9.72143e-05
6.94067e-05
0.000101857
6.34421e-05
0.000104008
5.68743e-05
5.00456e-05
0.000103831
6.96518e-05
6.28043e-05
7.40644e-05
5.90294e-05
7.64675e-05
5.4471e-05
4.94412e-05
7.70718e-05
3.99428e-05
5.60467e-05
4.51675e-05
5.38048e-05
4.89798e-05
5.06587e-05
4.6883e-05
5.1538e-05
1.53287e-05
4.86368e-05
2.17594e-05
4.73739e-05
2.71896e-05
4.52284e-05
4.24539e-05
3.16187e-05
-6.80259e-07
4.10628e-05
6.23637e-06
4.04572e-05
1.23437e-05
3.91209e-05
3.72799e-05
1.75177e-05
-8.27456e-06
3.43632e-05
-2.03249e-06
3.42151e-05
3.53741e-06
3.3551e-05
3.25181e-05
8.29916e-06
-9.92283e-06
2.92557e-05
-5.10511e-06
2.93973e-05
-7.46999e-07
2.91929e-05
2.87236e-05
3.0474e-06
-8.85512e-06
2.57201e-05
-5.47134e-06
2.60135e-05
-2.34642e-06
2.60678e-05
2.59266e-05
4.50482e-07
-7.20332e-06
2.33615e-05
-4.91278e-06
2.37228e-05
-2.75446e-06
2.39094e-05
2.39485e-05
-7.76467e-07
-5.64026e-06
2.18148e-05
-4.11663e-06
2.21991e-05
-2.65613e-06
2.24489e-05
2.25847e-05
-1.29237e-06
-3.04499e-06
-2.34642e-06
-1.66132e-06
-1.00908e-06
3.09877e-05
-1.02214e-05
3.13156e-05
-8.19278e-06
4.35955e-05
-1.19196e-05
5.64002e-05
-2.05386e-05
4.90423e-05
-3.1779e-06
2.95981e-05
1.58957e-05
1.41364e-05
1.3139e-05
3.87505e-06
6.56491e-06
-1.14362e-06
6.59659e-06
-9.59313e-06
1.32515e-05
-2.80123e-05
1.54723e-05
-3.85413e-05
5.43642e-07
-3.91246e-05
-5.24253e-06
-3.23388e-05
-3.66103e-06
-2.25529e-05
5.57992e-06
-8.23344e-06
1.18834e-05
3.60329e-06
5.11751e-06
4.40275e-06
1.42811e-06
7.0524e-06
3.00939e-05
-1.14177e-05
4.45677e-05
-2.26666e-05
7.08742e-05
-3.82262e-05
9.22083e-05
-4.18726e-05
0.00011261
-2.35794e-05
0.000100383
2.81224e-05
8.27582e-05
3.07639e-05
6.15457e-05
2.77774e-05
1.74306e-05
5.07117e-05
-1.61084e-05
4.67905e-05
-3.17555e-05
3.11194e-05
-5.22528e-05
2.1041e-05
-4.54116e-05
-1.20837e-05
-3.14841e-05
-1.75886e-05
-2.05437e-05
-5.36048e-06
-1.09366e-05
2.27625e-06
-6.19754e-06
3.7848e-07
-4.50425e-06
-2.65173e-07
2.54815e-06
2.20252e-05
2.45508e-05
8.56627e-06
-9.20786e-06
3.94884e-05
-6.91485e-05
9.89946e-05
-0.000101379
0.000167166
-9.17505e-05
0.00021793
-2.26417e-05
0.000227084
2.161e-05
0.000225976
2.88852e-05
0.000234658
4.20294e-05
0.000204931
7.65177e-05
0.000112739
0.000123311
-7.62315e-06
0.000141403
-7.7407e-05
5.77e-05
-9.49751e-05
-2.05078e-08
-4.93743e-05
-5.09613e-05
-2.59554e-05
-2.11426e-05
-1.47565e-05
-1.08204e-05
-6.74445e-06
-8.27724e-06
-4.1963e-06
3.21624e-05
1.7057e-06
5.51733e-05
-3.22189e-05
8.69277e-05
-0.000100903
0.000125096
-0.000139547
0.000164463
-0.000131118
0.000208678
-6.68561e-05
0.000234725
-4.43694e-06
0.000222141
4.14699e-05
0.000180511
8.36591e-05
0.000112825
0.000144204
4.49985e-05
0.000191137
-1.41954e-07
0.000186544
-1.68295e-05
7.43876e-05
-1.95498e-05
2.69979e-06
-3.00804e-05
-4.04307e-05
-3.62261e-05
-1.49971e-05
-3.91709e-05
-7.87567e-06
-1.62444e-05
-3.12037e-05
-2.04407e-05
7.88916e-05
-4.12837e-05
9.59918e-05
-4.93192e-05
0.000113116
-0.000118027
0.000130437
-0.000156869
0.000139519
-0.000140199
0.000148748
-7.6085e-05
0.000139522
4.78822e-06
0.000107213
7.37793e-05
5.14413e-05
0.00013943
3.01329e-06
0.000192632
-1.65806e-05
0.000210731
-6.28968e-06
0.000176253
-1.3022e-06
6.94e-05
4.0861e-06
-2.6886e-06
2.76747e-05
-6.40195e-05
7.21071e-05
-5.94295e-05
8.20505e-05
-1.7819e-05
4.64156e-05
4.43121e-06
2.59748e-05
9.71684e-05
-8.37055e-05
0.000119165
-7.13161e-05
0.00012046
-0.000119322
0.000114751
-0.000151159
0.000102792
-0.00012824
7.36916e-05
-4.69845e-05
3.26218e-05
4.58577e-05
-1.98871e-05
0.000126288
-6.33623e-05
0.000182906
-7.13075e-05
0.000200577
-3.97021e-05
0.000179125
1.04653e-05
0.000126085
2.59113e-05
5.39539e-05
1.8873e-05
4.34951e-06
3.44539e-05
-7.96005e-05
5.64221e-05
-8.13977e-05
6.94265e-05
-3.08233e-05
3.97578e-05
3.40997e-05
6.57325e-05
9.85461e-05
-0.000107332
0.000123577
-9.63467e-05
0.000117259
-0.000113004
9.26138e-05
-0.000126514
5.17373e-05
-8.73636e-05
-7.39846e-06
1.21513e-05
-6.64614e-05
0.000104921
-0.000111373
0.0001712
-0.000124302
0.000195834
-9.66925e-05
0.000172967
-3.79167e-05
0.000120349
1.43094e-05
7.38592e-05
2.53228e-05
4.29404e-05
1.50472e-05
1.46251e-05
1.02372e-05
-7.47905e-05
1.66933e-05
-8.78538e-05
2.11828e-05
-3.53129e-05
1.22176e-05
4.30647e-05
7.79501e-05
0.00010718
-0.00011061
0.000108403
-9.75698e-05
9.44435e-05
-9.90449e-05
6.40715e-05
-9.61424e-05
6.13647e-07
-2.39056e-05
-6.93405e-05
8.21055e-05
-0.000122895
0.000158476
-0.00014747
0.000195775
-0.000134515
0.000182879
-8.86943e-05
0.000127147
-3.51838e-05
6.68387e-05
-3.01817e-06
4.16936e-05
1.12032e-05
2.8719e-05
5.42118e-06
2.04072e-05
-1.95001e-05
-4.98693e-05
-3.0584e-05
-7.67699e-05
-2.8878e-05
-3.70191e-05
-2.00957e-05
3.42822e-05
5.78542e-05
0.000114437
-0.000103266
9.62443e-05
-7.93765e-05
7.42282e-05
-7.70285e-05
3.53807e-05
-5.72949e-05
-3.53463e-05
4.68213e-05
-9.78271e-05
0.000144586
-0.00013508
0.000195728
-0.000140035
0.000200731
-0.000113143
0.000155987
-6.57233e-05
7.97271e-05
-2.74523e-05
2.85677e-05
-9.35748e-06
2.35987e-05
1.68301e-07
1.91933e-05
-3.18054e-06
2.3756e-05
-3.79331e-05
-1.51167e-05
-5.83606e-05
-5.63426e-05
-5.53255e-05
-4.00543e-05
-3.18593e-05
1.08158e-05
2.59948e-05
0.000116104
-8.88591e-05
8.66311e-05
-4.99034e-05
5.73511e-05
-4.77485e-05
1.39646e-05
-1.39083e-05
-5.32996e-05
0.000114086
-0.000100335
0.000191621
-0.000119739
0.000215132
-0.000111316
0.000192308
-8.04584e-05
0.000125129
-3.92545e-05
3.85231e-05
-7.24408e-06
-3.44279e-06
5.70212e-06
1.06525e-05
1.47674e-06
2.34188e-05
-7.88584e-06
3.31186e-05
-3.91743e-05
1.61716e-05
-6.08558e-05
-3.46612e-05
-5.49564e-05
-4.5954e-05
-2.39464e-05
-2.01944e-05
2.04835e-06
0.000112332
-6.74446e-05
7.62373e-05
-1.38083e-05
4.30799e-05
-1.45911e-05
-1.82395e-06
3.09955e-05
-5.92297e-05
0.000171492
-9.03664e-05
0.000222758
-9.48412e-05
0.000219607
-7.75027e-05
0.00017497
-4.43815e-05
9.20073e-05
-9.49595e-06
3.63761e-06
9.0486e-06
-2.19873e-05
2.07365e-05
-1.03525e-06
1.64649e-05
2.76905e-05
2.06273e-07
4.93771e-05
-3.21533e-05
4.8531e-05
-5.34679e-05
-1.33467e-05
-5.27886e-05
-4.66333e-05
-2.56921e-05
-4.7291e-05
-2.36437e-05
0.000110197
-3.77237e-05
7.03008e-05
2.60875e-05
3.28138e-05
2.2896e-05
-1.67516e-05
8.05608e-05
-6.22416e-05
0.000216981
-7.86596e-05
0.000239176
-7.0612e-05
0.000211559
-4.5648e-05
0.000150006
-9.28698e-06
5.56463e-05
1.4728e-05
-2.03772e-05
2.58096e-05
-3.30687e-05
3.75586e-05
-1.27842e-05
4.36294e-05
2.16197e-05
2.99241e-05
6.30823e-05
-7.36781e-06
8.58228e-05
-4.48254e-05
2.41108e-05
-5.59436e-05
-3.55151e-05
-3.68241e-05
-6.64105e-05
-6.04679e-05
0.000104897
4.63122e-06
6.48938e-05
6.60913e-05
1.97934e-05
6.79965e-05
-3.58654e-05
0.00013622
-6.75936e-05
0.000248709
-7.01082e-05
0.00024169
-5.05495e-05
0.000192
-1.50101e-05
0.000114467
2.15066e-05
1.91297e-05
3.44587e-05
-3.33291e-05
4.43992e-05
-4.30091e-05
5.70524e-05
-2.54374e-05
6.90591e-05
9.61291e-06
7.09312e-05
6.12102e-05
4.89617e-05
0.000107792
-5.31108e-06
7.83837e-05
-3.8172e-05
-2.65411e-06
-3.67859e-05
-6.77966e-05
-9.72538e-05
6.88897e-05
6.31516e-05
4.06079e-05
9.43731e-05
-4.69634e-06
0.000113301
-6.06571e-05
0.00019218
-7.56453e-05
0.000263698
-6.3801e-05
0.000229846
-3.32744e-05
0.000161474
1.04008e-05
7.07916e-05
3.5623e-05
-6.09228e-06
4.23774e-05
-4.00835e-05
5.46137e-05
-5.52456e-05
7.37239e-05
-4.45477e-05
8.91504e-05
-5.81358e-06
0.000101315
4.90459e-05
0.000101156
0.000107951
6.55489e-05
0.000113991
1.90711e-05
4.38238e-05
-1.46598e-05
-3.40658e-05
-0.000111914
1.14095e-05
0.000101848
-2.42865e-06
0.000108211
-4.82365e-05
0.000159108
-8.81583e-05
0.000232102
-8.28118e-05
0.000258351
-5.59446e-05
0.000202979
-1.35018e-05
0.000119031
2.60323e-05
3.12576e-05
3.11252e-05
-1.11851e-05
4.13331e-05
-5.02916e-05
6.6719e-05
-8.06317e-05
9.30134e-05
-7.08421e-05
0.000109926
-2.27263e-05
0.000117677
4.12947e-05
0.000122886
0.000102743
0.000105766
0.000131111
6.61596e-05
8.34301e-05
1.8006e-05
1.40878e-05
-9.39075e-05
-3.53881e-05
0.000102591
-5.31536e-05
0.000125977
-9.66744e-05
0.000202629
-0.000109457
0.000244885
-8.24307e-05
0.000231326
-4.10324e-05
0.000161581
4.20141e-06
7.37975e-05
2.07447e-05
1.47144e-05
1.93985e-05
-9.83905e-06
5.11533e-05
-8.20465e-05
8.59654e-05
-0.000115444
0.000108772
-9.36487e-05
0.000122693
-3.66476e-05
0.000124085
3.99038e-05
0.000120463
0.000106365
0.000108609
0.000142965
7.13594e-05
0.000120679
2.72339e-05
5.82133e-05
-6.66734e-05
-7.47349e-05
0.000113747
-0.000113766
0.000165008
-0.000134842
0.000223706
-0.000115657
0.000225699
-6.91674e-05
0.000184836
-2.06138e-05
0.000113027
3.75634e-06
4.94273e-05
-5.23731e-06
2.3708e-05
1.72009e-05
-3.22774e-05
6.26487e-05
-0.000127494
9.28441e-05
-0.000145639
0.000105164
-0.000105969
0.000109423
-4.09062e-05
0.000107531
4.17954e-05
9.83373e-05
0.000115559
8.66331e-05
0.00015467
5.99299e-05
0.000147383
2.08235e-05
9.73199e-05
-4.58498e-05
-0.00013059
0.000146436
-0.000158864
0.000193282
-0.000145598
0.000210439
-9.97212e-05
0.000179822
-4.65586e-05
0.000131674
-1.54004e-05
8.18692e-05
-2.13249e-05
5.53519e-05
-1.93277e-05
2.17109e-05
2.3987e-05
-7.55919e-05
5.39161e-05
-0.000157423
7.25381e-05
-0.000164261
7.70428e-05
-0.000110473
7.2924e-05
-3.67875e-05
6.68811e-05
4.78383e-05
6.00551e-05
0.000122385
5.15963e-05
0.000163129
3.4932e-05
0.000164047
1.04003e-05
0.000121852
-3.54494e-05
-0.000178625
0.000166062
-0.000169608
0.000184266
-0.000125803
0.000166634
-7.23022e-05
0.000126321
-3.42268e-05
9.35985e-05
-2.67608e-05
7.44033e-05
-3.56244e-05
6.42158e-05
-1.56846e-05
1.77127e-06
1.25531e-05
-0.000103829
2.79996e-05
-0.00017287
3.5303e-05
-0.000171564
3.09066e-05
-0.000106077
2.23792e-05
-2.82602e-05
1.76459e-05
5.25716e-05
1.64045e-05
0.000123626
1.27321e-05
0.000166801
3.36027e-06
0.000173419
-2.23514e-06
0.000127447
-3.76845e-05
-0.000185203
0.000156873
-0.000147158
0.00014622
-9.59058e-05
0.000115383
-5.62893e-05
8.67045e-05
-3.65208e-05
7.38301e-05
-3.18157e-05
6.96986e-05
-2.25914e-05
5.49918e-05
-6.62642e-06
-1.41935e-05
4.05207e-07
-0.000110861
2.05316e-07
-0.00017267
-1.29257e-06
-0.000170066
-1.13954e-05
-9.59745e-05
-2.0286e-05
-1.93698e-05
-2.13817e-05
5.36672e-05
-2.14759e-05
0.00012372
-2.57894e-05
0.000171115
-3.0089e-05
0.000177719
-1.26837e-05
0.000110042
-5.03683e-05
-0.000160115
0.000129559
-0.000118776
0.000104881
-8.08858e-05
7.74927e-05
-5.5505e-05
6.13238e-05
-3.74958e-05
5.58211e-05
-2.11598e-05
5.33628e-05
-2.06366e-06
3.58959e-05
5.37235e-06
-2.16293e-05
-5.28641e-06
-0.000100202
-1.48366e-05
-0.00016312
-2.46763e-05
-0.000160227
-3.4869e-05
-8.57818e-05
-4.1991e-05
-1.22479e-05
-4.55007e-05
5.71769e-05
-5.0785e-05
0.000129005
-5.85208e-05
0.000178851
-5.39997e-05
0.000173198
-1.7745e-05
7.37872e-05
-6.81133e-05
-0.000137567
0.000105078
-0.000107721
7.50359e-05
-8.05577e-05
5.03295e-05
-5.68001e-05
3.75662e-05
-3.28269e-05
3.1848e-05
-8.35547e-06
2.88913e-05
1.26429e-05
1.48975e-05
1.23475e-05
-2.13338e-05
-7.98972e-06
-7.98647e-05
-2.78139e-05
-0.000143295
-3.94333e-05
-0.000148607
-4.64955e-05
-7.87197e-05
-5.43487e-05
-4.39459e-06
-6.16498e-05
6.4478e-05
-7.17499e-05
0.000139105
-7.92007e-05
0.000186301
-6.37974e-05
0.000157794
-1.71571e-05
2.71468e-05
-8.52704e-05
-0.000127462
9.19706e-05
-0.000108483
5.60573e-05
-8.38271e-05
2.56734e-05
-5.67458e-05
1.04848e-05
-3.13257e-05
6.42782e-06
-8.90161e-06
6.46725e-06
7.52828e-06
-1.53239e-06
7.93746e-06
-2.17429e-05
-1.3748e-05
-5.81792e-05
-3.90272e-05
-0.000118016
-5.06884e-05
-0.000136946
-5.37891e-05
-7.5619e-05
-6.17692e-05
3.58557e-06
-7.04331e-05
7.31419e-05
-8.00923e-05
0.000148764
-8.12869e-05
0.000187496
-5.75863e-05
0.000134094
-1.62594e-05
-1.41802e-05
-0.00010153
-0.00012009
9.00716e-05
-0.000107545
4.35128e-05
-8.16548e-05
-2.17136e-07
-5.40749e-05
-1.70952e-05
-3.03498e-05
-1.72974e-05
-1.23312e-05
-1.15513e-05
-1.59559e-06
-1.22681e-05
2.55505e-07
-2.3594e-05
-1.73475e-05
-4.05762e-05
-4.57922e-05
-8.95714e-05
-6.02854e-05
-0.000122453
-5.77156e-05
-7.81887e-05
-6.16337e-05
7.50367e-06
-6.75263e-05
7.90345e-05
-7.05571e-05
0.000151795
-6.36632e-05
0.000180602
-4.05782e-05
0.000111009
-2.03074e-05
-3.4451e-05
-0.000121837
-0.000105703
9.23658e-05
-9.14268e-05
2.92361e-05
-6.61184e-05
-2.55256e-05
-4.08575e-05
-4.23562e-05
-2.19182e-05
-3.62367e-05
-9.37391e-06
-2.40956e-05
-3.23334e-06
-1.84087e-05
-3.10238e-06
-2.3725e-05
-1.46736e-05
-2.90049e-05
-4.50993e-05
-5.91455e-05
-6.65355e-05
-0.000101017
-6.16356e-05
-8.30886e-05
-5.3717e-05
-4.14838e-07
-5.13565e-05
7.6674e-05
-4.3483e-05
0.000143921
-3.15917e-05
0.000168711
-1.74339e-05
9.68507e-05
-1.7024e-05
-3.48608e-05
-0.000138861
-6.17035e-05
8.47537e-05
-4.53739e-05
1.29064e-05
-2.78427e-05
-4.30569e-05
-1.49707e-05
-5.52282e-05
-6.96086e-06
-4.42465e-05
-1.76908e-06
-2.92874e-05
6.49483e-07
-2.08273e-05
-1.61039e-06
-2.14651e-05
-8.0907e-06
-2.25246e-05
-3.49362e-05
-3.22999e-05
-6.58788e-05
-7.00739e-05
-6.79208e-05
-8.10465e-05
-4.39409e-05
-2.43947e-05
-2.69402e-05
5.96733e-05
-8.38548e-06
0.000125367
6.66827e-06
0.000153657
1.17059e-05
9.18132e-05
2.36366e-06
-2.55185e-05
-0.000136497
-6.87083e-06
7.22381e-05
6.57677e-06
-5.41192e-07
1.30634e-05
-4.95435e-05
1.35935e-05
-5.57581e-05
1.10359e-05
-4.16888e-05
9.06013e-06
-2.73117e-05
7.15634e-06
-1.89236e-05
2.97559e-06
-1.72844e-05
-1.67673e-06
-1.78723e-05
-1.82711e-05
-1.57055e-05
-5.42841e-05
-3.40608e-05
-7.0082e-05
-6.52486e-05
-4.36074e-05
-5.08692e-05
-4.12166e-06
2.01876e-05
2.32354e-05
9.80095e-05
4.37912e-05
0.000133101
4.28151e-05
9.27893e-05
1.8691e-05
-1.39436e-06
-0.000117806
4.327e-05
6.64222e-05
4.62688e-05
-3.53988e-06
4.09832e-05
-4.42579e-05
3.23377e-05
-4.71125e-05
2.39356e-05
-3.32867e-05
1.76036e-05
-2.09798e-05
1.32388e-05
-1.45589e-05
8.58041e-06
-1.26261e-05
2.968e-06
-1.22598e-05
-2.81612e-06
-9.92126e-06
-2.58871e-05
-1.09897e-05
-5.81324e-05
-3.30032e-05
-5.51623e-05
-5.38393e-05
-7.2817e-06
-2.7693e-05
3.98872e-05
5.08407e-05
6.2009e-05
0.000110979
5.77109e-05
9.70874e-05
2.92299e-05
2.70865e-05
-8.85766e-05
8.94479e-05
6.64116e-05
8.0033e-05
5.87509e-06
6.16095e-05
-2.58342e-05
4.41751e-05
-2.96781e-05
3.19043e-05
-2.10158e-05
2.38781e-05
-1.29537e-05
1.82608e-05
-8.94168e-06
1.31402e-05
-7.50551e-06
7.71798e-06
-6.83757e-06
3.57438e-06
-5.7776e-06
-1.70838e-06
-5.70694e-06
-2.42632e-05
-1.04484e-05
-4.88832e-05
-2.92192e-05
-2.57061e-05
-5.08701e-05
3.34952e-05
-8.36066e-06
5.9933e-05
8.45414e-05
5.78154e-05
9.92048e-05
2.99837e-05
5.49179e-05
-5.8593e-05
0.000113561
7.19145e-05
9.60279e-05
2.3408e-05
7.187e-05
-1.67614e-06
5.08586e-05
-8.66662e-06
3.69895e-05
-7.14655e-06
2.82584e-05
-4.22259e-06
2.18717e-05
-2.55497e-06
1.62511e-05
-1.8848e-06
1.08521e-05
-1.43857e-06
5.62638e-06
-5.51864e-07
3.92142e-06
-4.00201e-06
7.81241e-06
-1.43394e-05
-1.31195e-05
-8.28733e-06
-3.5053e-05
-2.89366e-05
3.8176e-06
-4.72314e-05
4.62738e-05
4.2085e-05
4.7287e-05
9.81914e-05
2.54911e-05
7.67136e-05
-3.3102e-05
0.00011246
8.1401e-05
9.25885e-05
4.32797e-05
7.02732e-05
2.06393e-05
5.20037e-05
9.60304e-06
3.94046e-05
5.45261e-06
3.07358e-05
4.44632e-06
2.40575e-05
4.12344e-06
1.81096e-05
4.06307e-06
1.20992e-05
4.57184e-06
4.68447e-06
6.86276e-06
2.41105e-07
4.41251e-07
1.26395e-05
-2.67379e-05
2.24739e-05
-1.81218e-05
-5.90713e-06
-5.55626e-07
-1.20562e-05
-4.10825e-05
3.07925e-05
-7.63879e-07
3.17641e-05
9.72196e-05
2.14563e-05
8.70211e-05
-1.16458e-05
9.48403e-05
9.03918e-05
7.92712e-05
5.88489e-05
6.31834e-05
3.67272e-05
4.96642e-05
2.31224e-05
3.92203e-05
1.58967e-05
3.13157e-05
1.23511e-05
2.50416e-05
1.03976e-05
1.92575e-05
9.84711e-06
1.28478e-05
1.09814e-05
1.90674e-06
1.78037e-05
-2.71519e-08
2.37498e-06
1.32976e-05
-4.00628e-05
2.74913e-05
-3.23156e-05
1.43298e-05
1.26058e-05
-1.1061e-05
-1.56918e-05
1.0467e-05
-2.2292e-05
1.68469e-05
9.08395e-05
1.99151e-05
8.39526e-05
8.26914e-06
7.28329e-05
9.46307e-05
6.43122e-05
6.73696e-05
5.45632e-05
4.64763e-05
4.51063e-05
3.25794e-05
3.68912e-05
2.41119e-05
3.04154e-05
1.88269e-05
2.52747e-05
1.55383e-05
2.08208e-05
1.4301e-05
1.56756e-05
1.61263e-05
7.16197e-06
2.63172e-05
1.29875e-05
-3.45069e-06
2.49878e-05
-5.20632e-05
3.32639e-05
-4.05917e-05
2.22852e-05
2.35845e-05
2.57946e-06
4.01384e-06
-2.71459e-06
-1.6998e-05
8.17358e-06
7.99511e-05
1.89211e-05
7.32048e-05
2.71901e-05
5.33803e-05
9.27884e-05
5.08238e-05
6.99261e-05
4.54804e-05
5.18198e-05
3.90594e-05
3.90004e-05
3.30971e-05
3.00742e-05
2.8412e-05
2.35121e-05
2.49605e-05
1.89896e-05
2.29859e-05
1.62754e-05
2.13383e-05
1.77738e-05
2.15545e-05
2.61008e-05
3.41368e-05
-1.60331e-05
3.90979e-05
-5.70244e-05
3.58752e-05
-3.7369e-05
1.97763e-05
3.96834e-05
4.52515e-06
1.9265e-05
-1.19875e-05
-4.85524e-07
3.89275e-06
6.40706e-05
1.12904e-05
6.58069e-05
3.84805e-05
3.77709e-05
8.66362e-05
3.87424e-05
6.89546e-05
3.62556e-05
5.43065e-05
3.23189e-05
4.29371e-05
2.84588e-05
3.39343e-05
2.54634e-05
2.65074e-05
2.38438e-05
2.0609e-05
2.41514e-05
1.59676e-05
2.69942e-05
1.49308e-05
3.89181e-05
1.41768e-05
4.95012e-05
-2.66161e-05
4.85277e-05
-5.60509e-05
3.34822e-05
-2.23234e-05
1.12154e-05
6.19504e-05
-4.1463e-06
3.46267e-05
-2.06696e-05
1.60377e-05
-9.13237e-06
5.25333e-05
-1.11266e-06
5.77871e-05
3.73678e-05
2.52978e-05
7.8856e-05
2.80732e-05
6.61792e-05
2.76309e-05
5.47487e-05
2.56665e-05
4.49015e-05
2.33823e-05
3.62183e-05
2.15673e-05
2.83223e-05
2.12182e-05
2.09579e-05
2.27005e-05
1.44853e-05
3.01626e-05
7.46863e-06
5.01909e-05
-5.85139e-06
5.91248e-05
-3.55499e-05
5.09951e-05
-4.7921e-05
2.47371e-05
3.93472e-06
4.34982e-08
8.66441e-05
-2.06038e-05
5.52739e-05
-3.71396e-05
3.25735e-05
-3.03333e-05
4.5727e-05
-1.08717e-05
3.83253e-05
2.6496e-05
1.58894e-05
7.12658e-05
1.94808e-05
6.25877e-05
2.03265e-05
5.39028e-05
1.95767e-05
4.56513e-05
1.81182e-05
3.76767e-05
1.67851e-05
2.96552e-05
1.65746e-05
2.11683e-05
1.82911e-05
1.27689e-05
2.87379e-05
-2.97814e-06
4.78167e-05
-2.49301e-05
5.527e-05
-4.3003e-05
4.01618e-05
-3.28128e-05
6.01576e-06
3.80809e-05
-2.10767e-05
0.000113737
-4.35095e-05
7.77067e-05
-5.92386e-05
4.83025e-05
-4.39485e-05
3.04368e-05
-1.58612e-05
1.02379e-05
1.06348e-05
9.57595e-06
6.47371e-05
1.31795e-05
5.8984e-05
1.45081e-05
5.25741e-05
1.42135e-05
4.59457e-05
1.28933e-05
3.89969e-05
1.12802e-05
3.12682e-05
9.99177e-06
2.24568e-05
1.11531e-05
1.16077e-05
2.01691e-05
-1.19939e-05
3.17651e-05
-3.65259e-05
3.21512e-05
-4.33889e-05
9.91059e-06
-1.0572e-05
-2.18783e-05
6.98699e-05
-3.93542e-05
0.000131212
-5.84363e-05
9.67887e-05
-6.57888e-05
5.5655e-05
-4.77315e-05
1.23793e-05
-2.2386e-05
-1.51076e-05
-1.17512e-05
5.59706e-06
5.95904e-05
8.68648e-06
5.58944e-05
9.936e-06
5.13244e-05
9.61182e-06
4.62698e-05
7.97983e-06
4.06288e-05
5.44463e-06
3.38035e-05
2.17437e-06
2.57272e-05
1.26494e-06
1.25173e-05
3.68196e-06
-1.44107e-05
4.06824e-06
-3.6912e-05
-3.05926e-06
-3.62613e-05
-2.22007e-05
8.56944e-06
-4.17372e-05
8.94064e-05
-4.72923e-05
0.000136768
-5.58851e-05
0.000105382
-5.33466e-05
5.31164e-05
-3.69375e-05
-4.02985e-06
-1.81789e-05
-3.38663e-05
-2.99303e-05
3.02448e-06
5.57894e-05
5.40159e-06
5.35172e-05
6.32125e-06
5.04046e-05
5.78099e-06
4.681e-05
3.66011e-06
4.27497e-05
-3.03808e-07
3.77674e-05
-6.49714e-06
3.19206e-05
-1.33624e-05
1.93827e-05
-2.06254e-05
-7.14763e-06
-2.59143e-05
-3.16229e-05
-3.28196e-05
-2.93558e-05
-4.45358e-05
2.02856e-05
-4.74103e-05
9.22809e-05
-4.0994e-05
0.000130351
-4.20494e-05
0.000106437
-3.92906e-05
5.03575e-05
-2.10834e-05
-2.2237e-05
-9.57674e-06
-4.53728e-05
-3.9507e-05
1.39457e-06
5.31024e-05
3.10201e-06
5.18097e-05
3.67829e-06
4.98283e-05
2.97729e-06
4.75109e-05
6.44389e-07
4.50826e-05
-4.12604e-06
4.25379e-05
-1.23538e-05
4.01485e-05
-2.49985e-05
3.20274e-05
-3.90988e-05
6.95274e-06
-4.73477e-05
-2.33739e-05
-5.09759e-05
-2.57276e-05
-5.15776e-05
2.08873e-05
-4.18155e-05
8.25189e-05
-2.66338e-05
0.000115169
-3.00666e-05
0.000109869
-4.0597e-05
6.08879e-05
-1.64883e-05
-4.63458e-05
-7.01695e-06
-5.48441e-05
-4.65239e-05
2.97511e-07
1.10351e-06
1.2625e-06
6.12303e-07
-1.17527e-06
-4.80292e-06
-1.10574e-05
-1.96711e-05
-2.71325e-05
-3.21956e-05
-3.81581e-05
-3.8317e-05
-2.49588e-05
-5.53235e-06
-1.9947e-05
-4.60803e-05
-1.45871e-05
-5.50161e-06
)
;

boundaryField
{
    leftWall
    {
        type            calculated;
        value           uniform 0;
    }
    rightWall
    {
        type            calculated;
        value           uniform 0;
    }
    lowerWall
    {
        type            calculated;
        value           uniform 0;
    }
    atmosphere
    {
        type            calculated;
        value           nonuniform List<scalar> 
46
(
-7.88974e-05
-8.07105e-05
-7.9563e-05
-7.80947e-05
-7.60744e-05
-5.80166e-05
-6.62076e-05
-6.32756e-05
-5.68257e-05
-5.03685e-05
-4.33831e-05
-3.62952e-05
-2.89371e-05
-2.12664e-05
-1.31722e-05
-4.33053e-06
5.20532e-06
1.41943e-05
2.22087e-05
2.91784e-05
3.50411e-05
3.9695e-05
4.30643e-05
2.11247e-05
2.15005e-05
2.17637e-05
2.19324e-05
5.17957e-05
5.10036e-05
4.96693e-05
4.81611e-05
4.68702e-05
4.61656e-05
4.64031e-05
4.06411e-05
1.44142e-05
-1.83107e-05
-1.97653e-05
2.10462e-05
6.91607e-05
9.57428e-05
0.000124284
8.70212e-05
-7.78391e-05
-6.39298e-05
-5.20255e-05
)
;
    }
    defaultFaces
    {
        type            empty;
        value           nonuniform 0();
    }
}


// ************************************************************************* //
