/*--------------------------------*- C++ -*----------------------------------*\
| =========                 |                                                 |
| \\      /  F ield         | OpenFOAM: The Open Source CFD Toolbox           |
|  \\    /   O peration     | Version:  2.3.0                                 |
|   \\  /    A nd           | Web:      www.OpenFOAM.org                      |
|    \\/     M anipulation  |                                                 |
\*---------------------------------------------------------------------------*/
FoamFile
{
    version     2.0;
    format      ascii;
    class       volVectorField;
    location    "1.85";
    object      U;
}
// * * * * * * * * * * * * * * * * * * * * * * * * * * * * * * * * * * * * * //

dimensions      [0 1 -1 0 0 0 0];

internalField   nonuniform List<vector> 
2268
(
(-0.0162394 0.00475445 0)
(-0.0135119 -0.00238198 0)
(-0.00353749 -0.0046461 0)
(0.00728319 -0.00429971 0)
(0.01718 -0.00350243 0)
(0.0253383 -0.00272739 0)
(0.0317547 -0.00210055 0)
(0.0367263 -0.00164272 0)
(0.0406018 -0.00133183 0)
(0.0436883 -0.00113306 0)
(0.0462381 -0.00100987 0)
(0.0484074 -0.000904937 0)
(0.0501892 -0.00074369 0)
(0.0513485 -0.000413348 0)
(0.0513267 0.000228103 0)
(0.0491319 0.00133838 0)
(0.0433862 0.00309933 0)
(0.0334408 0.00542835 0)
(0.0139704 0.0106856 0)
(-0.017487 0.0145867 0)
(-0.0560415 0.0116316 0)
(-0.0772353 -0.00445583 0)
(-0.0364163 -0.0234145 0)
(-0.00825887 0.00933788 0)
(-0.00233512 -0.00383094 0)
(0.00548944 -0.00758345 0)
(0.0142654 -0.00760859 0)
(0.0227066 -0.00658815 0)
(0.0301281 -0.00537023 0)
(0.036313 -0.00425002 0)
(0.0413044 -0.00333241 0)
(0.0452688 -0.00263202 0)
(0.0484078 -0.00212658 0)
(0.0509258 -0.00177272 0)
(0.0529707 -0.0014759 0)
(0.0545612 -0.00109805 0)
(0.0555211 -0.000434269 0)
(0.0554407 0.000767194 0)
(0.0537244 0.00278913 0)
(0.0493471 0.00583391 0)
(0.0413118 0.010203 0)
(0.0277993 0.0178635 0)
(0.00799639 0.02383 0)
(-0.0160313 0.0202446 0)
(-0.035684 -0.00141125 0)
(-0.0189294 -0.0412308 0)
(0.000859933 0.00921054 0)
(0.00510295 -0.0063984 0)
(0.0117726 -0.0108645 0)
(0.0193211 -0.0110629 0)
(0.026879 -0.00984968 0)
(0.0337942 -0.00824227 0)
(0.039726 -0.00665386 0)
(0.0445807 -0.00527329 0)
(0.0484266 -0.00416383 0)
(0.051409 -0.00332476 0)
(0.0537128 -0.00271225 0)
(0.0554943 -0.00219812 0)
(0.0568099 -0.00158604 0)
(0.0575552 -0.000586281 0)
(0.0574219 0.00114961 0)
(0.0559522 0.00396773 0)
(0.0524611 0.00818099 0)
(0.0461716 0.0141812 0)
(0.0371941 0.0231402 0)
(0.0257742 0.0302526 0)
(0.0120292 0.0269318 0)
(-0.00539281 0.003223 0)
(-0.000644611 -0.0474415 0)
(0.00625522 0.00627038 0)
(0.0104403 -0.00906029 0)
(0.0166796 -0.0140185 0)
(0.0236402 -0.0144414 0)
(0.0307127 -0.0131139 0)
(0.0373081 -0.0111618 0)
(0.0430226 -0.00911199 0)
(0.047685 -0.00724761 0)
(0.0513078 -0.00569238 0)
(0.0540069 -0.00447939 0)
(0.0559683 -0.00357626 0)
(0.0573754 -0.0028288 0)
(0.0583397 -0.00199029 0)
(0.058843 -0.00069209 0)
(0.058687 0.00149403 0)
(0.0575547 0.00497408 0)
(0.0550332 0.0101026 0)
(0.0506742 0.0172264 0)
(0.0451911 0.0267343 0)
(0.0392853 0.0344909 0)
(0.0319844 0.0321049 0)
(0.0187719 0.00864249 0)
(0.0156298 -0.0440323 0)
(0.00855965 0.00171416 0)
(0.0140295 -0.0120749 0)
(0.020509 -0.0171138 0)
(0.0274092 -0.017721 0)
(0.0343343 -0.0163092 0)
(0.0407824 -0.0140363 0)
(0.0463316 -0.0115236 0)
(0.0507729 -0.00915163 0)
(0.0540935 -0.00711463 0)
(0.0564002 -0.00549051 0)
(0.0578987 -0.00427192 0)
(0.0588164 -0.00328907 0)
(0.0593378 -0.00225798 0)
(0.0595477 -0.000741114 0)
(0.0593653 0.00175818 0)
(0.0586176 0.0056812 0)
(0.0571236 0.0113792 0)
(0.0547536 0.0190784 0)
(0.0522603 0.0286437 0)
(0.0504588 0.0365268 0)
(0.0475898 0.0354141 0)
(0.0386612 0.0150497 0)
(0.0292596 -0.0335677 0)
(0.00927988 -0.00366907 0)
(0.0162849 -0.0155887 0)
(0.0234082 -0.0203386 0)
(0.030628 -0.0210108 0)
(0.0376819 -0.0194771 0)
(0.0441397 -0.0168586 0)
(0.0495852 -0.0138489 0)
(0.0537979 -0.010926 0)
(0.056763 -0.00835974 0)
(0.0585944 -0.00628204 0)
(0.0595318 -0.00472473 0)
(0.0598599 -0.0035133 0)
(0.0598503 -0.00234191 0)
(0.0597069 -0.000712775 0)
(0.059474 0.00193224 0)
(0.0591182 0.0060492 0)
(0.0586546 0.011953 0)
(0.0582087 0.0197426 0)
(0.0584932 0.0289917 0)
(0.0601153 0.0366975 0)
(0.0608462 0.0370834 0)
(0.0565587 0.022124 0)
(0.0420697 -0.0169202 0)
(0.00937371 -0.00944342 0)
(0.0175872 -0.0196154 0)
(0.0254594 -0.0238391 0)
(0.0332102 -0.0244437 0)
(0.0405873 -0.0227047 0)
(0.0471809 -0.0196697 0)
(0.0525854 -0.016092 0)
(0.056584 -0.0125486 0)
(0.0591756 -0.00938889 0)
(0.0604922 -0.00680476 0)
(0.060817 -0.004882 0)
(0.0604972 -0.00345018 0)
(0.0598989 -0.00219971 0)
(0.0593577 -0.000580751 0)
(0.0590487 0.00202652 0)
(0.0590716 0.00608241 0)
(0.0596095 0.0118457 0)
(0.0609901 0.0193093 0)
(0.0639064 0.0279184 0)
(0.0687748 0.0352339 0)
(0.0732258 0.0370172 0)
(0.074269 0.0293467 0)
(0.0573802 0.0132172 0)
(0.00939214 -0.0154546 0)
(0.0181878 -0.0241291 0)
(0.0266953 -0.0277516 0)
(0.0350327 -0.0281934 0)
(0.0428327 -0.0261501 0)
(0.0496376 -0.0225904 0)
(0.055049 -0.018331 0)
(0.0588635 -0.0140591 0)
(0.0611031 -0.010211 0)
(0.0619251 -0.00704309 0)
(0.061658 -0.00471323 0)
(0.060706 -0.00305549 0)
(0.0595254 -0.0017839 0)
(0.0585852 -0.000307275 0)
(0.0581959 0.00206074 0)
(0.0585865 0.00577481 0)
(0.0600918 0.0110314 0)
(0.0632103 0.0177437 0)
(0.0686688 0.025322 0)
(0.0768458 0.0318392 0)
(0.085865 0.0343027 0)
(0.0929687 0.0327972 0)
(0.0932606 0.0536282 0)
(-0.0981809 0.0265104 0)
(-0.130318 0.00151515 0)
(-0.0678849 -0.0343119 0)
(0.0324872 -0.0405235 0)
(0.136548 -0.035836 0)
(0.22439 -0.0273762 0)
(0.289669 -0.0191746 0)
(0.330982 -0.0110899 0)
(0.347478 -0.00253045 0)
(0.338188 0.00408768 0)
(0.309895 0.0113858 0)
(0.259545 0.0189929 0)
(0.187471 0.0203483 0)
(0.111216 0.0191601 0)
(0.0513469 0.0159389 0)
(0.0073908 0.0127906 0)
(-0.0366039 0.0107329 0)
(-0.0593757 -0.0025798 0)
(-0.0304248 -0.01691 0)
(-0.0931587 0.0611074 0)
(-0.0596017 -0.00169855 0)
(0.00713238 -0.0574646 0)
(0.0958472 -0.0707773 0)
(0.179585 -0.0629364 0)
(0.248109 -0.04799 0)
(0.299648 -0.033232 0)
(0.332997 -0.0175949 0)
(0.343734 -0.00146527 0)
(0.337162 0.0108704 0)
(0.319764 0.0238476 0)
(0.286946 0.038833 0)
(0.224586 0.0465675 0)
(0.145613 0.0456768 0)
(0.0809106 0.0374843 0)
(0.0373405 0.0283879 0)
(0.000305013 0.0227468 0)
(-0.0257713 0.00316712 0)
(-0.0195432 -0.0298184 0)
(-0.0595544 0.0800226 0)
(-0.000403982 -0.0227121 0)
(0.0698136 -0.0881985 0)
(0.144097 -0.100984 0)
(0.207804 -0.0884455 0)
(0.258325 -0.0683969 0)
(0.297273 -0.0481166 0)
(0.324682 -0.025718 0)
(0.333356 -0.00149692 0)
(0.322956 0.0163254 0)
(0.302302 0.0340588 0)
(0.271316 0.0564538 0)
(0.218704 0.0725912 0)
(0.150665 0.071966 0)
(0.0956638 0.0581651 0)
(0.0597306 0.043094 0)
(0.030263 0.0339308 0)
(0.00335713 0.0104903 0)
(-0.002771 -0.0354151 0)
(-0.0232698 0.0840564 0)
(0.0571813 -0.0491756 0)
(0.128107 -0.118528 0)
(0.187283 -0.126601 0)
(0.231624 -0.10828 0)
(0.264386 -0.0838506 0)
(0.290025 -0.0600361 0)
(0.311274 -0.0332886 0)
(0.319309 -0.000590064 0)
(0.307969 0.0232816 0)
(0.285881 0.0452136 0)
(0.255946 0.0734243 0)
(0.210837 0.0961107 0)
(0.153609 0.0958075 0)
(0.107688 0.0756038 0)
(0.0792397 0.0558387 0)
(0.0556687 0.044608 0)
(0.029129 0.0197367 0)
(0.0130575 -0.0307896 0)
(0.0135258 0.0688968 0)
(0.116256 -0.0809986 0)
(0.184319 -0.145937 0)
(0.226783 -0.145431 0)
(0.25143 -0.120915 0)
(0.266475 -0.0929862 0)
(0.278996 -0.0676666 0)
(0.292904 -0.0391761 0)
(0.299955 0.000366768 0)
(0.290512 0.0302132 0)
(0.269847 0.0555038 0)
(0.242946 0.0878774 0)
(0.205596 0.114935 0)
(0.159261 0.115406 0)
(0.121492 0.089857 0)
(0.0984852 0.0658924 0)
(0.0786635 0.0543348 0)
(0.0514079 0.0315987 0)
(0.0261278 -0.0189574 0)
(0.0573958 0.035059 0)
(0.180006 -0.118407 0)
(0.237597 -0.167927 0)
(0.260949 -0.155849 0)
(0.265852 -0.125469 0)
(0.263675 -0.0957092 0)
(0.263485 -0.0709717 0)
(0.269612 -0.0429158 0)
(0.274409 0.000819002 0)
(0.268856 0.0366788 0)
(0.25348 0.0648407 0)
(0.232657 0.100535 0)
(0.204205 0.130546 0)
(0.169238 0.131135 0)
(0.139297 0.101425 0)
(0.119709 0.0741026 0)
(0.100664 0.0638773 0)
(0.0709587 0.0460217 0)
(0.0371011 -0.000591788 0)
(0.13025 -0.0426725 0)
(0.246716 -0.159232 0)
(0.283339 -0.181316 0)
(0.287151 -0.15709 0)
(0.273323 -0.12175 0)
(0.254845 -0.0918424 0)
(0.242919 -0.0700036 0)
(0.241828 -0.044112 0)
(0.244044 0.00053943 0)
(0.243602 0.0403279 0)
(0.236809 0.0712556 0)
(0.22504 0.110003 0)
(0.207047 0.142479 0)
(0.183956 0.143472 0)
(0.161811 0.11142 0)
(0.144167 0.0819872 0)
(0.122969 0.0745132 0)
(0.0889292 0.0633075 0)
(0.0471518 0.0236657 0)
(0.240554 -0.148695 0)
(0.306494 -0.193736 0)
(0.316205 -0.184501 0)
(0.303534 -0.149934 0)
(0.27297 -0.110637 0)
(0.239607 -0.0818433 0)
(0.217625 -0.0650497 0)
(0.211144 -0.0432196 0)
(0.212202 -0.000638416 0)
(0.217116 0.0401109 0)
(0.219499 0.0728123 0)
(0.21708 0.114118 0)
(0.209439 0.148589 0)
(0.198495 0.150664 0)
(0.186521 0.11928 0)
(0.170095 0.0906989 0)
(0.145109 0.0872022 0)
(0.105575 0.0838958 0)
(0.0566072 0.0533862 0)
(0.0093573 -0.0253182 0)
(0.0181115 -0.0319713 0)
(0.0272632 -0.0346604 0)
(0.0364826 -0.0347144 0)
(0.0450067 -0.0320142 0)
(0.0522184 -0.0274367 0)
(0.057716 -0.0218971 0)
(0.0613282 -0.0162888 0)
(0.0631303 -0.0111963 0)
(0.0633348 -0.00697739 0)
(0.0623415 -0.00393614 0)
(0.0606121 -0.00188991 0)
(0.0587041 -0.000652074 0)
(0.0572677 0.000396803 0)
(0.0568152 0.00204634 0)
(0.0577927 0.00472724 0)
(0.0607736 0.00853955 0)
(0.0665021 0.0133234 0)
(0.0758241 0.0185056 0)
(0.0892991 0.0227413 0)
(0.106689 0.0242757 0)
(0.128835 0.0242858 0)
(0.167694 0.0343514 0)
(0.00915191 -0.0392604 0)
(0.015841 -0.0430578 0)
(0.0249741 -0.0444366 0)
(0.0348247 -0.043571 0)
(0.0441511 -0.0395882 0)
(0.0519453 -0.0334719 0)
(0.0577328 -0.026209 0)
(0.0613865 -0.0189419 0)
(0.0631091 -0.0123971 0)
(0.0633174 -0.00698726 0)
(0.0625181 -0.00316691 0)
(0.0610558 -0.000663606 0)
(0.0593572 0.000487697 0)
(0.0580309 0.000868893 0)
(0.0577458 0.00127717 0)
(0.0594768 0.00190998 0)
(0.0643335 0.00262286 0)
(0.0733687 0.00314511 0)
(0.0874099 0.00309294 0)
(0.106933 0.00154105 0)
(0.132223 -0.00327246 0)
(0.164188 -0.0144531 0)
(0.209227 -0.0346653 0)
(0.0138921 -0.0474802 0)
(0.0103593 -0.0481049 0)
(0.0181171 -0.0513712 0)
(0.027579 -0.0511887 0)
(0.0376275 -0.0461854 0)
(0.0462139 -0.0385895 0)
(0.0524961 -0.0295551 0)
(0.056268 -0.0206579 0)
(0.057963 -0.0126974 0)
(0.0589641 -0.00606812 0)
(0.0602504 -0.00147705 0)
(0.0615709 0.00164912 0)
(0.0625863 0.00249242 0)
(0.0624427 0.00162533 0)
(0.0616005 0.000371443 0)
(0.0632907 -0.0012008 0)
(0.0699297 -0.00333275 0)
(0.082208 -0.00617362 0)
(0.100004 -0.0101813 0)
(0.122875 -0.0166166 0)
(0.151365 -0.0271384 0)
(0.186784 -0.0453684 0)
(0.232297 -0.0719156 0)
(0.0287812 -0.050359 0)
(0.00388856 -0.0456157 0)
(0.00680853 -0.0553427 0)
(0.0119275 -0.0600169 0)
(0.0232726 -0.0554565 0)
(0.0336361 -0.0456111 0)
(0.04043 -0.0330929 0)
(0.0429526 -0.0206274 0)
(0.0420558 -0.0115246 0)
(0.0453088 -0.00637716 0)
(0.0556408 -0.00307236 0)
(0.0693253 0.00046416 0)
(0.0837838 0.00269263 0)
(0.0864587 0.00495036 0)
(0.0748812 0.00224949 0)
(0.0689527 -0.00284683 0)
(0.0728652 -0.00761055 0)
(0.0853138 -0.012655 0)
(0.104464 -0.0195376 0)
(0.126204 -0.0308382 0)
(0.1513 -0.0459604 0)
(0.18225 -0.0702605 0)
(0.226501 -0.100242 0)
(0.0120122 -0.0843977 0)
(0.00249798 -0.0511968 0)
(0.00375945 -0.064547 0)
(0.00907645 -0.0832612 0)
(0.0157023 -0.0806213 0)
(0.0230026 -0.0655259 0)
(0.0303049 -0.049753 0)
(0.04376 -0.0334189 0)
(0.0687564 -0.0216209 0)
(0.0950432 -0.0278482 0)
(0.125095 -0.0355362 0)
(0.163751 -0.0367868 0)
(0.201335 -0.0333388 0)
(0.229901 -0.0132638 0)
(0.252382 0.0237611 0)
(0.182627 0.0147534 0)
(0.102406 -0.0165166 0)
(0.042647 -0.0483003 0)
(-0.00564762 -0.0763212 0)
(0.000370342 -0.0816726 0)
(-0.0188737 -0.076044 0)
(0.00283814 -0.079606 0)
(-0.0727113 -0.161152 0)
(0.0125714 -0.054438 0)
(0.0292637 -0.0459898 0)
(0.0526213 -0.0575975 0)
(0.0399858 -0.0691522 0)
(0.0193175 -0.0702736 0)
(0.0231092 -0.0581564 0)
(0.045754 -0.0561221 0)
(0.071458 -0.053789 0)
(0.0973611 -0.0492658 0)
(0.120116 -0.0533983 0)
(0.141166 -0.0632862 0)
(0.164551 -0.0659408 0)
(0.181699 -0.0545278 0)
(0.18649 -0.0139796 0)
(0.174618 0.0776547 0)
(0.115639 0.107216 0)
(0.0560307 0.0967912 0)
(-0.0621985 0.0700025 0)
(-0.2134 0.00184886 0)
(-0.296691 -0.0123882 0)
(-0.444534 0.00538781 0)
(-0.397229 -0.162148 0)
(-0.298753 -0.223344 0)
(0.0291094 -0.11238 0)
(0.0616321 -0.0831121 0)
(0.0743533 -0.0664815 0)
(0.0761424 -0.0522716 0)
(0.0759723 -0.0610355 0)
(0.0752328 -0.0721495 0)
(0.0771355 -0.077707 0)
(0.0850535 -0.0729063 0)
(0.102742 -0.0615335 0)
(0.120754 -0.0623742 0)
(0.130919 -0.0782378 0)
(0.13382 -0.0787805 0)
(0.124762 -0.0598278 0)
(0.102408 -0.00812591 0)
(0.0808022 0.0978444 0)
(0.0541324 0.15014 0)
(0.0192154 0.174915 0)
(-0.0757827 0.211594 0)
(-0.209999 0.137877 0)
(-0.28103 0.0848882 0)
(-0.326216 0.0408962 0)
(-0.321993 -0.140992 0)
(-0.303476 -0.239086 0)
(0.00968797 -0.151004 0)
(0.0392488 -0.107602 0)
(0.0557305 -0.079095 0)
(0.0688338 -0.0650563 0)
(0.0785769 -0.0665525 0)
(0.0846444 -0.0764419 0)
(0.0884852 -0.0900448 0)
(0.0917254 -0.0980492 0)
(0.0955297 -0.0938254 0)
(0.0969486 -0.0841191 0)
(0.0930479 -0.0813744 0)
(0.0728061 -0.0725628 0)
(0.0475007 -0.0398994 0)
(0.0308204 0.0205879 0)
(0.0190106 0.110324 0)
(0.0031266 0.174906 0)
(-0.0237458 0.225984 0)
(-0.0788968 0.296428 0)
(-0.154851 0.225173 0)
(-0.197134 0.139974 0)
(-0.225165 0.0593499 0)
(-0.243133 -0.146168 0)
(-0.254274 -0.251257 0)
(-0.00102731 -0.16537 0)
(0.0148501 -0.122035 0)
(0.0272853 -0.0940483 0)
(0.0408053 -0.0794739 0)
(0.0523377 -0.0765814 0)
(0.0598764 -0.0804842 0)
(0.0631672 -0.0863722 0)
(0.0626834 -0.0873661 0)
(0.0594918 -0.0808722 0)
(0.0529794 -0.0705358 0)
(0.0400722 -0.0589775 0)
(0.0196833 -0.0416012 0)
(-9.11469e-05 -0.0159713 0)
(-0.0199689 0.0381296 0)
(-0.033391 0.120202 0)
(-0.0473061 0.197148 0)
(-0.0698362 0.264595 0)
(-0.0843573 0.33124 0)
(-0.0918374 0.264735 0)
(-0.099416 0.164432 0)
(-0.100023 0.0844328 0)
(-0.137674 -0.11297 0)
(-0.186326 -0.249262 0)
(-0.0113846 -0.165222 0)
(-0.00638883 -0.129106 0)
(-0.00121486 -0.104662 0)
(0.00692377 -0.0907467 0)
(0.0148884 -0.085407 0)
(0.0201175 -0.0852758 0)
(0.0213268 -0.0862042 0)
(0.0186978 -0.083063 0)
(0.0136593 -0.0737233 0)
(0.00671542 -0.059742 0)
(-0.00324407 -0.0426532 0)
(-0.0177214 -0.0229822 0)
(-0.0391399 0.00332466 0)
(-0.0638475 0.0562523 0)
(-0.0795346 0.13332 0)
(-0.0854582 0.213396 0)
(-0.086382 0.279304 0)
(-0.066053 0.314756 0)
(-0.0391834 0.250941 0)
(-0.0271049 0.160476 0)
(-0.0180963 0.0832547 0)
(-0.0290185 -0.0425189 0)
(-0.0731591 -0.211403 0)
(-0.0190804 -0.151535 0)
(-0.0237872 -0.126507 0)
(-0.0263702 -0.107648 0)
(-0.0252941 -0.0958712 0)
(-0.0229619 -0.0897841 0)
(-0.0218044 -0.0869823 0)
(-0.0233237 -0.084345 0)
(-0.0275898 -0.07838 0)
(-0.0334951 -0.0673905 0)
(-0.0403664 -0.0518058 0)
(-0.0488379 -0.0318538 0)
(-0.0601951 -0.00661296 0)
(-0.0754251 0.027316 0)
(-0.0909512 0.077087 0)
(-0.0977054 0.141229 0)
(-0.0916351 0.206556 0)
(-0.0724123 0.257699 0)
(-0.0336366 0.274759 0)
(0.00209697 0.22273 0)
(0.019914 0.148836 0)
(0.027996 0.074731 0)
(0.0262561 -0.0210203 0)
(-0.00622604 -0.137914 0)
(-0.0242511 -0.128428 0)
(-0.0366267 -0.114964 0)
(-0.0462044 -0.10283 0)
(-0.0518249 -0.0944079 0)
(-0.0551581 -0.089012 0)
(-0.0582611 -0.0850519 0)
(-0.0624793 -0.0803861 0)
(-0.0680291 -0.0727658 0)
(-0.0743264 -0.0609103 0)
(-0.0809333 -0.0445863 0)
(-0.0879624 -0.0235342 0)
(-0.0956987 0.00320579 0)
(-0.103752 0.0377354 0)
(-0.108793 0.0825791 0)
(-0.10483 0.134953 0)
(-0.0878991 0.18555 0)
(-0.0572799 0.222258 0)
(-0.0137003 0.230673 0)
(0.0251487 0.194296 0)
(0.0466241 0.135776 0)
(0.0550441 0.0679873 0)
(0.0514451 -0.0104184 0)
(0.025269 -0.0978734 0)
(-0.027275 -0.0988097 0)
(-0.0448487 -0.0966225 0)
(-0.0597437 -0.0915549 0)
(-0.0706844 -0.0871894 0)
(-0.0786689 -0.0835381 0)
(-0.0853243 -0.0797427 0)
(-0.0917905 -0.0744915 0)
(-0.0983741 -0.0663872 0)
(-0.104801 -0.0544914 0)
(-0.110721 -0.0383696 0)
(-0.115889 -0.0176442 0)
(-0.119921 0.00829443 0)
(-0.121781 0.0402715 0)
(-0.118759 0.0785298 0)
(-0.107076 0.120075 0)
(-0.0842709 0.158061 0)
(-0.0506859 0.183648 0)
(-0.0100583 0.18764 0)
(0.026703 0.162671 0)
(0.049555 0.119624 0)
(0.0596566 0.0656949 0)
(0.0561737 0.00288779 0)
(0.0342685 -0.0636334 0)
(-0.0283828 -0.0657489 0)
(-0.0487324 -0.0738894 0)
(-0.0669712 -0.0757131 0)
(-0.0815164 -0.0757135 0)
(-0.0927923 -0.0745314 0)
(-0.102015 -0.0719199 0)
(-0.110113 -0.0672087 0)
(-0.117396 -0.0596022 0)
(-0.123729 -0.0484908 0)
(-0.128786 -0.0335158 0)
(-0.132133 -0.0144175 0)
(-0.13311 0.00902069 0)
(-0.130579 0.0368224 0)
(-0.122587 0.0682565 0)
(-0.106936 0.100597 0)
(-0.0825369 0.128935 0)
(-0.0504786 0.147223 0)
(-0.0145793 0.149793 0)
(0.017938 0.133393 0)
(0.0405873 0.102814 0)
(0.0517124 0.0622234 0)
(0.050388 0.0143371 0)
(0.0346056 -0.036543 0)
(-0.0277385 -0.0318892 0)
(-0.0487224 -0.0491043 0)
(-0.0684046 -0.0572636 0)
(-0.0848699 -0.0615632 0)
(-0.0980889 -0.0632 0)
(-0.108898 -0.0624192 0)
(-0.118004 -0.0590303 0)
(-0.125662 -0.052675 0)
(-0.131778 -0.043041 0)
(-0.13605 -0.0299444 0)
(-0.138001 -0.0133154 0)
(-0.136948 0.00675998 0)
(-0.13193 0.0298884 0)
(-0.121665 0.0550336 0)
(-0.104993 0.0799633 0)
(-0.081661 0.101243 0)
(-0.0529841 0.114899 0)
(-0.0220981 0.117455 0)
(0.00612037 0.107218 0)
(0.0272065 0.0860436 0)
(0.0390249 0.0565649 0)
(0.0404049 0.021071 0)
(0.0294326 -0.0172892 0)
(-0.0254936 0.000652285 0)
(-0.0453197 -0.0243556 0)
(-0.0648247 -0.0379848 0)
(-0.0817536 -0.0461784 0)
(-0.0957528 -0.0506456 0)
(-0.107299 -0.0520016 0)
(-0.116871 -0.0503935 0)
(-0.124637 -0.0457726 0)
(-0.13051 -0.0380704 0)
(-0.13422 -0.0272841 0)
(-0.135337 -0.0135158 0)
(-0.133279 0.00295926 0)
(-0.127338 0.0215767 0)
(-0.116737 0.0413068 0)
(-0.100948 0.0604246 0)
(-0.0801357 0.0765616 0)
(-0.0555343 0.0871293 0)
(-0.0295509 0.0899527 0)
(-0.0055182 0.0839769 0)
(0.0134125 0.0699719 0)
(0.0252074 0.0494697 0)
(0.0285317 0.0242158 0)
(0.0217117 -0.00310975 0)
(-0.021933 0.0297159 0)
(-0.0390955 -0.00145309 0)
(-0.0571344 -0.0193399 0)
(-0.0733776 -0.0307235 0)
(-0.0872476 -0.0377582 0)
(-0.0988591 -0.0412843 0)
(-0.108463 -0.0416477 0)
(-0.116133 -0.0389974 0)
(-0.121776 -0.0334412 0)
(-0.125164 -0.0251216 0)
(-0.125949 -0.0142656 0)
(-0.123688 -0.00124592 0)
(-0.117901 0.0133387 0)
(-0.108162 0.0285816 0)
(-0.0942917 0.0431881 0)
(-0.076624 0.0555346 0)
(-0.0562003 0.063926 0)
(-0.0348051 0.0669746 0)
(-0.0147589 0.0639891 0)
(0.00166695 0.0552715 0)
(0.0127112 0.0417465 0)
(0.017001 0.0247934 0)
(0.0131603 0.00673304 0)
(-0.0169176 0.0537203 0)
(-0.030676 0.0182236 0)
(-0.0463224 -0.00241165 0)
(-0.0610559 -0.0160464 0)
(-0.0741333 -0.0252036 0)
(-0.085297 -0.0307431 0)
(-0.0945874 -0.0330661 0)
(-0.101992 -0.0324207 0)
(-0.10741 -0.0290255 0)
(-0.110652 -0.0231226 0)
(-0.111454 -0.0150156 0)
(-0.109503 -0.00511435 0)
(-0.104494 0.00601525 0)
(-0.0962179 0.017616 0)
(-0.08468 0.0287266 0)
(-0.0702477 0.038232 0)
(-0.0537532 0.0450162 0)
(-0.0364997 0.0481811 0)
(-0.0201255 0.0472675 0)
(-0.00629396 0.0424 0)
(0.00355672 0.0341781 0)
(0.00825759 0.0236835 0)
(0.00685455 0.0128349 0)
(-0.0117583 0.0716415 0)
(-0.0213383 0.033667 0)
(-0.0337233 0.0119816 0)
(-0.046275 -0.00276298 0)
(-0.0580315 -0.0134921 0)
(-0.0683125 -0.0207652 0)
(-0.0769826 -0.0248877 0)
(-0.0839522 -0.026127 0)
(-0.0891073 -0.0247588 0)
(-0.0922866 -0.0210831 0)
(-0.0932906 -0.0154419 0)
(-0.0919039 -0.00824605 0)
(-0.0879412 -2.08617e-06 0)
(-0.0813173 0.0086735 0)
(-0.0721218 0.0170652 0)
(-0.0606946 0.0244012 0)
(-0.0476802 0.0299421 0)
(-0.0340223 0.0331043 0)
(-0.0208821 0.0335866 0)
(-0.00946919 0.031453 0)
(-0.00088046 0.0271146 0)
(0.00403542 0.0213612 0)
(0.00478034 0.0154737 0)
(-0.0076321 0.083094 0)
(-0.0128988 0.0441684 0)
(-0.0213284 0.0227749 0)
(-0.0307787 0.00844626 0)
(-0.0405826 -0.00314566 0)
(-0.0495186 -0.0117366 0)
(-0.0572502 -0.0173626 0)
(-0.0635957 -0.0202398 0)
(-0.0684033 -0.0206551 0)
(-0.0715147 -0.0189298 0)
(-0.0727667 -0.0154143 0)
(-0.0720055 -0.0104987 0)
(-0.0691188 -0.0046245 0)
(-0.0640823 0.00171157 0)
(-0.0570111 0.0079736 0)
(-0.048195 0.0136197 0)
(-0.0381213 0.0181543 0)
(-0.027468 0.0211984 0)
(-0.0170533 0.0225579 0)
(-0.00773762 0.0222723 0)
(-0.000308416 0.0206148 0)
(0.0046748 0.0180914 0)
(0.0069766 0.0153889 0)
(-0.00358215 0.0901856 0)
(-0.00453547 0.050203 0)
(-0.00970341 0.0295188 0)
(-0.0158842 0.0168295 0)
(-0.0231363 0.00525874 0)
(-0.0302881 -0.00406081 0)
(-0.036789 -0.0107529 0)
(-0.0423253 -0.0149135 0)
(-0.0466743 -0.0167919 0)
(-0.0496522 -0.0166927 0)
(-0.0511036 -0.0149477 0)
(-0.050905 -0.0119106 0)
(-0.0489803 -0.00795909 0)
(-0.04533 -0.0034915 0)
(-0.0400606 0.00108673 0)
(-0.0334043 0.0053889 0)
(-0.0257242 0.00907736 0)
(-0.0175021 0.011903 0)
(-0.00930873 0.0137405 0)
(-0.00174265 0.0146123 0)
(0.00465053 0.0146827 0)
(0.00951507 0.0142291 0)
(0.012727 0.0135355 0)
(0.00370918 0.0904756 0)
(0.00607326 0.0532555 0)
(0.00228476 0.0337649 0)
(-0.00168671 0.0223351 0)
(-0.00641791 0.0114072 0)
(-0.0116387 0.00199305 0)
(-0.0167637 -0.00525454 0)
(-0.0213693 -0.0102871 0)
(-0.0251569 -0.0132725 0)
(-0.0279064 -0.0144623 0)
(-0.0294539 -0.0141445 0)
(-0.0296841 -0.0126244 0)
(-0.028534 -0.0102175 0)
(-0.0260065 -0.00724235 0)
(-0.0221861 -0.00400783 0)
(-0.0172481 -0.000795372 0)
(-0.0114566 0.00216014 0)
(-0.00515167 0.00469112 0)
(0.0012718 0.0067139 0)
(0.00740281 0.00823593 0)
(0.0128696 0.00934199 0)
(0.0174444 0.0101511 0)
(0.0210377 0.0107124 0)
(0.0126332 0.0799558 0)
(0.0169332 0.0538954 0)
(0.0143439 0.0368226 0)
(0.0119865 0.0257641 0)
(0.00912953 0.0155406 0)
(0.00559255 0.00645425 0)
(0.00179803 -0.000920772 0)
(-0.00183104 -0.00644522 0)
(-0.00497135 -0.0101964 0)
(-0.00738279 -0.0123545 0)
(-0.0088915 -0.0131484 0)
(-0.00938023 -0.0128279 0)
(-0.00878518 -0.0116492 0)
(-0.00710055 -0.00986438 0)
(-0.00438432 -0.00771004 0)
(-0.000761067 -0.00539401 0)
(0.00358201 -0.00308342 0)
(0.00840748 -0.000893638 0)
(0.013445 0.00111651 0)
(0.0184146 0.00294217 0)
(0.0230609 0.00461457 0)
(0.0272288 0.0061593 0)
(0.0308371 0.00750379 0)
(0.0155874 0.0609838 0)
(0.0228232 0.0504694 0)
(0.0236611 0.0377992 0)
(0.0234834 0.027513 0)
(0.0223294 0.0180168 0)
(0.0203302 0.00946856 0)
(0.0178502 0.00225634 0)
(0.0152605 -0.00345394 0)
(0.0128732 -0.00767084 0)
(0.0109332 -0.0105061 0)
(0.0096223 -0.0121275 0)
(0.00906509 -0.0127285 0)
(0.00933382 -0.0125097 0)
(0.0104491 -0.0116672 0)
(0.0123801 -0.0103811 0)
(0.0150451 -0.00880587 0)
(0.0183168 -0.00706165 0)
(0.0220334 -0.00523007 0)
(0.0260103 -0.00335423 0)
(0.0300555 -0.00144564 0)
(0.0339901 0.000496321 0)
(0.0376993 0.00244821 0)
(0.0411072 0.00428579 0)
(0.0128025 0.0422752 0)
(0.0229403 0.0429516 0)
(0.0279766 0.0354294 0)
(0.0306744 0.0270372 0)
(0.0316696 0.0187021 0)
(0.0314414 0.0109567 0)
(0.030435 0.00417963 0)
(0.0290316 -0.00143463 0)
(0.0275488 -0.00583779 0)
(0.0262423 -0.00907912 0)
(0.0253064 -0.011267 0)
(0.024879 -0.0125398 0)
(0.0250471 -0.0130467 0)
(0.0258501 -0.0129347 0)
(0.0272834 -0.0123379 0)
(0.0293012 -0.0113698 0)
(0.0318227 -0.0101163 0)
(0.0347404 -0.00863441 0)
(0.0379294 -0.00695491 0)
(0.0412573 -0.00509076 0)
(0.0445962 -0.00305525 0)
(0.0478547 -0.000891972 0)
(0.0509665 0.00126239 0)
(0.0092213 0.0275783 0)
(0.0201763 0.0328722 0)
(0.028084 0.0296717 0)
(0.0334633 0.0238662 0)
(0.0367413 0.0172485 0)
(0.0384407 0.0106868 0)
(0.03905 0.00466439 0)
(0.0389728 -0.000558247 0)
(0.0385418 -0.00486827 0)
(0.0380265 -0.0082519 0)
(0.0376367 -0.0107583 0)
(0.0375271 -0.012472 0)
(0.0378023 -0.0134931 0)
(0.0385223 -0.0139237 0)
(0.0397072 -0.0138583 0)
(0.0413418 -0.0133759 0)
(0.0433813 -0.0125351 0)
(0.0457582 -0.0113732 0)
(0.0483904 -0.00990919 0)
(0.0511862 -0.00815258 0)
(0.0540528 -0.006119 0)
(0.0569145 -0.00385518 0)
(0.0597191 -0.00148975 0)
(0.00698336 0.0156937 0)
(0.0171171 0.0220557 0)
(0.0260979 0.0217521 0)
(0.0331589 0.0184237 0)
(0.0382488 0.0137414 0)
(0.0416699 0.0086294 0)
(0.0438248 0.00363123 0)
(0.0450829 -0.0009339 0)
(0.0457634 -0.00489342 0)
(0.0461351 -0.00817428 0)
(0.046415 -0.0107693 0)
(0.0467698 -0.0127111 0)
(0.04732 -0.0140531 0)
(0.048144 -0.0148561 0)
(0.0492839 -0.015178 0)
(0.0507496 -0.0150676 0)
(0.0525248 -0.0145592 0)
(0.0545725 -0.0136719 0)
(0.0568414 -0.0124127 0)
(0.0592688 -0.010784 0)
(0.0617878 -0.00879664 0)
(0.0643351 -0.00649086 0)
(0.0668746 -0.00397754 0)
(0.00579036 0.00572827 0)
(0.0146877 0.011798 0)
(0.0235431 0.013127 0)
(0.0312212 0.0116809 0)
(0.0373615 0.00874019 0)
(0.0420083 0.00508729 0)
(0.0454054 0.0012262 0)
(0.0478288 -0.00251551 0)
(0.0495445 -0.00593391 0)
(0.0507941 -0.00891381 0)
(0.0517834 -0.0114023 0)
(0.0526797 -0.0133871 0)
(0.053611 -0.0148797 0)
(0.0546688 -0.015903 0)
(0.0559114 -0.016482 0)
(0.0573685 -0.0166372 0)
(0.0590456 -0.0163805 0)
(0.060929 -0.0157138 0)
(0.0629901 -0.014631 0)
(0.0651881 -0.0131248 0)
(0.0674758 -0.0111971 0)
(0.0698016 -0.00887703 0)
(0.072145 -0.00625446 0)
(0.00506483 -0.00290515 0)
(0.0128515 0.00253711 0)
(0.021048 0.00470345 0)
(0.028625 0.00452033 0)
(0.0351286 0.00293843 0)
(0.0404403 0.000555322 0)
(0.0446579 -0.00221998 0)
(0.0479482 -0.00509848 0)
(0.0505024 -0.0078794 0)
(0.0525134 -0.0104304 0)
(0.0541588 -0.0126702 0)
(0.055592 -0.0145532 0)
(0.0569381 -0.0160572 0)
(0.0582931 -0.0171728 0)
(0.0597248 -0.0178958 0)
(0.0612763 -0.0182216 0)
(0.0629687 -0.0181409 0)
(0.0648053 -0.0176387 0)
(0.0667746 -0.0166957 0)
(0.0688526 -0.0152934 0)
(0.0710075 -0.0134226 0)
(0.0731995 -0.0110996 0)
(0.0754221 -0.00839317 0)
(0.0044859 -0.0105449 0)
(0.0113403 -0.00570084 0)
(0.0187208 -0.00312301 0)
(0.0258322 -0.00250153 0)
(0.0322394 -0.00310175 0)
(0.0377574 -0.00447626 0)
(0.0423892 -0.00631578 0)
(0.046213 -0.00838958 0)
(0.0493482 -0.0105241 0)
(0.0519332 -0.0125916 0)
(0.0541081 -0.0145 0)
(0.0560031 -0.0161844 0)
(0.0577309 -0.0175984 0)
(0.0593838 -0.0187078 0)
(0.0610323 -0.0194844 0)
(0.062726 -0.0199014 0)
(0.0644961 -0.019931 0)
(0.0663576 -0.0195421 0)
(0.0683115 -0.0187022 0)
(0.0703463 -0.0173812 0)
(0.0724431 -0.0155585 0)
(0.074573 -0.013237 0)
(0.0767418 -0.0104663 0)
(0.00392449 -0.0173009 0)
(0.00996125 -0.0129768 0)
(0.0165148 -0.0102222 0)
(0.0230135 -0.00910147 0)
(0.0290686 -0.00901811 0)
(0.0344831 -0.00963062 0)
(0.0392108 -0.0107118 0)
(0.0432722 -0.0120896 0)
(0.0467316 -0.013627 0)
(0.0496802 -0.0152141 0)
(0.0522213 -0.0167613 0)
(0.0544583 -0.018196 0)
(0.056487 -0.0194573 0)
(0.0583901 -0.0204936 0)
(0.0602348 -0.0212581 0)
(0.0620722 -0.0217065 0)
(0.0639385 -0.0217944 0)
(0.0658557 -0.0214769 0)
(0.0678338 -0.020709 0)
(0.0698707 -0.0194494 0)
(0.0719577 -0.0176664 0)
(0.0740762 -0.0153503 0)
(0.0762417 -0.0125338 0)
(0.00335058 -0.0231978 0)
(0.00863193 -0.0193491 0)
(0.0143898 -0.0165701 0)
(0.0202307 -0.0151546 0)
(0.0258075 -0.0146051 0)
(0.0309312 -0.0146557 0)
(0.0355336 -0.0151424 0)
(0.039603 -0.0159441 0)
(0.0431674 -0.0169611 0)
(0.0462832 -0.0181064 0)
(0.0490233 -0.0193007 0)
(0.0514667 -0.0204713 0)
(0.0536911 -0.0215507 0)
(0.0557672 -0.0224759 0)
(0.0577553 -0.0231871 0)
(0.0597043 -0.0236263 0)
(0.0616515 -0.0237363 0)
(0.0636227 -0.0234601 0)
(0.0656337 -0.0227419 0)
(0.0676897 -0.02153 0)
(0.0697899 -0.0197828 0)
(0.0719253 -0.0174793 0)
(0.0741188 -0.0146373 0)
(0.00277497 -0.0282427 0)
(0.00734028 -0.0248667 0)
(0.0123397 -0.0221787 0)
(0.0175189 -0.0206125 0)
(0.0225601 -0.0197537 0)
(0.0272855 -0.0193947 0)
(0.0316184 -0.019422 0)
(0.0355309 -0.019758 0)
(0.0390298 -0.0203374 0)
(0.0421487 -0.0210962 0)
(0.044938 -0.0219686 0)
(0.0474574 -0.022886 0)
(0.0497679 -0.0237791 0)
(0.051928 -0.0245786 0)
(0.0539899 -0.025216 0)
(0.0559979 -0.0256236 0)
(0.0579881 -0.0257342 0)
(0.0599881 -0.0254812 0)
(0.0620171 -0.0248 0)
(0.064086 -0.0236303 0)
(0.0662008 -0.0219213 0)
(0.0683605 -0.0196424 0)
(0.070594 -0.0167986 0)
(0.00222018 -0.0324602 0)
(0.00610444 -0.0295725 0)
(0.0103795 -0.0270695 0)
(0.014908 -0.0254608 0)
(0.0193902 -0.0244071 0)
(0.0236572 -0.0237519 0)
(0.0276293 -0.0234259 0)
(0.0312714 -0.0233899 0)
(0.0345795 -0.0236092 0)
(0.0375734 -0.0240415 0)
(0.0402887 -0.0246338 0)
(0.0427701 -0.0253238 0)
(0.0450653 -0.0260428 0)
(0.0472215 -0.0267188 0)
(0.0492825 -0.0272777 0)
(0.0512876 -0.0276454 0)
(0.0532704 -0.0277476 0)
(0.0552586 -0.0275107 0)
(0.0572741 -0.0268631 0)
(0.0593321 -0.0257376 0)
(0.0614445 -0.0240761 0)
(0.0636179 -0.0218397 0)
(0.0658858 -0.0190221 0)
(0.0017034 -0.0359064 0)
(0.00494006 -0.0335089 0)
(0.00852478 -0.0312664 0)
(0.0124221 -0.0297005 0)
(0.0163411 -0.0285374 0)
(0.0201184 -0.0276699 0)
(0.0236733 -0.0270717 0)
(0.0269689 -0.0267404 0)
(0.0299972 -0.0266683 0)
(0.0327707 -0.0268317 0)
(0.0353157 -0.0271893 0)
(0.0376658 -0.0276847 0)
(0.0398582 -0.0282514 0)
(0.0419305 -0.0288162 0)
(0.043919 -0.0293026 0)
(0.0458575 -0.0296321 0)
(0.0477768 -0.0297262 0)
(0.0497044 -0.0295064 0)
(0.0516637 -0.0288964 0)
(0.0536738 -0.0278238 0)
(0.055752 -0.0262251 0)
(0.0579123 -0.0240547 0)
(0.0601926 -0.021296 0)
(0.00122002 -0.0386329 0)
(0.0038367 -0.0367152 0)
(0.00677487 -0.0347989 0)
(0.0100735 -0.0333458 0)
(0.0134422 -0.0321365 0)
(0.0167191 -0.0311166 0)
(0.0198243 -0.0303073 0)
(0.0227239 -0.029742 0)
(0.025411 -0.0294373 0)
(0.0278955 -0.0293846 0)
(0.0301976 -0.0295517 0)
(0.0323432 -0.0298874 0)
(0.0343608 -0.0303274 0)
(0.0362802 -0.0307988 0)
(0.038131 -0.0312241 0)
(0.0399421 -0.0315232 0)
(0.0417413 -0.0316149 0)
(0.0435551 -0.0314184 0)
(0.0454084 -0.0308546 0)
(0.0473237 -0.0298482 0)
(0.0493235 -0.0283321 0)
(0.0514291 -0.0262555 0)
(0.0536835 -0.0235936 0)
(0.000706907 -0.0406159 0)
(0.00274426 -0.039225 0)
(0.00510532 -0.0377132 0)
(0.00786173 -0.0364315 0)
(0.0107131 -0.0352158 0)
(0.0134957 -0.0340807 0)
(0.0161363 -0.0331029 0)
(0.0186099 -0.0323515 0)
(0.0209153 -0.0318633 0)
(0.0230628 -0.0316411 0)
(0.0250691 -0.0316585 0)
(0.0269542 -0.031868 0)
(0.0287397 -0.0322072 0)
(0.0304488 -0.0326045 0)
(0.0321051 -0.0329824 0)
(0.033733 -0.0332608 0)
(0.0353574 -0.0333581 0)
(0.0370035 -0.033193 0)
(0.0386969 -0.0326856 0)
(0.0404629 -0.03176 0)
(0.0423289 -0.0303476 0)
(0.0443237 -0.0283949 0)
(0.0464959 -0.0258707 0)
(-2.53834e-05 -0.0417609 0)
(0.00155914 -0.0410869 0)
(0.00347118 -0.040088 0)
(0.00578067 -0.039021 0)
(0.00816944 -0.0378076 0)
(0.0104773 -0.0365678 0)
(0.0126504 -0.0354457 0)
(0.0146818 -0.0345437 0)
(0.0165802 -0.0339126 0)
(0.0183589 -0.0335606 0)
(0.0200321 -0.0334644 0)
(0.0216153 -0.033578 0)
(0.0231243 -0.0338406 0)
(0.0245765 -0.0341818 0)
(0.0259904 -0.0345255 0)
(0.0273861 -0.0347927 0)
(0.0287853 -0.034903 0)
(0.0302114 -0.0347761 0)
(0.0316895 -0.0343334 0)
(0.0332468 -0.0335004 0)
(0.0349143 -0.0322098 0)
(0.0367273 -0.0304084 0)
(0.0387404 -0.0280625 0)
(-0.00133314 -0.0420592 0)
(0.000107006 -0.0424393 0)
(0.00183328 -0.0420616 0)
(0.00383745 -0.0412088 0)
(0.00583337 -0.0399553 0)
(0.00768985 -0.038589 0)
(0.00939775 -0.0373299 0)
(0.0109793 -0.0363027 0)
(0.0124568 -0.0355617 0)
(0.0138469 -0.035114 0)
(0.0151623 -0.0349352 0)
(0.0164141 -0.0349793 0)
(0.0176135 -0.0351863 0)
(0.0187728 -0.0354874 0)
(0.0199058 -0.0358083 0)
(0.0210283 -0.0360717 0)
(0.0221583 -0.0361995 0)
(0.0233164 -0.0361139 0)
(0.024526 -0.035739 0)
(0.0258138 -0.0350036 0)
(0.0272119 -0.0338443 0)
(0.0287594 -0.0322123 0)
(0.0305142 -0.0300767 0)
(-0.00370836 -0.0416554 0)
(-0.00183389 -0.0435619 0)
(0.000264748 -0.0438828 0)
(0.00209419 -0.0430969 0)
(0.00374747 -0.0416762 0)
(0.0051603 -0.0401335 0)
(0.00640007 -0.0387371 0)
(0.0075273 -0.037607 0)
(0.00857746 -0.0367856 0)
(0.00956869 -0.0362721 0)
(0.0105113 -0.0360376 0)
(0.0114126 -0.0360351 0)
(0.0122796 -0.036205 0)
(0.0131202 -0.0364796 0)
(0.0139437 -0.0367867 0)
(0.0147617 -0.0370512 0)
(0.0155877 -0.0371976 0)
(0.0164381 -0.0371511 0)
(0.0173325 -0.0368396 0)
(0.0182941 -0.0361965 0)
(0.019352 -0.0351643 0)
(0.0205436 -0.0337022 0)
(0.0219244 -0.0317894 0)
(-0.00803638 -0.0387964 0)
(-0.00404892 -0.0452715 0)
(-0.000868885 -0.0459302 0)
(0.000723225 -0.0446127 0)
(0.00197962 -0.0428021 0)
(0.00290817 -0.0410408 0)
(0.00366343 -0.0395248 0)
(0.00433297 -0.0383249 0)
(0.00495515 -0.037458 0)
(0.00554467 -0.0369109 0)
(0.00610792 -0.0366495 0)
(0.00664863 -0.0366249 0)
(0.00717018 -0.0367779 0)
(0.00767663 -0.0370422 0)
(0.00817324 -0.037347 0)
(0.00866682 -0.0376196 0)
(0.00916595 -0.0377868 0)
(0.00968134 -0.0377767 0)
(0.0102262 -0.0375209 0)
(0.0108168 -0.0369573 0)
(0.0114739 -0.0360347 0)
(0.0122247 -0.0347215 0)
(0.0131092 -0.0330115 0)
(-0.0158145 -0.0262621 0)
(-0.0035971 -0.0518069 0)
(-0.00106051 -0.0497775 0)
(-8.88591e-05 -0.0466064 0)
(0.00052567 -0.0440366 0)
(0.000886772 -0.0419643 0)
(0.00114604 -0.0403109 0)
(0.0013665 -0.0390406 0)
(0.00157013 -0.0381303 0)
(0.00176364 -0.0375506 0)
(0.00194924 -0.0372611 0)
(0.00212786 -0.0372111 0)
(0.00230024 -0.0373409 0)
(0.00246744 -0.0375849 0)
(0.00263099 -0.0378733 0)
(0.00279307 -0.0381344 0)
(0.00295664 -0.0382966 0)
(0.00312551 -0.0382898 0)
(0.00330451 -0.0380475 0)
(0.00349973 -0.0375105 0)
(0.00371902 -0.0366316 0)
(0.00397295 -0.0353841 0)
(0.00427603 -0.0337679 0)
(0.214278 0.00328804 0)
(0.242673 -0.0270128 0)
(0.272638 -0.056067 0)
(0.320411 -0.0929167 0)
(0.25036 -0.0697373 0)
(0.276069 -0.0953289 0)
(0.299825 -0.12249 0)
(0.32192 -0.150445 0)
(0.268583 -0.101866 0)
(0.289653 -0.123142 0)
(0.309274 -0.146288 0)
(0.327268 -0.170727 0)
(0.268223 -0.131176 0)
(0.298788 -0.151749 0)
(0.323511 -0.178443 0)
(0.334721 -0.197194 0)
(-0.0802369 -0.235142 0)
(-0.0840062 -0.254488 0)
(-0.0733211 -0.242014 0)
(-0.074743 -0.212708 0)
(-0.262306 -0.226772 0)
(-0.241911 -0.223465 0)
(-0.224789 -0.217875 0)
(-0.209594 -0.202385 0)
(-0.28647 -0.265064 0)
(-0.270588 -0.271673 0)
(-0.252703 -0.264006 0)
(-0.237226 -0.240513 0)
(-0.250268 -0.287814 0)
(-0.242323 -0.298892 0)
(-0.233908 -0.295797 0)
(-0.226983 -0.274451 0)
(-0.190799 -0.291695 0)
(-0.1886 -0.310783 0)
(-0.18763 -0.315724 0)
(-0.184168 -0.272082 0)
(-0.127857 -0.298734 0)
(-0.138531 -0.310934 0)
(-0.149086 -0.302931 0)
(-0.160126 -0.263861 0)
(-0.0528098 -0.219813 0)
(-0.0869333 -0.266281 0)
(-0.118844 -0.259545 0)
(-0.141028 -0.224715 0)
(-0.0112462 -0.15271 0)
(-0.0424944 -0.178372 0)
(-0.0700285 -0.189189 0)
(-0.0934467 -0.184001 0)
(0.00445131 -0.105854 0)
(-0.0179715 -0.127988 0)
(-0.0383782 -0.141949 0)
(-0.0588723 -0.141718 0)
(0.012015 -0.0695876 0)
(-0.00329771 -0.0877827 0)
(-0.020756 -0.098687 0)
(-0.0406501 -0.100901 0)
(0.012713 -0.0426926 0)
(0.000724546 -0.0555356 0)
(-0.013969 -0.0612415 0)
(-0.0300338 -0.0651841 0)
(0.00944249 -0.0204327 0)
(-0.000931573 -0.0289506 0)
(-0.0126591 -0.0334618 0)
(-0.0238946 -0.0379013 0)
(0.00422932 -0.00342171 0)
(-0.00292613 -0.00859635 0)
(-0.0106217 -0.0132251 0)
(-0.0183635 -0.0180205 0)
(0.00156929 0.00700949 0)
(-0.00250663 0.00337573 0)
(-0.00707371 -0.000477382 0)
(-0.0119258 -0.00480183 0)
(0.00248541 0.0121898 0)
(0.000612392 0.00977592 0)
(-0.00168109 0.00682845 0)
(-0.00432861 0.00326458 0)
(0.00674593 0.0137575 0)
(0.00635045 0.0122494 0)
(0.00560895 0.0101509 0)
(0.0045133 0.00744061 0)
(0.0137764 0.0130055 0)
(0.0142864 0.0121874 0)
(0.0145132 0.0108396 0)
(0.0144166 0.00896165 0)
(0.0227706 0.01093 0)
(0.0237666 0.0106511 0)
(0.0245296 0.00994854 0)
(0.0250105 0.00882537 0)
(0.0328396 0.00824631 0)
(0.0340372 0.0083986 0)
(0.0350417 0.00823993 0)
(0.0358065 0.00777046 0)
(0.0431219 0.00542008 0)
(0.0443472 0.0059221 0)
(0.0454115 0.00621554 0)
(0.0462754 0.00629481 0)
(0.0528594 0.00271129 0)
(0.0540234 0.00349948 0)
(0.0550517 0.00416571 0)
(0.0559146 0.00469715 0)
(0.0614451 0.000225394 0)
(0.0625183 0.00124895 0)
(0.0634758 0.00222171 0)
(0.0642983 0.00312252 0)
(0.0684458 -0.002034 0)
(0.0694358 -0.000816331 0)
(0.0703268 0.00040801 0)
(0.0711079 0.00160975 0)
(0.0736039 -0.00411921 0)
(0.0745377 -0.00274162 0)
(0.0753868 -0.00131155 0)
(0.0761463 0.000135108 0)
(0.0768217 -0.00610387 0)
(0.0777315 -0.00459557 0)
(0.0785698 -0.00299858 0)
(0.0793351 -0.00135299 0)
(0.0781316 -0.00806022 0)
(0.0790467 -0.00644707 0)
(0.0799027 -0.00471646 0)
(0.0806997 -0.00291017 0)
(0.0776599 -0.0100462 0)
(0.0786023 -0.00835189 0)
(0.0794975 -0.00651672 0)
(0.0803458 -0.00458203 0)
(0.0755895 -0.0121006 0)
(0.0765727 -0.0103473 0)
(0.0775203 -0.00843349 0)
(0.0784321 -0.0063984 0)
(0.0721277 -0.0142429 0)
(0.0731572 -0.0124522 0)
(0.0741626 -0.0104836 0)
(0.0751428 -0.00837321 0)
(0.0674808 -0.0164766 0)
(0.068555 -0.0146699 0)
(0.0696171 -0.0126696 0)
(0.0706645 -0.0105075 0)
(0.0618361 -0.0187909 0)
(0.0629473 -0.0169908 0)
(0.064059 -0.0149823 0)
(0.0651675 -0.0127926 0)
(0.0553513 -0.0211619 0)
(0.056485 -0.0193933 0)
(0.057633 -0.0174025 0)
(0.0587915 -0.0152117 0)
(0.0481494 -0.0235497 0)
(0.0492823 -0.0218406 0)
(0.0504451 -0.0198975 0)
(0.0516345 -0.0177369 0)
(0.0403219 -0.0258921 0)
(0.0414174 -0.0242735 0)
(0.0425594 -0.0224128 0)
(0.0437464 -0.0203208 0)
(0.0319408 -0.0280934 0)
(0.0329429 -0.0265962 0)
(0.0340066 -0.0248553 0)
(0.0351337 -0.022876 0)
(0.0230853 -0.0300191 0)
(0.0239143 -0.0286665 0)
(0.0248122 -0.0270767 0)
(0.0257854 -0.0252517 0)
(0.0138789 -0.0314465 0)
(0.0144404 -0.030241 0)
(0.0150617 -0.0288108 0)
(0.0157521 -0.0271604 0)
(0.00454912 -0.0323102 0)
(0.00475252 -0.0311933 0)
(0.00498275 -0.0298797 0)
(0.00524664 -0.0283761 0)
(0.362461 -0.191427 0)
(0.356165 -0.206165 0)
(0.344089 -0.178431 0)
(0.313112 -0.132112 0)
(0.259854 -0.0871167 0)
(0.20666 -0.0598811 0)
(0.17344 -0.0525261 0)
(0.16342 -0.0399077 0)
(0.1671 -0.00445038 0)
(0.178477 0.0344876 0)
(0.190875 0.0691481 0)
(0.201545 0.111952 0)
(0.211308 0.14842 0)
(0.218079 0.152515 0)
(0.217629 0.126387 0)
(0.20461 0.105483 0)
(0.175994 0.110042 0)
(0.128292 0.12001 0)
(0.0716103 0.101248 0)
(0.352145 -0.195373 0)
(0.362732 -0.200708 0)
(0.344713 -0.166414 0)
(0.296237 -0.100042 0)
(0.210583 -0.0425221 0)
(0.138583 -0.0234663 0)
(0.110285 -0.0376697 0)
(0.109081 -0.0391639 0)
(0.120101 -0.0147235 0)
(0.137446 0.0194845 0)
(0.156341 0.0541785 0)
(0.177277 0.0952819 0)
(0.19989 0.131922 0)
(0.218599 0.141795 0)
(0.226442 0.127688 0)
(0.21949 0.120415 0)
(0.193662 0.140823 0)
(0.141678 0.175026 0)
(0.0836934 0.179096 0)
(0.351605 -0.20868 0)
(0.358043 -0.198825 0)
(0.301034 -0.145128 0)
(0.228565 -0.0465774 0)
(0.131487 0.0228272 0)
(0.0681498 0.0155899 0)
(0.0662585 -0.0359649 0)
(0.0745961 -0.0476487 0)
(0.0887748 -0.0270423 0)
(0.104828 0.00506112 0)
(0.122107 0.0375052 0)
(0.143057 0.0749783 0)
(0.166741 0.112177 0)
(0.185381 0.12996 0)
(0.191178 0.127965 0)
(0.184644 0.132915 0)
(0.169207 0.179806 0)
(0.121543 0.246191 0)
(0.0860938 0.278558 0)
(0.327471 -0.224079 0)
(0.184892 -0.117369 0)
(0.1127 -0.00146869 0)
(0.0654793 0.12401 0)
(0.0454669 0.201982 0)
(0.0521136 0.07831 0)
(0.0620256 -0.0376365 0)
(0.0591096 -0.0569267 0)
(0.0642257 -0.0367505 0)
(0.0730287 -0.00497495 0)
(0.0827107 0.0251826 0)
(0.0943793 0.0588135 0)
(0.108495 0.0972101 0)
(0.114643 0.126924 0)
(0.100004 0.133718 0)
(0.071944 0.141483 0)
(0.0689074 0.205536 0)
(0.0691091 0.290354 0)
(0.0653175 0.370879 0)
(-0.0773025 -0.146195 0)
(-0.0934658 -0.0659015 0)
(-0.0972712 -0.00858754 0)
(-0.0767549 0.0395645 0)
(-0.0186237 0.0705003 0)
(0.0494443 0.0483767 0)
(0.0891287 -0.0364048 0)
(0.0583259 -0.0585826 0)
(0.0445852 -0.0404558 0)
(0.0421696 -0.00816448 0)
(0.041373 0.0178034 0)
(0.038295 0.0495165 0)
(0.0339746 0.0922648 0)
(0.0145599 0.141238 0)
(-0.0171465 0.155404 0)
(-0.0375493 0.153435 0)
(-0.0336065 0.189448 0)
(-0.0120157 0.275567 0)
(0.0111917 0.395896 0)
(-0.18699 -0.158958 0)
(-0.166554 -0.0885844 0)
(-0.150458 -0.0335034 0)
(-0.125278 -0.00404118 0)
(-0.081427 -0.00168276 0)
(-0.0329821 -0.0225987 0)
(0.00110228 -0.049993 0)
(0.021345 -0.0563616 0)
(0.0456272 -0.0494424 0)
(0.08085 -0.0185901 0)
(0.0624433 0.0364049 0)
(0.0174179 0.0636158 0)
(-0.0119775 0.108547 0)
(-0.0470004 0.168967 0)
(-0.0743966 0.175188 0)
(-0.0956056 0.161899 0)
(-0.101773 0.172658 0)
(-0.0773453 0.254627 0)
(-0.0289305 0.349239 0)
(-0.21741 -0.186448 0)
(-0.202976 -0.109465 0)
(-0.180049 -0.0541196 0)
(-0.147844 -0.0329855 0)
(-0.107534 -0.0373137 0)
(-0.0673214 -0.0551694 0)
(-0.0352036 -0.0743302 0)
(-0.00920432 -0.0794863 0)
(0.0187492 -0.06957 0)
(0.0500703 -0.0363839 0)
(0.0880506 0.0349585 0)
(0.0946441 0.109051 0)
(-0.00182081 0.137296 0)
(-0.0694847 0.200197 0)
(-0.0950793 0.191651 0)
(-0.124898 0.172829 0)
(-0.139126 0.164697 0)
(-0.113223 0.226421 0)
(-0.0371228 0.284861 0)
(-0.223005 -0.19269 0)
(-0.231838 -0.112542 0)
(-0.194506 -0.0676073 0)
(-0.152297 -0.0565713 0)
(-0.113516 -0.0622995 0)
(-0.0794965 -0.0768166 0)
(-0.0539776 -0.0917109 0)
(-0.0344738 -0.0963087 0)
(-0.014513 -0.0878003 0)
(0.00995964 -0.0576685 0)
(0.0403151 0.0123508 0)
(0.0702671 0.119032 0)
(0.0760325 0.253037 0)
(-0.0282521 0.258697 0)
(-0.0716025 0.215101 0)
(-0.112696 0.195206 0)
(-0.153495 0.154819 0)
(-0.133899 0.182956 0)
(-0.00874661 0.24525 0)
(-0.177541 -0.174468 0)
(-0.195651 -0.137562 0)
(-0.185171 -0.105496 0)
(-0.149811 -0.0845365 0)
(-0.11003 -0.0825563 0)
(-0.076797 -0.0916228 0)
(-0.0589173 -0.103151 0)
(-0.0540453 -0.109693 0)
(-0.0480776 -0.105188 0)
(-0.0389606 -0.0784329 0)
(-0.0283231 -0.0110292 0)
(-0.0133619 0.10708 0)
(0.00594797 0.295434 0)
(-0.00301878 0.332242 0)
(-0.0258665 0.288043 0)
(-0.0339459 0.257835 0)
(-0.0628105 0.169461 0)
(-0.0971607 0.0897551 0)
(-0.00385669 0.140193 0)
(-0.175259 -0.173001 0)
(-0.168617 -0.139957 0)
(-0.161421 -0.137856 0)
(-0.14977 -0.14648 0)
(-0.135966 -0.150785 0)
(-0.120087 -0.147654 0)
(-0.101896 -0.137412 0)
(-0.0830914 -0.126473 0)
(-0.0753273 -0.11461 0)
(-0.0836789 -0.0908241 0)
(-0.104843 -0.0258861 0)
(-0.120086 0.0894272 0)
(-0.0853314 0.262937 0)
(-0.0421742 0.305783 0)
(-0.0206691 0.277733 0)
(-0.00699017 0.239679 0)
(-0.00406428 0.197041 0)
(-0.0209033 0.109629 0)
(0.000362295 0.0951407 0)
(-0.161268 -0.169877 0)
(-0.154644 -0.13827 0)
(-0.15386 -0.12883 0)
(-0.155155 -0.1293 0)
(-0.157367 -0.13332 0)
(-0.156248 -0.140262 0)
(-0.14962 -0.140577 0)
(-0.142042 -0.131922 0)
(-0.139323 -0.111987 0)
(-0.144819 -0.0749347 0)
(-0.156246 -0.00859254 0)
(-0.164434 0.0854024 0)
(-0.135359 0.207411 0)
(-0.0845747 0.256819 0)
(-0.0461714 0.248236 0)
(-0.0220761 0.217529 0)
(-0.00590103 0.189527 0)
(-0.00393506 0.13923 0)
(0.000187029 0.112673 0)
(-0.124406 -0.157776 0)
(-0.135845 -0.133602 0)
(-0.145521 -0.122753 0)
(-0.155809 -0.120635 0)
(-0.167081 -0.124897 0)
(-0.176071 -0.136494 0)
(-0.180654 -0.140198 0)
(-0.182835 -0.1305 0)
(-0.186547 -0.105256 0)
(-0.19435 -0.0624609 0)
(-0.202688 0.00139555 0)
(-0.200701 0.0813752 0)
(-0.172194 0.167547 0)
(-0.125835 0.213767 0)
(-0.0873988 0.218541 0)
(-0.0625272 0.198233 0)
(-0.0413001 0.172255 0)
(-0.0264713 0.136482 0)
(-0.0146157 0.104027 0)
(-0.0919264 -0.130812 0)
(-0.11543 -0.117495 0)
(-0.133186 -0.109972 0)
(-0.148948 -0.10807 0)
(-0.164797 -0.112619 0)
(-0.181047 -0.126226 0)
(-0.194711 -0.133622 0)
(-0.20449 -0.125011 0)
(-0.214235 -0.0981636 0)
(-0.226149 -0.053585 0)
(-0.234608 0.00434793 0)
(-0.230116 0.0689575 0)
(-0.204435 0.134458 0)
(-0.164664 0.176935 0)
(-0.131065 0.192711 0)
(-0.108298 0.179486 0)
(-0.086008 0.151483 0)
(-0.0618234 0.117913 0)
(-0.0338939 0.0703428 0)
(-0.0698588 -0.0992237 0)
(-0.0970342 -0.0955691 0)
(-0.118132 -0.0928805 0)
(-0.136065 -0.0926317 0)
(-0.153342 -0.0971949 0)
(-0.173082 -0.109374 0)
(-0.192981 -0.119945 0)
(-0.208805 -0.113796 0)
(-0.223816 -0.0870026 0)
(-0.238951 -0.0436813 0)
(-0.249244 0.00638233 0)
(-0.246528 0.0572956 0)
(-0.226745 0.107144 0)
(-0.196606 0.14629 0)
(-0.167717 0.169796 0)
(-0.144056 0.160452 0)
(-0.119197 0.127492 0)
(-0.086325 0.0832076 0)
(-0.0417668 0.0182387 0)
(-0.0540417 -0.0696946 0)
(-0.0802802 -0.0730115 0)
(-0.101353 -0.0747454 0)
(-0.119278 -0.076339 0)
(-0.136338 -0.080641 0)
(-0.155492 -0.0899956 0)
(-0.178106 -0.101159 0)
(-0.199233 -0.0982604 0)
(-0.218304 -0.0724437 0)
(-0.234706 -0.0318674 0)
(-0.244308 0.0104652 0)
(-0.244182 0.0502225 0)
(-0.232675 0.0887578 0)
(-0.21274 0.123158 0)
(-0.188112 0.14667 0)
(-0.161507 0.137574 0)
(-0.130185 0.0961627 0)
(-0.0871002 0.0347351 0)
(-0.0336721 -0.0382895 0)
(-0.0421806 -0.0450624 0)
(-0.0645492 -0.0525725 0)
(-0.0837 -0.0575471 0)
(-0.100456 -0.0608511 0)
(-0.116337 -0.0648502 0)
(-0.133716 -0.0717049 0)
(-0.155183 -0.0799086 0)
(-0.179521 -0.0783299 0)
(-0.200846 -0.0549748 0)
(-0.216283 -0.020465 0)
(-0.224122 0.0146084 0)
(-0.224994 0.0466667 0)
(-0.21856 0.0771076 0)
(-0.203768 0.105046 0)
(-0.180331 0.122135 0)
(-0.150186 0.108713 0)
(-0.114066 0.0573333 0)
(-0.0704411 -0.0168397 0)
(-0.0250235 -0.0853688 0)
(-0.0313731 -0.0261188 0)
(-0.049119 -0.0354109 0)
(-0.0654987 -0.0421963 0)
(-0.0806054 -0.0466833 0)
(-0.0951419 -0.050539 0)
(-0.110734 -0.0553271 0)
(-0.129727 -0.0596955 0)
(-0.152739 -0.0565283 0)
(-0.174011 -0.0381708 0)
(-0.188264 -0.0106405 0)
(-0.194802 0.0180549 0)
(-0.194634 0.044561 0)
(-0.18795 0.0682845 0)
(-0.173071 0.0877608 0)
(-0.148252 0.0956892 0)
(-0.115216 0.0772849 0)
(-0.0798574 0.0236987 0)
(-0.0477323 -0.0507216 0)
(-0.0157949 -0.119491 0)
(-0.0204603 -0.0124971 0)
(-0.03369 -0.0217098 0)
(-0.0471211 -0.0290282 0)
(-0.0602572 -0.0339956 0)
(-0.0734559 -0.0376035 0)
(-0.0876585 -0.0406895 0)
(-0.104235 -0.0420262 0)
(-0.12367 -0.0369538 0)
(-0.142085 -0.0228753 0)
(-0.154657 -0.00207401 0)
(-0.160136 0.0203485 0)
(-0.158953 0.0411434 0)
(-0.151099 0.0584337 0)
(-0.135385 0.0696283 0)
(-0.110711 0.0688576 0)
(-0.0795086 0.04663 0)
(-0.0493381 -0.00240914 0)
(-0.0277926 -0.0691749 0)
(-0.00653533 -0.140551 0)
(-0.00934083 -0.00336785 0)
(-0.0184508 -0.0114229 0)
(-0.0288614 -0.0180947 0)
(-0.0400265 -0.0228624 0)
(-0.0517688 -0.0259056 0)
(-0.0645625 -0.0277033 0)
(-0.0790475 -0.0271551 0)
(-0.0949349 -0.0213024 0)
(-0.109693 -0.0101846 0)
(-0.11997 0.00521819 0)
(-0.124333 0.0217907 0)
(-0.122591 0.0367718 0)
(-0.114608 0.0478348 0)
(-0.0999029 0.0520638 0)
(-0.078562 0.0449311 0)
(-0.0534639 0.0208308 0)
(-0.0308599 -0.0225875 0)
(-0.016269 -0.0812543 0)
(-0.00310495 -0.15171 0)
(0.00205052 0.00218304 0)
(-0.00379563 -0.00422747 0)
(-0.0113353 -0.00948835 0)
(-0.0203644 -0.0133255 0)
(-0.0305358 -0.015519 0)
(-0.0418076 -0.0162326 0)
(-0.0542949 -0.0145529 0)
(-0.0671708 -0.00893147 0)
(-0.0786878 -0.000160591 0)
(-0.0867809 0.0110492 0)
(-0.0901974 0.0226709 0)
(-0.0884907 0.0324887 0)
(-0.0815371 0.0382341 0)
(-0.0694167 0.0372866 0)
(-0.0529855 0.0263571 0)
(-0.0349825 0.00224837 0)
(-0.0198551 -0.036256 0)
(-0.0116345 -0.0889658 0)
(-0.00483904 -0.160832 0)
(0.0136531 0.00515161 0)
(0.0101541 0.000541636 0)
(0.00487002 -0.00306908 0)
(-0.00205609 -0.00549963 0)
(-0.0103994 -0.00662323 0)
(-0.0199598 -0.00633274 0)
(-0.0304237 -0.00403628 0)
(-0.0408272 0.000856413 0)
(-0.0498901 0.00766041 0)
(-0.0563127 0.0156549 0)
(-0.0591444 0.0233613 0)
(-0.0579557 0.0290203 0)
(-0.0527151 0.0306815 0)
(-0.0438038 0.0262295 0)
(-0.0323608 0.0133787 0)
(-0.0206881 -0.00975034 0)
(-0.0117762 -0.0441591 0)
(-0.00874404 -0.092373 0)
(-0.00538552 -0.169632 0)
(0.0252792 0.00640156 0)
(0.0233824 0.00356261 0)
(0.0197678 0.00157056 0)
(0.0145599 0.000573927 0)
(0.00795038 0.000647361 0)
(0.000204584 0.00186358 0)
(-0.00825696 0.00448133 0)
(-0.016608 0.00866477 0)
(-0.0238712 0.0138963 0)
(-0.0291369 0.0194502 0)
(-0.0317169 0.0241849 0)
(-0.0313014 0.0267168 0)
(-0.0279548 0.0254655 0)
(-0.0221766 0.0188095 0)
(-0.0150638 0.00518896 0)
(-0.00836951 -0.0166324 0)
(-0.00398828 -0.047815 0)
(-0.00382351 -0.0928091 0)
(-0.00198391 -0.175682 0)
(0.0366304 0.00659249 0)
(0.0357771 0.00537475 0)
(0.0333714 0.00487669 0)
(0.0295218 0.00520581 0)
(0.0244003 0.00637591 0)
(0.0182797 0.00837949 0)
(0.0115681 0.0112578 0)
(0.00491035 0.0149463 0)
(-0.000970896 0.0190005 0)
(-0.00542771 0.0227643 0)
(-0.00797151 0.0253372 0)
(-0.00839497 0.0256375 0)
(-0.00682562 0.0224328 0)
(-0.00376884 0.0145069 0)
(-0.000143582 0.000753026 0)
(0.00278928 -0.019806 0)
(0.00385497 -0.0486925 0)
(0.00236734 -0.0919014 0)
(0.00260259 -0.176543 0)
(0.0473461 0.00618225 0)
(0.0471462 0.00637631 0)
(0.0456031 0.00719035 0)
(0.0428081 0.00868516 0)
(0.0389086 0.0108148 0)
(0.0341499 0.0134918 0)
(0.0288778 0.0166186 0)
(0.0235727 0.0200087 0)
(0.018757 0.0232559 0)
(0.0148837 0.0257889 0)
(0.0122794 0.026882 0)
(0.0110664 0.025689 0)
(0.0110969 0.0212736 0)
(0.0119242 0.012721 0)
(0.0128271 -0.000815925 0)
(0.0129133 -0.0202443 0)
(0.0114129 -0.0474513 0)
(0.00810426 -0.0897075 0)
(0.00555067 -0.172423 0)
(0.0570596 0.00546004 0)
(0.0572628 0.00684327 0)
(0.0563371 0.00877126 0)
(0.0543553 0.0112574 0)
(0.051436 0.0142049 0)
(0.0477817 0.0174628 0)
(0.0436622 0.0208477 0)
(0.0394224 0.0241086 0)
(0.0354261 0.0268655 0)
(0.0319829 0.0286254 0)
(0.0292954 0.0287938 0)
(0.0274107 0.026704 0)
(0.0261762 0.0216441 0)
(0.0252244 0.0129113 0)
(0.0240099 -0.000194264 0)
(0.0218999 -0.0185744 0)
(0.0183631 -0.0443008 0)
(0.0129509 -0.0848928 0)
(0.00734284 -0.165596 0)
(0.0654442 0.00458398 0)
(0.0659077 0.00694898 0)
(0.0654402 0.00980363 0)
(0.064094 0.0131186 0)
(0.0619586 0.0167579 0)
(0.0591906 0.0205254 0)
(0.0559877 0.0241864 0)
(0.0525871 0.027458 0)
(0.0492303 0.029982 0)
(0.0461144 0.0313303 0)
(0.043351 0.0310131 0)
(0.0409307 0.0284987 0)
(0.0386971 0.0232332 0)
(0.0363445 0.0146563 0)
(0.0334515 0.00215478 0)
(0.0295416 -0.0151797 0)
(0.024211 -0.0394366 0)
(0.0169509 -0.077594 0)
(0.00921883 -0.15627 0)
(0.0722455 0.00361966 0)
(0.0729032 0.00678752 0)
(0.0728016 0.0104065 0)
(0.0719701 0.0144121 0)
(0.0704725 0.0186398 0)
(0.0684218 0.0228637 0)
(0.0659548 0.0268212 0)
(0.0632253 0.0302163 0)
(0.0603818 0.0327122 0)
(0.0575346 0.0339335 0)
(0.0547258 0.0334724 0)
(0.0519039 0.0309 0)
(0.0489082 0.0257747 0)
(0.0454703 0.0176337 0)
(0.0412367 0.00592025 0)
(0.035803 -0.0102707 0)
(0.0288087 -0.032996 0)
(0.0201641 -0.0687219 0)
(0.0113306 -0.14445 0)
(0.0773005 0.00257532 0)
(0.0781355 0.00639884 0)
(0.0783538 0.0106494 0)
(0.0779611 0.0152348 0)
(0.0769986 0.0199707 0)
(0.0755425 0.0246133 0)
(0.0736804 0.028887 0)
(0.0715035 0.0324952 0)
(0.0690909 0.0351223 0)
(0.0664874 0.0364367 0)
(0.0636826 0.0360951 0)
(0.0605928 0.0337474 0)
(0.057052 0.0290352 0)
(0.0528128 0.0215682 0)
(0.0475558 0.010837 0)
(0.0409045 -0.0040439 0)
(0.0325006 -0.0251319 0)
(0.0227774 -0.0589975 0)
(0.0130952 -0.130458 0)
(0.0805427 0.00142944 0)
(0.081565 0.00579095 0)
(0.0820848 0.0105687 0)
(0.0820852 0.015649 0)
(0.0815885 0.0208334 0)
(0.0806406 0.025869 0)
(0.0792922 0.0304767 0)
(0.0775887 0.034367 0)
(0.0755588 0.0372458 0)
(0.0731994 0.0388193 0)
(0.0704611 0.0387956 0)
(0.0672369 0.0368857 0)
(0.0633568 0.0327945 0)
(0.058589 0.0261888 0)
(0.0526404 0.0166039 0)
(0.0451595 0.00318621 0)
(0.035789 -0.0161408 0)
(0.0250959 -0.0483905 0)
(0.014182 -0.114926 0)
(0.0819954 0.000150218 0)
(0.0832246 0.00495734 0)
(0.0840408 0.0101821 0)
(0.0844059 0.0156941 0)
(0.0843269 0.0212841 0)
(0.0838266 0.0266952 0)
(0.0829293 0.0316512 0)
(0.0816485 0.035874 0)
(0.0799779 0.0390922 0)
(0.0778803 0.041045 0)
(0.0752784 0.0414829 0)
(0.0720489 0.0401645 0)
(0.0680202 0.0368427 0)
(0.0629752 0.0312278 0)
(0.0566494 0.022892 0)
(0.0487267 0.0110176 0)
(0.0388754 -0.00642799 0)
(0.0273877 -0.0365017 0)
(0.0150835 -0.0982498 0)
(0.0817549 -0.00129158 0)
(0.0832096 0.0038889 0)
(0.0843197 0.00950029 0)
(0.0850291 0.0153975 0)
(0.0853316 0.0213629 0)
(0.085234 0.0271374 0)
(0.0847433 0.0324505 0)
(0.0838535 0.0370392 0)
(0.0825349 0.0406555 0)
(0.080727 0.0430693 0)
(0.0783329 0.0440671 0)
(0.0752171 0.0434451 0)
(0.0712066 0.0409924 0)
(0.0660943 0.0364504 0)
(0.0596372 0.0294169 0)
(0.0515469 0.0191038 0)
(0.0415236 0.00359204 0)
(0.0297293 -0.0234881 0)
(0.0167044 -0.080045 0)
(0.0799685 -0.0029161 0)
(0.0816604 0.00258056 0)
(0.0830599 0.00853289 0)
(0.0840952 0.0147824 0)
(0.0847487 0.0211022 0)
(0.0850166 0.0272302 0)
(0.0848987 0.0329025 0)
(0.0843792 0.0378736 0)
(0.0834149 0.0419212 0)
(0.0819296 0.0448454 0)
(0.0798119 0.0464646 0)
(0.0769162 0.0466066 0)
(0.0730647 0.0450895 0)
(0.0680505 0.0416787 0)
(0.0616306 0.0359922 0)
(0.0535111 0.0272694 0)
(0.0433846 0.0137063 0)
(0.0318806 -0.0102841 0)
(0.0191019 -0.0598349 0)
(0.0768103 -0.00473284 0)
(0.0787435 0.00103308 0)
(0.080425 0.00729159 0)
(0.0817685 0.0138707 0)
(0.0827447 0.0205312 0)
(0.0833448 0.0270035 0)
(0.0835706 0.0330287 0)
(0.0834072 0.0383823 0)
(0.082805 0.0428713 0)
(0.0816771 0.0463274 0)
(0.0799007 0.0485996 0)
(0.0773199 0.0495448 0)
(0.0737488 0.0490076 0)
(0.0689717 0.0467782 0)
(0.0627275 0.0425034 0)
(0.0546779 0.0354708 0)
(0.0444107 0.0239623 0)
(0.0329379 0.0024811 0)
(0.0200241 -0.0384433 0)
(0.072459 -0.00674234 0)
(0.0746316 -0.000748534 0)
(0.0765876 0.00578857 0)
(0.0782244 0.012683 0)
(0.079498 0.0196775 0)
(0.0803984 0.026485 0)
(0.0809417 0.032847 0)
(0.0811246 0.0385662 0)
(0.0808966 0.0434853 0)
(0.0801623 0.0474708 0)
(0.0787883 0.050403 0)
(0.0766082 0.052167 0)
(0.0734264 0.0526335 0)
(0.0690172 0.0516213 0)
(0.0631075 0.0488171 0)
(0.0553356 0.0435872 0)
(0.0452274 0.0343505 0)
(0.0333696 0.0155906 0)
(0.0191404 -0.0166872 0)
(0.0670787 -0.0089389 0)
(0.0694858 -0.00275858 0)
(0.0717133 0.00403272 0)
(0.0736369 0.0112355 0)
(0.0751894 0.0185662 0)
(0.0763608 0.025701 0)
(0.077198 0.0323723 0)
(0.0777234 0.0384224 0)
(0.0778876 0.0437402 0)
(0.0775855 0.0482322 0)
(0.0766717 0.0518113 0)
(0.0749685 0.0543904 0)
(0.0722683 0.055866 0)
(0.0683328 0.0560843 0)
(0.0628835 0.0547673 0)
(0.0555714 0.051355 0)
(0.0460267 0.0444878 0)
(0.0342347 0.0296059 0)
(0.0194393 0.00503861 0)
(0.0608023 -0.0113122 0)
(0.0634369 -0.00499439 0)
(0.0659428 0.00202355 0)
(0.0681647 0.00953353 0)
(0.0699929 0.0172158 0)
(0.0714122 0.0246745 0)
(0.0725257 0.0316136 0)
(0.0734011 0.0379403 0)
(0.073986 0.0436074 0)
(0.07416 0.0485676 0)
(0.0737627 0.0527669 0)
(0.0726031 0.0561464 0)
(0.070456 0.0586318 0)
(0.067054 0.0600987 0)
(0.062076 0.0602988 0)
(0.0551204 0.0587206 0)
(0.0458636 0.0542429 0)
(0.0340772 0.0440291 0)
(0.0191272 0.0268225 0)
(0.0537163 -0.0138458 0)
(0.0565655 -0.00745837 0)
(0.0593687 -0.00025605 0)
(0.0619302 0.0075611 0)
(0.0640607 0.015633 0)
(0.0657201 0.0234251 0)
(0.0671067 0.0305704 0)
(0.0683624 0.0370973 0)
(0.0694156 0.0430498 0)
(0.0701193 0.0484303 0)
(0.0702964 0.0532154 0)
(0.0697444 0.0573768 0)
(0.068219 0.0608803 0)
(0.0654042 0.0636537 0)
(0.0608801 0.0655031 0)
(0.0540793 0.065971 0)
(0.0445858 0.0640916 0)
(0.0323129 0.0584685 0)
(0.0173181 0.0480601 0)
(0.0458479 -0.0165081 0)
(0.0488752 -0.0101541 0)
(0.0519982 -0.0028454 0)
(0.0549817 0.00526856 0)
(0.0574934 0.013809 0)
(0.0594211 0.0219755 0)
(0.0611108 0.0292305 0)
(0.0628235 0.0358544 0)
(0.0644246 0.0420194 0)
(0.0657247 0.047771 0)
(0.0665349 0.0531039 0)
(0.0666559 0.0580205 0)
(0.0658381 0.0625466 0)
(0.0637192 0.0667075 0)
(0.0597474 0.0704291 0)
(0.0530793 0.0733458 0)
(0.0431903 0.074397 0)
(0.030301 0.0728424 0)
(0.0154418 0.0676061 0)
(0.0371595 -0.0192299 0)
(0.0402654 -0.013064 0)
(0.0436967 -0.00579748 0)
(0.047219 0.00255777 0)
(0.0502716 0.0117002 0)
(0.052588 0.0203291 0)
(0.0546837 0.0275331 0)
(0.0570191 0.0341305 0)
(0.0592973 0.040449 0)
(0.0612712 0.0465393 0)
(0.0627622 0.0523848 0)
(0.0636077 0.058011 0)
(0.0635924 0.063525 0)
(0.0623438 0.0691154 0)
(0.0591824 0.074947 0)
(0.0528094 0.080833 0)
(0.0425411 0.0851463 0)
(0.0289716 0.0872384 0)
(0.0140945 0.0855442 0)
(0.0275708 -0.0218632 0)
(0.0305232 -0.0160948 0)
(0.034115 -0.00914486 0)
(0.038251 -0.000774922 0)
(0.0420777 0.00904259 0)
(0.0451894 0.0182022 0)
(0.0479703 0.0251245 0)
(0.0512494 0.0316484 0)
(0.054389 0.0381619 0)
(0.057105 0.0446318 0)
(0.059283 0.0509874 0)
(0.0608506 0.0572643 0)
(0.0616884 0.0636629 0)
(0.061496 0.0706136 0)
(0.0595321 0.0787557 0)
(0.0537347 0.0884562 0)
(0.0430703 0.0965261 0)
(0.0284803 0.102154 0)
(0.0132885 0.102798 0)
(0.0170481 -0.0240973 0)
(0.0193871 -0.018942 0)
(0.0226341 -0.0127418 0)
(0.027083 -0.00504573 0)
(0.0317379 0.0049267 0)
(0.0371877 0.0143169 0)
(0.0413734 0.0209235 0)
(0.0460863 0.0277179 0)
(0.0502452 0.0347519 0)
(0.053692 0.0418138 0)
(0.0564671 0.0487726 0)
(0.0586362 0.0556714 0)
(0.0602344 0.0627978 0)
(0.0611649 0.0708572 0)
(0.0608487 0.0813739 0)
(0.0558962 0.0967574 0)
(0.0446813 0.109423 0)
(0.0286166 0.118775 0)
(0.0130119 0.117871 0)
(0.00575921 -0.025619 0)
(0.00679989 -0.0211779 0)
(0.00852842 -0.0162608 0)
(0.0116242 -0.0106624 0)
(0.0155114 -0.00243707 0)
(0.0293874 0.00772199 0)
(0.0364635 0.0143525 0)
(0.0427795 0.0222625 0)
(0.0477741 0.0303241 0)
(0.0517148 0.0382269 0)
(0.0548364 0.0458794 0)
(0.0573221 0.053364 0)
(0.0593365 0.0610404 0)
(0.0610677 0.0698167 0)
(0.0625624 0.0821681 0)
(0.0581912 0.107058 0)
(0.0452435 0.125916 0)
(0.0262217 0.14319 0)
(0.00818774 0.139822 0)
)
;

boundaryField
{
    leftWall
    {
        type            fixedValue;
        value           uniform (0 0 0);
    }
    rightWall
    {
        type            fixedValue;
        value           uniform (0 0 0);
    }
    lowerWall
    {
        type            fixedValue;
        value           uniform (0 0 0);
    }
    atmosphere
    {
        type            pressureInletOutletVelocity;
        value           nonuniform List<vector> 
46
(
(-0 -0.0255014 0)
(-0 -0.052677 0)
(-0 -0.0499567 0)
(-0 -0.0464769 0)
(0 -0.0438759 0)
(0 -0.0418148 0)
(0 -0.0401727 0)
(0 -0.0389115 0)
(0 -0.0380088 0)
(0 -0.0374357 0)
(0 -0.0371521 0)
(0 -0.0371074 0)
(0 -0.0372424 0)
(0 -0.0374915 0)
(0 -0.037785 0)
(0 -0.0380514 0)
(0 -0.0382189 0)
(0 -0.0382176 0)
(0 -0.0379812 0)
(0 -0.0374505 0)
(0 -0.0365786 0)
(0 -0.0353389 0)
(0 -0.0337324 0)
(0 -0.0322916 0)
(0 -0.0311795 0)
(0 -0.0298699 0)
(0 -0.02837 0)
(0 -0.0256273 0)
(0 -0.0212335 0)
(0 -0.0164547 0)
(0 -0.0113625 0)
(0 -0.00480735 0)
(0.0293874 0.00772199 0)
(0.0364635 0.0143525 0)
(0.0427795 0.0222625 0)
(0.0477741 0.0303241 0)
(0.0517148 0.0382269 0)
(0.0548364 0.0458794 0)
(0.0573221 0.053364 0)
(0.0593365 0.0610404 0)
(0.0610677 0.0698167 0)
(0.0625624 0.0821681 0)
(0.0581912 0.107058 0)
(0.0452435 0.125916 0)
(0.0262217 0.14319 0)
(0.00818774 0.139822 0)
)
;
    }
    defaultFaces
    {
        type            empty;
    }
}


// ************************************************************************* //
