/*--------------------------------*- C++ -*----------------------------------*\
| =========                 |                                                 |
| \\      /  F ield         | OpenFOAM: The Open Source CFD Toolbox           |
|  \\    /   O peration     | Version:  2.3.0                                 |
|   \\  /    A nd           | Web:      www.OpenFOAM.org                      |
|    \\/     M anipulation  |                                                 |
\*---------------------------------------------------------------------------*/
FoamFile
{
    version     2.0;
    format      ascii;
    class       volScalarField;
    location    "2.7e-05";
    object      k;
}
// * * * * * * * * * * * * * * * * * * * * * * * * * * * * * * * * * * * * * //

dimensions      [0 2 -2 0 0 0 0];

internalField   nonuniform List<scalar> 
7500
(
9.9981154e-06
1.0000491e-05
1.0005825e-05
1.0006193e-05
1.0007789e-05
1.0008997e-05
1.0008882e-05
1.0008926e-05
1.0009154e-05
1.0009978e-05
1.0011027e-05
1.0013485e-05
1.0016434e-05
1.0020587e-05
1.0024282e-05
1.0027897e-05
1.002964e-05
1.0031664e-05
1.0032725e-05
1.0034399e-05
1.0036288e-05
1.0040272e-05
1.004476e-05
1.0053779e-05
1.0060272e-05
1.0069594e-05
1.0073998e-05
1.0077415e-05
1.0079074e-05
1.0080945e-05
1.0081782e-05
1.0082858e-05
1.0084943e-05
1.008787e-05
1.0094484e-05
1.0100696e-05
1.0110371e-05
1.0117503e-05
1.0126675e-05
1.0130777e-05
1.0137425e-05
1.0141302e-05
1.0148924e-05
1.0154784e-05
1.0166635e-05
1.0177515e-05
1.020036e-05
1.0214687e-05
1.0243091e-05
1.0261775e-05
1.0285559e-05
1.0304121e-05
1.0326136e-05
1.0343268e-05
1.0370513e-05
1.0385595e-05
1.0411479e-05
1.0429121e-05
1.046023e-05
1.0482432e-05
1.0521118e-05
1.054783e-05
1.0594336e-05
1.0629862e-05
1.0693295e-05
1.073725e-05
1.0820141e-05
1.0876362e-05
1.0985606e-05
1.1056531e-05
1.1196564e-05
1.1284954e-05
1.1460297e-05
1.1569784e-05
1.1868392e-05
9.9983615e-06
9.9989561e-06
9.9991675e-06
9.9984409e-06
9.9984513e-06
9.9987563e-06
9.9996908e-06
1.0000331e-05
1.000188e-05
1.000304e-05
1.0004811e-05
1.000668e-05
1.0008413e-05
1.0010803e-05
1.0012575e-05
1.0015374e-05
1.0017502e-05
1.0020533e-05
1.0024052e-05
1.0027272e-05
1.0032817e-05
1.0036941e-05
1.0044009e-05
1.0047859e-05
1.0053186e-05
1.0056459e-05
1.005974e-05
1.0062006e-05
1.0064369e-05
1.0067818e-05
1.0071805e-05
1.0078359e-05
1.0084557e-05
1.009336e-05
1.0105718e-05
1.0116183e-05
1.0133903e-05
1.0152334e-05
1.0182757e-05
1.0206538e-05
1.0249266e-05
1.0284291e-05
1.0347615e-05
1.0396285e-05
1.0486323e-05
1.0558976e-05
1.0699859e-05
1.080223e-05
1.0988648e-05
1.111481e-05
1.1325473e-05
1.1477074e-05
1.1694436e-05
1.1866409e-05
1.2117762e-05
1.2307385e-05
1.2616839e-05
1.2844986e-05
1.3221725e-05
1.3514234e-05
1.3985006e-05
1.4327048e-05
1.4897427e-05
1.5318551e-05
1.6021764e-05
1.6516621e-05
1.7365592e-05
1.7985873e-05
1.9050621e-05
1.9784106e-05
2.1074956e-05
2.1920434e-05
2.340609e-05
2.4380998e-05
2.6771208e-05
1.0000569e-05
1.0002913e-05
1.0009824e-05
1.0012148e-05
1.0017838e-05
1.0022043e-05
1.0031225e-05
1.0036866e-05
1.0048329e-05
1.0055818e-05
1.0069137e-05
1.0077799e-05
1.0091035e-05
1.0102311e-05
1.0113367e-05
1.0126703e-05
1.0138782e-05
1.0151546e-05
1.0166591e-05
1.0177448e-05
1.0194621e-05
1.0204587e-05
1.0220664e-05
1.023019e-05
1.0245204e-05
1.0256578e-05
1.0268788e-05
1.0286915e-05
1.0305167e-05
1.0334684e-05
1.0363372e-05
1.0413389e-05
1.0460346e-05
1.0538288e-05
1.0632314e-05
1.0748274e-05
1.0877825e-05
1.1112322e-05
1.1377177e-05
1.1621801e-05
1.2058031e-05
1.2454167e-05
1.3135367e-05
1.3673956e-05
1.4620178e-05
1.5413776e-05
1.6866355e-05
1.798395e-05
1.9946739e-05
2.1403208e-05
2.3864317e-05
2.5679101e-05
2.8618364e-05
3.0879449e-05
3.4414975e-05
3.7136475e-05
4.158299e-05
4.4898203e-05
5.0413617e-05
5.4591423e-05
6.1248514e-05
6.6058679e-05
7.392838e-05
7.958409e-05
8.8752688e-05
9.5222227e-05
0.00010586065
0.0001136767
0.00012645598
0.00013540155
0.00015028945
0.0001601304
0.00017635512
0.00018728057
0.0002124493
1.0021755e-05
1.0039936e-05
1.0092112e-05
1.011301e-05
1.0165015e-05
1.019283e-05
1.0255202e-05
1.0288065e-05
1.0356927e-05
1.0392814e-05
1.045935e-05
1.0492666e-05
1.0548438e-05
1.0578045e-05
1.0625186e-05
1.0653577e-05
1.0698623e-05
1.072736e-05
1.0774878e-05
1.080592e-05
1.0859898e-05
1.089608e-05
1.0960469e-05
1.100861e-05
1.1094069e-05
1.1180819e-05
1.1283519e-05
1.1469439e-05
1.1658365e-05
1.1984462e-05
1.2306492e-05
1.2893956e-05
1.3464915e-05
1.4502014e-05
1.5454814e-05
1.7168035e-05
1.8729027e-05
2.1619826e-05
2.4485251e-05
2.764052e-05
3.3244587e-05
3.8133614e-05
4.6155798e-05
5.2697919e-05
6.4056966e-05
7.3625703e-05
9.0523444e-05
0.00010348183
0.0001259196
0.00014283576
0.00017157676
0.00019279909
0.00022773815
0.0002541276
0.00029643468
0.00032833745
0.00038057896
0.00041895782
0.0004834686
0.00053005675
0.00060478583
0.00065757723
0.00074392418
0.00080339056
0.00089946965
0.00096623936
0.0010747594
0.001152888
0.0012791406
0.0013665956
0.0015088879
0.0016014724
0.001750149
0.0018500185
0.0020738769
1.01151e-05
1.019808e-05
1.0431121e-05
1.052347e-05
1.0766984e-05
1.08785e-05
1.1147771e-05
1.1263273e-05
1.1522496e-05
1.162455e-05
1.1828605e-05
1.1901808e-05
1.2032838e-05
1.2084412e-05
1.2178784e-05
1.2230406e-05
1.2325258e-05
1.2388997e-05
1.2509264e-05
1.2607203e-05
1.2798901e-05
1.2979997e-05
1.3336809e-05
1.37039e-05
1.4420198e-05
1.5223684e-05
1.6400924e-05
1.854609e-05
2.0723706e-05
2.4607856e-05
2.869537e-05
3.6238972e-05
4.3482277e-05
5.6569243e-05
6.8560092e-05
9.0701393e-05
0.00010997234
0.00014539337
0.00017566512
0.00021836114
0.00028307091
0.0003358621
0.0004224951
0.00049489521
0.00062006578
0.00071988148
0.00089270153
0.0010214563
0.0012461359
0.0014101188
0.0016918412
0.0018901504
0.0022236118
0.0024626931
0.0028564604
0.0031405824
0.003608076
0.0039433663
0.0045114234
0.0048997528
0.0055324961
0.0059655487
0.0066791338
0.0071479582
0.0079120563
0.008426286
0.0092656447
0.0098508427
0.010802135
0.011451368
0.012490133
0.013142257
0.014179936
0.014863578
0.016383768
1.0232951e-05
1.0396662e-05
1.0845284e-05
1.1024257e-05
1.1506e-05
1.1745725e-05
1.2332524e-05
1.2603653e-05
1.3238972e-05
1.3500577e-05
1.4097322e-05
1.4279559e-05
1.4629786e-05
1.4751016e-05
1.502581e-05
1.5185021e-05
1.5506875e-05
1.5790315e-05
1.6352922e-05
1.7025135e-05
1.837247e-05
2.0063815e-05
2.3421781e-05
2.7461888e-05
3.547767e-05
4.4575509e-05
6.0156765e-05
8.3990031e-05
0.00010917259
0.00015656724
0.00020425752
0.00029170413
0.00037109818
0.0005161215
0.0006438428
0.00088050509
0.0010741335
0.0014332685
0.0017126411
0.0021897032
0.0027010218
0.0032114729
0.0039573747
0.0046464326
0.0056769195
0.0064954253
0.0078768018
0.0088847189
0.010663344
0.011884479
0.013989494
0.015399374
0.017826545
0.019464528
0.022232735
0.024121865
0.027238152
0.029425714
0.033145893
0.03556142
0.039562557
0.042204466
0.04657644
0.049327025
0.053853507
0.05677779
0.06158975
0.064851368
0.070180952
0.073930195
0.079395978
0.082784772
0.088141813
0.091598421
0.099272015
1.0230524e-05
1.040461e-05
1.0869752e-05
1.10811e-05
1.1631732e-05
1.1952583e-05
1.2721987e-05
1.3121615e-05
1.4062616e-05
1.4489327e-05
1.5477212e-05
1.5948443e-05
1.7002083e-05
1.7580755e-05
1.8665542e-05
1.9717551e-05
2.1588266e-05
2.4247208e-05
2.9281117e-05
3.6660329e-05
5.1456501e-05
7.0940149e-05
0.00010990486
0.00015564937
0.00024750866
0.00034565937
0.00053052164
0.0007474183
0.0010133446
0.0015072384
0.0019520209
0.002760393
0.0034552264
0.0047515335
0.0058165485
0.0077805676
0.0092857666
0.012091093
0.014148151
0.018004051
0.020728749
0.02565594
0.029228483
0.035490946
0.040117866
0.047019058
0.054330086
0.060818537
0.071401701
0.078165565
0.089910106
0.097567507
0.11093583
0.11948065
0.13383477
0.14381988
0.15872865
0.17006138
0.18824266
0.19970144
0.21845226
0.23109013
0.25104084
0.26330661
0.28342991
0.29604312
0.31688348
0.33098339
0.3537833
0.37004481
0.39198072
0.40563932
0.42671314
0.44038235
0.47039763
1.018192e-05
1.0348258e-05
1.0706214e-05
1.08779e-05
1.1236385e-05
1.1461075e-05
1.1906758e-05
1.2362137e-05
1.28884e-05
1.3793274e-05
1.4643974e-05
1.6324153e-05
1.8144592e-05
2.1706301e-05
2.6899502e-05
3.6723106e-05
5.2947041e-05
8.2219039e-05
0.00013649237
0.00021624942
0.00038110944
0.00058099339
0.00098825636
0.0014238716
0.0023104292
0.0031694751
0.0048729086
0.0064141284
0.0091523941
0.012447694
0.015885903
0.021690296
0.026497614
0.035505357
0.042243948
0.054613773
0.063624176
0.080420766
0.092052386
0.1137307
0.12825619
0.15541879
0.17298032
0.20569578
0.22645231
0.26487282
0.28930986
0.32966577
0.36998573
0.40094535
0.4533747
0.48605847
0.54094012
0.57955446
0.63021708
0.68103705
0.72932819
0.7842154
0.84689627
0.89592764
0.96254672
1.0148976
1.0868706
1.1337243
1.2068175
1.2529667
1.3289309
1.380059
1.4635704
1.5222426
1.5994844
1.6496218
1.7235546
1.7740628
1.8826779
1.0089432e-05
1.0457235e-05
1.060483e-05
1.0952647e-05
1.1130194e-05
1.1476537e-05
1.1871306e-05
1.2422684e-05
1.3436841e-05
1.506058e-05
1.8204052e-05
2.4568354e-05
3.7185712e-05
6.2739021e-05
0.00011086769
0.00020551348
0.0003665268
0.00067549998
0.0011836158
0.0019324177
0.0034742124
0.0051302368
0.0085587227
0.011859048
0.018602567
0.024503139
0.036320498
0.046059491
0.065259014
0.080083567
0.10809494
0.13206486
0.16212011
0.20812586
0.24083116
0.30140844
0.34363547
0.42111197
0.47207165
0.56625654
0.62746029
0.74168033
0.81240363
0.94412793
1.0243026
1.1729932
1.2643016
1.4289134
1.5485629
1.6940233
1.8642073
1.998522
2.1771165
2.3374363
2.4915559
2.6960393
2.84017
3.066571
3.2589884
3.4652267
3.6804852
3.9116919
4.1384837
4.3458212
4.5906775
4.7684466
5.0501522
5.2473527
5.5641534
5.7702805
6.0756187
6.2921019
6.6064905
6.8433336
7.3357652
1.0049562e-05
1.0285665e-05
1.0576889e-05
1.1155976e-05
1.1809584e-05
1.2545639e-05
1.4119564e-05
1.6666208e-05
2.2403943e-05
3.470437e-05
6.1891554e-05
0.00011978529
0.00023779249
0.00048054742
0.00092598976
0.0018223995
0.0031956025
0.0060105395
0.0096331278
0.015875281
0.026699199
0.037709398
0.060403748
0.080126596
0.11977489
0.151488
0.21495416
0.26319607
0.35811076
0.42574434
0.55618511
0.64554209
0.80742743
0.95130929
1.102794
1.3368447
1.4981697
1.7788899
1.9682256
2.3143242
2.5356995
2.9421484
3.1907049
3.6499098
3.9312611
4.4476833
4.7711577
5.3668032
5.7408929
6.3748738
6.852686
7.4440868
8.0141223
8.6127193
9.1799334
9.9372768
10.531001
11.460168
12.279851
13.157498
14.054381
15.169744
15.930366
17.07262
17.848798
18.798439
19.960672
20.855659
22.275741
23.368805
25.163265
26.628329
28.771876
30.270412
33.07737
1.0989164e-05
1.160197e-05
1.3067562e-05
1.4200549e-05
1.5659413e-05
1.8486734e-05
2.5423228e-05
4.3087357e-05
8.7906501e-05
0.00019362979
0.00042851343
0.00093617126
0.0019397862
0.004094735
0.007570292
0.014575668
0.02436671
0.043409743
0.066568109
0.11005656
0.15839374
0.22589687
0.33808733
0.43444133
0.61218861
0.75191647
1.0175028
1.2099272
1.5805166
1.8300295
2.3069846
2.6226544
3.2207227
3.6177653
4.3320392
4.9033552
5.6417366
6.4644725
7.2453795
8.406315
9.203297
10.633562
11.514507
13.136842
14.201804
16.155884
17.436694
19.892595
21.410363
24.100801
25.694611
28.501062
30.235358
32.815772
36.08946
39.596341
43.124728
48.897462
52.825357
56.427721
62.027522
67.515549
71.191797
77.464237
81.194816
87.413039
92.705049
97.96476
111.32876
120.23502
140.15872
151.8955
167.17248
174.24119
188.64611
1.2206352e-05
1.4585788e-05
1.7376741e-05
1.9646933e-05
2.5394135e-05
4.2994651e-05
9.6245708e-05
0.0002424969
0.00060910187
0.0014520304
0.0032579141
0.0071740042
0.014400726
0.030505635
0.052221146
0.095840309
0.15586841
0.24761729
0.38789131
0.56648241
0.79126637
1.1340683
1.4626992
1.9723618
2.480315
3.1384605
3.9107334
4.6712611
5.8304966
6.6776272
8.2541158
9.3187316
11.34422
12.703184
15.215021
16.990102
20.355462
22.663167
26.785023
30.180136
34.052303
39.215026
42.695606
50.072517
55.202134
64.884513
70.372024
85.016819
90.286936
103.80035
108.93145
124.79197
131.9244
151.8755
181.39887
198.32162
228.41873
270.46835
263.56755
281.44705
332.24366
364.31031
372.54637
429.04958
434.17007
481.91736
499.23076
538.23193
624.79282
627.69783
648.36277
690.93001
699.05856
718.49618
739.75358
1.201523e-05
1.5743364e-05
1.9170389e-05
3.01695e-05
7.0578093e-05
0.00021082971
0.00063144675
0.0017454064
0.0043986592
0.010243294
0.022233626
0.04940348
0.09127614
0.1859858
0.29479858
0.52654552
0.78780801
1.1887411
1.79053
2.356987
3.4184633
4.2690453
5.7206222
7.1675774
8.8578836
11.227875
13.153093
16.550255
19.143033
23.083976
28.087734
32.385188
39.92425
45.180235
55.079172
63.384269
79.472167
89.37508
109.90829
122.11501
143.11004
163.38118
181.23086
241.61575
264.09813
311.87791
340.44594
447.20767
435.75442
521.75049
517.74052
647.82248
628.77922
723.90596
769.92059
770.10487
920.60978
984.81071
837.92491
889.56628
1081.6194
906.6849
907.73428
959.40894
860.8256
859.16205
835.6909
1005.1542
802.17837
736.28335
582.5453
569.09349
479.39948
449.19955
371.7047
1.0742976e-05
1.4047313e-05
2.7190769e-05
0.00010028725
0.00040459216
0.0014304304
0.0043553211
0.011683394
0.028104518
0.062921014
0.13102051
0.28142197
0.48144249
0.92274735
1.3677997
2.3553045
3.1957351
4.9872211
6.3706902
8.9612902
11.708484
14.800824
19.595938
23.35952
30.739604
36.489021
45.804898
55.869167
65.818306
86.561303
102.7368
128.2448
155.3097
181.76599
238.83981
288.85813
374.96874
412.08227
544.89751
570.07005
715.46895
733.586
864.05937
934.43339
1016.1999
1010.9538
1200.1744
1137.8735
1003.7938
1003.424
1032.7987
1002.5095
856.5999
873.06868
709.58521
718.7919
711.38574
462.66932
464.7943
455.39062
346.19657
231.07786
281.79382
194.89111
211.15873
153.74192
236.60321
186.88252
69.415656
77.915357
54.246109
44.532834
29.758774
28.307306
22.472921
1.007101e-05
1.9134171e-05
0.00010978975
0.00062415249
0.0026998825
0.0091979872
0.026683951
0.067914133
0.15448809
0.33572051
0.66590404
1.3055361
2.1403624
3.7514812
5.3406485
8.6763921
11.35727
17.040579
21.381001
30.471199
37.432056
51.035933
63.36039
79.955892
109.82032
131.15195
173.63754
207.03253
269.48828
390.31718
457.07553
601.72607
681.059
888.97328
937.33943
1114.8109
1179.8973
1227.9862
1419.5522
1235.7206
1355.1668
1004.9223
1168.0813
827.67663
842.36251
641.02136
837.46329
275.83535
303.01358
172.48681
254.31857
119.17119
168.16164
125.22166
65.765742
131.55732
70.86568
30.52445
93.170196
100.17089
34.303037
19.119273
36.009348
27.62115
22.760198
21.590067
57.167736
13.377934
5.3897213
6.056839
6.1218447
5.9456327
4.8280811
4.2647963
3.8481534
9.6931915e-06
7.4419597e-05
0.00073058941
0.0041035623
0.016650036
0.052708428
0.14319131
0.34381779
0.73237994
1.5818547
2.9226568
4.9758233
8.4399977
12.648118
18.685322
28.376829
37.070233
55.745378
69.742146
103.14345
128.55197
185.01374
226.6508
333.47133
451.5536
546.85547
765.41529
903.2996
1128.4288
1301.9932
1343.4857
1502.4313
1414.2505
1437.0652
1080.4372
1063.6698
905.91507
722.55648
443.10003
388.58431
203.12365
178.83878
210.90958
101.43063
122.62631
99.333573
59.021326
18.098114
20.636031
29.732438
29.264891
13.902092
17.073418
12.137149
10.288491
33.071361
16.153153
11.283142
60.401091
40.50707
8.7957455
7.4062243
36.963517
18.152742
13.689509
16.564196
24.744576
4.6469584
3.0783632
3.5330896
4.3713708
5.2405322
5.0687421
4.5207961
3.7209998
8.2710973e-06
0.0004859247
0.0046966335
0.024177445
0.089902058
0.26264359
0.6678828
1.5174357
3.0001371
6.4257379
10.209029
17.838682
27.448435
40.234748
63.97574
88.070827
123.94887
192.18167
241.77105
404.9514
506.70009
783.88449
926.36655
1251.5528
1316.118
1419.1634
1620.9524
1533.6438
1330.8899
1034.0064
845.46716
678.83376
422.5418
262.11535
167.95971
167.86586
144.29477
72.307999
33.664338
30.72157
18.699402
22.686735
20.995296
18.07891
37.882213
26.924749
8.165968
7.5326633
9.4887947
9.8595221
9.7784015
6.2684303
5.4344327
5.4671521
5.9453567
16.058043
9.0716367
9.0016341
15.963026
12.366569
5.9888136
6.045173
10.302162
13.076453
11.586142
10.514156
11.981339
3.2779585
2.8869187
2.9583763
4.3663307
5.7363232
5.4824116
5.1654735
3.8327235
3.8531833e-05
0.0031140501
0.027025524
0.12567565
0.42324581
1.1367533
2.7211555
5.6745343
10.843725
21.410428
33.122634
57.900534
84.471272
139.40545
213.34811
300.99767
493.69277
735.06646
948.7075
1405.5834
1461.4592
1808.4801
1577.9178
1369.2952
981.4946
797.28959
526.15687
519.25382
187.45448
133.79937
101.31884
60.686464
35.635279
16.935362
17.95791
36.820945
15.867795
10.994507
9.2910379
7.4392258
5.1116786
7.167363
10.313927
7.1348535
8.8903162
7.9558399
5.9188053
6.2255426
11.036155
11.775386
9.3625605
4.647476
4.2577589
6.5506558
6.2884436
10.535191
8.1697219
8.188209
12.871379
7.7941285
7.9525101
6.1104963
18.077442
6.6949032
6.9763467
7.1371284
6.632422
2.789295
3.0415957
3.2386212
4.3114479
6.0471258
6.3511123
4.5754691
3.4424887
1.0216837e-05
0.017713413
0.13670062
0.57197882
1.7412481
4.3074227
9.7390972
18.66796
36.61858
65.175161
104.57012
186.37716
287.01827
529.90845
800.04289
1215.7195
1513.8351
1681.9388
1739.6924
1572.3043
1230.4538
723.15231
405.48364
212.3774
136.9252
117.03691
61.723958
68.989278
15.316254
15.291956
14.516125
4.8345601
4.6047897
3.1924847
3.818159
14.838172
8.0030251
11.822331
10.734771
6.9389576
5.024864
4.9500147
6.955003
9.3987053
17.964032
8.7380603
4.5963625
4.6938382
6.9101869
8.1112495
6.1590947
5.8302973
4.5927379
5.4216004
5.2043828
10.201462
7.8689579
8.2057041
8.9245208
6.9351579
8.8782165
10.735472
9.8573517
6.1491953
8.5783157
5.3843276
4.6737302
2.6220107
2.9590367
3.0142591
3.3661605
4.7090054
6.7366881
6.0378921
4.9838837
0.00062451775
0.093748782
0.6174607
2.2875813
6.2901775
14.442453
30.333388
58.888593
116.81448
201.13493
354.71626
690.39611
1123.8257
1646.0198
1917.396
1840.0005
1487.6568
876.50422
577.102
326.80406
232.73849
65.248445
38.308639
23.873951
20.642952
27.07071
9.3864403
5.131178
4.5778422
5.3600856
1.9885037
1.4177388
4.8595944
1.9227205
1.9163815
10.630396
2.0770198
4.9229241
11.724923
6.893735
5.618349
4.1946724
7.5066581
6.7165945
19.064584
9.8028832
5.5446664
4.2250535
6.3107647
6.9947348
5.8061054
9.2548369
5.933298
5.4010519
4.7848785
7.5984569
10.060308
8.2764924
7.3514592
6.2990599
13.852584
8.2736375
8.3561602
7.548629
7.0538089
4.2446012
3.2633676
2.7242965
2.8552893
2.829761
3.1073358
4.5380627
5.6312137
6.6959395
5.4563416
0.0076011404
0.44596383
2.4843031
8.0740348
20.254474
44.254957
91.216813
187.91009
378.71695
719.75563
1406.6039
1824.2586
1977.9501
1775.5642
1047.8832
458.10549
240.13351
126.39624
90.407826
56.821824
56.66459
10.62086
4.4952355
5.4871562
6.8397173
10.032247
3.6584699
2.6378236
4.518337
4.1375857
1.1594932
2.0986163
2.2341653
1.271841
1.4863495
5.6668306
1.7758372
2.662538
15.817577
6.8799737
3.2995853
4.5385849
8.3621126
4.9623401
6.1286918
5.6073648
3.3823193
3.5625138
8.5888492
8.6012285
7.7745462
5.5153802
5.1012588
4.0888593
4.7550716
7.7750252
8.7045876
7.7158707
5.7621724
6.1210524
20.181428
11.565448
17.852351
9.4789461
6.752355
4.3563466
2.964603
3.0423395
3.1534809
2.9841416
3.1874629
4.7697325
4.3454427
4.7394269
4.3824396
0.05947006
1.897106
8.8550853
25.389453
59.829103
130.2302
283.05114
652.25455
1442.9814
1801.208
2104.9365
1615.0583
694.11654
376.37613
123.72841
46.988089
27.002133
23.027545
13.382495
8.7385884
9.0536137
8.3803463
2.372077
3.8200972
6.3426169
4.6640666
5.0425513
2.3507794
3.772899
3.5830043
1.6219887
3.4010258
1.6140903
0.98123656
2.0451057
3.5888934
1.7781007
2.6894157
3.0748623
3.9650359
3.0321561
4.3234606
5.3397198
4.0639552
6.3400928
5.0901167
3.3389818
3.3585088
5.2645958
15.331328
9.133728
9.4953836
4.6379063
3.3785958
3.9353719
8.1792612
7.0257839
4.54779
5.4131418
8.4274516
16.522655
15.159876
8.6371458
7.3449491
7.1881564
4.1682976
3.1629295
3.0011226
3.2269904
3.3059387
3.5888115
3.9543038
3.9221979
4.0590258
4.1619705
0.37076266
7.2197066
28.221321
72.890868
169.99551
392.96842
994.49587
1803.6437
2324.5651
1612.2126
722.7664
312.35598
97.300207
56.266445
9.621372
4.1597737
2.915307
5.7292273
4.6332592
2.5574789
2.3195713
1.9897952
1.5855156
2.0843414
3.9595919
4.0678471
3.6234338
3.6055929
4.3974417
3.7241894
2.4808545
3.0258606
1.5236936
0.94274427
1.4395194
2.9440474
1.7501575
1.7994921
2.6479563
3.4082515
2.9855638
2.8338277
9.9338859
7.520759
6.789243
5.7474
3.1818665
2.871855
4.042465
25.533996
12.401473
6.1016809
3.2856474
3.3667417
4.1507874
7.551075
6.0632103
4.6000046
6.0886274
10.750992
7.9145112
10.886014
5.6706891
5.5043622
6.1089722
4.6804399
4.1037282
2.7405682
3.2000701
3.3781273
3.8075066
3.7812437
3.4801475
3.579073
4.7522282
1.9712161
24.680933
81.979038
197.97601
497.59072
1346.5422
1936.301
1863.5986
950.82609
343.28574
142.47097
35.01597
10.007489
5.1180831
1.4207533
0.88456837
0.865958
1.8556767
2.5695491
1.9335552
2.0713082
1.6220166
1.583314
1.6863323
4.7308241
11.623057
2.0419548
7.6729701
4.6212548
3.7267692
2.4042024
1.836397
1.3888624
1.0017405
1.083164
2.3810437
1.5766215
1.6632632
4.3104338
2.2156947
1.7050106
2.1368894
31.599065
13.609409
4.3074422
3.2817809
2.8876999
2.8071158
6.1962862
7.3949804
10.750112
5.15221
3.1689219
3.4710606
4.003443
5.5113144
5.8514783
4.9117098
4.9813781
8.4427751
8.4887427
10.177368
6.2377929
5.4925972
5.0274474
4.551511
3.3025096
2.1376193
3.1882944
3.3397881
4.1912192
4.1105781
3.7954008
4.3959979
5.7660503
9.199127
76.758439
222.36484
539.75738
1628.3369
2154.5987
1403.8998
525.05715
184.03986
46.042815
17.373936
2.8252648
1.20476
0.90914211
1.0881091
0.66884884
0.64965748
1.0295483
1.743374
1.7034912
1.8629032
1.5957626
1.7766233
1.5388603
4.3095963
12.493106
2.7623271
18.810727
4.9867656
3.5220053
2.4919883
1.781909
1.3008268
1.0445388
1.0699701
2.25536
1.5306816
1.9234068
6.6212422
1.5987806
1.4926975
3.4448479
7.3515266
5.2666094
2.6738477
2.4267917
2.888759
2.7697763
5.216205
6.5299796
6.2723218
3.551361
3.4711262
3.397162
4.5316173
5.410647
5.813966
4.2630606
5.8908167
6.8741595
6.5346161
8.727227
6.309305
4.6856132
6.1651975
2.8090384
2.6377838
2.1499707
3.4478464
3.6627312
4.044867
4.0105705
4.5674363
5.7948103
5.9527953
38.5646
219.54885
588.46947
1609.1652
2220.3884
1162.8075
478.19417
127.11957
20.356612
4.6716186
2.2405311
0.78124961
0.50854208
0.72557052
1.0763141
0.64729491
0.63642845
0.81104067
1.5246138
1.5893274
1.5346101
1.5898785
1.6314907
1.688754
3.5713851
5.3850745
2.7582479
27.517123
5.3425488
2.9464806
2.8655466
1.8741615
1.4615267
1.1336812
1.1347756
2.2572886
1.5274346
2.5988416
1.9879598
1.4040902
1.4100668
4.4296567
5.6110081
3.8353071
2.1752763
2.3474316
3.2281148
2.5580997
4.3640211
9.3442648
5.7334876
3.548354
2.7390752
2.7990882
3.7281576
7.4909556
5.9111712
3.4702081
3.7278353
6.1370461
5.0429652
7.7979456
5.9202073
3.229567
4.0334766
1.8392165
2.475563
2.2760256
4.2183074
4.8612121
4.5740693
4.709977
6.2741735
5.9633125
5.1359421
148.67754
586.692
1632.7995
2132.9452
1072.326
356.81485
113.93775
16.147637
2.1978871
0.56944355
0.5803122
0.67698923
0.49773719
0.94640931
1.1643029
0.6587645
0.65854757
0.75437193
1.3988339
1.3582001
1.4894141
1.4507234
2.2423365
1.6268358
4.646765
4.3350655
2.6644338
21.55245
5.2345178
2.5594454
2.7699691
1.9031756
1.6991832
1.3381933
1.0989286
2.0593333
1.6286011
2.8195317
1.6776698
1.4908447
1.56591
4.4812325
5.3936105
3.2122497
2.0962613
2.5202435
3.8785837
2.4601795
3.9431465
6.436849
4.2007218
3.4027533
2.4203672
2.5935317
4.3330043
9.6368107
5.5383054
3.7644321
5.4424386
5.0124865
4.6293323
7.4063538
4.9175078
2.7216883
2.9478433
1.8932569
2.7840781
2.8813334
5.1140368
6.203895
4.8721995
5.1373625
7.0352203
5.0515005
4.3359494
484.56295
1567.1636
2574.3456
1330.7514
381.66436
71.862056
15.83437
2.1523548
1.2014635
0.30117973
0.38183702
0.66827153
0.54887518
1.0148879
1.2019496
0.6538511
0.67875267
0.74237161
1.2734451
1.2262585
2.1655926
1.4790398
2.6470678
1.3479644
6.2278626
4.3335483
2.8088328
6.6215383
3.8098614
2.5430856
2.1593685
2.0451686
1.9301202
1.3952685
0.9738897
1.8426558
1.6727381
2.1078985
1.6502471
1.4576047
1.6084299
2.6286849
2.7310604
3.5417023
3.2806573
6.3383756
4.9630143
2.2868728
4.2652448
4.3019958
3.2633978
2.6361606
2.2167354
3.3022863
5.247469
8.7280223
5.6327847
3.6319837
3.7466324
4.5137043
4.6300689
6.7596867
4.6865788
2.6465312
3.383319
1.5523378
1.7022804
3.7247535
5.3985517
6.732324
4.3022663
4.8739939
5.2104571
4.5629182
4.146033
1457.4511
3100.439
2021.1927
558.28172
78.590884
9.1057129
2.0465979
0.99882656
1.0985529
0.44930298
0.35712002
0.69871905
0.51968164
0.98066101
1.2780138
0.66062512
0.68503016
0.69307735
1.1175363
1.2856209
2.9275379
1.5237536
2.3300658
1.2711708
2.7782996
2.0918629
2.6192534
4.6558499
3.6610104
3.2967464
2.1489582
2.6138602
2.1162549
1.2446881
0.97031452
1.6183924
2.010466
2.1846682
1.3536986
1.5742476
1.9236814
1.5533312
1.6025722
5.8986226
3.8226107
8.4820606
5.2011592
2.1739444
4.4919822
3.749994
2.8537127
2.7011244
2.3010096
3.9709329
4.1850094
9.3097612
5.7811845
3.7143112
2.8432862
4.3324897
4.6405761
6.5677823
5.0766283
2.8299352
3.1015783
1.2728571
1.4026295
5.141947
5.3040368
6.2174035
3.8386963
4.8491583
4.6952871
4.5444934
4.1130414
4177.5818
3293.0997
727.46579
115.56834
8.9073659
1.193868
0.60678132
0.90602116
1.0241421
0.63578889
0.36878177
0.74421204
0.50440332
0.88384925
1.3229076
0.69168438
0.67438537
0.6473416
1.0478148
1.3272425
2.8975205
1.6127989
1.4540195
1.1704935
2.2746149
1.5530739
2.240672
5.8284737
3.8246319
7.3318775
3.6794634
3.447067
2.1493098
1.1751309
1.2514544
1.6045681
2.364883
3.0870844
1.4564757
1.366916
1.9662957
1.3448059
1.4880282
6.9914412
4.3948185
4.0572716
2.8726913
2.142967
3.8670777
3.5982668
2.7621872
2.4131693
2.7012783
3.466979
5.8623332
7.2905257
5.286792
4.0077508
3.3667061
4.0948552
4.9761214
6.3277299
5.2936069
3.233676
3.1186508
1.1359388
1.466144
5.6724931
5.1118107
5.0608794
3.7544521
5.2899627
5.1055896
5.11739
4.1863079
7840.9145
1599.6631
133.52735
14.198711
1.0487749
0.33705886
0.47192774
0.88964383
1.1821384
0.70909881
0.38885736
0.80352162
0.56722239
0.80406428
1.3706465
0.69976014
0.6364879
0.64174694
0.97829202
1.2997528
2.2109138
1.6161948
1.2245372
2.1654321
2.3614769
1.5964404
1.7912765
3.3788327
4.0718539
17.922228
3.5596044
4.0041105
2.1640194
1.1472044
1.2473417
1.6844735
1.9956645
5.278284
1.9318969
1.6813993
1.6165597
1.4572034
1.5995025
3.0845007
3.5786959
2.3901138
2.070428
2.2879243
2.9366365
4.6126591
3.2579974
2.4431855
3.0057329
2.820238
4.4441747
7.0410808
5.0043378
3.5912892
6.6852275
4.8219823
4.5734654
6.0681859
5.2589243
4.2564474
1.7285667
0.87674419
1.9004614
4.9844464
4.6141729
4.8905273
3.7896994
5.1771659
6.081685
5.5852295
4.1096225
1530.0349
256.74018
13.056995
1.5742025
0.38211795
0.25315948
0.46644258
0.84187682
1.2453248
0.91821812
0.41080069
0.86217078
1.0447136
0.81095577
1.3869281
0.69802937
0.61820494
0.67759242
0.94013799
1.3115338
2.1070221
1.5011768
1.1929686
7.0527344
1.7210497
1.2860245
1.4524686
1.658821
4.1456209
16.561744
6.6029073
4.9677007
1.7097233
1.0759824
1.1421514
1.751167
1.9912715
6.071642
3.1104603
2.7521666
1.5577878
1.4999901
1.7310316
1.9488089
2.5086621
2.0983513
2.3719594
2.5442756
2.4506618
4.5784213
3.4153963
2.4926092
1.9619584
2.6900561
2.9523614
6.4290754
5.0790295
4.0183886
12.725131
5.1329213
4.1734326
5.5174625
6.5760023
4.2895523
2.5318246
0.82285315
2.7669531
4.5998614
4.2404063
4.9072146
3.9990033
4.7029353
6.7472547
5.7726822
3.8006148
105.83161
21.753551
1.0958637
0.38635547
0.33490503
0.25033694
0.46822963
0.75129199
0.98561823
1.3886254
0.46015086
0.93707263
2.7935277
1.0512433
1.3931515
0.68168475
0.62210463
0.82652318
0.90904122
1.342711
2.4118321
1.4693035
1.0193145
4.8780491
1.2675855
1.1366207
1.2170517
1.5054889
2.6294811
5.6911048
7.4485919
5.0597104
1.292416
1.0711738
1.2114548
1.6791356
1.888662
4.8636602
3.9879301
4.1090746
1.9730361
1.9257786
1.7613061
1.9179659
2.5548453
2.0055661
3.216167
2.8211583
2.3522837
4.6225021
3.3808643
2.1337177
1.7008855
2.6305579
2.5111947
4.7292479
6.1387302
6.8150174
9.8802514
7.8537522
4.5609121
5.7710717
10.392325
4.6570445
2.4373579
0.91088827
3.2339495
4.6145654
4.1398711
4.4412943
4.2555614
4.8581263
7.3013895
5.876154
3.0999866
3.7926154
1.4310069
0.34235192
0.29349023
0.32931653
0.26002263
0.46114051
0.64867357
0.8291235
1.5255683
0.50598262
1.0610568
6.2304201
1.5407765
1.3800548
0.63287807
0.62036029
0.93569809
0.87385865
1.3828401
2.4692319
1.4345171
1.0155693
1.3133763
0.89935047
0.94865742
1.1830935
1.476985
2.1622928
7.2973161
16.008381
2.141778
1.1585838
1.1659218
2.5074414
1.6847226
1.6987212
2.0977391
3.360755
4.6332053
2.5416573
2.3652435
1.7729034
2.1053498
1.8452984
2.1857658
3.4714082
3.4889054
2.463937
3.2688897
2.5559584
1.9475614
1.7887476
1.9122488
2.4057594
3.9130269
7.4648406
7.3100105
5.7319893
9.6380046
4.9970837
6.0917184
8.9359379
5.0618174
2.2171328
0.9474279
3.2583799
4.8942058
3.7299948
3.4685538
4.4712842
6.0760677
7.8395354
6.7990676
2.4739513
0.69650289
0.49785657
0.3123949
0.28679059
0.32915542
0.26859308
0.45136672
0.60249504
0.82331059
1.2907775
0.52258557
1.1369749
8.619455
1.9079247
1.3140115
0.54897197
0.59562756
0.9446634
0.86498479
1.3894198
2.4739208
1.4186899
0.79111835
1.2420798
0.84255794
0.85441822
1.3947075
1.4300969
1.8404043
2.6777121
4.0133423
1.6094631
1.2657055
1.2849746
8.4856327
1.9228844
2.5872507
1.9002266
2.2550877
3.484606
2.9865889
2.3409315
1.7423835
2.0349952
1.5611645
1.7284155
2.8068049
4.2977715
2.786546
2.2863914
2.4251182
2.0068336
2.0083289
1.9019143
2.4630151
3.9094416
6.881076
6.4601581
5.5258372
7.9008333
5.6432398
5.8446712
4.7467703
2.5015136
2.1924178
0.87210539
3.3729665
4.2524345
3.5474745
3.3825527
4.8938172
7.8861129
7.281305
7.4345796
2.7220191
0.62687581
0.45998276
0.3234004
0.28852494
0.33387603
0.27771287
0.44404001
0.59216026
0.87751447
1.1542988
0.51873496
1.1668245
5.93201
3.6151162
1.1978932
0.49258635
0.54036254
0.91272936
0.86433406
1.3949869
2.6120021
1.3790887
0.76701506
1.2145246
0.8413875
0.78766657
1.314886
1.3964997
1.8163206
2.3937243
1.9248466
1.6911583
1.5143869
1.5082375
11.440806
2.4354756
2.3693006
1.6468242
1.8215021
1.945101
2.7807836
2.2119035
1.7475399
2.2712066
1.6191723
1.8117454
2.9186138
4.5647418
3.7261867
2.094835
3.2204342
2.2495021
2.2421801
2.1008717
3.4312788
4.3265846
5.4664982
5.2190339
5.5066838
5.3531277
5.2061755
5.5841788
5.446916
1.4715714
1.6783988
0.84187863
3.3591645
4.2813986
3.5515717
3.3377038
5.2705229
10.52597
8.0425687
7.3657367
3.0021695
0.61575037
0.46209761
0.34713023
0.29652118
0.34627045
0.28684415
0.44044879
0.59697864
0.97037853
1.2281123
0.52272716
0.97967593
3.4132707
4.1023104
1.0611078
0.4795223
0.49321665
0.77677504
0.91629562
1.5372197
2.7305612
1.3551897
0.76791822
1.1886298
0.98166817
0.78979925
1.0199441
1.3479152
1.8197888
5.0102559
1.9923679
1.3454791
1.571967
1.6002828
4.8398559
2.3582576
2.1091235
1.693587
1.7668649
1.830088
2.2564
2.0963902
1.8223519
3.1965349
2.3912196
1.758951
2.5848356
4.5589541
3.7623206
1.8804544
3.5930811
3.5003052
2.6281161
5.153861
5.4274838
4.220816
5.3764657
4.9334001
4.6905729
5.1143026
5.4277629
5.3981116
4.615847
1.2904558
1.3087118
0.81170137
3.49922
4.0650686
3.8043259
2.8011428
5.8507355
11.612383
8.9129171
7.3787542
2.8074071
0.60506885
0.45290356
0.36524157
0.31055368
0.36490051
0.2961583
0.44103367
0.61868111
1.0204859
1.1901231
0.53813501
0.93147034
3.9399089
3.5508386
0.7858482
0.48268526
0.47656006
0.60583533
0.94372891
2.3732079
2.742016
1.3074004
0.79803935
1.3709152
1.3644985
1.0332045
0.96590742
1.6020092
1.2702336
7.9663022
1.9245538
1.0529346
1.5646722
1.4472745
1.8387165
2.3039406
2.2983284
1.9080457
2.1648104
2.0192139
2.0077568
2.0316365
1.8373206
3.5587953
3.0599548
2.182916
2.8887
4.3005466
3.0113046
2.0896892
2.8714361
6.2998344
2.7306013
6.4139845
4.2373349
3.67634
5.6171492
4.5324175
3.4023386
4.9150428
5.972111
5.3146241
4.4575856
1.2647495
0.78676825
0.62330141
3.5442359
3.994961
4.0960235
2.6889667
5.2668037
11.555869
8.7974862
7.3718225
2.7057913
0.59922798
0.45517012
0.39524774
0.33115895
0.3876887
0.30914361
0.44450679
0.66864298
1.0405946
1.0609262
0.55766258
0.87085327
2.7733112
7.4239579
0.67380105
0.52367635
0.46489198
0.49882545
1.118291
5.2250213
2.7009526
1.1712043
0.90034522
1.5287992
2.1141507
1.8278433
1.1014019
1.5696913
1.1058237
6.5312393
1.7420443
0.99399768
1.5707078
1.4647722
1.7218699
2.3814184
2.0140469
1.9338106
1.8763787
2.2464333
2.3152524
2.372824
1.7003538
3.9720093
3.1588695
2.3923376
3.1145683
3.063184
3.0290309
1.8924621
2.4296069
5.9882727
1.895566
4.8473202
5.0606513
3.7773073
5.4954256
3.7722095
3.0651171
4.7210354
6.4742896
5.9352565
5.4861238
1.3137674
0.6890281
0.36507211
3.3856135
4.0111813
4.0822653
2.7309398
3.8171159
8.8769319
7.6118235
7.1059586
2.0861404
0.59791624
0.44246114
0.41086759
0.35724704
0.41123923
0.32416721
0.45232556
0.71902169
1.0867997
1.1192355
0.57643839
0.87559152
3.5097383
7.6928139
0.64447458
0.62011939
0.44917165
0.4082298
1.0473514
8.1162856
2.7519633
0.99476332
1.0078408
1.6443125
2.7927527
1.8303442
1.7458042
1.3636793
1.0372541
2.4045442
1.0216341
0.95763085
1.6250225
1.6035519
2.4830304
2.5193433
1.9592878
1.9993387
2.5101916
3.562505
3.2114022
3.0103434
1.3251514
3.4014722
2.8370599
2.3331106
2.9230716
2.4351864
2.8435451
1.6081028
2.385345
2.8181902
1.6977222
4.4967588
5.6230625
3.7269794
4.7784628
3.6318581
3.4996048
4.9263199
7.4704332
7.7552305
5.2955596
1.2726045
0.56771252
0.32163118
3.0783602
4.1253092
3.7080679
2.7364825
3.5440707
8.261051
5.2023289
6.5634546
1.5496836
0.594878
0.44090737
0.43103127
0.38298317
0.43341541
0.33565414
0.46200702
0.77042337
1.1852598
1.1333324
0.58485343
0.72824382
1.7074671
5.1671704
0.76539025
0.72483557
0.45951475
0.38937315
0.94585345
7.2612056
2.7830944
0.93123383
1.1503329
1.7836513
2.9368533
1.4874265
1.6434329
1.4349025
1.0721053
1.0183069
0.84809961
0.88814403
1.7361362
1.8214507
3.3977361
2.7475046
2.0113623
2.0471666
3.8587401
4.7557006
3.5396692
3.1043306
1.0549902
1.8963398
2.526852
2.285579
3.0124456
2.3661243
2.6906302
1.5757319
2.3610275
2.0216264
1.7404698
4.5310957
4.3733729
4.0655425
4.5038572
3.5776553
4.0292015
5.5247943
8.2152477
11.620831
3.8789022
1.2696508
0.35961477
0.27016017
2.6274714
4.2147766
3.5454018
2.6766547
3.0107533
8.7925478
4.6160355
5.8448014
1.1887876
0.5987059
0.43003599
0.44017028
0.41028064
0.45122721
0.34984773
0.47375295
0.8506193
1.3174564
0.99629803
0.57351587
0.68257262
0.95745552
2.4681935
0.84131829
0.78859772
0.45280014
0.40448292
0.91282059
3.8098612
2.4842217
0.91942614
1.181177
2.0596549
2.7802688
1.0845879
1.2460358
1.9524871
1.2722929
0.85553647
0.83641132
0.87092533
1.968322
1.8292767
3.722195
2.8433195
2.401926
2.0169828
7.442477
3.3895168
2.3127089
1.3044056
0.96974901
2.2418195
2.796102
2.9199661
2.2027455
2.3029792
2.4849855
1.6070458
2.2330455
1.8002825
1.5061953
3.2970157
3.5255443
4.2162135
4.6814742
3.7223814
5.5681148
5.3538698
6.863137
12.555123
5.4211328
0.90369059
0.32308334
0.23697385
1.6109002
3.9393626
3.4008082
2.5799384
2.6583919
6.7087033
5.0564569
4.836965
0.85013808
0.60415135
0.43200316
0.46445184
0.43245906
0.46351317
0.36167227
0.49124954
0.96645745
1.5068884
0.98013454
0.55869609
0.6754155
0.70033715
1.1515349
0.82827194
0.82307694
0.47294307
0.59432473
1.0047825
3.570176
2.4662979
0.93464476
1.2238278
2.2046239
2.6961184
1.0523797
1.1841798
2.5924019
1.7047806
0.91980069
0.8564564
0.89165896
2.361173
1.6353405
3.5028142
2.7353775
3.001134
1.8841849
7.6817596
1.9469573
1.1061576
1.0551022
1.0627763
2.3243096
2.7908963
3.1108151
2.2967478
2.4465314
3.0626348
1.3164548
1.5694317
1.6653129
1.4838293
3.0565273
3.571101
4.1163126
4.9095516
4.1469016
8.1464596
5.5239715
4.4346911
7.9422553
6.1530914
0.75912579
0.29942508
0.22275105
0.92565227
3.2399427
3.0481366
2.3318661
2.6819437
4.8937043
4.9141845
4.0405805
0.58254698
0.61815675
0.43105566
0.48079828
0.46152484
0.46963137
0.3767147
0.515432
1.1179595
1.7534196
1.1111741
0.54689517
0.67653941
0.62418595
0.75108898
0.82763173
0.93167204
0.69584924
2.4773207
1.5401783
3.0191717
2.5501929
1.0620483
1.3559826
2.299839
3.440284
1.6068442
1.7945719
3.2515968
2.4810239
1.0897502
0.92620613
0.94298148
2.8756611
1.5788312
4.2466117
2.739005
2.8647539
1.5752889
4.1530062
1.5966825
0.86634842
1.1443522
1.1397818
2.3496941
1.56514
2.7206327
2.413762
2.5009523
3.0242159
1.0386713
1.2967222
1.7385864
1.4956332
4.3358443
3.727639
4.5040122
4.9049216
4.8959727
9.8384093
6.6076025
3.4963057
3.994527
2.8436744
0.74748301
0.27311121
0.21722158
0.644083
2.1330618
2.5633384
2.2918915
2.7824414
5.2877407
4.04971
3.4766723
0.43839511
0.62390548
0.45457678
0.52371556
0.49043921
0.47487811
0.38569936
0.54916072
1.2970251
1.9751623
1.3628912
0.54376718
0.70720272
0.67251436
0.75182736
0.85105445
1.1384127
1.8450847
4.6276567
3.7122671
3.0863469
2.1173382
1.2194693
1.5713165
2.7518033
5.2390913
3.9244429
2.897688
3.6435012
2.4350236
1.1258065
1.0111202
1.0997241
3.3019103
2.003465
5.6123102
2.2264943
1.7795821
1.417156
4.355075
1.6456426
0.81536246
0.85403375
1.1706798
2.0681367
1.2110568
2.7223273
2.8149874
2.4080396
1.6452304
0.9404399
1.3059682
1.5658208
1.3552448
4.1340124
3.8119343
4.9962216
4.7670054
5.0736178
8.8153297
7.1289433
4.1746824
3.1899802
2.4139312
0.73980266
0.26050329
0.21082856
0.55993969
2.1020794
2.3595518
2.3656014
3.4115285
5.4132842
3.2321136
3.079443
0.4035298
0.65121638
0.46634835
0.56486458
0.51332613
0.48321264
0.40108763
0.59291652
1.493499
2.1408755
1.6715956
0.5352544
0.73041885
0.7268719
0.70677552
0.89317906
1.3379031
2.8937008
4.0687528
3.1672883
3.0998259
1.8703911
1.1321559
1.69493
2.975052
5.9515779
3.1153134
2.0822305
3.6995735
2.0595081
1.6040637
1.2125535
1.5585781
3.40938
3.3896938
5.2708497
2.2033901
1.8309969
1.468184
4.574019
1.8336581
0.82697724
0.82195157
1.218335
1.3695103
1.1475119
2.5902732
3.0371093
2.3392023
1.4274902
0.82018877
1.6928662
1.4234304
1.0387877
2.9686508
3.6699146
4.8741495
4.2499167
5.2679529
6.8319377
6.4158431
4.9335185
2.9084898
2.326641
0.76714873
0.30219144
0.21249325
0.45943034
2.4873895
1.8889006
2.4356244
3.4839341
3.7762207
2.890795
2.9663889
0.4289142
0.66415065
0.49828379
0.6313587
0.5436672
0.50679734
0.41406652
0.64163211
1.6916526
2.3581348
2.0395424
0.53514701
0.74390808
0.75367761
0.78594092
0.97873314
1.5167748
2.7555716
3.1392421
1.946688
2.5016817
1.5844633
0.88151224
1.6574527
2.5234167
5.9048353
2.8066953
2.2026383
3.308631
2.9051794
2.7053782
1.560186
1.9799858
3.3145049
4.1212477
3.7203167
3.1008565
2.2448921
1.4477269
2.5491635
1.840364
0.91091909
0.67311347
1.2280775
1.2457377
1.1774285
2.6489193
3.2893672
2.3097011
1.157935
0.96950716
1.4706971
1.1343729
0.83974391
2.0954083
3.4146564
4.502709
4.0918217
6.0721756
6.2154852
5.6431283
5.2540156
2.7867697
2.2445112
1.0973695
0.32362934
0.22275686
0.39261531
2.3107527
1.3108102
2.3891099
3.060274
3.298375
2.7937999
3.0693437
0.86200882
0.69203762
0.50464211
0.68398586
0.59527556
0.55267117
0.44090876
0.71381225
1.9102642
2.6909558
2.4962396
0.54072469
0.79098851
0.78818193
0.84683419
1.0965074
1.7060228
2.4997039
2.8628692
1.9755205
1.668862
1.2515716
0.83808986
1.3842388
1.6860085
4.0368899
2.1220533
1.3484531
2.3570941
2.8575163
3.1028162
1.6518263
1.899326
2.8146732
3.2199813
3.8236978
4.75643
2.2331427
1.3165091
1.8663524
1.8509399
1.1011608
0.6594741
1.3283304
1.0884708
1.1883156
1.1983485
2.178255
1.4537501
0.8403212
0.97310074
1.082022
0.82826362
0.78579979
1.9497343
2.9886076
4.544661
4.0699712
5.9740585
5.0386379
5.1838624
5.8910346
3.4030516
2.3919897
1.5020019
0.44264358
0.2310883
0.28802045
1.6506198
1.0275902
1.8834127
2.7859702
3.3287573
2.801081
3.608076
2.6364135
0.70256993
0.53682991
0.7040713
0.66638395
0.62663207
0.47405546
0.76743217
2.1387688
3.0772118
3.0056455
0.5727867
0.91265039
0.90414105
1.0523167
1.1317806
1.762187
2.2932944
1.6465238
2.2654269
1.787747
1.5031457
0.895926
1.2260338
1.6454849
2.6600394
2.1290624
1.2844629
2.2907274
2.1466347
2.5375518
1.4136887
1.6367375
1.8680393
2.7555686
3.9012177
3.8019879
1.7522397
1.4542689
2.1505377
2.2318023
1.2430943
0.77556972
1.5685875
1.0430109
1.0894517
0.49080917
0.47215677
0.63085905
0.95014623
0.83894406
0.91097177
0.80928673
0.7451897
1.6605498
2.5310931
4.4647068
4.0812656
6.0573202
4.7033663
5.726367
6.7146864
4.2440905
2.4624433
1.8691284
0.5999408
0.26854659
0.16934659
0.60856232
0.94636804
1.0835061
2.3616294
3.5545827
2.6997462
3.9577622
4.1151104
0.67153145
0.5479167
0.71072542
0.75782635
0.76647281
0.54036345
0.82464831
2.3550516
3.4631649
3.5489619
0.59851704
1.0417083
1.0430604
1.0535802
1.1405364
1.514666
1.8032707
1.1951652
1.7151695
2.461776
1.8593121
1.02605
1.2109058
2.1413589
2.3117772
3.0999702
1.3129363
2.8537594
2.3235881
1.4990687
1.6196508
1.6024235
1.5253823
3.5827237
2.9432862
3.1418351
1.7565081
1.5373599
2.7144549
3.3749158
1.2374098
0.89462388
1.7492468
1.1310006
1.0275902
0.35278245
0.23989616
0.47183116
0.98176682
0.85366706
1.044168
0.88779347
0.77086289
1.3750023
2.3911164
4.0000764
4.1538779
5.6419217
4.6810032
6.2697916
7.0156418
4.7911242
2.8700703
1.9433928
0.73078771
0.28087883
0.13551053
0.25227375
0.93927748
0.63285369
2.0450442
3.2960279
2.3800228
3.3534061
3.8415076
0.57403632
0.48026609
0.68948503
0.84917189
0.89680809
0.59195177
0.93050897
2.4679986
3.8802955
4.4283448
0.78295692
0.99025286
1.1274412
0.95642926
1.1435848
1.430892
1.9195737
1.957308
1.6585996
2.5076336
1.8408518
1.177768
1.2445644
3.1267869
2.4086928
2.0364624
1.957394
2.2210814
2.4605315
1.3191849
1.9480758
1.6367479
1.9155601
4.73945
2.0698148
2.5457169
1.7258964
1.6270021
1.7101753
2.3816675
0.86830414
0.76969171
2.0142154
1.3774687
0.63894933
0.29782436
0.18014611
0.35611339
0.67818016
0.7994962
1.0239372
0.86466212
0.78767213
1.354325
2.3350538
3.5387059
4.1230809
5.0638137
4.8912486
5.5127975
7.6019
4.9531433
3.0506944
2.052273
0.92922135
0.33474999
0.1302916
0.17987136
0.60999828
0.50220684
2.0101563
3.1978467
1.8499178
1.5015749
1.5639184
0.51572935
0.50354467
0.60447535
0.97773518
0.99320375
0.63030629
1.1973969
2.7103323
4.2982899
4.8562513
1.1999776
0.85679667
1.0576864
0.96212179
1.1715784
1.5975052
1.8020257
1.5673788
1.7280766
2.3151105
2.0933557
1.5172051
1.3563896
4.0287855
2.6191939
1.7007949
2.1509039
1.4804036
2.2025918
2.0159338
1.4099765
1.8019816
1.7351749
4.8039377
2.0306652
2.4079185
1.9604151
1.6843906
1.3078882
1.6970922
0.76797718
0.51201291
2.2032873
1.3699603
0.43107245
0.24686539
0.17558231
0.32109451
0.48042316
0.88823184
0.9192389
1.1145251
1.0322071
1.481048
2.3122817
3.1517191
3.9988667
5.0798164
5.0630636
5.5323905
7.8809673
5.0347752
3.0838434
2.1946301
1.2015163
0.4482838
0.13959569
0.15430363
0.18728381
0.50351533
2.4144281
3.2667571
1.5983693
0.60861562
0.37615676
0.50778432
0.54359312
0.56693878
0.99209306
0.9926452
0.64932823
1.4011078
2.849529
4.7240481
5.011005
1.3729129
1.1406096
0.88672936
1.1264217
1.3977345
1.73106
1.3176408
1.4143131
1.7108556
2.7779854
3.8731814
2.0630702
2.1558049
2.2504116
2.3293645
1.7090805
1.5032101
1.473631
2.2426755
2.9852777
2.090137
2.1467035
1.5480763
3.3759698
2.0598726
2.6300581
2.3519833
1.6214699
1.4334971
2.0929979
0.70428428
0.43643004
2.9309726
1.0595089
0.27868999
0.25659504
0.18817246
0.35747611
0.62057721
1.0390024
0.87295505
1.0159031
1.0643575
1.938769
2.3772104
3.1664448
3.8022616
4.8245228
4.9693808
6.375769
6.44415
5.0328261
3.0601782
2.2133964
1.3405416
0.47063478
0.15785759
0.10006212
0.1154059
0.7119226
2.6021116
2.9923577
1.6165291
0.44295309
0.15397456
0.52439627
0.7419855
0.55986211
0.81926959
0.95258909
0.69310568
1.2925106
2.7138373
5.3354951
7.1067106
1.6543645
0.9358462
0.73659684
1.4914397
1.893361
1.5699533
1.7892805
1.6921677
1.8859995
2.7655682
4.6425381
2.6454165
3.460449
2.5283509
2.3145832
1.5120314
1.9636576
1.9303738
2.8785453
2.9434052
2.8270515
2.5998712
1.6353075
2.5157248
2.0943108
3.4015461
2.315161
1.332652
1.5777751
1.2352163
0.50938213
0.59361254
1.7913752
0.65254447
0.28479618
0.18732409
0.21189296
0.36699657
0.7121137
1.5697664
1.1532429
1.1525461
1.0355579
2.7414014
2.8749404
3.2245114
3.4466912
4.7499503
4.7544005
5.7000121
4.6484212
4.7718287
3.1047042
2.299272
1.3691666
0.5204217
0.16524811
0.073852076
0.07701015
0.71433342
2.0540038
3.2465853
2.477296
0.43693363
0.063132245
0.62843066
0.74567204
0.69407141
0.88654006
1.041755
0.96794147
1.1059451
2.5040917
5.5322883
9.9716548
2.9426139
1.9367033
0.76229255
1.8060745
2.1101132
1.6326899
1.6119146
3.094212
2.3102185
3.0616984
4.5025769
3.4009015
5.3722222
3.158381
2.4882723
1.491136
2.899958
2.039243
2.9336629
2.523793
2.4090907
3.2401725
1.9905225
2.1964892
2.1688338
2.8211006
1.6660518
1.1840463
0.84429967
0.65891185
0.4029471
0.63417867
1.8415013
0.90460219
0.35156114
0.18559624
0.21469691
0.41892598
0.89678072
1.0917261
0.98699466
0.91639791
1.0088428
2.2441702
2.9577522
3.3427881
3.3186337
5.89336
4.7563163
5.1332597
3.6403328
4.580226
3.022139
2.4496358
1.3763174
0.543802
0.16857711
0.064360089
0.060144945
0.4431251
1.4664821
2.7246945
2.3988364
0.40880832
0.011624197
0.63147754
0.83199597
0.82055306
0.99128468
1.1283383
1.2555666
2.0012627
2.1028335
3.9546006
9.0079231
7.3059479
3.8372395
0.93665078
1.8709037
2.1713513
1.7072862
1.7405884
3.2964443
2.3735358
3.7065526
4.0531917
2.9249448
5.9560493
3.3500035
3.2139153
1.874149
2.9434541
2.5669113
2.6492997
2.5958455
1.8233655
3.5038766
2.7198135
1.9016133
1.9256195
2.0890244
1.5866079
1.030739
0.75296531
0.62273823
0.41237316
0.4714859
1.401373
0.91996719
0.33789615
0.20008286
0.18960529
0.39624725
1.1711098
2.2438151
0.83616081
0.85615633
1.178868
1.5669272
2.7421059
3.4744835
3.350619
6.332686
4.91094
5.1426896
3.2250105
3.1220877
2.9855238
2.5191747
1.386801
0.52589568
0.15127823
0.059830279
0.053694832
0.32368249
1.1543917
2.4743466
1.5937229
0.35243781
0.0058198873
0.63102959
1.1536121
0.99626254
1.4000003
2.159865
1.3721997
2.0586724
2.6672255
2.6612571
3.6432413
5.7810156
4.8873944
1.6119255
2.6430647
2.3399961
2.2285347
1.7384033
2.8652296
2.8420087
4.0276138
5.8275942
3.2454615
3.6949845
2.7197685
3.712264
3.3606107
3.1230619
2.8673903
3.0631571
3.2376429
1.8172253
3.6368603
4.9009623
2.8341874
1.7336023
2.8408577
1.6741947
0.88116289
0.46060866
0.3297108
0.207213
0.26303996
1.0220545
0.92763868
0.21605233
0.23617913
0.17269363
0.38208036
0.77138643
0.6179632
0.84058618
0.85396295
1.2515011
1.4418694
2.6275946
3.5477052
3.3311876
5.7283813
4.9814774
4.9072925
3.1402828
3.5909774
2.977792
2.5804981
1.2469042
0.4102324
0.087165978
0.042659762
0.065088191
0.5144818
1.3897788
2.3084404
1.1933762
0.26184551
0.041312804
0.4404276
0.98997771
1.4712305
1.8039162
1.862935
1.7403057
1.8667194
3.33084
2.5039324
3.1898312
3.1604612
4.2528657
2.4936313
4.7601101
3.0521381
3.1878318
1.7515031
4.0295782
3.6510098
3.0008066
7.3136081
3.98891
2.4150339
2.2036608
3.6213935
5.5686919
3.175225
3.8621908
2.3562495
3.1220152
2.0754497
5.7154545
6.216286
2.4812634
1.6079768
2.7777189
1.8118322
0.90450982
0.26116892
0.21632157
0.21051845
0.3518837
1.0637648
0.32288722
0.10518661
0.15567216
0.14606884
0.24857431
0.42041272
0.70854458
0.8451997
1.1312681
1.4698655
1.6082911
2.4444908
3.8492718
3.2946214
5.900975
4.9603315
3.8815218
3.5990889
3.9331894
2.9450987
2.4527561
0.75280888
0.20361842
0.064046204
0.034623443
0.056930115
0.23270362
0.88743837
2.6860321
2.4065957
0.27864839
0.084323959
0.39113594
0.78788443
1.3007508
2.1378825
3.605856
1.7262578
1.9521551
2.9541693
2.5046344
3.3862403
3.0562613
5.4196984
2.3812902
6.4000397
3.2795063
3.4684962
2.0602662
3.1276156
3.8265676
2.9410569
3.382367
4.191518
2.690217
2.0673167
2.9515051
3.069153
3.0697323
2.944039
1.3458216
1.9122997
4.2978572
8.2051716
5.5218398
3.2033279
1.8787507
2.160995
1.8075346
0.93793289
0.32880016
0.25274014
0.11547556
0.31904537
0.62927325
0.5157392
0.080463026
0.077429462
0.1378534
0.2358646
0.42815965
0.56299925
0.83760896
1.3354026
2.2620581
2.0811785
2.3451742
3.9739053
3.3622269
7.7042015
5.4860711
3.6854307
4.0057765
2.9482354
2.9455204
2.0199567
0.44845681
0.18410631
0.062753735
0.035099252
0.020556958
0.11526917
0.28970525
1.8921649
2.5157367
0.35797364
0.21407267
0.3409095
0.77197617
1.5308288
2.2944085
2.6268613
2.0862563
3.1811663
2.2170827
2.4028065
2.5364874
3.3279404
5.2998184
3.7195482
5.5822356
2.3586237
3.4902405
3.8260516
3.288947
5.1648715
3.3090566
3.0926404
3.0463371
2.5629628
2.0270985
5.3611055
2.7250646
2.9580108
2.8323324
1.3603629
1.9167221
3.9083794
4.9068366
3.9322457
3.2570391
1.9357079
2.4267865
1.3904095
0.78369868
0.20293149
0.28523877
0.092471755
0.45954314
0.66910573
0.22164822
0.060334662
0.055454289
0.080057345
0.16827471
0.35435801
0.43098054
0.79845385
1.3100545
1.9754148
1.9397925
2.1235541
5.1639657
3.7257507
7.7956887
6.0418988
3.7758531
3.7944237
2.8403975
2.9578814
2.0391491
0.68015976
0.23306882
0.059672446
0.02489624
0.017330514
0.035985524
0.12707364
0.94176698
2.5886523
2.1251995
1.1223899
0.21800111
0.98392562
1.8587152
2.2756294
2.4415117
2.5418593
3.0544414
1.217123
2.3466484
2.3581031
3.4942463
4.3128602
5.7608387
5.6707301
2.4070972
5.4099114
2.8982094
3.2852812
5.0788067
3.1239111
2.4140037
2.0790514
2.4039523
1.8083421
3.0659221
2.443274
2.0238418
4.506039
1.5676093
1.5228977
3.8857233
5.208799
2.7967911
3.0459251
2.1728729
2.8432916
0.60412301
0.47486953
0.22815953
0.24903834
0.08075316
0.24074834
0.36594033
0.17174439
0.02401648
0.038641058
0.090327347
0.18214707
0.26903452
0.33269491
0.89911625
1.7746657
1.4749901
2.3154671
2.0840431
6.5349057
4.3814104
9.269539
6.2441194
4.0903542
3.403651
2.9121453
2.8749868
2.6102432
0.84769687
0.20543857
0.055983341
0.023210589
0.015540614
0.020451649
0.090500946
0.54514828
2.4048765
2.9953945
1.1259134
0.20613435
0.98714607
1.8349034
2.0002542
2.1703055
2.7190715
3.4869305
1.0913967
2.4675419
2.3496402
2.5542283
4.7998646
4.0087729
4.7145521
2.8253183
2.2348256
3.5463001
3.4841239
6.7861978
3.0676796
3.028028
2.6157162
2.3014538
1.0851051
1.1281019
2.208571
2.9750725
2.7754994
1.515125
1.6892258
2.3894926
5.4328577
2.5999156
3.0336638
2.6040847
2.2715232
0.67003864
0.126711
0.12452561
0.13513124
0.080141358
0.1755257
0.41274325
0.072472336
0.018153124
0.034131639
0.073570427
0.2551058
0.41971779
0.36492024
0.90529502
1.4199972
1.6367637
2.4252244
1.8568216
6.0184404
4.8251997
8.3626383
6.0488134
4.458229
3.3903415
2.9051791
2.8364972
2.4983157
0.92115342
0.15155379
0.023106509
0.0152255
0.010208718
0.012068693
0.027837091
0.19026145
1.2995399
2.3513808
0.34032857
0.089825023
0.63129687
1.6836604
1.9260446
2.0629972
2.7684551
2.7461832
1.1387055
3.0722314
2.4538736
2.6708905
4.3313481
3.5095343
3.4671946
2.6266297
1.7466807
2.6190799
3.0891498
3.2805396
3.4176024
2.9588575
2.6506705
1.6261509
1.0485413
1.0802189
2.3273481
2.0222446
2.1777684
1.1042338
1.6653748
3.2112643
4.1085031
2.7973961
2.753506
2.8061221
3.6132479
1.0549904
0.060168924
0.092756806
0.15283823
0.02550706
0.098943654
0.11182885
0.026706632
0.011988406
0.030754416
0.070378949
0.22860248
0.45966778
0.44184865
0.69268714
2.388604
1.334901
2.131573
2.1368358
3.8212416
4.8699449
5.5215182
5.686386
4.5678577
3.3943283
2.8774592
2.8195842
2.3840195
0.71885027
0.072159547
0.022868167
0.01539157
0.0097917133
0.009095409
0.015901753
0.056823843
0.4235025
0.97445749
0.070904632
0.052052876
0.26862317
1.1463076
1.8591582
2.107452
2.7086107
1.0713392
1.4329987
3.4929036
2.7293942
2.727801
3.6383821
2.938157
3.4117273
2.6619501
2.3049352
2.1927266
2.0344477
3.6949617
3.2170414
2.6329153
2.1422923
1.2670185
1.6710723
1.181003
1.5027433
2.3425321
1.6872999
1.2799381
2.2715855
3.9547506
3.9488151
3.0885504
2.8614608
3.0957885
3.4825594
1.6224692
0.1291432
0.10242152
0.023889938
0.013892126
0.041631456
0.10732871
0.023844769
0.012029057
0.013754381
0.068405354
0.25878763
0.64467758
0.92735282
0.84670684
1.8495254
1.5987182
1.9778126
2.7581655
7.6989323
5.2449519
5.6509567
5.7048387
4.444274
3.3962647
3.1252319
2.9767097
2.4260715
0.47947507
0.070235214
0.022685263
0.012135381
0.0071510561
0.0070464694
0.013266235
0.019095512
0.097488189
0.25288974
0.011837038
0.027364662
0.081119368
0.57190049
1.714028
2.086082
2.0473427
0.79393946
2.0967972
3.6588763
3.1353119
2.4028188
3.0006658
3.1151604
3.4702077
1.9349059
1.8279503
2.0517331
2.1866428
2.2251259
2.5775849
2.768086
1.9494043
1.6236435
2.4556327
2.0547931
1.2251198
0.55883812
0.7943179
1.6073588
1.9619767
4.3447046
4.9646968
2.7355374
3.8643565
3.751448
3.1764437
1.3772031
0.05050445
0.04867081
0.022069738
0.0072262544
0.014090889
0.037471681
0.0078328445
0.007092332
0.0073450169
0.016840702
0.10742688
0.3352088
0.27720209
0.78045343
1.1789757
2.0092574
1.749512
2.4169631
4.7783522
5.2806347
7.841721
5.9235351
4.2690598
3.9820524
4.1745591
3.6464481
2.2789446
0.33102191
0.066747522
0.014726573
0.0089918169
0.0062942828
0.0059733456
0.0077332824
0.011019384
0.021928681
0.047460737
0.0021652566
0.025884237
0.01901378
0.17454134
0.78560968
2.0128971
1.6741251
0.70801664
2.7372378
3.6575919
3.7990491
2.9179695
3.0877458
4.8964659
4.1209031
2.0434623
2.1156786
2.0370205
2.7050843
1.8160992
1.9509594
2.2071049
2.3376744
2.1170167
4.1249496
3.6471265
1.6749929
0.48792031
0.49211799
1.0711589
2.5051328
4.5002454
4.9352382
2.9141716
3.7671823
2.3887525
1.7206097
0.41647412
0.15825625
0.043213375
0.011701688
0.0042880465
0.0089128575
0.0061530948
0.0043530186
0.005187285
0.0079381707
0.030123109
0.12586769
0.39425665
0.88409511
1.3388625
2.2086968
1.465269
1.5287182
2.3932329
1.8149548
4.9556934
6.5807105
5.3145126
4.3295408
4.3722684
4.9531583
4.2918888
1.099545
0.073334813
0.02278205
0.012134123
0.0085686636
0.0060738219
0.0056946555
0.0070165725
0.0077516297
0.010433448
0.0099260712
0.0012561617
0.021447358
0.0063105513
0.038726901
0.18941149
1.1355264
0.9508285
0.82625268
2.8501987
3.3392982
3.8314042
3.3867295
3.0522192
6.0267149
3.4109062
2.935067
2.7924696
2.435638
3.3682906
2.3935677
2.0162692
1.743343
3.9696309
1.375268
5.3140426
1.2571499
1.0192643
0.49248696
0.42935846
1.3905965
2.8012052
4.436554
4.2113983
2.5450939
1.9006191
0.61178238
0.99642559
0.19041001
0.017098111
0.010269592
0.0039091801
0.0042727205
0.003615747
0.0022317666
0.0029294829
0.0052358872
0.0039360397
0.013864909
0.029628081
0.084390569
0.66479384
1.0884444
1.5537863
1.8072129
1.5796074
2.0410393
1.9123406
5.2121669
6.0321068
5.2879317
4.2999085
4.4484827
3.0970081
2.1204938
0.20161029
0.06423423
0.023466461
0.012206275
0.0064352
0.0046803751
0.0046064838
0.0057982926
0.006747671
0.0076307043
0.0044043305
0.0012053781
0.021416909
0.0029280652
0.0081155859
0.029120405
0.3495342
0.40206614
0.62697704
1.9121603
2.1258521
2.5572578
4.0791814
3.8870138
5.4631152
3.3216959
2.3046037
2.5333929
3.0659621
3.3975966
1.9702163
1.9183355
1.6505105
0.8048537
0.31354302
1.5182026
0.84343118
0.30740765
0.46059173
0.89696993
1.7207654
3.9174292
4.5789695
5.3526869
3.1565189
3.0612643
1.5520655
0.75625266
0.3726298
0.065615131
0.01018944
0.0041813769
0.0026091125
0.0028162758
0.0019265356
0.0018955524
0.0031275839
0.0050531359
0.012738705
0.036827577
0.14222299
0.5110245
0.77608139
3.0198503
2.274466
2.0436968
1.9255817
2.0294773
5.1328344
6.7195883
4.8060888
3.7307846
4.1402573
2.6931954
1.1754433
0.15701926
0.05109716
0.01671085
0.0081370653
0.0056600615
0.0040545572
0.0044170655
0.005170388
0.005600699
0.0068544196
0.0035245386
0.0012271594
0.018262353
0.0027277652
0.0019560898
0.0037465818
0.070279076
0.1640715
0.57932881
1.0387066
0.98620906
2.3127455
4.3976293
4.6739065
6.7126102
5.0113478
2.7100102
3.7740294
6.6243772
2.9990009
1.5647
0.54498506
0.15139524
0.093485789
0.11975509
0.712289
0.4088794
0.17682423
0.37772281
0.66122482
2.1119588
2.9166471
5.0931387
4.0703054
2.8377096
2.4010361
1.2083943
0.40404372
0.067431143
0.010272224
0.0075636699
0.0028629474
0.0018167809
0.0011906237
0.0013110323
0.0015519369
0.0026788221
0.0024344274
0.0086716429
0.016349499
0.20465157
1.0620924
5.1507921
7.970504
4.1905424
2.8153216
2.040668
2.1387325
4.4717552
4.8319911
2.6147113
2.059727
3.8408641
2.7284556
1.0980393
0.31480597
0.077954057
0.023307688
0.008391639
0.0044243636
0.0035311869
0.0035994918
0.0043821479
0.0049130311
0.0059812011
0.0033409316
0.0012580714
0.017496917
0.0026726932
0.0013460755
0.00095018409
0.011273051
0.056060727
0.037927837
0.17160829
1.0242173
3.1392392
3.310753
5.5336926
6.3283629
6.5005822
4.3903691
3.8541504
5.0835648
4.6207631
4.0342282
0.75874483
0.098389394
0.057776278
0.067108041
0.36310567
0.13370142
0.089406455
0.29190408
1.9535346
3.0401997
3.161357
3.5645418
4.0565751
2.151755
1.0658856
0.49200335
0.2611298
0.050539549
0.0099282658
0.0043331934
0.0027728124
0.0015996676
0.0010944849
0.001150787
0.0014792682
0.002213464
0.0029001218
0.011169752
0.035310952
0.12829688
1.8423738
3.7974239
3.4569668
4.3476743
4.7922977
2.5022737
1.881519
4.615505
3.4563798
1.7428095
1.6700215
2.644462
3.0190515
3.4835823
0.60068654
0.084431346
0.02422441
0.0039690681
0.0039192357
0.0030417897
0.0031611155
0.003749091
0.0041850541
0.0052805714
0.003300558
0.0012978882
0.014925585
0.0023170492
0.00064443036
0.00048874719
0.0018712823
0.010868339
0.012909511
0.38307544
1.5839874
3.4374759
6.2890784
8.901593
5.6136859
6.6613474
1.5497943
1.0159342
1.6992525
2.6911525
0.52922303
0.35676844
0.12020155
0.046397363
0.090389893
0.2450519
0.036807587
0.059439213
0.25868547
0.16269646
0.81083274
0.83796394
3.7789413
2.846589
4.0899848
3.0120502
2.1552586
0.48253326
0.10408267
0.025893643
0.0081343095
0.0034270253
0.00094210146
0.00082393758
0.00082057567
0.00096808546
0.001349837
0.0015562631
0.0036027346
0.026592918
0.12268243
0.5402565
2.6128402
2.7667305
1.8514035
2.0520614
2.2723781
2.6750599
1.7847856
1.4008017
1.8258313
1.4970162
1.2459159
1.6351729
0.97951341
0.48387347
0.05567916
0.006285666
0.0032104413
0.0033997737
0.0022642151
0.0024025541
0.0027513703
0.0031155255
0.0041187426
0.0031377638
0.0013995763
0.013597373
0.0025241216
0.00075351319
0.00043033757
0.0011705847
0.0024066657
0.0046553196
0.05726912
1.6270542
2.1233325
3.4466083
4.0845876
4.3126411
5.8777492
2.5650668
0.93269098
0.29487095
0.24177861
0.0587244
0.066630051
0.032639475
0.011347668
0.066650321
0.2261521
0.062087743
0.023144389
0.028510017
0.073826723
0.095244247
0.30208824
2.0620947
2.7832875
1.591626
1.3579951
0.61762065
0.021725706
0.0070411431
0.0047389836
0.0015273909
0.00088382841
0.00066036797
0.00062013662
0.00075003231
0.00090491215
0.0012586567
0.0011757603
0.0031043256
0.013200796
0.045963145
0.059783735
0.35497935
0.2605393
0.59092403
1.4884699
1.925684
1.6020507
0.95802151
0.69917354
0.27573574
0.55283682
0.14685767
0.08015838
0.10107623
0.014703131
0.0044127288
0.0031884512
0.0031429037
0.0018725196
0.0015192499
0.0015703305
0.0017273773
0.0019553007
0.0027281895
0.0024809114
0.0015715765
0.010366613
0.0018526189
0.00037089368
0.00026348726
0.00050724127
0.001539512
0.0040095748
0.083971962
0.13755652
0.67746704
1.1929004
1.7105459
1.2863116
1.0750543
1.6757053
0.3054209
0.26174168
0.025864729
0.010397704
0.037500737
0.01356758
0.0036374866
0.017013042
0.03770389
0.0060344594
0.0035277986
0.015318223
0.0095864692
0.015896157
0.050873266
0.38721662
1.3861331
1.3938998
0.90563025
0.1183732
0.0092018751
0.0035656482
0.0013669109
0.00080471861
0.00076302471
0.00049612172
0.00051487226
0.00049817417
0.00057179908
0.00069655657
0.00097347976
0.0010981767
0.0048020755
0.012623731
0.0097606377
0.076706299
0.40590155
0.86150114
1.0903262
1.1961719
0.30998601
0.16693174
0.054284286
0.10480794
0.13725282
0.091266271
0.030005172
0.012971296
0.0031801644
0.002552093
0.0023084843
0.0014624294
0.0014725216
0.0011593891
0.0011878204
0.0012497946
0.0013783466
0.0020191675
0.0020513028
0.0015922092
0.0092373861
0.0020024526
0.00045324428
0.00025280881
0.00045168376
0.00070166603
0.0014453851
0.021771404
0.100361
0.10440499
0.27041735
0.71531542
0.32695539
0.40216283
0.39598514
0.065411604
0.019843917
0.0040616996
0.0076510273
0.0045296458
0.005993831
0.0022519414
0.0058017284
0.010907917
0.0026109985
0.0019767906
0.002044476
0.0059723349
0.0036973368
0.010379322
0.25716384
0.16237413
0.17683775
0.073442174
0.016519245
0.0024610347
0.0011637872
0.00070256276
0.00065157973
0.00042349374
0.00036962734
0.00037900883
0.00042179037
0.00047975262
0.00058969757
0.00061754641
0.00076529388
0.0012568308
0.0055869628
0.010044109
0.017007581
0.070955776
0.51074647
0.4321446
0.34263564
0.29221777
0.092368761
0.029220453
0.021644631
0.029535964
0.01335943
0.0079415133
0.0029563061
0.0025794675
0.0014872046
0.0016608726
0.0011166218
0.00106275
0.00080992365
0.00084118541
0.00087126634
0.00096695414
0.0015125376
0.0017348473
0.0015432998
0.0074787859
0.001328946
0.00020354145
0.00012114977
0.00019854715
0.00052742821
0.0013860637
0.0065966797
0.050939575
0.049708913
0.16092183
0.034397335
0.13448614
0.12089723
0.13855063
0.0092898496
0.0063924903
0.0039535045
0.0023996982
0.0036011299
0.0024060013
0.00096068962
0.0030108497
0.0024433165
0.00089371488
0.0008788819
0.0014994499
0.001594061
0.0020025541
0.0017594677
0.0099581441
0.1388554
0.047488071
0.10208471
0.0013554105
0.00094091957
0.00074677556
0.000519935
0.00037888323
0.00033984721
0.00031208469
0.00031989703
0.00032869894
0.00036709507
0.00042730695
0.00055659336
0.00060940522
0.0011214735
0.0021752019
0.0025656431
0.0068442483
0.032461604
0.12426612
0.15445771
0.087119798
0.080918909
0.035899844
0.029750459
0.0066461185
0.0031516283
0.0016915396
0.0025864096
0.0021381987
0.0011684434
0.0010676051
0.00093993587
0.00076982458
0.00072686675
0.00060553608
0.00061338803
0.00062855777
0.00070814198
0.0011360594
0.0015023392
0.0014645469
0.0069046582
0.0014865907
0.00026963803
0.00012610316
0.00015296716
0.00035196983
0.00034827615
0.0042311675
0.0037703047
0.037095062
0.0044422718
0.01906753
0.014776649
0.045386095
0.015954041
0.0054228002
0.0023448616
0.00093976822
0.0017330039
0.00083621296
0.001447552
0.00074026007
0.0012428396
0.001173708
0.00080259897
0.00059212312
0.00055948759
0.0010012839
0.0018645474
0.00094429589
0.0073586878
0.010192697
0.084048143
0.0028948244
0.00067840231
0.00063993532
0.00041500394
0.00030679724
0.0003035474
0.00024559744
0.00023491291
0.00024091862
0.00025743608
0.0002893362
0.00032162495
0.00037144887
0.00042161668
0.00053098393
0.0012892256
0.0032519196
0.0030376996
0.026254263
0.020740654
0.13445154
0.036724574
0.069531965
0.018267202
0.0055497811
0.0031599833
0.00097679357
0.0011693099
0.00085275648
0.00086053416
0.00086615295
0.00063788531
0.00073639226
0.00054455197
0.00055200888
0.00044611311
0.00045279463
0.00045898316
0.00052447459
0.00085200852
0.0013267314
0.0013755731
0.0059630079
0.00093684578
0.00011466009
6.2180392e-05
9.2637605e-05
0.00022825126
0.00053539733
0.0015955322
0.0045763468
0.0030077384
0.0019537188
0.00078810617
0.005822762
0.018324471
0.0015056033
0.0005082896
0.00049814995
0.00073319118
0.00065078796
0.00071591391
0.00072580353
0.0004171061
0.00072589558
0.00055160515
0.00039032335
0.00036948547
0.00043257938
0.00040917189
0.00076153278
0.00054544507
0.0039026306
0.016676397
0.0038592105
0.0031610014
0.00037174561
0.00044517665
0.00026953143
0.00026736466
0.00021195935
0.00019930705
0.00019345104
0.00019858283
0.00020745146
0.00022834916
0.00025998533
0.00031515746
0.00036145516
0.00047019125
0.00061578488
0.00083372233
0.0018018644
0.0075637044
0.083229121
0.02943622
0.047133061
0.014898357
0.0073145482
0.003012855
0.0010539734
0.00052396044
0.00066694761
0.00072059949
0.00074479833
0.00053237016
0.00050785148
0.00046130829
0.00040175497
0.0003933402
0.00033523557
0.00033591819
0.0003397892
0.00039233239
0.00064618703
0.0011700303
0.0012949127
0.0056358518
0.0010382947
0.00013962456
4.9306938e-05
4.9008229e-05
8.8317564e-05
9.0836848e-05
0.00014808395
0.00059138783
0.00075695379
0.001032011
0.00060796704
0.0021431591
0.00095346997
0.00069799017
0.00045223834
0.00051973516
0.00030414501
0.00047029619
0.00026596745
0.00046235574
0.00025598383
0.00041577611
0.00031076272
0.00032312102
0.00025172962
0.0002786929
0.0003039559
0.00051644511
0.00031175567
0.00061798983
0.0017293893
0.0059924396
0.0002701429
0.00027100123
0.0002434551
0.000206529
0.00017459138
0.00016927403
0.00015604489
0.00015494783
0.00015901068
0.00016758645
0.00018614202
0.00020096222
0.00023866013
0.00026435467
0.00033148373
0.00051027118
0.00087112358
0.00087230174
0.0014809253
0.0058982073
0.037741638
0.0065417049
0.0082744896
0.0015521811
0.0010001732
0.00070114887
0.00038033294
0.0004335802
0.00036011205
0.00037068455
0.00037478182
0.00032999955
0.00034655223
0.00029492465
0.00029083226
0.00025336084
0.00025155044
0.00025411379
0.00029580558
0.00049775638
0.0010256126
0.0012235655
0.0051519491
0.00067666087
6.62179e-05
3.216733e-05
4.5384613e-05
9.8003445e-05
0.00017919263
0.00033502365
0.00018997269
0.00019690815
0.00015261484
0.00017854301
0.00030157046
0.0017726249
0.00011274113
0.00020008743
0.00012187357
0.00019950447
0.00020804973
0.00021497657
0.00026148561
0.00018326098
0.00025175816
0.00020558974
0.0001957979
0.00018523747
0.00021094312
0.00019371947
0.00029235424
0.00032181713
0.00035622303
0.0014811567
0.00027401807
0.00028112959
0.00018389748
0.00020089567
0.00014846021
0.00015288599
0.00013417622
0.00013000008
0.00012860213
0.00013187571
0.00013859166
0.0001517569
0.00016662238
0.00019325337
0.00022133857
0.00025809769
0.00031600838
0.00039381025
0.00075578032
0.00093896041
0.0051160297
0.0030587022
0.0056664432
0.0012325073
0.0012647346
0.00083011266
0.00054211422
0.00031274532
0.00037050841
0.00031147402
0.00031577405
0.00027527378
0.00025460977
0.00024790702
0.00021996494
0.00021512616
0.00019271172
0.0001895833
0.00019172272
0.00022497841
0.00039209447
0.00089123178
0.001160839
0.0049373217
0.0006945176
6.5985045e-05
1.8888237e-05
1.7388407e-05
2.381133e-05
2.7990405e-05
4.6196685e-05
0.00013525779
0.0001093946
0.000197122
0.00010535304
0.00032572088
0.00010173088
8.3921451e-05
0.00011786795
0.0001280049
0.00012176905
0.00015419343
0.00011637245
0.00017337323
0.00011951349
0.00017374615
0.00013838404
0.00016076589
0.00013884123
0.00016490863
0.00015409551
0.0002061213
0.00017452641
0.00018049823
0.00025431911
0.00049607439
0.0001539272
0.00017075594
0.00013597323
0.00013057978
0.0001186675
0.00011543476
0.00011234834
0.00011293861
0.00011624628
0.00012195881
0.00013326126
0.0001434629
0.00016586715
0.00018359532
0.00022336092
0.00027391326
0.00035309877
0.00038747651
0.00043562284
0.00067997389
0.0031650825
0.00072618472
0.00089443461
0.00053057543
0.00043749728
0.0003561982
0.00023296692
0.00025188702
0.0002040506
0.00021004778
0.00020129693
0.00018824917
0.00018580649
0.00016674792
0.00016222665
0.00014756758
0.00014414251
0.00014589898
0.0001722233
0.0003125301
0.00077166331
0.0011056139
0.0050800473
0.00054287881
4.0822294e-05
1.6026965e-05
2.074753e-05
3.5598018e-05
4.8064894e-05
6.7055059e-05
4.6178743e-05
4.5789201e-05
4.7544339e-05
4.9571345e-05
5.9322555e-05
0.00020253084
4.5502456e-05
9.7907201e-05
5.8718382e-05
8.8181132e-05
9.3645068e-05
9.7172079e-05
0.00012366819
0.00010229011
0.00012811594
0.00011483473
0.0001245549
0.00012075008
0.00013854007
0.00013625399
0.00016908987
0.00018596855
0.00017151712
0.00026465452
0.00013966762
0.00013074607
0.00012404907
0.00012637032
0.00011241844
0.00011303116
0.00010647435
0.00010530698
0.00010566242
0.0001086755
0.00011366729
0.00012277644
0.00013322373
0.00014945523
0.00016792115
0.00019007569
0.00022661713
0.00026022347
0.00038806854
0.00040427914
0.0006702175
0.00049861466
0.00077519927
0.00046571346
0.0005042441
0.00039448865
0.0003264475
0.00021333672
0.00022785675
0.00018215871
0.00018122986
0.00016394192
0.00015287582
0.00014744288
0.00013369921
0.00012846688
0.00011748633
0.00011268134
0.00011279607
0.00013302066
0.0002505012
0.00066715228
0.0010569525
0.0054432444
0.00058184003
3.978494e-05
9.7362705e-06
9.2255968e-06
1.1577012e-05
1.562462e-05
2.302329e-05
4.7873795e-05
4.4392021e-05
6.9286259e-05
5.4211308e-05
8.865607e-05
5.0137694e-05
3.8098019e-05
5.7919825e-05
5.5424182e-05
7.0177017e-05
7.5866718e-05
7.3883772e-05
9.2973475e-05
8.0968927e-05
0.0001026102
9.2032167e-05
0.00010625499
0.00010149217
0.00011732644
0.00011415289
0.00012835384
0.00012367412
0.00012259869
0.00013292167
0.00016151082
0.00011918741
0.00012559161
0.00010820047
0.00010687321
0.00010085024
9.9204971e-05
9.8522555e-05
9.9436063e-05
0.00010271606
0.0001072533
0.00011579027
0.00012452624
0.00014051362
0.00015430223
0.0001798206
0.0002052285
0.00023618048
0.0002673706
0.00028900828
0.00034127244
0.00060298072
0.00035132527
0.00038028477
0.00032419337
0.00028654283
0.00024779775
0.00018389634
0.00018843376
0.00015341909
0.00015406484
0.00014259772
0.00013402863
0.00012823652
0.00011729311
0.00011168919
0.00010294334
9.7410676e-05
9.6320776e-05
0.00011008299
0.00020529592
0.00057840799
0.0010171165
0.0063377099
0.0005335177
3.0533484e-05
9.9775511e-06
1.1738965e-05
1.6761774e-05
2.0114867e-05
2.5532155e-05
2.1981246e-05
2.2665573e-05
2.476329e-05
2.5363986e-05
2.8932737e-05
5.2975233e-05
2.9763298e-05
4.8281629e-05
3.8130875e-05
5.1554103e-05
5.7003732e-05
5.941321e-05
7.5225195e-05
6.8654282e-05
8.4013145e-05
8.0029984e-05
9.064207e-05
8.9811393e-05
0.00010195284
0.00010242516
0.00011513401
0.0001216064
0.0001167606
0.00012889055
0.000104146
9.9099565e-05
9.637205e-05
9.6257516e-05
9.2491853e-05
9.1984972e-05
8.9998411e-05
9.0226827e-05
9.1101965e-05
9.4313045e-05
9.840148e-05
0.00010547293
0.00011313837
0.00012522299
0.00013820989
0.00015326844
0.00017899215
0.00019673692
0.00025138875
0.00025637488
0.00030302249
0.0002834147
0.00032410762
0.00029757201
0.00029892974
0.00025417645
0.00022702543
0.00016981698
0.00017168321
0.00014145358
0.00013950841
0.00012825028
0.00012119654
0.0001158891
0.0001073914
0.0001022683
9.5223194e-05
8.9896267e-05
8.851734e-05
9.9303534e-05
0.00018063718
0.00051642498
0.00099485116
0.0069679528
0.00056386784
2.865057e-05
6.4340435e-06
6.4565309e-06
7.9871103e-06
1.0802598e-05
1.405396e-05
2.4393628e-05
2.5050425e-05
3.5189271e-05
3.2492712e-05
3.951291e-05
3.3500464e-05
2.6766493e-05
3.6851807e-05
3.1592385e-05
4.3413305e-05
4.2760808e-05
4.855892e-05
5.4354135e-05
5.4699078e-05
6.3123814e-05
6.2482506e-05
7.005394e-05
7.0518061e-05
7.8068105e-05
7.8625977e-05
8.4439151e-05
8.4822909e-05
8.5340064e-05
8.7528391e-05
9.1727934e-05
8.4135217e-05
8.5622784e-05
8.0498254e-05
8.0019414e-05
7.8231861e-05
7.769885e-05
7.8303941e-05
7.9434111e-05
8.2522651e-05
8.6198369e-05
9.2150632e-05
9.8257531e-05
0.00010822638
0.00011762345
0.00013170992
0.00014680028
0.00016167534
0.00018077327
0.00019703823
0.00021477445
0.00025837037
0.00022239647
0.00022956894
0.00020967675
0.00019258944
0.0001730354
0.00014037436
0.00013906822
0.00011850161
0.00011718798
0.00010942645
0.00010449821
0.00010071677
9.4965588e-05
9.1259477e-05
8.6284606e-05
8.2065866e-05
8.0875193e-05
8.9530767e-05
0.0001588851
0.0004586029
0.00097331053
0.007543289
0.00049817307
2.184496e-05
6.1991673e-06
6.9221041e-06
8.7359997e-06
1.0100069e-05
1.1877528e-05
1.1233409e-05
1.1957248e-05
1.2828644e-05
1.3620503e-05
1.5289696e-05
2.1516178e-05
1.8497456e-05
2.4494531e-05
2.4706922e-05
2.9750731e-05
3.5383293e-05
3.7120853e-05
4.678356e-05
4.4382249e-05
5.395402e-05
5.2399138e-05
6.0368509e-05
6.0156364e-05
6.7762555e-05
6.8335567e-05
7.5087519e-05
7.6714429e-05
7.6394515e-05
7.7641714e-05
7.3005115e-05
7.0751591e-05
7.0155706e-05
6.8816404e-05
6.7988971e-05
6.7503457e-05
6.7403636e-05
6.7964478e-05
6.9051692e-05
7.1762224e-05
7.4787751e-05
7.9757213e-05
8.5138697e-05
9.2711588e-05
0.0001012976
0.00011104593
0.0001260857
0.00013550971
0.00016120793
0.00016474299
0.00018134395
0.00018284926
0.00018660226
0.00018381874
0.00017788736
0.00015947741
0.00014591587
0.00011984419
0.00011683943
0.00010125887
9.9026569e-05
9.2981197e-05
8.9335775e-05
8.6591747e-05
8.2776548e-05
8.0229106e-05
7.6963752e-05
7.4014339e-05
7.3288519e-05
8.0687099e-05
0.00014040592
0.00040791962
0.00094996159
0.0076733787
0.00048222408
1.8591829e-05
3.5234538e-06
3.2995565e-06
3.6922777e-06
4.5927653e-06
5.8172861e-06
8.6940594e-06
1.0215613e-05
1.4099102e-05
1.3946116e-05
1.5538097e-05
1.500253e-05
1.3261984e-05
1.6720899e-05
1.6250672e-05
2.0332615e-05
2.1176522e-05
2.4130333e-05
2.6944029e-05
2.8564574e-05
3.1895689e-05
3.402029e-05
3.6543531e-05
3.8976135e-05
4.172603e-05
4.3832468e-05
4.5303127e-05
4.7314846e-05
4.7770633e-05
4.9112852e-05
4.9737635e-05
4.8544542e-05
4.8913381e-05
4.8022099e-05
4.8139605e-05
4.7928775e-05
4.8276045e-05
4.9042079e-05
5.0072609e-05
5.1931839e-05
5.4033749e-05
5.7336836e-05
6.0820417e-05
6.5872984e-05
7.1145998e-05
7.7709823e-05
8.4721166e-05
9.1353812e-05
9.9834727e-05
0.000106685
0.00011205866
0.00012044904
0.00011547028
0.00011584278
0.00010905553
0.00010238348
9.5864278e-05
8.424587e-05
8.2231968e-05
7.3894725e-05
7.2521738e-05
6.8836408e-05
6.6586809e-05
6.4831812e-05
6.2848504e-05
6.1415591e-05
5.9820941e-05
5.8320618e-05
5.8159595e-05
6.4078518e-05
0.00011147741
0.00033293416
0.00090150688
0.0070923398
0.00030705885
8.6381254e-06
2.0553115e-06
2.2532745e-06
2.6968299e-06
3.0888177e-06
3.417947e-06
3.6250063e-06
3.8588817e-06
4.2332514e-06
4.749021e-06
5.3614206e-06
6.7219349e-06
7.0380287e-06
8.5614118e-06
9.1459437e-06
1.0383839e-05
1.1842199e-05
1.2710567e-05
1.4880899e-05
1.5478522e-05
1.772047e-05
1.8656408e-05
2.0565962e-05
2.1709695e-05
2.3400909e-05
2.4518564e-05
2.5827675e-05
2.6731874e-05
2.730611e-05
2.7779736e-05
2.7943764e-05
2.7893068e-05
2.8156261e-05
2.8025929e-05
2.8253444e-05
2.836819e-05
2.8715635e-05
2.9226635e-05
2.9928484e-05
3.0965352e-05
3.2175228e-05
3.3860999e-05
3.5700887e-05
3.8151334e-05
4.0825655e-05
4.3741814e-05
4.7586073e-05
5.0573178e-05
5.5169904e-05
5.7372776e-05
6.0412225e-05
6.1983742e-05
6.2140652e-05
6.1591992e-05
5.9337801e-05
5.5909082e-05
5.2640709e-05
4.742251e-05
4.5803901e-05
4.2058181e-05
4.1045869e-05
3.9429139e-05
3.8408325e-05
3.7698092e-05
3.7006849e-05
3.6575415e-05
3.6142258e-05
3.5750401e-05
3.6014324e-05
4.0209468e-05
7.4519666e-05
0.00025145496
0.00080772602
0.0065021483
0.00025885904
6.3274387e-06
1.1572079e-06
1.1775941e-06
1.3548091e-06
1.6149033e-06
1.9493946e-06
2.4161988e-06
2.8628538e-06
3.4185173e-06
3.8079383e-06
4.1512895e-06
4.6005338e-06
4.6549863e-06
5.4831364e-06
5.6029265e-06
6.6544503e-06
7.0162675e-06
8.1137884e-06
8.7591953e-06
9.7786978e-06
1.0663583e-05
1.1649989e-05
1.2595791e-05
1.3589799e-05
1.447997e-05
1.5370463e-05
1.6116654e-05
1.6856583e-05
1.7385084e-05
1.7865132e-05
1.8249698e-05
1.8461103e-05
1.8762594e-05
1.8887935e-05
1.91939e-05
1.9388638e-05
1.9744107e-05
2.0143273e-05
2.0679181e-05
2.1358161e-05
2.2134168e-05
2.3124467e-05
2.4227753e-05
2.5647352e-05
2.7093585e-05
2.8719619e-05
3.0462487e-05
3.2115643e-05
3.3833923e-05
3.526143e-05
3.6374996e-05
3.7225743e-05
3.7008921e-05
3.6566505e-05
3.5384895e-05
3.383628e-05
3.2174874e-05
2.9996816e-05
2.873097e-05
2.6838121e-05
2.5932055e-05
2.5056997e-05
2.4541692e-05
2.4197523e-05
2.3900615e-05
2.3756363e-05
2.3627317e-05
2.3479499e-05
2.3692583e-05
2.6418085e-05
5.0860593e-05
0.00019411409
0.00072117667
0.0060740403
0.00018894392
3.7211947e-06
7.473443e-07
7.9019643e-07
9.035983e-07
1.0248559e-06
1.1541909e-06
1.2936553e-06
1.4483546e-06
1.6361821e-06
1.852918e-06
2.108606e-06
2.438485e-06
2.7449097e-06
3.1531235e-06
3.5515525e-06
3.9736796e-06
4.506994e-06
4.9602224e-06
5.6155774e-06
6.0951043e-06
6.7985115e-06
7.3354711e-06
8.0204928e-06
8.5845006e-06
9.204583e-06
9.7345211e-06
1.023902e-05
1.0692775e-05
1.1061046e-05
1.1387867e-05
1.1661092e-05
1.1845861e-05
1.2079392e-05
1.222605e-05
1.2450371e-05
1.262852e-05
1.2894682e-05
1.3181235e-05
1.3515338e-05
1.3945832e-05
1.4410617e-05
1.4988478e-05
1.5614202e-05
1.6371882e-05
1.7149969e-05
1.8032678e-05
1.8987551e-05
1.9829586e-05
2.0792203e-05
2.1493482e-05
2.2104163e-05
2.2400609e-05
2.2406612e-05
2.2128118e-05
2.1517002e-05
2.0688117e-05
1.985621e-05
1.8730755e-05
1.8023508e-05
1.7156174e-05
1.6678176e-05
1.6221265e-05
1.5934836e-05
1.5793838e-05
1.5734856e-05
1.5728838e-05
1.5734022e-05
1.5745534e-05
1.5926455e-05
1.7693199e-05
3.496412e-05
0.00015006821
0.00064327734
0.0055655252
0.00015463478
2.6568437e-06
4.7375298e-07
4.9521067e-07
5.6524549e-07
6.5616636e-07
7.6641206e-07
8.9874844e-07
1.0445816e-06
1.204767e-06
1.371499e-06
1.5290933e-06
1.7322128e-06
1.8788638e-06
2.1461536e-06
2.3207616e-06
2.6476011e-06
2.8888375e-06
3.2542104e-06
3.5628043e-06
3.9534778e-06
4.3110358e-06
4.715309e-06
5.0938325e-06
5.4917554e-06
5.8693991e-06
6.2287569e-06
6.5680751e-06
6.8742584e-06
7.1585774e-06
7.3927672e-06
7.6124721e-06
7.7830867e-06
7.965651e-06
8.1083498e-06
8.2788671e-06
8.4400361e-06
8.6054301e-06
8.795456e-06
9.0245113e-06
9.2755988e-06
9.5625223e-06
9.8916353e-06
1.0272882e-05
1.0676194e-05
1.1103592e-05
1.1568221e-05
1.2031227e-05
1.2487596e-05
1.2923992e-05
1.3274951e-05
1.3545404e-05
1.3699052e-05
1.3690687e-05
1.3557271e-05
1.3268181e-05
1.288355e-05
1.2424551e-05
1.1871808e-05
1.1499946e-05
1.1074536e-05
1.0818063e-05
1.0616469e-05
1.0512974e-05
1.0483643e-05
1.0520418e-05
1.0610337e-05
1.0708698e-05
1.0808369e-05
1.0979565e-05
1.2124707e-05
2.4172407e-05
0.000115795
0.00057232471
0.0051380359
0.00012214844
1.7898066e-06
3.135764e-07
3.2971525e-07
3.714966e-07
4.2164668e-07
4.8009741e-07
5.4697981e-07
6.2346162e-07
7.1194664e-07
8.1180581e-07
9.2584213e-07
1.0558143e-06
1.1980989e-06
1.357453e-06
1.5325331e-06
1.7160421e-06
1.9257198e-06
2.1355079e-06
2.3738811e-06
2.6103887e-06
2.8646523e-06
3.1172234e-06
3.3790285e-06
3.6270598e-06
3.8805219e-06
4.1167469e-06
4.3479464e-06
4.5551357e-06
4.7431842e-06
4.9154997e-06
5.0698914e-06
5.2151552e-06
5.3435623e-06
5.4615941e-06
5.5764854e-06
5.6903576e-06
5.8122732e-06
5.9445483e-06
6.080987e-06
6.2256226e-06
6.3950485e-06
6.5897037e-06
6.7886112e-06
7.0102774e-06
7.2441342e-06
7.4853082e-06
7.7393973e-06
7.9708482e-06
8.1886758e-06
8.3757707e-06
8.5070147e-06
8.5716737e-06
8.5554658e-06
8.4879078e-06
8.3422537e-06
8.1381429e-06
7.8966434e-06
7.6466215e-06
7.4430529e-06
7.2524253e-06
7.1444939e-06
7.0722442e-06
7.080399e-06
7.143031e-06
7.221972e-06
7.3382324e-06
7.478869e-06
7.605822e-06
7.7563436e-06
8.4949065e-06
1.6788493e-05
8.8904354e-05
0.00050699824
0.0047135799
9.9797945e-05
1.2892149e-06
2.1265409e-07
2.2422572e-07
2.536635e-07
2.9002371e-07
3.3392112e-07
3.8537777e-07
4.4439014e-07
5.092223e-07
5.8284105e-07
6.5861042e-07
7.4888506e-07
8.3779681e-07
9.4662389e-07
1.0535926e-06
1.1836938e-06
1.3112392e-06
1.4593045e-06
1.6075742e-06
1.7697874e-06
1.9325401e-06
2.1023074e-06
2.2756567e-06
2.4455609e-06
2.6110155e-06
2.7724551e-06
2.9212918e-06
3.0655964e-06
3.1959642e-06
3.3198806e-06
3.4280621e-06
3.5267631e-06
3.6197572e-06
3.7072041e-06
3.7892372e-06
3.8719838e-06
3.952769e-06
4.0340915e-06
4.1189141e-06
4.2059153e-06
4.3050942e-06
4.4104757e-06
4.5177827e-06
4.6416372e-06
4.7552071e-06
4.88958e-06
5.0151729e-06
5.1373911e-06
5.2457144e-06
5.3384389e-06
5.4014695e-06
5.4343113e-06
5.431184e-06
5.3898525e-06
5.3212717e-06
5.2222638e-06
5.1120439e-06
5.0050556e-06
4.9098299e-06
4.8357969e-06
4.80637e-06
4.8197032e-06
4.8680666e-06
4.9510631e-06
5.0714948e-06
5.2118842e-06
5.3465557e-06
5.4794676e-06
5.6265477e-06
6.1010952e-06
1.1686561e-05
6.7627791e-05
0.00044619162
0.0043262676
8.2185816e-05
9.383701e-07
1.4552132e-07
1.5345965e-07
1.7298654e-07
1.968002e-07
2.2526057e-07
2.586539e-07
2.9706235e-07
3.4111057e-07
3.9032699e-07
4.4625511e-07
5.0730026e-07
5.7597635e-07
6.5041196e-07
7.3144371e-07
8.1936682e-07
9.1177635e-07
1.0117083e-06
1.1149072e-06
1.2246673e-06
1.3363049e-06
1.4503897e-06
1.566263e-06
1.6807483e-06
1.7927482e-06
1.9015899e-06
2.0060895e-06
2.1036061e-06
2.1976452e-06
2.280234e-06
2.3595161e-06
2.4302269e-06
2.4965993e-06
2.5536447e-06
2.6139646e-06
2.6623287e-06
2.7164276e-06
2.7649178e-06
2.8184391e-06
2.8691021e-06
2.9257292e-06
2.980801e-06
3.0401137e-06
3.0998502e-06
3.1686269e-06
3.2325353e-06
3.296227e-06
3.357685e-06
3.4124234e-06
3.456429e-06
3.4901385e-06
3.5069467e-06
3.5062432e-06
3.4859548e-06
3.4506423e-06
3.4014812e-06
3.3636654e-06
3.3199852e-06
3.2849823e-06
3.2767971e-06
3.2945892e-06
3.3402161e-06
3.4156291e-06
3.5098109e-06
3.6351189e-06
3.7773223e-06
3.9185865e-06
4.0566932e-06
4.1908725e-06
4.5039501e-06
8.1668849e-06
5.0733005e-05
0.00038910169
0.0039649098
6.8149707e-05
6.9470716e-07
1.0019257e-07
1.062322e-07
1.2009154e-07
1.3727085e-07
1.578027e-07
1.819e-07
2.098965e-07
2.4190277e-07
2.7766687e-07
3.1739426e-07
3.6151052e-07
4.0863264e-07
4.6171784e-07
5.1714573e-07
5.7887355e-07
6.4334086e-07
7.1285934e-07
7.8476449e-07
8.5938405e-07
9.3647438e-07
1.0154046e-06
1.0928118e-06
1.1709911e-06
1.2471018e-06
1.3226435e-06
1.3936024e-06
1.4620945e-06
1.523801e-06
1.5837923e-06
1.6365481e-06
1.6864599e-06
1.7313244e-06
1.7711343e-06
1.8091514e-06
1.8422175e-06
1.874585e-06
1.9038183e-06
1.9301655e-06
1.9588717e-06
1.9870307e-06
2.0149552e-06
2.0440641e-06
2.0746857e-06
2.1058209e-06
2.1365333e-06
2.1677446e-06
2.1976022e-06
2.2247665e-06
2.2475381e-06
2.2648121e-06
2.2748658e-06
2.277632e-06
2.2727158e-06
2.2623151e-06
2.2492592e-06
2.2390575e-06
2.2277663e-06
2.2384533e-06
2.2605665e-06
2.2964215e-06
2.3611902e-06
2.4474504e-06
2.5552987e-06
2.6778839e-06
2.8101229e-06
2.9460958e-06
3.0796873e-06
3.2027576e-06
3.4149851e-06
5.7384226e-06
3.7318449e-05
0.00033501655
0.0036297704
5.7072846e-05
5.1975536e-07
7.3924273e-08
7.8821639e-08
8.8940387e-08
1.014632e-07
1.1647853e-07
1.3405612e-07
1.5441584e-07
1.7748687e-07
2.0355732e-07
2.3234097e-07
2.6435072e-07
2.9899153e-07
3.3684479e-07
3.7731781e-07
4.2077652e-07
4.6662943e-07
5.1507434e-07
5.6557809e-07
6.1767241e-07
6.7079864e-07
7.2493772e-07
7.7899995e-07
8.3273601e-07
8.8517645e-07
9.3604904e-07
9.8514756e-07
1.0315682e-06
1.0747908e-06
1.1154367e-06
1.1522798e-06
1.1857157e-06
1.2156917e-06
1.2433972e-06
1.2659773e-06
1.2874036e-06
1.3059198e-06
1.3219671e-06
1.336578e-06
1.350378e-06
1.3622716e-06
1.3740748e-06
1.3860831e-06
1.3986727e-06
1.4107449e-06
1.4231737e-06
1.4352706e-06
1.4482623e-06
1.4582462e-06
1.4678243e-06
1.4739375e-06
1.4776727e-06
1.4793501e-06
1.4792096e-06
1.4772466e-06
1.4778303e-06
1.4812226e-06
1.4929607e-06
1.5180589e-06
1.5538744e-06
1.6093982e-06
1.6839954e-06
1.7772072e-06
1.8854638e-06
2.0088223e-06
2.1399157e-06
2.2710555e-06
2.3969485e-06
2.5127498e-06
2.6615075e-06
4.068826e-06
2.6708955e-05
0.00028341369
0.0033207692
4.7710747e-05
4.2966027e-07
8.10713e-08
8.6221949e-08
9.546597e-08
1.0670454e-07
1.2015992e-07
1.3595568e-07
1.5413921e-07
1.7469511e-07
1.9766795e-07
2.2313984e-07
2.5094154e-07
2.8140471e-07
3.1415277e-07
3.4937706e-07
3.8681734e-07
4.2607903e-07
4.6734706e-07
5.1034075e-07
5.5469101e-07
5.9986929e-07
6.4537635e-07
6.9169568e-07
7.3733199e-07
7.828143e-07
8.2617957e-07
8.6818571e-07
9.077856e-07
9.4616655e-07
9.8068832e-07
1.0135157e-06
1.0424607e-06
1.0688736e-06
1.0928599e-06
1.1131673e-06
1.1307153e-06
1.1457982e-06
1.1583654e-06
1.1692131e-06
1.1780377e-06
1.1849084e-06
1.1917766e-06
1.1972167e-06
1.2024802e-06
1.2069293e-06
1.2104415e-06
1.2140145e-06
1.2158043e-06
1.2157015e-06
1.2142355e-06
1.210791e-06
1.2052606e-06
1.1974094e-06
1.1899818e-06
1.1820835e-06
1.1742723e-06
1.1707476e-06
1.1769851e-06
1.1895866e-06
1.212146e-06
1.2495144e-06
1.3021911e-06
1.3711983e-06
1.4554474e-06
1.5542068e-06
1.6626687e-06
1.7812022e-06
1.8999117e-06
2.0088059e-06
2.1283026e-06
2.9411442e-06
1.8399736e-05
0.00023384361
0.003019974
4.1061672e-05
7.1687971e-07
4.6243569e-07
4.7917311e-07
5.0068173e-07
5.2556326e-07
5.5365287e-07
5.8496677e-07
6.1943022e-07
6.5705972e-07
6.9771046e-07
7.414915e-07
7.8814216e-07
8.3762006e-07
8.9013213e-07
9.4525083e-07
1.0033871e-06
1.0638599e-06
1.1268868e-06
1.1921591e-06
1.2595491e-06
1.3283948e-06
1.3985158e-06
1.4698079e-06
1.5413081e-06
1.6132358e-06
1.6845862e-06
1.7548096e-06
1.8225024e-06
1.8883559e-06
1.9510833e-06
2.0105209e-06
2.0664988e-06
2.1180222e-06
2.1648974e-06
2.2084277e-06
2.246492e-06
2.2795752e-06
2.3076405e-06
2.3306951e-06
2.3493164e-06
2.3623603e-06
2.3704223e-06
2.3725219e-06
2.3682145e-06
2.3568058e-06
2.3384585e-06
2.3120025e-06
2.2762505e-06
2.2323982e-06
2.1797755e-06
2.118294e-06
2.048218e-06
1.9706703e-06
1.8877829e-06
1.800696e-06
1.7128656e-06
1.6270029e-06
1.5476586e-06
1.4778018e-06
1.4227878e-06
1.3833465e-06
1.3634147e-06
1.3650847e-06
1.3885597e-06
1.4297149e-06
1.4861316e-06
1.5566832e-06
1.6331367e-06
1.7065002e-06
1.77908e-06
2.1821273e-06
1.196648e-05
0.0001858281
0.002795717
4.0098991e-05
5.7472555e-06
5.6493675e-06
5.7789831e-06
5.9277888e-06
6.0937702e-06
6.2765885e-06
6.4747436e-06
6.6873989e-06
6.9130194e-06
7.1513495e-06
7.4010274e-06
7.6615621e-06
7.9328289e-06
8.2135279e-06
8.5036141e-06
8.8027861e-06
9.1110346e-06
9.4279163e-06
9.7529966e-06
1.0085838e-05
1.0424683e-05
1.0769767e-05
1.1119531e-05
1.1473187e-05
1.1828435e-05
1.2183838e-05
1.2535988e-05
1.2883835e-05
1.3222719e-05
1.3552038e-05
1.38683e-05
1.4170093e-05
1.4455903e-05
1.4722188e-05
1.4969148e-05
1.519481e-05
1.5396557e-05
1.5572226e-05
1.5720304e-05
1.5839783e-05
1.592765e-05
1.597744e-05
1.5986606e-05
1.5948358e-05
1.5857457e-05
1.5709729e-05
1.5499787e-05
1.5224555e-05
1.4881066e-05
1.4466363e-05
1.3980129e-05
1.3423871e-05
1.2801602e-05
1.2115943e-05
1.1376864e-05
1.0596035e-05
9.7842678e-06
8.9525898e-06
8.1159447e-06
7.2868705e-06
6.4802125e-06
5.7050912e-06
4.971609e-06
4.2942401e-06
3.6816909e-06
3.144285e-06
2.6863198e-06
2.313952e-06
2.0272062e-06
1.8336725e-06
1.8564172e-06
7.2832985e-06
0.00013892557
0.0027456626
9.0158901e-05
5.9389835e-05
5.994188e-05
6.0784307e-05
6.1731158e-05
6.2775551e-05
6.3909582e-05
6.5126916e-05
6.6419151e-05
6.7777421e-05
6.9196479e-05
7.0667741e-05
7.2184771e-05
7.3748684e-05
7.5350216e-05
7.6986083e-05
7.8656036e-05
8.0356895e-05
8.2087224e-05
8.38433e-05
8.5622316e-05
8.7416934e-05
8.9227966e-05
9.1045406e-05
9.2871233e-05
9.4693656e-05
9.6499483e-05
9.8280168e-05
0.00010002182
0.00010172028
0.00010335759
0.00010492921
0.00010641946
0.00010782909
0.00010914575
0.00011036516
0.00011147542
0.00011246631
0.0001133306
0.00011406271
0.00011465234
0.00011508495
0.00011533552
0.00011538315
0.0001152026
0.00011476145
0.00011403655
0.0001130057
0.00011163666
0.00010990815
0.00010780545
0.00010531099
0.000102414
9.911045e-05
9.539809e-05
9.1292341e-05
8.6812931e-05
8.1986468e-05
7.6846448e-05
7.1437773e-05
6.5798448e-05
5.997747e-05
5.4032159e-05
4.8018709e-05
4.2004478e-05
3.6053931e-05
3.024919e-05
2.4677566e-05
1.9431834e-05
1.4621284e-05
1.0319442e-05
6.806202e-06
6.2874204e-06
9.4027319e-05
0.0024978709
0.00045580475
0.0004346635
0.00043692785
0.00043962284
0.00044261916
0.00044588364
0.00044938909
0.00045310795
0.00045700993
0.0004610653
0.00046525228
0.00046954304
0.00047392008
0.00047837034
0.00048287928
0.00048742628
0.00049201002
0.00049662127
0.00050125752
0.0005059012
0.00051054804
0.00051517612
0.00051979064
0.00052437103
0.00052891033
0.00053339619
0.00053778831
0.00054208165
0.00054623319
0.00055023985
0.00055407415
0.0005577176
0.00056115701
0.00056437539
0.00056736643
0.00057011794
0.00057261313
0.00057483014
0.00057674955
0.0005783698
0.00057967642
0.00058062378
0.00058117854
0.00058127955
0.00058087778
0.00057989836
0.00057829366
0.00057599361
0.00057292545
0.00056902097
0.00056422266
0.00055845195
0.00055163572
0.00054371095
0.00053459005
0.0005242186
0.00051253686
0.00049947576
0.000484984
0.00046900364
0.00045145732
0.00043224964
0.00041133289
0.00038860694
0.0003639992
0.00033740592
0.00030876673
0.00027801972
0.00024510637
0.00021004582
0.00017281129
0.00013329338
9.2683434e-05
9.0558729e-05
)
;

boundaryField
{
    axis
    {
        type            empty;
    }
    inlet
    {
        type            fixedValue;
        value           uniform 1e-05;
    }
    walls
    {
        type            fixedValue;
        value           uniform 1e-11;
    }
    atmosphere
    {
        type            inletOutlet;
        inletValue      uniform 0.001;
        value           nonuniform List<scalar> 
175
(
0.001
0.001
0.001
0.001
0.001
0.001
0.001
0.001
0.001
0.001
0.001
0.001
0.001
0.001
0.001
0.001
0.001
0.001
0.001
0.001
0.001
0.001
0.001
0.001
0.001
0.001
0.001
0.001
0.001
0.001
0.001
0.001
0.001
0.001
0.001
0.001
0.001
0.001
0.001
0.001
0.001
0.001
0.001
0.001
0.001
0.001
0.001
0.001
0.001
0.001
0.001
0.001
0.001
0.001
0.001
0.001
0.001
0.001
0.001
0.001
0.001
0.001
0.001
0.001
0.001
0.001
0.001
0.001
0.001
0.001
0.001
0.001
0.001
0.001
0.001
0.001
0.001
0.001
0.001
0.001
0.001
0.001
0.001
0.001
0.001
0.001
0.001
0.001
0.001
0.001
0.001
0.001
0.001
0.001
0.001
0.001
0.001
0.001
0.001
0.001
0.001
0.001
0.001
0.001
0.001
4.1096225
3.8006148
3.0999866
0.001
0.001
3.0021695
0.001
0.001
0.001
0.001
0.001
0.001
0.001
0.001
0.001
0.001
0.001
0.001
0.001
0.001
0.001
0.001
0.001
0.001
0.001
0.001
0.001
0.001
0.001
1.1223899
0.001
0.001
0.001
0.001
0.001
0.001
0.001
0.001
0.001
0.001
1.1868392e-05
2.6771208e-05
0.0002124493
0.0020738769
0.016383768
0.099272015
0.47039763
1.8826779
7.3357652
33.07737
188.64611
739.75358
371.7047
22.472921
3.8481534
3.7209998
3.8327235
3.4424887
4.9838837
5.4563416
4.3824396
4.1619705
4.7522282
5.7660503
5.9527953
5.1359421
4.3359494
4.146033
4.1130414
4.1863079
)
;
    }
    front
    {
        type            wedge;
    }
    back
    {
        type            wedge;
    }
}


// ************************************************************************* //
