/*--------------------------------*- C++ -*----------------------------------*\
| =========                 |                                                 |
| \\      /  F ield         | OpenFOAM: The Open Source CFD Toolbox           |
|  \\    /   O peration     | Version:  2.3.0                                 |
|   \\  /    A nd           | Web:      www.OpenFOAM.org                      |
|    \\/     M anipulation  |                                                 |
\*---------------------------------------------------------------------------*/
FoamFile
{
    version     2.0;
    format      ascii;
    class       volVectorField;
    location    "1.65";
    object      U;
}
// * * * * * * * * * * * * * * * * * * * * * * * * * * * * * * * * * * * * * //

dimensions      [0 1 -1 0 0 0 0];

internalField   nonuniform List<vector> 
2268
(
(-0.020454 0.00593853 0)
(-0.0201636 -0.00290592 0)
(-0.00707728 -0.0062851 0)
(0.0062831 -0.00599527 0)
(0.0195616 -0.00543769 0)
(0.0318786 -0.00496901 0)
(0.0438715 -0.0048037 0)
(0.0562499 -0.00490216 0)
(0.069447 -0.00512016 0)
(0.0835001 -0.0053164 0)
(0.098122 -0.00538949 0)
(0.112808 -0.00526756 0)
(0.126888 -0.00489005 0)
(0.139514 -0.00418566 0)
(0.149532 -0.00303683 0)
(0.155818 -0.0010517 0)
(0.154929 0.00233388 0)
(0.141314 0.00809247 0)
(0.11265 0.0133114 0)
(0.0704784 0.0169504 0)
(0.0220318 0.0173099 0)
(-0.0298797 0.0105661 0)
(-0.0314827 -0.0129146 0)
(-0.0103888 0.0128435 0)
(-0.00368523 -0.00418109 0)
(0.00505377 -0.00916653 0)
(0.0141295 -0.00942782 0)
(0.0237069 -0.00900398 0)
(0.0336366 -0.00875608 0)
(0.0443052 -0.00897213 0)
(0.0561047 -0.00956237 0)
(0.0691736 -0.0102691 0)
(0.0833367 -0.0108368 0)
(0.0981825 -0.0110831 0)
(0.113147 -0.0108779 0)
(0.127543 -0.0101041 0)
(0.14054 -0.00861155 0)
(0.151085 -0.00615899 0)
(0.157851 -0.00216975 0)
(0.159499 0.0041806 0)
(0.153479 0.0142123 0)
(0.136161 0.0246473 0)
(0.105345 0.0331768 0)
(0.0626638 0.0357564 0)
(0.0127544 0.0236198 0)
(-0.00248441 -0.0196488 0)
(0.00151762 0.0126001 0)
(0.00611186 -0.00699451 0)
(0.0117511 -0.012169 0)
(0.0178156 -0.0127051 0)
(0.0249826 -0.0126234 0)
(0.0333339 -0.0128485 0)
(0.0430989 -0.0136579 0)
(0.0544723 -0.0148972 0)
(0.0674087 -0.016196 0)
(0.0815945 -0.0171955 0)
(0.096537 -0.0176443 0)
(0.11164 -0.0173627 0)
(0.126217 -0.0161831 0)
(0.139471 -0.0138873 0)
(0.150425 -0.0101261 0)
(0.157856 -0.00427503 0)
(0.160427 0.00465531 0)
(0.157 0.017964 0)
(0.14545 0.0332179 0)
(0.123252 0.0470599 0)
(0.0890407 0.0537803 0)
(0.0459483 0.0401604 0)
(0.0194883 -0.010183 0)
(0.00835938 0.00863129 0)
(0.0120965 -0.00924077 0)
(0.0154897 -0.0143032 0)
(0.0193807 -0.0152978 0)
(0.0247753 -0.0158471 0)
(0.0319139 -0.0168008 0)
(0.0409471 -0.0184157 0)
(0.0519623 -0.0204645 0)
(0.0647911 -0.0224613 0)
(0.0790101 -0.0239511 0)
(0.0940582 -0.0246278 0)
(0.109316 -0.0242761 0)
(0.124111 -0.0226892 0)
(0.137692 -0.0195934 0)
(0.149183 -0.0145553 0)
(0.157533 -0.00686579 0)
(0.16161 0.00450539 0)
(0.160827 0.0206171 0)
(0.153785 0.0398169 0)
(0.137988 0.0585523 0)
(0.110468 0.0701877 0)
(0.0732545 0.0589916 0)
(0.0372323 0.00948198 0)
(0.0112704 0.00297829 0)
(0.0150423 -0.0111601 0)
(0.0170233 -0.0156074 0)
(0.0194113 -0.0171507 0)
(0.0234873 -0.0185465 0)
(0.0296474 -0.0204408 0)
(0.0380368 -0.0230484 0)
(0.0487107 -0.0260545 0)
(0.0614216 -0.0288488 0)
(0.075654 -0.0308859 0)
(0.0907859 -0.0318226 0)
(0.106185 -0.0314262 0)
(0.121203 -0.0294669 0)
(0.135153 -0.0256342 0)
(0.147276 -0.01944 0)
(0.156718 -0.0101319 0)
(0.162605 0.00328805 0)
(0.1646 0.0217183 0)
(0.161662 0.0441481 0)
(0.151507 0.0673383 0)
(0.130176 0.0842557 0)
(0.0992898 0.0790148 0)
(0.0544747 0.0392136 0)
(0.0119765 -0.00336109 0)
(0.0158287 -0.0128483 0)
(0.0170507 -0.0163273 0)
(0.0184747 -0.018409 0)
(0.0215971 -0.0207604 0)
(0.0269594 -0.0237295 0)
(0.0347553 -0.027468 0)
(0.0450676 -0.0315526 0)
(0.0576057 -0.0352289 0)
(0.071776 -0.0378616 0)
(0.0869037 -0.0390899 0)
(0.102355 -0.038684 0)
(0.117521 -0.03641 0)
(0.131795 -0.0319427 0)
(0.144548 -0.0247675 0)
(0.155119 -0.0141238 0)
(0.162881 0.000916374 0)
(0.167705 0.0211704 0)
(0.168852 0.046176 0)
(0.164339 0.0732373 0)
(0.149666 0.0954483 0)
(0.127203 0.0996689 0)
(0.0742681 0.0799336 0)
(0.0112835 -0.00971575 0)
(0.0154206 -0.0144378 0)
(0.0164067 -0.0167399 0)
(0.0173118 -0.019273 0)
(0.0197919 -0.0225946 0)
(0.0245047 -0.0266916 0)
(0.0317237 -0.0316443 0)
(0.0416061 -0.0368947 0)
(0.0538496 -0.0415163 0)
(0.0677972 -0.0447784 0)
(0.0827349 -0.0463207 0)
(0.098043 -0.0459405 0)
(0.11317 -0.0434197 0)
(0.127602 -0.0384388 0)
(0.140854 -0.030481 0)
(0.152449 -0.0188006 0)
(0.161982 -0.00256013 0)
(0.169546 0.0189938 0)
(0.174794 0.0458539 0)
(0.176177 0.0759948 0)
(0.169396 0.102885 0)
(0.158892 0.119723 0)
(0.0988181 0.134746 0)
(0.0097567 -0.0157832 0)
(0.0147472 -0.0162045 0)
(0.0159233 -0.0171203 0)
(0.0166715 -0.0199474 0)
(0.0187909 -0.0241796 0)
(0.0229933 -0.0293743 0)
(0.0296361 -0.0355686 0)
(0.038986 -0.0420413 0)
(0.0507541 -0.0476475 0)
(0.0642392 -0.0515512 0)
(0.0787077 -0.0534202 0)
(0.0935783 -0.053098 0)
(0.108373 -0.0504003 0)
(0.122688 -0.0450363 0)
(0.136189 -0.0365072 0)
(0.148573 -0.0240943 0)
(0.159633 -0.00706766 0)
(0.169686 0.0152181 0)
(0.178852 0.0430997 0)
(0.186234 0.0751794 0)
(0.189166 0.105029 0)
(0.192452 0.132936 0)
(0.149605 0.212516 0)
(-0.0743063 0.0174909 0)
(-0.0659652 -0.0172588 0)
(0.0170916 -0.0353754 0)
(0.113852 -0.0333689 0)
(0.19459 -0.025165 0)
(0.249533 -0.016309 0)
(0.279578 -0.00911334 0)
(0.292628 -0.00462079 0)
(0.293375 0.000619019 0)
(0.273357 0.0130431 0)
(0.204825 0.0300563 0)
(0.0926523 0.0307691 0)
(0.0150697 0.0152968 0)
(-0.0182836 0.0085911 0)
(-0.0413968 0.00515346 0)
(-0.0553392 0.00422713 0)
(-0.0694906 0.00286852 0)
(-0.0673394 -0.00744631 0)
(-0.0282537 -0.0175734 0)
(-0.0579397 0.0422336 0)
(-0.0186861 -0.030154 0)
(0.0600211 -0.0631641 0)
(0.143783 -0.0598909 0)
(0.205957 -0.0432962 0)
(0.240326 -0.0248355 0)
(0.252395 -0.011027 0)
(0.252677 -0.0038038 0)
(0.249365 0.00495268 0)
(0.24283 0.0254132 0)
(0.208888 0.0569911 0)
(0.11949 0.0614616 0)
(0.0433974 0.0371452 0)
(0.00509875 0.0195039 0)
(-0.0189904 0.0121509 0)
(-0.0349062 0.00870862 0)
(-0.0462105 0.00458674 0)
(-0.0452978 -0.0115733 0)
(-0.0195577 -0.0302179 0)
(-0.0294708 0.0517217 0)
(0.0174909 -0.0520072 0)
(0.0969787 -0.0930426 0)
(0.171861 -0.0844576 0)
(0.218571 -0.058257 0)
(0.234977 -0.0298373 0)
(0.232284 -0.0100921 0)
(0.222515 -0.00154492 0)
(0.212864 0.00804268 0)
(0.201603 0.0324686 0)
(0.181359 0.0755603 0)
(0.127109 0.0887284 0)
(0.065076 0.0582466 0)
(0.0258086 0.0318504 0)
(0.000445629 0.020532 0)
(-0.0161543 0.014062 0)
(-0.0261219 0.0066453 0)
(-0.027082 -0.0150103 0)
(-0.0115655 -0.0408901 0)
(-0.0138287 0.0493987 0)
(0.0527702 -0.0801652 0)
(0.140231 -0.127434 0)
(0.208653 -0.106887 0)
(0.237859 -0.0672288 0)
(0.235368 -0.0293339 0)
(0.217563 -0.00521471 0)
(0.197465 0.00368942 0)
(0.180536 0.0138806 0)
(0.166056 0.0392667 0)
(0.156617 0.0860405 0)
(0.132123 0.109156 0)
(0.0863466 0.0791521 0)
(0.0462286 0.0456782 0)
(0.0185009 0.0297691 0)
(0.00127639 0.0195925 0)
(-0.00774615 0.008805 0)
(-0.0101633 -0.0163724 0)
(-0.00526577 -0.046876 0)
(-0.00477713 0.04083 0)
(0.103269 -0.121595 0)
(0.19538 -0.166208 0)
(0.253895 -0.125967 0)
(0.264752 -0.0688198 0)
(0.241749 -0.0216138 0)
(0.206984 0.00506882 0)
(0.174136 0.0133667 0)
(0.149651 0.0211366 0)
(0.137532 0.0436034 0)
(0.138446 0.089218 0)
(0.133669 0.120016 0)
(0.104616 0.0968575 0)
(0.0660014 0.060696 0)
(0.0361052 0.0395422 0)
(0.0188263 0.0252062 0)
(0.010223 0.0109962 0)
(0.00698726 -0.0154641 0)
(0.00320969 -0.0477334 0)
(0.0416488 0.0189979 0)
(0.177032 -0.16577 0)
(0.251375 -0.197122 0)
(0.298136 -0.140388 0)
(0.297559 -0.06306 0)
(0.25375 -0.00409138 0)
(0.198834 0.0240234 0)
(0.153708 0.0282135 0)
(0.126928 0.0289204 0)
(0.117004 0.0452921 0)
(0.123116 0.0868732 0)
(0.132611 0.122603 0)
(0.117056 0.109037 0)
(0.0820599 0.0757089 0)
(0.0526533 0.0492832 0)
(0.0368214 0.0306262 0)
(0.0288915 0.0132772 0)
(0.0253361 -0.0130823 0)
(0.0160397 -0.0416837 0)
(0.142308 -0.0643003 0)
(0.262523 -0.211903 0)
(0.304764 -0.217108 0)
(0.332335 -0.146721 0)
(0.327271 -0.0517338 0)
(0.268931 0.023173 0)
(0.196064 0.0492587 0)
(0.142997 0.0446575 0)
(0.113493 0.0364806 0)
(0.103012 0.046366 0)
(0.110114 0.0817332 0)
(0.12733 0.119711 0)
(0.123637 0.118114 0)
(0.0939195 0.0885381 0)
(0.0680862 0.0580179 0)
(0.054891 0.035364 0)
(0.0483522 0.015516 0)
(0.0446877 -0.00977566 0)
(0.0320301 -0.0289661 0)
(0.284278 -0.178985 0)
(0.341882 -0.2497 0)
(0.34877 -0.226874 0)
(0.356434 -0.147352 0)
(0.347325 -0.0380943 0)
(0.285469 0.0544368 0)
(0.201226 0.0776814 0)
(0.140504 0.0634649 0)
(0.106265 0.045692 0)
(0.0928898 0.0480079 0)
(0.0984681 0.0763104 0)
(0.118636 0.114663 0)
(0.125822 0.124375 0)
(0.105205 0.0989326 0)
(0.0835007 0.0650459 0)
(0.0726979 0.0389544 0)
(0.0680532 0.0173662 0)
(0.0633794 -0.00605336 0)
(0.0481351 -0.0110379 0)
(0.00778209 -0.0246222 0)
(0.0144461 -0.0195902 0)
(0.0163642 -0.017956 0)
(0.0173187 -0.0209708 0)
(0.0192786 -0.0264723 0)
(0.0229164 -0.0332055 0)
(0.0286955 -0.0412847 0)
(0.0370905 -0.0496782 0)
(0.0478609 -0.0568176 0)
(0.0602612 -0.0616866 0)
(0.0735681 -0.0640565 0)
(0.0873062 -0.0638813 0)
(0.101141 -0.0610393 0)
(0.114855 -0.0553174 0)
(0.128351 -0.0462695 0)
(0.141573 -0.0332166 0)
(0.154576 -0.0156055 0)
(0.167935 0.00692296 0)
(0.182452 0.0347595 0)
(0.199138 0.0670872 0)
(0.220263 0.0972279 0)
(0.252886 0.127751 0)
(0.31889 0.187368 0)
(0.0103863 -0.0347114 0)
(0.0183003 -0.0247938 0)
(0.0218224 -0.0194462 0)
(0.0238169 -0.0227462 0)
(0.0264161 -0.0297365 0)
(0.0298909 -0.0379769 0)
(0.0347527 -0.0483048 0)
(0.0418095 -0.059105 0)
(0.0509135 -0.0681053 0)
(0.0612697 -0.0740992 0)
(0.0723211 -0.0771538 0)
(0.0838984 -0.0774215 0)
(0.0959117 -0.074863 0)
(0.10835 -0.0694105 0)
(0.121383 -0.0607456 0)
(0.135199 -0.0482049 0)
(0.150025 -0.0314559 0)
(0.166485 -0.0107074 0)
(0.185957 0.0138354 0)
(0.21119 0.0401008 0)
(0.243865 0.0614825 0)
(0.284512 0.0725807 0)
(0.343388 0.0604496 0)
(0.0138719 -0.0439733 0)
(0.0199824 -0.0295602 0)
(0.028386 -0.0205592 0)
(0.0353497 -0.0238324 0)
(0.0409975 -0.0317546 0)
(0.0455282 -0.0408494 0)
(0.0501029 -0.0528098 0)
(0.0558704 -0.0655993 0)
(0.0626405 -0.0763129 0)
(0.0695696 -0.0833049 0)
(0.076736 -0.0869727 0)
(0.0848128 -0.0877166 0)
(0.0941261 -0.0856364 0)
(0.104704 -0.080863 0)
(0.116735 -0.0731808 0)
(0.130524 -0.0619632 0)
(0.146512 -0.0471935 0)
(0.165527 -0.0299838 0)
(0.189333 -0.0117073 0)
(0.220109 0.00563625 0)
(0.258025 0.0180478 0)
(0.303435 0.0191802 0)
(0.357696 0.00192676 0)
(-0.00596094 -0.0630703 0)
(0.00388243 -0.0425963 0)
(0.0271849 -0.031041 0)
(0.0513249 -0.0314872 0)
(0.0675228 -0.0348153 0)
(0.0764781 -0.0405808 0)
(0.0832149 -0.0529195 0)
(0.0892367 -0.0662873 0)
(0.0937676 -0.0772964 0)
(0.0925431 -0.083775 0)
(0.0897022 -0.0882675 0)
(0.0889773 -0.0904925 0)
(0.0926351 -0.0897629 0)
(0.0998829 -0.0865841 0)
(0.110142 -0.0810019 0)
(0.123416 -0.0721842 0)
(0.140801 -0.0600615 0)
(0.164076 -0.0459647 0)
(0.194136 -0.0321399 0)
(0.230064 -0.020743 0)
(0.271268 -0.015031 0)
(0.316933 -0.0192105 0)
(0.366068 -0.0362167 0)
(-0.0530003 -0.0521705 0)
(-0.0129758 -0.0691373 0)
(0.0286128 -0.0732825 0)
(0.0725351 -0.0740128 0)
(0.123086 -0.0729686 0)
(0.184647 -0.0706231 0)
(0.239261 -0.0800291 0)
(0.276214 -0.090243 0)
(0.309884 -0.0875217 0)
(0.267334 -0.0536527 0)
(0.19436 -0.0704938 0)
(0.134896 -0.0900633 0)
(0.109561 -0.0965982 0)
(0.105663 -0.0958899 0)
(0.110364 -0.0909856 0)
(0.117634 -0.0824359 0)
(0.129044 -0.0711966 0)
(0.14959 -0.0588992 0)
(0.182968 -0.0473781 0)
(0.229324 -0.0406679 0)
(0.280813 -0.0408745 0)
(0.330294 -0.0495408 0)
(0.381958 -0.067896 0)
(-0.00104486 -0.0196233 0)
(0.0882531 -0.105366 0)
(0.109258 -0.116577 0)
(0.13329 -0.126344 0)
(0.181733 -0.142523 0)
(0.240787 -0.142019 0)
(0.293126 -0.133516 0)
(0.332945 -0.125473 0)
(0.360392 -0.10576 0)
(0.382314 -0.040457 0)
(0.380627 0.0316206 0)
(0.293003 -0.00725411 0)
(0.23136 -0.0631285 0)
(0.202721 -0.0970967 0)
(0.191268 -0.11151 0)
(0.183848 -0.109148 0)
(0.155729 -0.102141 0)
(0.121261 -0.118321 0)
(0.144765 -0.161103 0)
(0.20832 -0.169886 0)
(0.280844 -0.134178 0)
(0.334393 -0.11821 0)
(0.376584 -0.127702 0)
(0.088739 -0.107466 0)
(0.18801 -0.160166 0)
(0.194249 -0.121927 0)
(0.185325 -0.146213 0)
(0.209775 -0.181727 0)
(0.245335 -0.181562 0)
(0.27923 -0.164091 0)
(0.301067 -0.146351 0)
(0.307301 -0.109406 0)
(0.30805 -0.0243273 0)
(0.296757 0.0712488 0)
(0.264989 0.0381094 0)
(0.240333 -0.025327 0)
(0.21654 -0.0669113 0)
(0.191153 -0.0846298 0)
(0.172288 -0.0722945 0)
(0.151329 -0.0408502 0)
(0.128405 -0.0825614 0)
(0.136024 -0.168975 0)
(0.150972 -0.205616 0)
(0.170489 -0.207581 0)
(0.180519 -0.188466 0)
(0.120264 -0.144918 0)
(0.0874715 -0.290492 0)
(0.163603 -0.237304 0)
(0.192997 -0.104148 0)
(0.218356 -0.137401 0)
(0.220885 -0.198746 0)
(0.222634 -0.206311 0)
(0.238931 -0.177066 0)
(0.244311 -0.155927 0)
(0.212358 -0.12016 0)
(0.195933 -0.023356 0)
(0.199909 0.0578922 0)
(0.21107 0.0442883 0)
(0.209658 -0.00175457 0)
(0.192232 -0.03372 0)
(0.157929 -0.0569482 0)
(0.126559 -0.0485791 0)
(0.112322 -0.0267292 0)
(0.113223 -0.0619181 0)
(0.117643 -0.150968 0)
(0.104759 -0.196906 0)
(0.0950274 -0.1736 0)
(0.0682085 -0.0963428 0)
(-0.0571715 0.0629433 0)
(0.011995 -0.416675 0)
(0.0508 -0.264309 0)
(0.0959124 -0.171862 0)
(0.13609 -0.17307 0)
(0.147685 -0.206326 0)
(0.141931 -0.220823 0)
(0.119813 -0.190098 0)
(0.103227 -0.144039 0)
(0.083952 -0.0900668 0)
(0.0816421 -0.0190284 0)
(0.10258 0.0447575 0)
(0.128334 0.0426373 0)
(0.12928 0.00706269 0)
(0.106884 -0.0107893 0)
(0.0862288 -0.0226085 0)
(0.067427 -0.0233598 0)
(0.0610426 -0.027398 0)
(0.0611704 -0.0688314 0)
(0.0466073 -0.141939 0)
(0.0267036 -0.177093 0)
(0.000244899 -0.14161 0)
(-0.0500541 -0.00500575 0)
(-0.148566 0.189481 0)
(-0.0215101 -0.383752 0)
(-0.0114859 -0.284017 0)
(0.00684679 -0.215765 0)
(0.0274819 -0.195528 0)
(0.0286115 -0.196203 0)
(0.0128454 -0.188443 0)
(-0.00771802 -0.158752 0)
(-0.0232134 -0.118929 0)
(-0.0359817 -0.0740003 0)
(-0.0353317 -0.0271048 0)
(-0.015938 0.0133812 0)
(0.0044061 0.0208041 0)
(0.0157321 0.0105784 0)
(0.0182553 -0.000779238 0)
(0.0165119 -0.0115315 0)
(0.014076 -0.0175137 0)
(0.0164615 -0.0284328 0)
(0.0161744 -0.0654698 0)
(-0.00138897 -0.123374 0)
(-0.0344337 -0.145567 0)
(-0.0781705 -0.0928957 0)
(-0.122171 0.0533238 0)
(-0.178671 0.256764 0)
(-0.038869 -0.345671 0)
(-0.0517569 -0.276897 0)
(-0.0581729 -0.223396 0)
(-0.0596371 -0.196625 0)
(-0.0690174 -0.182755 0)
(-0.0859382 -0.166836 0)
(-0.103587 -0.140604 0)
(-0.116914 -0.107959 0)
(-0.124135 -0.0719927 0)
(-0.11986 -0.0371097 0)
(-0.102446 -0.00920422 0)
(-0.0804274 0.000846131 0)
(-0.0621633 -0.00222347 0)
(-0.049667 -0.00888857 0)
(-0.0409084 -0.0160523 0)
(-0.0333572 -0.0222359 0)
(-0.0244657 -0.0327321 0)
(-0.0203122 -0.0560456 0)
(-0.0323322 -0.0919633 0)
(-0.0742972 -0.10386 0)
(-0.133713 -0.0504535 0)
(-0.177263 0.095736 0)
(-0.185327 0.279084 0)
(-0.049895 -0.295639 0)
(-0.0783425 -0.250178 0)
(-0.101153 -0.211074 0)
(-0.117451 -0.185761 0)
(-0.133584 -0.167898 0)
(-0.150759 -0.149784 0)
(-0.165907 -0.126861 0)
(-0.175477 -0.100305 0)
(-0.17761 -0.0728051 0)
(-0.170534 -0.0474585 0)
(-0.15462 -0.0283324 0)
(-0.134746 -0.0198346 0)
(-0.116442 -0.0194882 0)
(-0.101451 -0.0225507 0)
(-0.089315 -0.0269231 0)
(-0.0789057 -0.0320814 0)
(-0.0699981 -0.0403759 0)
(-0.067274 -0.0538263 0)
(-0.0791169 -0.0648087 0)
(-0.109958 -0.0513695 0)
(-0.151359 0.0043575 0)
(-0.177527 0.118354 0)
(-0.161157 0.25031 0)
(-0.0546932 -0.233372 0)
(-0.0920544 -0.210296 0)
(-0.123878 -0.185631 0)
(-0.148408 -0.166315 0)
(-0.168492 -0.150404 0)
(-0.18546 -0.134421 0)
(-0.198227 -0.116157 0)
(-0.205085 -0.0962109 0)
(-0.205086 -0.0762752 0)
(-0.197976 -0.0584193 0)
(-0.184882 -0.0450419 0)
(-0.168942 -0.037936 0)
(-0.153468 -0.0358264 0)
(-0.139946 -0.0363766 0)
(-0.128604 -0.0383123 0)
(-0.119337 -0.0412396 0)
(-0.112871 -0.0455515 0)
(-0.112401 -0.0501051 0)
(-0.12221 -0.0478913 0)
(-0.142213 -0.0254817 0)
(-0.164601 0.027686 0)
(-0.171452 0.113489 0)
(-0.144764 0.204467 0)
(-0.0540995 -0.167623 0)
(-0.0943498 -0.164556 0)
(-0.129983 -0.153655 0)
(-0.158258 -0.142496 0)
(-0.180097 -0.131629 0)
(-0.196738 -0.120088 0)
(-0.208234 -0.107168 0)
(-0.214111 -0.0933081 0)
(-0.214212 -0.0795769 0)
(-0.208925 -0.0672937 0)
(-0.199469 -0.0577945 0)
(-0.187942 -0.0518553 0)
(-0.176408 -0.0488648 0)
(-0.166042 -0.0476856 0)
(-0.157345 -0.0475225 0)
(-0.150699 -0.0478305 0)
(-0.146985 -0.0479557 0)
(-0.148032 -0.0457699 0)
(-0.155471 -0.035902 0)
(-0.167662 -0.0104628 0)
(-0.177988 0.0357251 0)
(-0.174941 0.10027 0)
(-0.148459 0.16431 0)
(-0.0498876 -0.104536 0)
(-0.088526 -0.118092 0)
(-0.124156 -0.119614 0)
(-0.153097 -0.117044 0)
(-0.175199 -0.112424 0)
(-0.191501 -0.106234 0)
(-0.202597 -0.0986295 0)
(-0.20868 -0.0900683 0)
(-0.210053 -0.0812761 0)
(-0.20734 -0.0731009 0)
(-0.20161 -0.0663315 0)
(-0.194299 -0.0613781 0)
(-0.186764 -0.0579978 0)
(-0.17991 -0.0556322 0)
(-0.174295 -0.0537362 0)
(-0.17041 -0.0516806 0)
(-0.168944 -0.0484324 0)
(-0.170772 -0.0418601 0)
(-0.176089 -0.0281959 0)
(-0.182876 -0.00291946 0)
(-0.186258 0.0361764 0)
(-0.179086 0.0859402 0)
(-0.156189 0.134405 0)
(-0.0434245 -0.04763 0)
(-0.0774612 -0.0745894 0)
(-0.110443 -0.0866165 0)
(-0.137927 -0.091954 0)
(-0.159201 -0.0935342 0)
(-0.175014 -0.0926273 0)
(-0.18609 -0.0898519 0)
(-0.192896 -0.0857291 0)
(-0.195915 -0.0808255 0)
(-0.195795 -0.0757403 0)
(-0.193398 -0.0710059 0)
(-0.189727 -0.0669215 0)
(-0.185709 -0.063444 0)
(-0.182033 -0.0603056 0)
(-0.179197 -0.0571137 0)
(-0.177625 -0.0532588 0)
(-0.177735 -0.0477075 0)
(-0.179789 -0.0387009 0)
(-0.183339 -0.0237028 0)
(-0.186498 -0.000183918 0)
(-0.18584 0.0326083 0)
(-0.176937 0.0719539 0)
(-0.157225 0.110314 0)
(-0.0356062 0.000430249 0)
(-0.0631605 -0.0366153 0)
(-0.0917869 -0.0567311 0)
(-0.116394 -0.0685588 0)
(-0.136036 -0.0755367 0)
(-0.15108 -0.0792878 0)
(-0.162139 -0.0806366 0)
(-0.169698 -0.0801415 0)
(-0.174247 -0.0783026 0)
(-0.17635 -0.0756043 0)
(-0.176669 -0.0724713 0)
(-0.175907 -0.0691813 0)
(-0.174712 -0.0658075 0)
(-0.173597 -0.0622429 0)
(-0.172951 -0.0582119 0)
(-0.173075 -0.0531986 0)
(-0.174156 -0.0463356 0)
(-0.176116 -0.0363082 0)
(-0.17828 -0.0214715 0)
(-0.17907 -0.000434521 0)
(-0.176101 0.0269068 0)
(-0.166576 0.0584411 0)
(-0.149093 0.0893191 0)
(-0.0267926 0.0380374 0)
(-0.0470974 -0.00586777 0)
(-0.0702815 -0.0313446 0)
(-0.0911046 -0.0477742 0)
(-0.108548 -0.0589355 0)
(-0.122509 -0.0664445 0)
(-0.133347 -0.071126 0)
(-0.141433 -0.0735219 0)
(-0.147163 -0.0740953 0)
(-0.150974 -0.0732797 0)
(-0.153344 -0.0714602 0)
(-0.154764 -0.0689216 0)
(-0.155681 -0.0658091 0)
(-0.156464 -0.0621165 0)
(-0.15739 -0.0576701 0)
(-0.15864 -0.0520813 0)
(-0.160245 -0.0446975 0)
(-0.161971 -0.0346004 0)
(-0.163131 -0.020756 0)
(-0.162478 -0.00242296 0)
(-0.15836 0.0202443 0)
(-0.148973 0.0456848 0)
(-0.133468 0.0706867 0)
(-0.0186373 0.0649997 0)
(-0.0310379 0.0165714 0)
(-0.0478147 -0.0115695 0)
(-0.0641049 -0.0302281 0)
(-0.078953 -0.0441394 0)
(-0.0915353 -0.0543985 0)
(-0.101879 -0.0616117 0)
(-0.11017 -0.0662346 0)
(-0.116665 -0.0686869 0)
(-0.12166 -0.069373 0)
(-0.125473 -0.0686621 0)
(-0.12843 -0.06685 0)
(-0.130829 -0.0641268 0)
(-0.132922 -0.0605554 0)
(-0.13489 -0.0560512 0)
(-0.136819 -0.0503546 0)
(-0.138657 -0.0430177 0)
(-0.140125 -0.0334355 0)
(-0.140619 -0.0209807 0)
(-0.139196 -0.00527571 0)
(-0.134717 0.0134491 0)
(-0.126009 0.0340708 0)
(-0.112553 0.0544322 0)
(-0.00993751 0.0827027 0)
(-0.0146347 0.0305834 0)
(-0.0255618 0.00193262 0)
(-0.0371524 -0.0163815 0)
(-0.0491344 -0.0314673 0)
(-0.0600888 -0.0434405 0)
(-0.069666 -0.0524089 0)
(-0.0778367 -0.058658 0)
(-0.0847009 -0.0625388 0)
(-0.0904107 -0.0644224 0)
(-0.0951475 -0.0646624 0)
(-0.0991048 -0.0635575 0)
(-0.102468 -0.0613228 0)
(-0.105394 -0.0580687 0)
(-0.107988 -0.0537837 0)
(-0.110278 -0.0483215 0)
(-0.112175 -0.0414032 0)
(-0.113413 -0.0326555 0)
(-0.113509 -0.0217141 0)
(-0.111775 -0.00840143 0)
(-0.107436 0.00706022 0)
(-0.0997299 0.0238806 0)
(-0.0883535 0.040598 0)
(0.0027817 0.0881666 0)
(0.0043716 0.0381632 0)
(-0.00330279 0.010662 0)
(-0.0114967 -0.00608097 0)
(-0.0207149 -0.0210503 0)
(-0.0299102 -0.033783 0)
(-0.0384974 -0.0437902 0)
(-0.0462583 -0.0511282 0)
(-0.0531387 -0.0560498 0)
(-0.0591597 -0.0588769 0)
(-0.0643855 -0.0599358 0)
(-0.0689048 -0.0595149 0)
(-0.0728143 -0.0578373 0)
(-0.0761986 -0.0550425 0)
(-0.0791088 -0.051174 0)
(-0.0815375 -0.0461745 0)
(-0.0833884 -0.0398928 0)
(-0.0844412 -0.0321183 0)
(-0.0843304 -0.0226533 0)
(-0.0825706 -0.0114261 0)
(-0.0786476 0.00138063 0)
(-0.0720722 0.0152268 0)
(-0.0626939 0.0291265 0)
(0.0175471 0.0744522 0)
(0.0236407 0.0411542 0)
(0.0178972 0.0172199 0)
(0.0116962 0.00166219 0)
(0.00477566 -0.0127046 0)
(-0.00265213 -0.0255107 0)
(-0.0100731 -0.035966 0)
(-0.017156 -0.0439357 0)
(-0.0237255 -0.0495669 0)
(-0.0296938 -0.0531182 0)
(-0.0350301 -0.0548756 0)
(-0.0397404 -0.0551033 0)
(-0.0438522 -0.0540178 0)
(-0.0473957 -0.0517715 0)
(-0.0503836 -0.0484442 0)
(-0.0527897 -0.0440414 0)
(-0.0545267 -0.0385021 0)
(-0.0554244 -0.0317242 0)
(-0.0552215 -0.0236124 0)
(-0.0535881 -0.0141483 0)
(-0.0501947 -0.0034672 0)
(-0.0447354 0.00807569 0)
(-0.0371653 0.0198295 0)
(0.0233395 0.0456401 0)
(0.0342958 0.0369976 0)
(0.0332031 0.0212473 0)
(0.0299346 0.00723111 0)
(0.0254212 -0.00635365 0)
(0.0199358 -0.0187495 0)
(0.0139581 -0.0291758 0)
(0.00788415 -0.0373858 0)
(0.00198234 -0.0434322 0)
(-0.00356854 -0.0475035 0)
(-0.0086576 -0.0498341 0)
(-0.0132238 -0.0506522 0)
(-0.0172386 -0.0501552 0)
(-0.020689 -0.0484943 0)
(-0.0235591 -0.0457681 0)
(-0.0258124 -0.0420212 0)
(-0.0273752 -0.037251 0)
(-0.028123 -0.0314236 0)
(-0.0278772 -0.024504 0)
(-0.026423 -0.0164977 0)
(-0.0235591 -0.00749542 0)
(-0.0191033 0.00228222 0)
(-0.0130774 0.0124222 0)
(0.0176523 0.0172314 0)
(0.0328613 0.0265205 0)
(0.038691 0.0202421 0)
(0.0402621 0.00936019 0)
(0.0391262 -0.00259501 0)
(0.0361939 -0.013958 0)
(0.0321659 -0.0238413 0)
(0.0275589 -0.0318866 0)
(0.0227492 -0.0380417 0)
(0.0180073 -0.0424101 0)
(0.0135216 -0.0451596 0)
(0.00941635 -0.0464716 0)
(0.00577119 -0.0465132 0)
(0.00263771 -0.0454217 0)
(5.66044e-05 -0.0432984 0)
(-0.00192686 -0.040207 0)
(-0.00325043 -0.0361774 0)
(-0.00382501 -0.0312147 0)
(-0.00353319 -0.0253165 0)
(-0.00224092 -0.0184955 0)
(0.000166805 -0.010805 0)
(0.00379111 -0.00236842 0)
(0.00857172 0.00656884 0)
(0.0106426 -0.00220278 0)
(0.0260135 0.012834 0)
(0.0364327 0.0134103 0)
(0.0426809 0.00687115 0)
(0.0453904 -0.00227775 0)
(0.0455171 -0.0117858 0)
(0.0439042 -0.0205112 0)
(0.0411977 -0.0279208 0)
(0.0378825 -0.0338249 0)
(0.0343183 -0.0382189 0)
(0.0307663 -0.0411882 0)
(0.027411 -0.0428523 0)
(0.0243802 -0.043335 0)
(0.0217624 -0.0427471 0)
(0.0196229 -0.0411783 0)
(0.0180175 -0.0386944 0)
(0.0170035 -0.0353381 0)
(0.0166469 -0.0311325 0)
(0.0170242 -0.0260893 0)
(0.0182159 -0.020219 0)
(0.0202817 -0.0135445 0)
(0.0232734 -0.0061204 0)
(0.027111 0.00192404 0)
(0.00685382 -0.0158552 0)
(0.0197449 -0.00111068 0)
(0.0314005 0.0031295 0)
(0.0403094 0.000536521 0)
(0.0459908 -0.00536718 0)
(0.0488959 -0.0124577 0)
(0.0497073 -0.0195035 0)
(0.0490515 -0.0258331 0)
(0.0474443 -0.0311217 0)
(0.0452919 -0.0352489 0)
(0.0429041 -0.0382066 0)
(0.0405111 -0.0400428 0)
(0.0382802 -0.0408276 0)
(0.0363325 -0.0406349 0)
(0.0347566 -0.0395313 0)
(0.0336214 -0.0375714 0)
(0.0329846 -0.0347957 0)
(0.0329002 -0.0312302 0)
(0.0334202 -0.0268879 0)
(0.0345928 -0.0217717 0)
(0.0364452 -0.0158803 0)
(0.0390012 -0.00921978 0)
(0.0421765 -0.00184008 0)
(0.00526767 -0.0262646 0)
(0.0157196 -0.0134956 0)
(0.0266993 -0.00781826 0)
(0.036259 -0.00771057 0)
(0.043462 -0.0108044 0)
(0.0482522 -0.0154787 0)
(0.0509978 -0.0206501 0)
(0.0521634 -0.025636 0)
(0.0521937 -0.0300382 0)
(0.051474 -0.0336483 0)
(0.0503195 -0.0363755 0)
(0.048978 -0.0381977 0)
(0.0476394 -0.0391293 0)
(0.0464466 -0.0392014 0)
(0.0455065 -0.0384504 0)
(0.0448997 -0.0369105 0)
(0.0446883 -0.0346099 0)
(0.0449218 -0.0315667 0)
(0.0456398 -0.0277867 0)
(0.0468731 -0.0232624 0)
(0.0486323 -0.0179724 0)
(0.0509273 -0.0118894 0)
(0.0536807 -0.00500971 0)
(0.00471171 -0.034993 0)
(0.0133824 -0.0241356 0)
(0.0230872 -0.0180235 0)
(0.0321668 -0.0163013 0)
(0.0397139 -0.0173341 0)
(0.0454219 -0.0199814 0)
(0.049396 -0.0234072 0)
(0.0519058 -0.0270183 0)
(0.0532708 -0.0304182 0)
(0.0538043 -0.0333583 0)
(0.053786 -0.0356933 0)
(0.0534514 -0.037346 0)
(0.0529912 -0.0382816 0)
(0.0525557 -0.0384904 0)
(0.0522609 -0.0379762 0)
(0.0521951 -0.0367487 0)
(0.0524246 -0.0348171 0)
(0.0529985 -0.0321858 0)
(0.0539517 -0.0288484 0)
(0.0553074 -0.0247845 0)
(0.0570695 -0.0199566 0)
(0.0592432 -0.0143139 0)
(0.0617644 -0.00781762 0)
(0.00442568 -0.0427722 0)
(0.0118489 -0.033306 0)
(0.0202659 -0.0271038 0)
(0.0284586 -0.0244401 0)
(0.0356964 -0.024065 0)
(0.0416194 -0.0251695 0)
(0.0461888 -0.0271428 0)
(0.0495251 -0.0295148 0)
(0.0518265 -0.0319367 0)
(0.0533193 -0.0341612 0)
(0.0542267 -0.0360192 0)
(0.0547511 -0.0373994 0)
(0.0550664 -0.0382309 0)
(0.0553166 -0.0384699 0)
(0.0556169 -0.0380906 0)
(0.0560574 -0.0370777 0)
(0.0567064 -0.0354198 0)
(0.0576136 -0.0331042 0)
(0.058813 -0.0301101 0)
(0.0603257 -0.0264035 0)
(0.062155 -0.0219332 0)
(0.0643065 -0.016632 0)
(0.0667325 -0.010439 0)
(0.0040822 -0.0498209 0)
(0.0105534 -0.0412586 0)
(0.0178316 -0.0350713 0)
(0.0250831 -0.0318436 0)
(0.0317405 -0.0305215 0)
(0.0374757 -0.0305007 0)
(0.0421953 -0.0313375 0)
(0.0459317 -0.0326746 0)
(0.0487939 -0.0342261 0)
(0.0509321 -0.0357691 0)
(0.052512 -0.0371337 0)
(0.0536953 -0.0381932 0)
(0.0546301 -0.0388541 0)
(0.0554447 -0.0390482 0)
(0.0562461 -0.0387255 0)
(0.0571208 -0.0378485 0)
(0.0581359 -0.0363862 0)
(0.0593412 -0.0343085 0)
(0.0607711 -0.0315796 0)
(0.0624472 -0.0281525 0)
(0.0643755 -0.0239644 0)
(0.0665641 -0.0189365 0)
(0.0689829 -0.0129942 0)
(0.00361082 -0.0561173 0)
(0.00926806 -0.0481567 0)
(0.0155544 -0.042038 0)
(0.0219253 -0.0384617 0)
(0.0279251 -0.0364955 0)
(0.0332762 -0.0356629 0)
(0.0378747 -0.0356345 0)
(0.0417099 -0.0361427 0)
(0.0448343 -0.0369612 0)
(0.047343 -0.0378996 0)
(0.0493532 -0.0388 0)
(0.0509892 -0.0395331 0)
(0.0523707 -0.0399943 0)
(0.053607 -0.0400993 0)
(0.0547927 -0.0397807 0)
(0.0560071 -0.0389828 0)
(0.0573136 -0.0376577 0)
(0.0587608 -0.0357595 0)
(0.0603838 -0.0332384 0)
(0.0622056 -0.0300355 0)
(0.0642362 -0.026078 0)
(0.0664873 -0.021279 0)
(0.0689453 -0.0155557 0)
(0.00305105 -0.0615921 0)
(0.00795851 -0.0541016 0)
(0.0133608 -0.0481093 0)
(0.0189262 -0.0443229 0)
(0.0242671 -0.0419139 0)
(0.0291491 -0.0404935 0)
(0.0334737 -0.0398121 0)
(0.0372111 -0.0396692 0)
(0.0403822 -0.0398892 0)
(0.0430451 -0.0403142 0)
(0.0452819 -0.0408031 0)
(0.0471854 -0.0412313 0)
(0.0488504 -0.0414906 0)
(0.0503668 -0.0414877 0)
(0.0518158 -0.0411432 0)
(0.0532677 -0.0403879 0)
(0.0547809 -0.0391602 0)
(0.056402 -0.0374009 0)
(0.0581661 -0.0350484 0)
(0.0600983 -0.032033 0)
(0.0622127 -0.0282738 0)
(0.0645248 -0.0236781 0)
(0.067036 -0.0181578 0)
(0.00246472 -0.0662071 0)
(0.00666109 -0.0591643 0)
(0.0112558 -0.0533641 0)
(0.0160784 -0.0494703 0)
(0.0207815 -0.04676 0)
(0.025162 -0.0449126 0)
(0.0291287 -0.0437379 0)
(0.0326445 -0.0430875 0)
(0.0357134 -0.0428271 0)
(0.0383711 -0.0428277 0)
(0.0406746 -0.0429658 0)
(0.0426933 -0.0431246 0)
(0.0445009 -0.0431967 0)
(0.0461703 -0.0430846 0)
(0.0477697 -0.0427012 0)
(0.0493602 -0.0419682 0)
(0.0509948 -0.0408136 0)
(0.0527175 -0.0391677 0)
(0.0545633 -0.0369591 0)
(0.0565593 -0.0341097 0)
(0.0587241 -0.0305317 0)
(0.0610768 -0.0261279 0)
(0.0636314 -0.0208061 0)
(0.00190147 -0.0699735 0)
(0.00542182 -0.063405 0)
(0.00926703 -0.0578609 0)
(0.0133972 -0.0539441 0)
(0.0174881 -0.0510379 0)
(0.021358 -0.0488814 0)
(0.0249207 -0.0473336 0)
(0.0281375 -0.0462888 0)
(0.0310039 -0.0456467 0)
(0.0335422 -0.0453032 0)
(0.0357928 -0.0451505 0)
(0.0378074 -0.0450806 0)
(0.039643 -0.0449889 0)
(0.0413581 -0.0447768 0)
(0.0430091 -0.0443532 0)
(0.0446489 -0.0436337 0)
(0.0463248 -0.0425391 0)
(0.0480781 -0.0409923 0)
(0.049944 -0.0389143 0)
(0.0519514 -0.0362204 0)
(0.0541233 -0.0328175 0)
(0.0564828 -0.0286047 0)
(0.0590548 -0.0234858 0)
(0.00139018 -0.0729628 0)
(0.00427179 -0.0668815 0)
(0.00741591 -0.0616476 0)
(0.010898 -0.0577797 0)
(0.0144046 -0.0547597 0)
(0.0177671 -0.0523826 0)
(0.0209022 -0.0505528 0)
(0.023772 -0.0492025 0)
(0.0263693 -0.0482602 0)
(0.0287085 -0.0476422 0)
(0.0308188 -0.0472542 0)
(0.0327388 -0.0469962 0)
(0.0345125 -0.0467675 0)
(0.036186 -0.0464702 0)
(0.037806 -0.0460114 0)
(0.0394174 -0.0453037 0)
(0.0410624 -0.0442635 0)
(0.04278 -0.0428087 0)
(0.044605 -0.0408555 0)
(0.0465686 -0.0383143 0)
(0.0486984 -0.0350881 0)
(0.0510219 -0.031073 0)
(0.0535734 -0.0261688 0)
(0.000943557 -0.075268 0)
(0.00321467 -0.0696433 0)
(0.00570391 -0.0647677 0)
(0.00858614 -0.0610135 0)
(0.0115434 -0.0579442 0)
(0.0144122 -0.0554123 0)
(0.0171113 -0.0533696 0)
(0.0196064 -0.0517838 0)
(0.0218914 -0.0506081 0)
(0.0239768 -0.0497752 0)
(0.0258843 -0.0492014 0)
(0.0276426 -0.0487934 0)
(0.029285 -0.0484543 0)
(0.0308477 -0.0480882 0)
(0.0323686 -0.0476024 0)
(0.0338857 -0.0469084 0)
(0.0354365 -0.0459207 0)
(0.0370573 -0.0445549 0)
(0.038783 -0.0427244 0)
(0.0406466 -0.0403372 0)
(0.0426805 -0.0372939 0)
(0.0449175 -0.0334887 0)
(0.0474008 -0.0288168 0)
(0.000520006 -0.0768677 0)
(0.00221538 -0.0717081 0)
(0.00410656 -0.0672673 0)
(0.00645687 -0.0636922 0)
(0.00891496 -0.0606214 0)
(0.011315 -0.0579791 0)
(0.0135812 -0.055773 0)
(0.0156881 -0.0540059 0)
(0.0176341 -0.0526515 0)
(0.0194292 -0.0516542 0)
(0.0210898 -0.0509376 0)
(0.022637 -0.0504136 0)
(0.0240954 -0.0499887 0)
(0.0254929 -0.0495696 0)
(0.0268595 -0.0490653 0)
(0.0282271 -0.0483878 0)
(0.0296285 -0.0474519 0)
(0.0310973 -0.046173 0)
(0.0326677 -0.044464 0)
(0.0343746 -0.0422328 0)
(0.0362547 -0.0393798 0)
(0.0383469 -0.0357989 0)
(0.0407032 -0.031382 0)
(-0.000112431 -0.0776453 0)
(0.00116277 -0.0730732 0)
(0.002571 -0.0692122 0)
(0.00450389 -0.0658878 0)
(0.00653521 -0.0628374 0)
(0.00850123 -0.0601028 0)
(0.0103451 -0.0577632 0)
(0.0120592 -0.0558553 0)
(0.0136512 -0.0543663 0)
(0.0151322 -0.0532469 0)
(0.0165154 -0.0524243 0)
(0.0178156 -0.0518135 0)
(0.0190504 -0.0513243 0)
(0.0202403 -0.0508661 0)
(0.0214085 -0.0503504 0)
(0.0225809 -0.0496914 0)
(0.0237856 -0.0488055 0)
(0.0250529 -0.0476097 0)
(0.0264155 -0.0460188 0)
(0.0279091 -0.0439428 0)
(0.0295733 -0.0412847 0)
(0.0314531 -0.0379409 0)
(0.0336092 -0.0338026 0)
(-0.00151373 -0.0778587 0)
(-0.000205889 -0.0738698 0)
(0.00103513 -0.0707481 0)
(0.00273503 -0.0677159 0)
(0.00443306 -0.0646541 0)
(0.00600204 -0.0618088 0)
(0.00743512 -0.0593465 0)
(0.00875634 -0.0573266 0)
(0.0099866 -0.0557388 0)
(0.0111395 -0.0545323 0)
(0.0122252 -0.0536344 0)
(0.0132533 -0.0529615 0)
(0.0142354 -0.0524259 0)
(0.0151857 -0.0519399 0)
(0.0161212 -0.051418 0)
(0.017062 -0.0507772 0)
(0.0180309 -0.0499368 0)
(0.0190541 -0.0488166 0)
(0.0201612 -0.0473352 0)
(0.0213861 -0.0454069 0)
(0.0227695 -0.0429401 0)
(0.0243598 -0.0398379 0)
(0.0262239 -0.0359961 0)
(-0.00472934 -0.0779747 0)
(-0.00224416 -0.0745927 0)
(-0.00044513 -0.0722804 0)
(0.00120612 -0.0693516 0)
(0.0026537 -0.0661252 0)
(0.00384709 -0.063111 0)
(0.0048744 -0.0605245 0)
(0.00580445 -0.0584155 0)
(0.00667162 -0.0567587 0)
(0.00749014 -0.0554945 0)
(0.00826676 -0.0545468 0)
(0.00900675 -0.053832 0)
(0.00971655 -0.0532646 0)
(0.0104049 -0.0527595 0)
(0.0110833 -0.0522342 0)
(0.0117659 -0.0516088 0)
(0.0124698 -0.0508058 0)
(0.0132154 -0.0497487 0)
(0.0140269 -0.0483606 0)
(0.0149336 -0.0465618 0)
(0.0159723 -0.044269 0)
(0.0171896 -0.0413956 0)
(0.0186522 -0.0378509 0)
(-0.0121925 -0.0744743 0)
(-0.00462552 -0.0769087 0)
(-0.00148754 -0.0746437 0)
(8.86399e-05 -0.0709413 0)
(0.00125475 -0.0672306 0)
(0.00204765 -0.0639768 0)
(0.00266531 -0.0612722 0)
(0.00321017 -0.0590989 0)
(0.00371989 -0.0574002 0)
(0.00420518 -0.0561027 0)
(0.00466897 -0.0551256 0)
(0.00511294 -0.0543852 0)
(0.00553967 -0.0537974 0)
(0.00595351 -0.0532797 0)
(0.0063608 -0.0527521 0)
(0.00676996 -0.0521373 0)
(0.00719156 -0.0513606 0)
(0.00763869 -0.0503489 0)
(0.00812754 -0.0490297 0)
(0.0086785 -0.0473293 0)
(0.00931826 -0.0451729 0)
(0.0100821 -0.0424867 0)
(0.0110217 -0.0391992 0)
(-0.0259037 -0.0560466 0)
(-0.00377783 -0.085789 0)
(-0.00150912 -0.0788746 0)
(-0.000379186 -0.0727128 0)
(0.000248998 -0.0681179 0)
(0.000568088 -0.0645454 0)
(0.000781295 -0.0617256 0)
(0.000960411 -0.0595077 0)
(0.0011274 -0.0577881 0)
(0.00128715 -0.0564766 0)
(0.00144041 -0.0554871 0)
(0.00158722 -0.054735 0)
(0.001728 -0.0541371 0)
(0.00186389 -0.0536122 0)
(0.00199683 -0.0530817 0)
(0.00212957 -0.05247 0)
(0.00226568 -0.0517043 0)
(0.00240975 -0.0507138 0)
(0.00256765 -0.0494289 0)
(0.00274703 -0.0477804 0)
(0.0029583 -0.0457 0)
(0.00321602 -0.0431234 0)
(0.00354163 -0.0399958 0)
(0.396487 0.132118 0)
(0.402396 0.066602 0)
(0.396206 0.00712508 0)
(0.421012 -0.0498619 0)
(0.392167 0.00746817 0)
(0.415259 -0.0323884 0)
(0.431906 -0.0720307 0)
(0.443326 -0.114045 0)
(0.395042 -0.029993 0)
(0.413574 -0.0565911 0)
(0.42703 -0.087323 0)
(0.436094 -0.121066 0)
(0.399649 -0.0617481 0)
(0.417616 -0.082029 0)
(0.432425 -0.104798 0)
(0.444339 -0.131417 0)
(0.419734 -0.0939758 0)
(0.440365 -0.110225 0)
(0.462293 -0.123369 0)
(0.485939 -0.146265 0)
(0.374792 -0.141682 0)
(0.3507 -0.151195 0)
(0.221882 -0.155256 0)
(0.0907137 -0.132591 0)
(-0.00281486 -0.0250287 0)
(-0.0768931 0.0841101 0)
(-0.149131 0.16065 0)
(-0.220551 0.173215 0)
(-0.169737 0.176481 0)
(-0.232868 0.235131 0)
(-0.277795 0.255642 0)
(-0.300709 0.21695 0)
(-0.219167 0.290959 0)
(-0.25378 0.317027 0)
(-0.269235 0.282697 0)
(-0.268812 0.198573 0)
(-0.207141 0.345054 0)
(-0.214794 0.347425 0)
(-0.212593 0.277813 0)
(-0.211462 0.196571 0)
(-0.171949 0.344394 0)
(-0.157629 0.337686 0)
(-0.144247 0.267201 0)
(-0.14245 0.197626 0)
(-0.125558 0.297049 0)
(-0.0955807 0.289975 0)
(-0.0778619 0.243838 0)
(-0.0733966 0.194086 0)
(-0.105796 0.236721 0)
(-0.0783662 0.235081 0)
(-0.0637793 0.21706 0)
(-0.0534174 0.187463 0)
(-0.119318 0.189886 0)
(-0.102339 0.195658 0)
(-0.0895155 0.191615 0)
(-0.07984 0.176247 0)
(-0.135818 0.157547 0)
(-0.122685 0.166283 0)
(-0.110315 0.167777 0)
(-0.100158 0.161916 0)
(-0.140101 0.131136 0)
(-0.12807 0.140375 0)
(-0.116245 0.144624 0)
(-0.105677 0.143457 0)
(-0.13369 0.107369 0)
(-0.122761 0.116127 0)
(-0.111793 0.121411 0)
(-0.101444 0.122845 0)
(-0.119826 0.0860582 0)
(-0.110142 0.0939846 0)
(-0.100231 0.0995569 0)
(-0.090563 0.102482 0)
(-0.100761 0.0674142 0)
(-0.0924098 0.0744442 0)
(-0.0837666 0.0799272 0)
(-0.0751654 0.0836317 0)
(-0.0784252 0.0515945 0)
(-0.0714411 0.0578006 0)
(-0.064169 0.0630184 0)
(-0.0568423 0.0670759 0)
(-0.0545373 0.0385544 0)
(-0.0488586 0.0440733 0)
(-0.042929 0.0489838 0)
(-0.0369102 0.0531586 0)
(-0.0305944 0.0280728 0)
(-0.0260802 0.0330542 0)
(-0.0213626 0.0376827 0)
(-0.0165529 0.0418573 0)
(-0.00784831 0.0198021 0)
(-0.00431033 0.0243804 0)
(-0.000614117 0.0287782 0)
(0.00316156 0.0329047 0)
(0.0127233 0.0133336 0)
(0.0154885 0.0176166 0)
(0.0183751 0.0218372 0)
(0.0213263 0.0259049 0)
(0.0304455 0.00824909 0)
(0.0326347 0.0123159 0)
(0.0349176 0.0164027 0)
(0.0372514 0.0204152 0)
(0.0449289 0.00416173 0)
(0.046716 0.00806821 0)
(0.0485769 0.0120538 0)
(0.0504782 0.0160199 0)
(0.056048 0.0007417 0)
(0.0575768 0.00452493 0)
(0.0591657 0.00843062 0)
(0.0607876 0.012358 0)
(0.0639019 -0.00227394 0)
(0.0652834 0.00140891 0)
(0.0667158 0.00524698 0)
(0.0681763 0.00914042 0)
(0.0687533 -0.0050799 0)
(0.0700667 -0.00148436 0)
(0.0714249 0.00229212 0)
(0.072808 0.00615387 0)
(0.0709617 -0.00780801 0)
(0.0722583 -0.00429333 0)
(0.0735955 -0.000576264 0)
(0.0749558 0.00325402 0)
(0.0709249 -0.010537 0)
(0.072233 -0.00710117 0)
(0.0735792 -0.00344391 0)
(0.0749478 0.000353541 0)
(0.069035 -0.0133046 0)
(0.0703659 -0.00994851 0)
(0.0717337 -0.00635347 0)
(0.0731244 -0.00259184 0)
(0.0656506 -0.0161187 0)
(0.0670037 -0.0128458 0)
(0.0683941 -0.00931739 0)
(0.0698093 -0.00559655 0)
(0.0610831 -0.0189679 0)
(0.0624502 -0.015784 0)
(0.0638568 -0.0123289 0)
(0.0652917 -0.0086564 0)
(0.0555912 -0.0218281 0)
(0.0569592 -0.0187421 0)
(0.0583711 -0.0153702 0)
(0.0598174 -0.0117572 0)
(0.0493812 -0.0246667 0)
(0.0507332 -0.0216912 0)
(0.0521362 -0.0184171 0)
(0.0535827 -0.0148798 0)
(0.0426102 -0.0274421 0)
(0.0439238 -0.0245947 0)
(0.0452989 -0.021439 0)
(0.0467305 -0.0180011 0)
(0.0353925 -0.0300985 0)
(0.0366359 -0.0274021 0)
(0.0379542 -0.0243931 0)
(0.0393462 -0.0210877 0)
(0.0278109 -0.0325543 0)
(0.0289357 -0.0300348 0)
(0.0301493 -0.0272072 0)
(0.0314565 -0.0240784 0)
(0.0199414 -0.0346908 0)
(0.0208739 -0.0323707 0)
(0.0219032 -0.0297586 0)
(0.0230429 -0.0268548 0)
(0.0118856 -0.0363018 0)
(0.0125286 -0.0341787 0)
(0.0132593 -0.0317935 0)
(0.0140979 -0.0291477 0)
(0.00385761 -0.0372807 0)
(0.0041004 -0.0353067 0)
(0.00438619 -0.0331144 0)
(0.00473099 -0.0307141 0)
(0.444673 -0.197897 0)
(0.411998 -0.253847 0)
(0.393298 -0.225025 0)
(0.381088 -0.140118 0)
(0.364007 -0.017755 0)
(0.309209 0.101645 0)
(0.217079 0.127647 0)
(0.144276 0.0975276 0)
(0.0997989 0.0646446 0)
(0.0783104 0.0534989 0)
(0.0798239 0.0692143 0)
(0.100589 0.103096 0)
(0.120622 0.124487 0)
(0.119939 0.110729 0)
(0.107 0.0744327 0)
(0.100173 0.0433355 0)
(0.100662 0.020567 0)
(0.094788 0.00259041 0)
(0.0759685 0.0252351 0)
(0.45003 -0.187755 0)
(0.435058 -0.229243 0)
(0.410107 -0.201077 0)
(0.375088 -0.114666 0)
(0.341956 0.0130564 0)
(0.304173 0.157374 0)
(0.23004 0.202242 0)
(0.153914 0.150179 0)
(0.0885296 0.098547 0)
(0.0454371 0.0663872 0)
(0.039579 0.0600207 0)
(0.0542625 0.0827615 0)
(0.0783106 0.109101 0)
(0.101614 0.114191 0)
(0.10917 0.0802008 0)
(0.116245 0.0354131 0)
(0.140966 0.0124466 0)
(0.142017 0.0350483 0)
(0.105424 0.130793 0)
(0.445421 -0.178309 0)
(0.439707 -0.211301 0)
(0.404746 -0.179372 0)
(0.330796 -0.085174 0)
(0.265394 0.0505225 0)
(0.236641 0.200818 0)
(0.211895 0.259359 0)
(0.170465 0.216724 0)
(0.0712228 0.149638 0)
(0.0111947 0.0854355 0)
(-0.00419244 0.0613596 0)
(-0.00099077 0.0713401 0)
(0.0188489 0.0843798 0)
(0.0406204 0.0932064 0)
(0.0570776 0.0646337 0)
(0.0734703 0.00881349 0)
(0.0968152 -0.0144865 0)
(0.114214 0.0670735 0)
(0.104171 0.217359 0)
(0.455907 -0.178472 0)
(0.441813 -0.20061 0)
(0.381101 -0.14486 0)
(0.210438 -0.0230997 0)
(0.126956 0.08346 0)
(0.119297 0.212184 0)
(0.132064 0.273685 0)
(0.128793 0.300384 0)
(0.0632888 0.243478 0)
(0.0116007 0.119608 0)
(-0.0245917 0.0696123 0)
(-0.0288951 0.055732 0)
(-0.0114705 0.0599941 0)
(0.00485591 0.0748255 0)
(0.0120172 0.0522303 0)
(0.0145048 -0.000950543 0)
(0.0137705 -0.0307133 0)
(0.0244567 0.0725239 0)
(0.0546652 0.286272 0)
(0.473418 -0.187218 0)
(0.367989 -0.179579 0)
(0.0876031 0.103905 0)
(0.0188852 0.160281 0)
(-0.0343129 0.169744 0)
(-0.00773606 0.201187 0)
(0.0239081 0.254324 0)
(0.0456225 0.301547 0)
(0.0696313 0.280776 0)
(0.0659622 0.178208 0)
(0.0146163 0.0990866 0)
(-0.00199074 0.0559488 0)
(-0.00457862 0.0493196 0)
(-0.00570734 0.0675444 0)
(-0.0149764 0.0504313 0)
(-0.0413744 -0.00117177 0)
(-0.0747536 -0.0254471 0)
(-0.0708719 0.087759 0)
(-0.0180978 0.273304 0)
(-0.0752463 -0.0409721 0)
(-0.18741 0.124187 0)
(-0.234149 0.123627 0)
(-0.183612 0.118315 0)
(-0.155888 0.136079 0)
(-0.121391 0.162128 0)
(-0.0705659 0.205692 0)
(-0.0103537 0.239575 0)
(0.0500035 0.2279 0)
(0.0925391 0.184175 0)
(0.103693 0.1293 0)
(0.0723299 0.071811 0)
(0.0276873 0.0622482 0)
(0.00452367 0.0856148 0)
(-0.00491912 0.0766589 0)
(-0.0656956 0.0290874 0)
(-0.148656 -0.0213657 0)
(-0.152851 0.0566417 0)
(-0.0589922 0.19908 0)
(-0.308792 0.110193 0)
(-0.292251 0.0716645 0)
(-0.262023 0.077269 0)
(-0.227553 0.0865598 0)
(-0.193151 0.105316 0)
(-0.155192 0.12596 0)
(-0.10572 0.152285 0)
(-0.0449482 0.17177 0)
(0.0174105 0.166052 0)
(0.0648732 0.142877 0)
(0.0935622 0.120635 0)
(0.1011 0.10435 0)
(0.0909232 0.11266 0)
(0.0600997 0.11947 0)
(0.0528296 0.134878 0)
(0.0323783 0.152393 0)
(-0.109532 0.0190992 0)
(-0.179567 0.00061348 0)
(-0.0309493 0.114666 0)
(-0.300493 0.106732 0)
(-0.280234 0.0575427 0)
(-0.25697 0.0439911 0)
(-0.226148 0.0520516 0)
(-0.194482 0.0776097 0)
(-0.159185 0.0944753 0)
(-0.115546 0.112172 0)
(-0.0641524 0.126662 0)
(-0.0124253 0.126878 0)
(0.0310426 0.115895 0)
(0.0610151 0.104204 0)
(0.0706194 0.0999883 0)
(0.058353 0.12161 0)
(0.0486618 0.116014 0)
(0.0571332 0.115561 0)
(0.0876569 0.176099 0)
(0.0788002 0.174696 0)
(-0.0332933 -0.0211294 0)
(-0.00184516 -0.0414671 0)
(-0.263235 0.103188 0)
(-0.25009 0.0414969 0)
(-0.234337 0.0211549 0)
(-0.215575 0.0306211 0)
(-0.193048 0.0509451 0)
(-0.162353 0.065339 0)
(-0.12826 0.0798614 0)
(-0.0849126 0.0962747 0)
(-0.036328 0.101937 0)
(0.00516665 0.0949156 0)
(0.0204078 0.088004 0)
(0.0136734 0.100805 0)
(0.0163585 0.130372 0)
(0.0259381 0.116326 0)
(0.0255037 0.0955102 0)
(0.0456959 0.136965 0)
(0.0762876 0.181092 0)
(0.0545383 0.0787421 0)
(0.0452307 0.0366774 0)
(-0.208976 0.103459 0)
(-0.204549 0.0358488 0)
(-0.198745 0.00868873 0)
(-0.198053 0.0060013 0)
(-0.194644 0.0334777 0)
(-0.179261 0.034665 0)
(-0.162121 0.0421416 0)
(-0.144 0.0455533 0)
(-0.131941 0.0398385 0)
(-0.124684 0.0449056 0)
(-0.104704 0.0671117 0)
(-0.0811392 0.0913021 0)
(-0.0514089 0.110574 0)
(-0.0217119 0.107372 0)
(-0.0137873 0.0884615 0)
(-0.0110902 0.109054 0)
(0.01722 0.144436 0)
(0.0313477 0.0893666 0)
(0.0259428 0.0568587 0)
(-0.142091 0.104998 0)
(-0.148702 0.0331206 0)
(-0.157293 -0.00275194 0)
(-0.177656 0.0196882 0)
(-0.205034 0.02169 0)
(-0.218168 0.0124402 0)
(-0.225549 0.0173555 0)
(-0.224253 0.0301278 0)
(-0.215282 0.0386509 0)
(-0.197177 0.0428286 0)
(-0.169606 0.0491792 0)
(-0.140694 0.0624057 0)
(-0.110287 0.076415 0)
(-0.0822782 0.0838525 0)
(-0.068795 0.0853195 0)
(-0.0643318 0.0981902 0)
(-0.0429511 0.115426 0)
(-0.0199415 0.0812933 0)
(-0.0118595 0.0644249 0)
(-0.0708769 0.106036 0)
(-0.0995698 0.0270689 0)
(-0.149827 0.0259847 0)
(-0.181153 0.0561178 0)
(-0.203034 0.0536864 0)
(-0.22 0.0444057 0)
(-0.233495 0.0417556 0)
(-0.238105 0.0418254 0)
(-0.23069 0.0342216 0)
(-0.212513 0.0245199 0)
(-0.189568 0.0261545 0)
(-0.167207 0.038334 0)
(-0.147372 0.0530902 0)
(-0.131033 0.064861 0)
(-0.120205 0.0788377 0)
(-0.112061 0.0916721 0)
(-0.0917215 0.0921931 0)
(-0.0630142 0.0575438 0)
(-0.0329749 0.0351263 0)
(-0.0511374 0.119492 0)
(-0.0987627 0.0779789 0)
(-0.137452 0.0737013 0)
(-0.164639 0.0778407 0)
(-0.181697 0.0718036 0)
(-0.196609 0.0609199 0)
(-0.208663 0.0522661 0)
(-0.214182 0.0431014 0)
(-0.209749 0.0248173 0)
(-0.197207 0.00795522 0)
(-0.182846 0.00865908 0)
(-0.170834 0.0241138 0)
(-0.164003 0.0430864 0)
(-0.160502 0.0565242 0)
(-0.156407 0.0702066 0)
(-0.14544 0.0796048 0)
(-0.120654 0.0649526 0)
(-0.0844909 0.0195242 0)
(-0.0393662 -0.0128352 0)
(-0.0765418 0.139501 0)
(-0.0975782 0.111377 0)
(-0.120754 0.0986236 0)
(-0.138056 0.0931473 0)
(-0.149951 0.0836636 0)
(-0.160421 0.0712753 0)
(-0.169156 0.0588268 0)
(-0.174095 0.0438758 0)
(-0.172984 0.0192866 0)
(-0.167856 -0.000976968 0)
(-0.163484 0.000941706 0)
(-0.163 0.0209276 0)
(-0.165544 0.0441867 0)
(-0.16811 0.0573616 0)
(-0.167114 0.0640584 0)
(-0.156536 0.0622744 0)
(-0.132886 0.0350607 0)
(-0.0963857 -0.0243421 0)
(-0.042903 -0.0707737 0)
(-0.089151 0.143059 0)
(-0.0933278 0.12343 0)
(-0.102104 0.111028 0)
(-0.109832 0.101898 0)
(-0.115694 0.0909208 0)
(-0.121474 0.0779764 0)
(-0.126861 0.0637415 0)
(-0.13087 0.0460563 0)
(-0.133379 0.0195389 0)
(-0.13562 -0.00137259 0)
(-0.141297 0.00301107 0)
(-0.149046 0.0257735 0)
(-0.153421 0.0474472 0)
(-0.154696 0.0586892 0)
(-0.152808 0.060136 0)
(-0.144527 0.0492026 0)
(-0.127362 0.0110715 0)
(-0.0947521 -0.0714101 0)
(-0.0383799 -0.133947 0)
(-0.0914817 0.134353 0)
(-0.0848593 0.123065 0)
(-0.083341 0.113566 0)
(-0.0834185 0.104535 0)
(-0.0841502 0.0938926 0)
(-0.0859839 0.0813862 0)
(-0.088588 0.0670612 0)
(-0.0917294 0.0491947 0)
(-0.0971266 0.0245697 0)
(-0.105785 0.00565506 0)
(-0.118612 0.0121173 0)
(-0.128329 0.0322232 0)
(-0.131501 0.0487852 0)
(-0.129825 0.0571056 0)
(-0.124417 0.0548605 0)
(-0.114294 0.0378408 0)
(-0.0984222 -0.00911395 0)
(-0.0730835 -0.110306 0)
(-0.0289356 -0.188674 0)
(-0.0860418 0.120063 0)
(-0.0733856 0.115392 0)
(-0.0654211 0.10966 0)
(-0.0603874 0.102411 0)
(-0.0574811 0.0933102 0)
(-0.0565048 0.0821741 0)
(-0.0571802 0.0690074 0)
(-0.0597224 0.0528796 0)
(-0.0662778 0.0327128 0)
(-0.0793784 0.0180698 0)
(-0.0942218 0.0237178 0)
(-0.102841 0.0371391 0)
(-0.104171 0.0481682 0)
(-0.0998081 0.0522745 0)
(-0.0906256 0.0460908 0)
(-0.0766659 0.0247053 0)
(-0.059279 -0.0256497 0)
(-0.0438495 -0.129905 0)
(-0.0189899 -0.227208 0)
(-0.0753971 0.103699 0)
(-0.0600932 0.103902 0)
(-0.0486994 0.101914 0)
(-0.0406866 0.0972807 0)
(-0.0355109 0.090416 0)
(-0.0328616 0.0812821 0)
(-0.0325475 0.0701093 0)
(-0.0348837 0.0567971 0)
(-0.0418699 0.0419941 0)
(-0.0544826 0.0319995 0)
(-0.067362 0.0337064 0)
(-0.0744804 0.0406174 0)
(-0.0747028 0.0459384 0)
(-0.0688612 0.0450677 0)
(-0.057632 0.0343733 0)
(-0.0416489 0.00929062 0)
(-0.023438 -0.0401315 0)
(-0.0158329 -0.134662 0)
(-0.0068913 -0.249957 0)
(-0.0612515 0.0872855 0)
(-0.0456411 0.0909167 0)
(-0.0330048 0.0921993 0)
(-0.0235905 0.0905053 0)
(-0.0172595 0.0862619 0)
(-0.0137654 0.0795763 0)
(-0.013039 0.0708628 0)
(-0.015366 0.060708 0)
(-0.0216544 0.0503591 0)
(-0.031604 0.0428561 0)
(-0.0414081 0.0415259 0)
(-0.0467643 0.0431483 0)
(-0.0463051 0.0429839 0)
(-0.0402437 0.0370601 0)
(-0.0291639 0.0219343 0)
(-0.0141789 -0.00616279 0)
(0.00218414 -0.0532601 0)
(0.0078496 -0.131841 0)
(0.00917518 -0.253545 0)
(-0.0447648 0.0721478 0)
(-0.0303058 0.078122 0)
(-0.0179852 0.081998 0)
(-0.00834957 0.0830728 0)
(-0.00161801 0.0814969 0)
(0.00223903 0.0774563 0)
(0.00321848 0.0714117 0)
(0.00125579 0.0642164 0)
(-0.00365091 0.056779 0)
(-0.010832 0.0506029 0)
(-0.0177768 0.0472496 0)
(-0.0215383 0.0447926 0)
(-0.0208272 0.0400047 0)
(-0.0155711 0.0297079 0)
(-0.00636229 0.0109639 0)
(0.0054351 -0.0191253 0)
(0.0171708 -0.0642014 0)
(0.0227185 -0.1313 0)
(0.0209511 -0.238627 0)
(-0.0268791 0.0590126 0)
(-0.0143078 0.0665326 0)
(-0.003223 0.0723611 0)
(0.00580218 0.0757669 0)
(0.0123804 0.0766468 0)
(0.0163616 0.0751362 0)
(0.017675 0.071638 0)
(0.0164392 0.0668532 0)
(0.0129635 0.0613355 0)
(0.00798727 0.0559344 0)
(0.00322564 0.0511991 0)
(0.000603602 0.0458298 0)
(0.00112236 0.0375749 0)
(0.00487129 0.0240193 0)
(0.0111959 0.00286872 0)
(0.0186545 -0.0279725 0)
(0.0248785 -0.0707228 0)
(0.0269436 -0.12934 0)
(0.0213644 -0.217834 0)
(-0.00849976 0.0481141 0)
(0.0019649 0.0566059 0)
(0.011441 0.0638297 0)
(0.019413 0.0690461 0)
(0.0254531 0.0719839 0)
(0.0293381 0.0726683 0)
(0.0309789 0.0713588 0)
(0.0305056 0.06849 0)
(0.0282653 0.0644177 0)
(0.0249194 0.0595345 0)
(0.0216366 0.0539283 0)
(0.0196447 0.0466603 0)
(0.0195973 0.036125 0)
(0.0214506 0.0205683 0)
(0.024479 -0.00165885 0)
(0.0272752 -0.0320054 0)
(0.0277871 -0.0718899 0)
(0.0242456 -0.124048 0)
(0.0156471 -0.199706 0)
(0.00948011 0.03935 0)
(0.0179559 0.0484195 0)
(0.0257975 0.0565935 0)
(0.032587 0.0631415 0)
(0.0379218 0.0676961 0)
(0.0415613 0.0701575 0)
(0.0434 0.0706247 0)
(0.0435288 0.0693098 0)
(0.0422335 0.066391 0)
(0.0400116 0.0619821 0)
(0.037623 0.0559642 0)
(0.0358218 0.0476473 0)
(0.0349587 0.0359061 0)
(0.0348377 0.0195269 0)
(0.0346966 -0.00258986 0)
(0.0332497 -0.031392 0)
(0.0288716 -0.0679127 0)
(0.020325 -0.114967 0)
(0.0103765 -0.186452 0)
(0.0262425 0.0324245 0)
(0.0330256 0.0418124 0)
(0.0394134 0.0506066 0)
(0.0450896 0.0581043 0)
(0.0497036 0.0638786 0)
(0.0530235 0.067725 0)
(0.0549302 0.0696011 0)
(0.0554602 0.0695513 0)
(0.0548034 0.0676061 0)
(0.0532891 0.0637265 0)
(0.0513699 0.0577091 0)
(0.0494598 0.0490416 0)
(0.0476848 0.0369707 0)
(0.0457549 0.0207106 0)
(0.0429482 -0.000423233 0)
(0.0381914 -0.0270449 0)
(0.0303466 -0.0601608 0)
(0.0190704 -0.103913 0)
(0.00905513 -0.175825 0)
(0.0411121 0.0269545 0)
(0.0465688 0.036506 0)
(0.0517808 0.0456926 0)
(0.0565202 0.0538533 0)
(0.060494 0.0605296 0)
(0.0634897 0.0654399 0)
(0.0653767 0.0684334 0)
(0.0661388 0.0694319 0)
(0.06587 0.0683598 0)
(0.0647524 0.065096 0)
(0.0630189 0.0594197 0)
(0.0608454 0.0509527 0)
(0.0582033 0.0392111 0)
(0.0547763 0.0237203 0)
(0.0499565 0.00407273 0)
(0.0429532 -0.020194 0)
(0.033101 -0.0503413 0)
(0.020941 -0.0923464 0)
(0.01052 -0.164228 0)
(0.053603 0.0225571 0)
(0.0580983 0.0321853 0)
(0.0624385 0.0416167 0)
(0.0664618 0.0502391 0)
(0.0699281 0.0575837 0)
(0.0726458 0.0633176 0)
(0.0744765 0.0672143 0)
(0.0753597 0.069111 0)
(0.0753082 0.0688626 0)
(0.0743862 0.0663068 0)
(0.0726721 0.0612353 0)
(0.0701868 0.053375 0)
(0.0668096 0.0424227 0)
(0.0622352 0.0281021 0)
(0.0559912 0.0101558 0)
(0.0475473 -0.0118679 0)
(0.0365902 -0.0395561 0)
(0.0236957 -0.0800135 0)
(0.011993 -0.150812 0)
(0.0634448 0.0188877 0)
(0.0673009 0.0285493 0)
(0.0710522 0.0381382 0)
(0.0745804 0.0470911 0)
(0.0776886 0.0549433 0)
(0.0802043 0.0613332 0)
(0.0819845 0.0659853 0)
(0.0829347 0.0686833 0)
(0.0830052 0.0692404 0)
(0.0821726 0.0674774 0)
(0.0804097 0.0632084 0)
(0.0776402 0.0562377 0)
(0.0736929 0.0463785 0)
(0.0682853 0.0334665 0)
(0.0610497 0.017302 0)
(0.0516223 -0.0026311 0)
(0.0398628 -0.0281569 0)
(0.0263335 -0.0665329 0)
(0.013673 -0.135749 0)
(0.0705729 0.0156641 0)
(0.074049 0.025342 0)
(0.0774474 0.0350416 0)
(0.0806742 0.0442455 0)
(0.0835656 0.0525021 0)
(0.0859649 0.0594375 0)
(0.0877269 0.0647489 0)
(0.0887336 0.0681893 0)
(0.0888904 0.0695502 0)
(0.0881128 0.0686493 0)
(0.0863046 0.0653246 0)
(0.0833304 0.059435 0)
(0.0789929 0.0508655 0)
(0.0730292 0.0395118 0)
(0.0651307 0.0251848 0)
(0.0550053 0.00729302 0)
(0.0425268 -0.0161577 0)
(0.0287019 -0.0525676 0)
(0.0159513 -0.118622 0)
(0.0750908 0.0126745 0)
(0.0783786 0.0223648 0)
(0.0816034 0.0321534 0)
(0.0846819 0.0415637 0)
(0.0874742 0.0501619 0)
(0.089836 0.0575733 0)
(0.091623 0.0634834 0)
(0.0927024 0.0676309 0)
(0.0929499 0.0697991 0)
(0.0922413 0.0698104 0)
(0.0904376 0.0675243 0)
(0.0873707 0.0628373 0)
(0.0828323 0.0556782 0)
(0.0765773 0.0459734 0)
(0.0683344 0.0335297 0)
(0.0578451 0.0176982 0)
(0.044942 -0.00367357 0)
(0.0310094 -0.0386041 0)
(0.0179598 -0.0994812 0)
(0.0772191 0.0097732 0)
(0.0804484 0.0194773 0)
(0.0836234 0.0293467 0)
(0.0866625 0.03894 0)
(0.0894428 0.0478432 0)
(0.09183 0.0556877 0)
(0.0936834 0.0621576 0)
(0.0948629 0.0669883 0)
(0.0952272 0.0699643 0)
(0.0946281 0.0709163 0)
(0.0929034 0.0697218 0)
(0.0898691 0.0663025 0)
(0.0853171 0.0606122 0)
(0.0790214 0.0525904 0)
(0.0707451 0.0420328 0)
(0.0602628 0.0282467 0)
(0.0473939 0.00897198 0)
(0.0334145 -0.0242055 0)
(0.0195478 -0.0787625 0)
(0.0772444 0.00686939 0)
(0.0804938 0.0165894 0)
(0.0836954 0.0265378 0)
(0.086764 0.0363033 0)
(0.0895878 0.0454904 0)
(0.0920424 0.05374 0)
(0.0939937 0.0607412 0)
(0.0953008 0.066234 0)
(0.0958147 0.0700093 0)
(0.0953756 0.0719084 0)
(0.09381 0.0718231 0)
(0.090929 0.0696912 0)
(0.0865307 0.0654788 0)
(0.0804068 0.0591268 0)
(0.072345 0.0504148 0)
(0.0621359 0.0386141 0)
(0.0495936 0.0214268 0)
(0.0358508 -0.00919497 0)
(0.0214943 -0.0563273 0)
(0.0754769 0.00391466 0)
(0.0787872 0.0136507 0)
(0.0820555 0.0236791 0)
(0.0851893 0.0336127 0)
(0.0880844 0.0430713 0)
(0.0906273 0.051705 0)
(0.0926942 0.0592119 0)
(0.0941496 0.0653416 0)
(0.0948437 0.0698958 0)
(0.0946125 0.0727276 0)
(0.0932789 0.0737405 0)
(0.0906549 0.072882 0)
(0.0865457 0.0701232 0)
(0.0807549 0.065402 0)
(0.0730772 0.058488 0)
(0.0632735 0.0486371 0)
(0.0511299 0.0335542 0)
(0.0378342 0.00593437 0)
(0.0232676 -0.0320453 0)
(0.0722209 0.00089009 0)
(0.0756073 0.0106396 0)
(0.0789577 0.0207498 0)
(0.0821687 0.0308522 0)
(0.0851407 0.0405748 0)
(0.087774 0.0495734 0)
(0.0899613 0.0575575 0)
(0.0915768 0.0642913 0)
(0.0924746 0.0695911 0)
(0.0924909 0.0733233 0)
(0.0914484 0.0754014 0)
(0.0891614 0.075779 0)
(0.0854411 0.0744288 0)
(0.080099 0.0712885 0)
(0.0729266 0.0661342 0)
(0.0636376 0.0582589 0)
(0.0518453 0.0454775 0)
(0.0383395 0.0212102 0)
(0.0227082 -0.00709916 0)
(0.0677543 -0.00220501 0)
(0.0712182 0.00755131 0)
(0.0746528 0.0177462 0)
(0.0779387 0.0280227 0)
(0.0809777 0.0380057 0)
(0.08369 0.0473486 0)
(0.0859924 0.0557752 0)
(0.0877731 0.0630704 0)
(0.0888919 0.0690704 0)
(0.0891859 0.0736565 0)
(0.0884775 0.0767521 0)
(0.0865818 0.0783147 0)
(0.0833127 0.0783174 0)
(0.0784842 0.0767011 0)
(0.0718895 0.0732665 0)
(0.063217 0.0674166 0)
(0.0519372 0.0573346 0)
(0.0379418 0.0372901 0)
(0.0211382 0.0172123 0)
(0.0623174 -0.00536239 0)
(0.0658553 0.00438875 0)
(0.0693738 0.0146719 0)
(0.072728 0.0251347 0)
(0.075816 0.0353792 0)
(0.0785885 0.0450417 0)
(0.0809978 0.0538672 0)
(0.0829482 0.0616707 0)
(0.0843034 0.0683148 0)
(0.0848991 0.0736994 0)
(0.0845546 0.0777577 0)
(0.0830813 0.0804515 0)
(0.0802878 0.0817542 0)
(0.0759793 0.0816114 0)
(0.0699381 0.0798569 0)
(0.0618426 0.0760286 0)
(0.0512454 0.0688487 0)
(0.037283 0.0542152 0)
(0.0199139 0.0406548 0)
(0.0561038 -0.00857125 0)
(0.0597139 0.00115327 0)
(0.0633242 0.0115281 0)
(0.066747 0.0221997 0)
(0.0698662 0.0327143 0)
(0.0726812 0.0426643 0)
(0.0751972 0.051833 0)
(0.0773311 0.0600812 0)
(0.0789444 0.0673065 0)
(0.0798663 0.0734301 0)
(0.0799096 0.0783971 0)
(0.0788771 0.0821756 0)
(0.0765618 0.0847446 0)
(0.0727413 0.0860618 0)
(0.0671538 0.0859978 0)
(0.0594225 0.0842211 0)
(0.0491411 0.0799541 0)
(0.0352643 0.0712785 0)
(0.0181282 0.063118 0)
(0.0492516 -0.011821 0)
(0.0529351 -0.00216234 0)
(0.056663 0.00830264 0)
(0.0601756 0.0192222 0)
(0.0633202 0.0300288 0)
(0.0661742 0.0402203 0)
(0.0688212 0.0496602 0)
(0.0711759 0.0582802 0)
(0.0730846 0.066021 0)
(0.0743651 0.0728258 0)
(0.0748229 0.078652 0)
(0.0742524 0.0834789 0)
(0.0724277 0.0873033 0)
(0.0690832 0.0901132 0)
(0.0638829 0.0918335 0)
(0.0563535 0.092249 0)
(0.0460711 0.0909654 0)
(0.0324364 0.0875946 0)
(0.0164528 0.0838543 0)
(0.0418318 -0.0150975 0)
(0.0455845 -0.00557713 0)
(0.0494813 0.00496027 0)
(0.0531448 0.0161954 0)
(0.0563412 0.0273428 0)
(0.0592651 0.037699 0)
(0.0621181 0.0473151 0)
(0.0647711 0.0562293 0)
(0.0670362 0.0644253 0)
(0.0687181 0.07186 0)
(0.0696228 0.0784992 0)
(0.0695476 0.084339 0)
(0.0682583 0.0894107 0)
(0.0654501 0.093763 0)
(0.0606971 0.0974 0)
(0.0534135 0.100199 0)
(0.043197 0.101911 0)
(0.0299777 0.102751 0)
(0.015077 0.102856 0)
(0.0338363 -0.0183644 0)
(0.0376201 -0.00911221 0)
(0.0417587 0.00143279 0)
(0.0456989 0.0130853 0)
(0.0490533 0.0246577 0)
(0.0521462 0.0350388 0)
(0.0553695 0.0447146 0)
(0.0584553 0.0538594 0)
(0.0611611 0.0624732 0)
(0.0632894 0.0705027 0)
(0.0646689 0.077911 0)
(0.0651255 0.0847127 0)
(0.0644459 0.0909936 0)
(0.0623095 0.0969049 0)
(0.0581973 0.102575 0)
(0.0512941 0.107969 0)
(0.0411734 0.11265 0)
(0.0283616 0.116955 0)
(0.0141583 0.120513 0)
(0.0251766 -0.0215232 0)
(0.0288473 -0.0127652 0)
(0.0332656 -0.00243227 0)
(0.0376671 0.00966675 0)
(0.0415335 0.021715 0)
(0.0450424 0.0319008 0)
(0.0489407 0.0415765 0)
(0.0526513 0.0509772 0)
(0.0558844 0.0600459 0)
(0.0584816 0.0686831 0)
(0.0603321 0.0768351 0)
(0.0613275 0.0845315 0)
(0.0613239 0.0919264 0)
(0.0600411 0.0993423 0)
(0.0568259 0.107186 0)
(0.0504191 0.115604 0)
(0.0403109 0.123343 0)
(0.0278501 0.130577 0)
(0.0139659 0.138163 0)
(0.0157253 -0.0243032 0)
(0.0188531 -0.0163816 0)
(0.023272 -0.00686935 0)
(0.0281557 0.00516095 0)
(0.0338769 0.0173616 0)
(0.0384292 0.0272695 0)
(0.0434544 0.037211 0)
(0.0479597 0.0471429 0)
(0.0517422 0.0568679 0)
(0.0547607 0.0662343 0)
(0.057004 0.0751709 0)
(0.0584586 0.0837158 0)
(0.059103 0.092084 0)
(0.0588037 0.100846 0)
(0.0567256 0.11118 0)
(0.0508511 0.123628 0)
(0.0406213 0.134525 0)
(0.0292265 0.143464 0)
(0.0152656 0.153177 0)
(0.00544332 -0.0263947 0)
(0.00705581 -0.0197481 0)
(0.00999979 -0.012359 0)
(0.0138235 -0.00218634 0)
(0.0267725 0.0107944 0)
(0.0337351 0.0206923 0)
(0.0400885 0.0315983 0)
(0.0452689 0.042486 0)
(0.0494336 0.0530886 0)
(0.0527012 0.0632871 0)
(0.0551522 0.0730251 0)
(0.0568478 0.0823528 0)
(0.0578875 0.0915193 0)
(0.0584226 0.101284 0)
(0.0575089 0.114459 0)
(0.0517773 0.133017 0)
(0.0404143 0.147952 0)
(0.0294144 0.157944 0)
(0.0189081 0.184518 0)
)
;

boundaryField
{
    leftWall
    {
        type            fixedValue;
        value           uniform (0 0 0);
    }
    rightWall
    {
        type            fixedValue;
        value           uniform (0 0 0);
    }
    lowerWall
    {
        type            fixedValue;
        value           uniform (0 0 0);
    }
    atmosphere
    {
        type            pressureInletOutletVelocity;
        value           nonuniform List<vector> 
46
(
(-0 -0.0549956 0)
(-0 -0.0876353 0)
(-0 -0.0793423 0)
(-0 -0.0727075 0)
(0 -0.0680739 0)
(0 -0.0645061 0)
(0 -0.0616916 0)
(0 -0.0594768 0)
(0 -0.0577588 0)
(0 -0.0564481 0)
(0 -0.0554588 0)
(0 -0.0547067 0)
(0 -0.0541087 0)
(0 -0.0535837 0)
(0 -0.0530533 0)
(0 -0.0524419 0)
(0 -0.0516767 0)
(0 -0.0506868 0)
(0 -0.0494026 0)
(0 -0.0477552 0)
(0 -0.0456762 0)
(0 -0.0431018 0)
(0 -0.0399788 0)
(0 -0.0372732 0)
(0 -0.0353037 0)
(0 -0.0331173 0)
(0 -0.0307253 0)
(0 -0.0264441 0)
(0 -0.0199198 0)
(0 -0.0129859 0)
(0 -0.00434139 0)
(0.0267725 0.0107944 0)
(0.0337351 0.0206923 0)
(0.0400885 0.0315983 0)
(0.0452689 0.042486 0)
(0.0494336 0.0530886 0)
(0.0527012 0.0632871 0)
(0.0551522 0.0730251 0)
(0.0568478 0.0823528 0)
(0.0578875 0.0915193 0)
(0.0584226 0.101284 0)
(0.0575089 0.114459 0)
(0.0517773 0.133017 0)
(0.0404143 0.147952 0)
(0.0294144 0.157944 0)
(0.0189081 0.184518 0)
)
;
    }
    defaultFaces
    {
        type            empty;
    }
}


// ************************************************************************* //
