/*--------------------------------*- C++ -*----------------------------------*\
| =========                 |                                                 |
| \\      /  F ield         | OpenFOAM: The Open Source CFD Toolbox           |
|  \\    /   O peration     | Version:  2.3.0                                 |
|   \\  /    A nd           | Web:      www.OpenFOAM.org                      |
|    \\/     M anipulation  |                                                 |
\*---------------------------------------------------------------------------*/
FoamFile
{
    version     2.0;
    format      ascii;
    class       volVectorField;
    location    "1.7";
    object      U;
}
// * * * * * * * * * * * * * * * * * * * * * * * * * * * * * * * * * * * * * //

dimensions      [0 1 -1 0 0 0 0];

internalField   nonuniform List<vector> 
2268
(
(0.00159566 0.000971327 0)
(-0.0493237 0.00991075 0)
(-0.101753 0.00955951 0)
(-0.0798803 -0.0108992 0)
(0.020647 -0.0310378 0)
(0.112461 -0.0197939 0)
(0.150467 0.0238321 0)
(-0.0333938 0.0349364 0)
(-0.1944 0.00912003 0)
(-0.180318 -0.00481909 0)
(-0.155784 -0.0142349 0)
(-0.142849 -0.00758445 0)
(-0.13146 -0.00499227 0)
(-0.11242 -0.00630682 0)
(-0.0850861 -0.00543952 0)
(-0.0644176 0.0045607 0)
(-0.0852408 0.0138235 0)
(-0.153972 0.0100526 0)
(-0.200552 0.000334953 0)
(-0.195259 -0.0118307 0)
(-0.156214 -0.01913 0)
(-0.101995 -0.0227835 0)
(-0.0352163 -0.022043 0)
(-0.023661 0.0233463 0)
(-0.117897 0.0387968 0)
(-0.174229 0.0199517 0)
(-0.136382 -0.0452217 0)
(-0.0473998 -0.0829893 0)
(0.0172094 -0.0556097 0)
(0.127949 0.0582615 0)
(0.0299074 0.103837 0)
(-0.159415 0.0450488 0)
(-0.0986307 -0.00354651 0)
(-0.120775 -0.012739 0)
(-0.140133 -0.00355157 0)
(-0.144009 -0.00617704 0)
(-0.124049 -0.0167221 0)
(-0.0938103 -0.0178814 0)
(-0.0666322 -0.00176754 0)
(-0.0519558 0.0263847 0)
(-0.0966505 0.0376607 0)
(-0.114569 0.0196128 0)
(-0.092784 -0.0123408 0)
(-0.0913306 -0.029192 0)
(-0.063836 -0.0414688 0)
(-0.0223151 -0.0492021 0)
(-0.0367757 0.0617123 0)
(-0.158048 0.0744218 0)
(-0.202984 0.0322688 0)
(-0.160068 -0.0727673 0)
(-0.0974117 -0.122622 0)
(-0.0343991 -0.0883857 0)
(0.0175019 0.0499155 0)
(0.0614053 0.144679 0)
(-0.0717232 0.0795488 0)
(-0.0536624 -0.003264 0)
(-0.108369 7.01545e-05 0)
(-0.148616 0.00795642 0)
(-0.15149 -0.00893157 0)
(-0.126195 -0.03141 0)
(-0.0922717 -0.0339902 0)
(-0.0658506 -0.0152219 0)
(-0.0374901 0.0177319 0)
(-0.023925 0.0413646 0)
(-0.0283525 0.020919 0)
(-0.0286766 -0.0145352 0)
(-0.0284569 -0.0269038 0)
(-0.024929 -0.0464218 0)
(-0.00600632 -0.0624238 0)
(-0.0391786 0.108279 0)
(-0.181158 0.114155 0)
(-0.216936 0.0342936 0)
(-0.178477 -0.0963961 0)
(-0.148366 -0.152504 0)
(-0.100394 -0.109999 0)
(-0.0545531 0.0292345 0)
(0.0379096 0.150156 0)
(-0.0319195 0.100342 0)
(-0.0504946 0.0212574 0)
(-0.114956 0.0227918 0)
(-0.149017 0.0178317 0)
(-0.140636 -0.0145575 0)
(-0.105137 -0.0470518 0)
(-0.0679453 -0.0472466 0)
(-0.0552937 -0.0239128 0)
(-0.0446363 0.00450467 0)
(-0.0247839 0.0337932 0)
(-0.0375005 0.0255851 0)
(-0.0522054 -0.0133978 0)
(-0.0220726 -0.032727 0)
(-0.00142885 -0.0505077 0)
(0.0102719 -0.0658906 0)
(-0.0316348 0.156112 0)
(-0.180692 0.158213 0)
(-0.214006 0.0396105 0)
(-0.202545 -0.104722 0)
(-0.206771 -0.175148 0)
(-0.172974 -0.136871 0)
(-0.0998561 0.00901327 0)
(-0.0362375 0.13432 0)
(-0.0545302 0.105428 0)
(-0.0772608 0.0421623 0)
(-0.12237 0.0398028 0)
(-0.136772 0.0203914 0)
(-0.112586 -0.0254713 0)
(-0.0577062 -0.0667991 0)
(-0.0149138 -0.0561948 0)
(-0.0209012 -0.0227427 0)
(-0.0422148 0.00339001 0)
(-0.0596796 0.0369448 0)
(-0.0940995 0.0384547 0)
(-0.0993629 -0.0251114 0)
(-0.0359761 -0.0536232 0)
(0.0117204 -0.0608026 0)
(0.0245526 -0.0597029 0)
(-0.0152804 0.199405 0)
(-0.15336 0.204492 0)
(-0.179102 0.0548081 0)
(-0.208159 -0.100055 0)
(-0.248239 -0.186062 0)
(-0.24688 -0.161821 0)
(-0.170988 -0.0118442 0)
(-0.118291 0.118919 0)
(-0.106862 0.101684 0)
(-0.108199 0.0565371 0)
(-0.120156 0.0471044 0)
(-0.108967 0.0158954 0)
(-0.0669571 -0.0464416 0)
(0.00706307 -0.0918216 0)
(0.0507129 -0.0626722 0)
(0.0377164 -0.0102521 0)
(-0.015708 0.0222614 0)
(-0.0813473 0.0554921 0)
(-0.134323 0.0532816 0)
(-0.112542 -0.0449633 0)
(-0.0389113 -0.0833189 0)
(0.0342246 -0.0747764 0)
(0.0436762 -0.0405789 0)
(0.00680267 0.228105 0)
(-0.109017 0.241763 0)
(-0.116452 0.07198 0)
(-0.180666 -0.0769566 0)
(-0.24435 -0.176183 0)
(-0.295726 -0.170962 0)
(-0.244534 -0.0304847 0)
(-0.166189 0.099703 0)
(-0.152378 0.0880365 0)
(-0.120977 0.0544941 0)
(-0.0986854 0.0391451 0)
(-0.0661729 -0.00288516 0)
(-0.0137155 -0.0739845 0)
(0.0645144 -0.124187 0)
(0.103848 -0.0724874 0)
(0.0957503 0.00842885 0)
(0.0354763 0.055199 0)
(-0.0678414 0.0844223 0)
(-0.138195 0.0682621 0)
(-0.0929081 -0.0759783 0)
(-0.0436482 -0.123366 0)
(0.0587616 -0.093316 0)
(0.0798445 -0.0541619 0)
(0.0210097 0.249323 0)
(-0.0624275 0.27392 0)
(-0.0400202 0.103288 0)
(-0.116875 -0.0350094 0)
(-0.1857 -0.148042 0)
(-0.284147 -0.153926 0)
(-0.298592 -0.0474087 0)
(-0.194992 0.0729308 0)
(-0.150273 0.0781127 0)
(-0.10388 0.0408418 0)
(-0.0581464 0.0241496 0)
(-0.0304835 -0.0137199 0)
(0.0241898 -0.107359 0)
(0.0797221 -0.162356 0)
(0.112106 -0.0886523 0)
(0.119918 0.0252777 0)
(0.0962135 0.0888401 0)
(-0.0132841 0.122442 0)
(-0.124328 0.091365 0)
(-0.0564359 -0.114854 0)
(-0.0433208 -0.166122 0)
(0.0513565 -0.126572 0)
(0.0680016 0.0469164 0)
(0.00456052 0.00575361 0)
(-0.105371 0.0261357 0)
(-0.238899 0.0263446 0)
(-0.309917 0.0081679 0)
(-0.275479 -0.0178797 0)
(-0.144053 -0.0408737 0)
(0.032676 -0.0423038 0)
(0.208519 -0.0299783 0)
(0.347662 -0.00883168 0)
(0.410359 0.00590626 0)
(0.412985 0.0033538 0)
(0.417521 0.00156743 0)
(0.382669 0.0213837 0)
(0.265778 0.0280456 0)
(0.16615 0.00163714 0)
(0.15456 0.000629106 0)
(0.0583165 0.0282324 0)
(-0.0874934 0.0129856 0)
(-0.0426485 -0.0244595 0)
(-0.0414808 0.040616 0)
(-0.183247 0.0696982 0)
(-0.286697 0.0630681 0)
(-0.312861 0.0183041 0)
(-0.23656 -0.0583171 0)
(-0.0959781 -0.115757 0)
(0.0533021 -0.121701 0)
(0.191576 -0.105391 0)
(0.318901 -0.0717701 0)
(0.424478 -0.0309866 0)
(0.482408 -0.00476346 0)
(0.512095 0.00614048 0)
(0.549101 0.0376743 0)
(0.520174 0.0730446 0)
(0.398385 0.0583362 0)
(0.250923 0.0429089 0)
(0.073638 0.0791991 0)
(-0.0481744 0.0414456 0)
(0.00211338 -0.0548206 0)
(-0.0421916 0.0837367 0)
(-0.15202 0.108195 0)
(-0.201298 0.0867379 0)
(-0.181502 0.00647452 0)
(-0.0455194 -0.111572 0)
(0.0807766 -0.170994 0)
(0.192338 -0.169932 0)
(0.268847 -0.143023 0)
(0.325646 -0.106016 0)
(0.383206 -0.0615737 0)
(0.434103 -0.0321446 0)
(0.474525 -0.0229939 0)
(0.529693 0.0170668 0)
(0.568447 0.086817 0)
(0.498214 0.112892 0)
(0.329495 0.112756 0)
(0.142537 0.140392 0)
(0.0290969 0.0602717 0)
(0.0531214 -0.0540206 0)
(-0.0152376 0.1142 0)
(-0.0779178 0.127249 0)
(-0.0714119 0.0835364 0)
(0.0152648 -0.0316175 0)
(0.161405 -0.163551 0)
(0.272089 -0.220208 0)
(0.34994 -0.204469 0)
(0.383716 -0.158747 0)
(0.38357 -0.115793 0)
(0.388214 -0.0760888 0)
(0.412219 -0.0488155 0)
(0.446652 -0.0395158 0)
(0.490677 0.00161392 0)
(0.542607 0.0907637 0)
(0.512744 0.154027 0)
(0.384067 0.176774 0)
(0.24862 0.199776 0)
(0.173636 0.112477 0)
(0.111874 -0.011497 0)
(0.0247445 0.12572 0)
(0.0146483 0.128039 0)
(0.0758577 0.0559079 0)
(0.211085 -0.0759852 0)
(0.352972 -0.209224 0)
(0.44745 -0.258721 0)
(0.493546 -0.224432 0)
(0.492785 -0.157632 0)
(0.451566 -0.105586 0)
(0.4095 -0.0720691 0)
(0.400168 -0.056853 0)
(0.429627 -0.0575849 0)
(0.46952 -0.0171447 0)
(0.509023 0.0880797 0)
(0.485099 0.180018 0)
(0.400589 0.220021 0)
(0.331029 0.238473 0)
(0.279909 0.158733 0)
(0.150842 0.0541702 0)
(0.0625929 0.0966875 0)
(0.113976 0.0962982 0)
(0.22061 0.013758 0)
(0.386548 -0.130793 0)
(0.528282 -0.256367 0)
(0.607385 -0.282923 0)
(0.621586 -0.223808 0)
(0.584624 -0.139457 0)
(0.511985 -0.0793633 0)
(0.43528 -0.0528268 0)
(0.401813 -0.0588698 0)
(0.428971 -0.076213 0)
(0.466573 -0.02906 0)
(0.477053 0.0943596 0)
(0.431312 0.200101 0)
(0.36803 0.238855 0)
(0.352251 0.254386 0)
(0.311342 0.203459 0)
(0.153046 0.143508 0)
(0.0779996 0.0689554 0)
(0.18059 0.0766498 0)
(0.357346 -0.0420669 0)
(0.554782 -0.199219 0)
(0.685126 -0.303361 0)
(0.751613 -0.300228 0)
(0.735123 -0.206863 0)
(0.654605 -0.102058 0)
(0.553906 -0.0418752 0)
(0.460067 -0.0249994 0)
(0.409487 -0.0548946 0)
(0.41757 -0.0946867 0)
(0.445817 -0.0354631 0)
(0.430887 0.111699 0)
(0.365023 0.218876 0)
(0.288373 0.240621 0)
(0.297712 0.258483 0)
(0.260538 0.243863 0)
(0.113873 0.225838 0)
(0.107039 -0.049939 0)
(0.292189 -0.0720033 0)
(0.521433 -0.151562 0)
(0.699275 -0.26584 0)
(0.801544 -0.348803 0)
(0.853577 -0.329652 0)
(0.806469 -0.203237 0)
(0.67962 -0.0609544 0)
(0.55758 0.00583627 0)
(0.463033 0.0101896 0)
(0.40435 -0.0428171 0)
(0.379967 -0.102383 0)
(0.375932 -0.0357765 0)
(0.339321 0.139969 0)
(0.23695 0.255959 0)
(0.124471 0.270369 0)
(0.153222 0.29158 0)
(0.14072 0.303403 0)
(0.0457894 0.304203 0)
(0.0200199 0.235308 0)
(0.0199649 0.268759 0)
(0.0813789 0.125271 0)
(0.0389866 0.0138592 0)
(-0.0627179 -0.0825408 0)
(-0.131164 -0.100144 0)
(-0.197951 -0.0368841 0)
(-0.245041 -0.00152965 0)
(-0.169647 -0.00310331 0)
(-0.106024 -0.0119762 0)
(-0.0456668 -0.0167069 0)
(-0.000523737 -0.0536311 0)
(0.0157754 -0.132613 0)
(-0.0205432 -0.176018 0)
(0.0110746 -0.0993426 0)
(0.0527339 0.000410984 0)
(0.0925313 0.0939025 0)
(0.00128808 0.176424 0)
(-0.0542032 0.11137 0)
(0.0620546 -0.14412 0)
(0.0586871 -0.191022 0)
(0.0838056 -0.173444 0)
(0.161531 -0.0684838 0)
(0.00393937 0.183526 0)
(0.0428259 0.199132 0)
(0.0610252 0.131573 0)
(0.0112704 0.0926654 0)
(0.0475926 0.0197438 0)
(0.121848 -0.0994737 0)
(0.318935 0.0422862 0)
(0.247811 0.0566231 0)
(0.2084 -0.0518637 0)
(0.209346 -0.0955186 0)
(0.165076 -0.0806684 0)
(0.01743 -0.0637766 0)
(-0.12792 -0.0662824 0)
(-0.269972 -0.136613 0)
(-0.194206 -0.111919 0)
(-0.103695 -0.00976205 0)
(0.00692836 0.12918 0)
(-0.0173251 0.231054 0)
(0.119118 0.0404886 0)
(0.279469 -0.165432 0)
(0.30729 -0.203421 0)
(0.258122 -0.176531 0)
(0.240525 -0.158682 0)
(-0.219868 0.237748 0)
(-0.173073 0.18103 0)
(-0.188576 0.116131 0)
(-0.123572 0.0269885 0)
(0.0261397 -0.198402 0)
(0.269634 -0.347948 0)
(0.531953 -0.0209696 0)
(0.521134 0.0877031 0)
(0.684192 0.0598185 0)
(0.666151 0.126016 0)
(-0.200715 0.300919 0)
(-0.333851 0.208792 0)
(-0.328292 0.0643121 0)
(-0.347194 -0.163959 0)
(-0.274596 -0.222361 0)
(-0.172052 -0.145466 0)
(-0.0264981 0.0232612 0)
(0.0645448 0.0935235 0)
(0.314852 -0.117315 0)
(0.476461 -0.28389 0)
(0.518036 -0.221923 0)
(0.407443 -0.118061 0)
(0.289303 -0.110074 0)
(-0.249138 0.498721 0)
(-0.329341 0.232466 0)
(-0.399361 0.101151 0)
(-0.456487 -0.144747 0)
(-0.0989811 -0.592661 0)
(0.167789 -0.424514 0)
(0.494591 -0.271452 0)
(0.752686 -0.105943 0)
(0.907927 0.0189586 0)
(0.988325 0.345616 0)
(0.742953 0.762329 0)
(0.280777 0.401358 0)
(-0.0729263 -0.0994663 0)
(0.0645707 -0.161879 0)
(-0.511178 -0.217613 0)
(-0.290835 -0.295039 0)
(-0.0335399 -0.174955 0)
(0.196222 -0.153114 0)
(0.27676 -0.33649 0)
(0.300381 -0.380675 0)
(0.21985 -0.115006 0)
(-0.124334 0.144361 0)
(-0.614798 0.125135 0)
(-0.150495 0.721349 0)
(-0.124736 0.391615 0)
(-0.361177 0.113892 0)
(0.125307 -0.402558 0)
(0.394475 -0.822889 0)
(0.572621 -0.883454 0)
(0.742304 -0.683867 0)
(0.897278 -0.420098 0)
(1.01855 -0.102696 0)
(1.07548 0.319667 0)
(1.24341 0.872019 0)
(0.976235 0.877179 0)
(0.685443 0.479114 0)
(0.0880743 0.122564 0)
(-0.407774 0.177179 0)
(-0.577622 -0.538864 0)
(-0.803635 -0.387016 0)
(-0.52784 -0.421627 0)
(-0.294533 -0.445602 0)
(-0.0532789 -0.146057 0)
(-0.00456377 0.29185 0)
(-0.333322 0.468533 0)
(-0.773656 0.305286 0)
(-0.0381328 0.751015 0)
(0.19836 0.49107 0)
(0.266331 0.000909384 0)
(0.511642 -0.602202 0)
(0.670005 -0.994604 0)
(0.713818 -0.995656 0)
(0.759092 -0.731289 0)
(0.835271 -0.407091 0)
(0.89919 -0.0916541 0)
(0.944338 0.268001 0)
(1.10506 0.745678 0)
(1.15456 1.04363 0)
(0.995152 0.938163 0)
(0.652922 0.62742 0)
(0.326621 0.376003 0)
(-0.0141099 0.00339265 0)
(-0.331169 -0.300363 0)
(-0.0592844 -0.624846 0)
(-0.0589439 -0.722221 0)
(0.0266361 -0.464915 0)
(0.146822 0.288706 0)
(-0.0536943 0.727455 0)
(-0.336792 0.586736 0)
(0.0455767 0.539812 0)
(0.32125 0.421917 0)
(0.565902 -0.176936 0)
(0.746624 -0.763245 0)
(0.738693 -1.03095 0)
(0.632009 -0.972845 0)
(0.584471 -0.751779 0)
(0.604041 -0.463519 0)
(0.649193 -0.129879 0)
(0.681218 0.216926 0)
(0.758729 0.606802 0)
(0.911013 0.976614 0)
(0.942456 1.08834 0)
(0.810194 0.915832 0)
(0.64009 0.608731 0)
(0.366675 0.312982 0)
(0.0248767 -0.045764 0)
(0.119128 -0.642053 0)
(0.0662384 -0.743747 0)
(0.03905 -0.457924 0)
(0.186196 0.283933 0)
(0.156777 0.820332 0)
(0.0806588 0.637759 0)
(0.088898 0.257129 0)
(0.366513 0.0397306 0)
(0.619164 -0.459781 0)
(0.689397 -0.824727 0)
(0.530888 -0.920923 0)
(0.350162 -0.863967 0)
(0.275595 -0.71607 0)
(0.271571 -0.486127 0)
(0.330656 -0.180502 0)
(0.367539 0.149354 0)
(0.409693 0.499692 0)
(0.531032 0.858935 0)
(0.637092 1.06129 0)
(0.616156 0.998996 0)
(0.535066 0.767537 0)
(0.317707 0.528272 0)
(0.0836652 0.105173 0)
(0.192459 -0.59922 0)
(0.130523 -0.72022 0)
(0.0101417 -0.46942 0)
(0.121435 0.285253 0)
(0.12595 0.792765 0)
(0.153254 0.521164 0)
(0.0942539 -6.00693e-05 0)
(0.333716 -0.275929 0)
(0.499213 -0.549164 0)
(0.403754 -0.670709 0)
(0.150589 -0.713217 0)
(-0.0324846 -0.738685 0)
(-0.116254 -0.662892 0)
(-0.133725 -0.493747 0)
(-0.0474024 -0.224776 0)
(0.0421792 0.0912266 0)
(0.0851201 0.419618 0)
(0.161336 0.765225 0)
(0.243201 1.00262 0)
(0.220684 1.02851 0)
(0.167087 0.892748 0)
(-0.0677709 0.720887 0)
(-0.0338203 -0.0212043 0)
(0.140998 -0.628943 0)
(0.0571638 -0.644485 0)
(-0.119199 -0.490065 0)
(0.0257268 0.330162 0)
(0.0992333 0.862573 0)
(0.305526 0.330963 0)
(0.116224 -0.139889 0)
(0.289827 -0.419167 0)
(0.280684 -0.471606 0)
(0.0441925 -0.430023 0)
(-0.207103 -0.521199 0)
(-0.40022 -0.605107 0)
(-0.49887 -0.599529 0)
(-0.530469 -0.525303 0)
(-0.466005 -0.316736 0)
(-0.345694 0.0129768 0)
(-0.270442 0.369388 0)
(-0.223233 0.724519 0)
(-0.213745 1.0018 0)
(-0.301559 1.12044 0)
(-0.385798 1.04198 0)
(-0.445707 0.64618 0)
(-0.0155981 -0.311792 0)
(-0.121004 -0.580489 0)
(-0.20855 -0.536204 0)
(-0.278621 -0.435324 0)
(-0.191278 -0.138298 0)
(0.132982 0.28228 0)
(0.225022 0.206038 0)
(0.133383 -0.394958 0)
(0.195604 -0.45843 0)
(0.0335897 -0.245911 0)
(-0.176589 -0.189665 0)
(-0.410939 -0.333328 0)
(-0.618291 -0.455988 0)
(-0.7341 -0.521177 0)
(-0.789731 -0.543195 0)
(-0.798403 -0.408548 0)
(-0.738125 -0.0865059 0)
(-0.65863 0.342407 0)
(-0.656206 0.76079 0)
(-0.722842 1.10777 0)
(-0.843327 1.25682 0)
(-0.842152 1.03753 0)
(-0.586898 0.380019 0)
(-0.312434 -0.377442 0)
(-0.417527 -0.484456 0)
(-0.449713 -0.466982 0)
(-0.473041 -0.366631 0)
(-0.461902 -0.104531 0)
(-0.422541 0.384409 0)
(-0.376054 0.713453 0)
(0.0963606 -0.51655 0)
(0.105819 -0.302147 0)
(-0.0650614 -0.0444845 0)
(-0.151295 -0.00918817 0)
(-0.369127 -0.151129 0)
(-0.54823 -0.313711 0)
(-0.655206 -0.407268 0)
(-0.737788 -0.443649 0)
(-0.845709 -0.366667 0)
(-0.964115 -0.109866 0)
(-0.980536 0.360738 0)
(-0.992518 0.845404 0)
(-1.05918 1.20163 0)
(-1.09772 1.24985 0)
(-0.906589 0.799094 0)
(-0.52888 -0.00901501 0)
(-0.569249 -0.379894 0)
(-0.58615 -0.45093 0)
(-0.608978 -0.446227 0)
(-0.607286 -0.347029 0)
(-0.603132 -0.0961307 0)
(-0.595523 0.27664 0)
(-0.537023 0.545329 0)
(0.0628219 -0.617725 0)
(0.114791 -0.209081 0)
(-0.0120976 0.0230811 0)
(-0.00232963 0.109367 0)
(-0.0853615 0.0450697 0)
(-0.260442 -0.174091 0)
(-0.363662 -0.319212 0)
(-0.433729 -0.350391 0)
(-0.546999 -0.204836 0)
(-0.715255 0.0444313 0)
(-0.89963 0.425165 0)
(-0.996223 0.885467 0)
(-1.01486 1.18737 0)
(-0.958472 1.12391 0)
(-0.74143 0.56272 0)
(-0.61424 -0.124708 0)
(-0.662469 -0.371654 0)
(-0.660152 -0.451016 0)
(-0.680355 -0.459557 0)
(-0.739747 -0.405604 0)
(-0.849211 -0.119308 0)
(-0.749239 0.264197 0)
(-0.55517 0.270586 0)
(0.0150837 -0.726307 0)
(0.12363 -0.196348 0)
(0.0113009 0.0511327 0)
(0.0577013 0.0839412 0)
(0.0971117 0.0861068 0)
(0.110591 0.0106943 0)
(-0.0642347 -0.174978 0)
(-0.183285 -0.252905 0)
(-0.323073 -0.114821 0)
(-0.496412 0.191006 0)
(-0.628084 0.510978 0)
(-0.694701 0.859485 0)
(-0.67953 1.10113 0)
(-0.624721 1.04038 0)
(-0.585804 0.517375 0)
(-0.652595 -0.108339 0)
(-0.69231 -0.363178 0)
(-0.721857 -0.420065 0)
(-0.828121 -0.350543 0)
(-1.09015 -0.219959 0)
(-1.22452 -0.0566507 0)
(-1.12307 0.116728 0)
(-0.983813 0.202911 0)
(-0.0390889 -0.800133 0)
(0.0876103 -0.171497 0)
(-0.0455987 0.0575697 0)
(0.0459838 0.0290385 0)
(0.0740229 -0.0134513 0)
(0.133491 -0.013158 0)
(0.140653 -0.0391008 0)
(0.0381318 -0.0782559 0)
(-0.129075 0.0436298 0)
(-0.245574 0.313523 0)
(-0.333618 0.626226 0)
(-0.353158 0.865192 0)
(-0.31362 1.05669 0)
(-0.301084 1.06602 0)
(-0.461556 0.600504 0)
(-0.646458 -0.0419574 0)
(-0.716088 -0.307751 0)
(-0.801108 -0.327405 0)
(-0.969094 -0.104622 0)
(-1.21301 -0.000766397 0)
(-1.32552 -0.00589182 0)
(-1.25388 0.0147736 0)
(-1.13246 0.104257 0)
(-0.0815069 -0.817025 0)
(0.0416358 -0.0848301 0)
(-0.097743 0.0456716 0)
(0.0135347 -0.0172418 0)
(0.0215884 -0.0511603 0)
(0.066126 -0.0611194 0)
(0.094221 -0.0487467 0)
(0.0819926 0.0122871 0)
(0.010945 0.162523 0)
(-0.0772821 0.39096 0)
(-0.0952176 0.661861 0)
(-0.078947 0.883293 0)
(-0.0303116 1.06705 0)
(0.00446643 1.18946 0)
(-0.221935 0.866815 0)
(-0.566012 0.0988024 0)
(-0.690252 -0.186561 0)
(-0.809065 -0.183384 0)
(-0.934273 0.0731751 0)
(-1.05383 0.132591 0)
(-1.13971 -0.0228108 0)
(-1.09683 -0.119676 0)
(-0.992941 -0.0938613 0)
(-0.0997316 -0.776245 0)
(-0.0136027 -0.0561803 0)
(-0.104025 0.0226939 0)
(-0.0298861 -0.0534563 0)
(-0.0156507 -0.0840352 0)
(0.0451288 -0.0953753 0)
(0.104151 -0.0502709 0)
(0.14043 0.0592131 0)
(0.124839 0.225457 0)
(0.0640091 0.429093 0)
(0.0510318 0.639763 0)
(0.0891298 0.834407 0)
(0.152496 1.0199 0)
(0.238237 1.23045 0)
(0.203459 1.20389 0)
(-0.255949 0.458698 0)
(-0.533785 -0.00368714 0)
(-0.686232 -0.0815247 0)
(-0.729112 0.0699553 0)
(-0.736821 0.222867 0)
(-0.862655 0.0303899 0)
(-0.895917 -0.105386 0)
(-0.899456 -0.155216 0)
(-0.0979807 -0.711437 0)
(-0.0482386 -0.0529838 0)
(-0.105407 0.00978732 0)
(-0.073135 -0.0781288 0)
(-0.03198 -0.136994 0)
(0.0464622 -0.177872 0)
(0.122989 -0.130709 0)
(0.207211 0.0172707 0)
(0.267424 0.249001 0)
(0.236117 0.466715 0)
(0.185303 0.633643 0)
(0.194117 0.776451 0)
(0.25725 0.924332 0)
(0.366696 1.12839 0)
(0.522224 1.305 0)
(0.327968 0.952162 0)
(-0.160493 0.273369 0)
(-0.469 0.0228357 0)
(-0.530689 0.0726898 0)
(-0.476777 0.212666 0)
(-0.454929 0.160415 0)
(-0.575745 -0.0767097 0)
(-0.659026 -0.150177 0)
(-0.0950627 -0.633318 0)
(-0.0693873 -0.0410544 0)
(-0.119174 0.016402 0)
(-0.104667 -0.104063 0)
(-0.0422403 -0.215053 0)
(0.0014245 -0.260956 0)
(0.0504296 -0.221375 0)
(0.128115 -0.109083 0)
(0.272328 0.16754 0)
(0.36068 0.483638 0)
(0.32844 0.666652 0)
(0.29854 0.758722 0)
(0.335434 0.84256 0)
(0.431608 0.967322 0)
(0.639682 1.15679 0)
(0.73944 1.16514 0)
(0.569212 0.827958 0)
(0.0444358 0.297447 0)
(-0.2467 0.0873099 0)
(-0.282191 0.100056 0)
(-0.168294 0.1888 0)
(-0.113067 0.159188 0)
(-0.11409 0.0192047 0)
(-0.0987094 -0.54014 0)
(-0.102566 -0.0291816 0)
(-0.138922 0.0437821 0)
(-0.128001 -0.143997 0)
(-0.112073 -0.260035 0)
(-0.124743 -0.272718 0)
(-0.1069 -0.255307 0)
(-0.0381627 -0.18788 0)
(0.0799578 -0.00300776 0)
(0.303401 0.395416 0)
(0.387969 0.67068 0)
(0.385351 0.760656 0)
(0.409794 0.792193 0)
(0.483594 0.835614 0)
(0.642467 0.929512 0)
(0.859027 1.0355 0)
(0.984673 1.02674 0)
(0.858516 0.806062 0)
(0.42079 0.39213 0)
(0.120995 0.158142 0)
(-0.00858575 -0.00872903 0)
(0.0504474 -0.0429416 0)
(0.128114 -0.0786474 0)
(-0.107752 -0.426263 0)
(-0.148664 -0.0089679 0)
(-0.179374 0.0710825 0)
(-0.193016 -0.164091 0)
(-0.242651 -0.226408 0)
(-0.289911 -0.249689 0)
(-0.289856 -0.288186 0)
(-0.252376 -0.281855 0)
(-0.153086 -0.136582 0)
(0.0604284 0.191651 0)
(0.294046 0.578416 0)
(0.394614 0.719583 0)
(0.462516 0.744363 0)
(0.538153 0.747707 0)
(0.642578 0.759683 0)
(0.813185 0.796145 0)
(1.03353 0.863358 0)
(1.20867 0.903367 0)
(1.18621 0.781195 0)
(0.959713 0.477677 0)
(0.704023 0.160477 0)
(0.580613 -0.0781081 0)
(0.479701 -0.189207 0)
(-0.12392 -0.28376 0)
(-0.202285 0.0768332 0)
(-0.244625 0.0746955 0)
(-0.294498 -0.125543 0)
(-0.386733 -0.150574 0)
(-0.438788 -0.207724 0)
(-0.454008 -0.302128 0)
(-0.450169 -0.344464 0)
(-0.39273 -0.254807 0)
(-0.218952 0.0165025 0)
(0.0752819 0.384415 0)
(0.300632 0.580108 0)
(0.46589 0.653267 0)
(0.583092 0.669963 0)
(0.673021 0.660975 0)
(0.768437 0.632105 0)
(0.915654 0.619305 0)
(1.13585 0.667601 0)
(1.35588 0.716686 0)
(1.44989 0.637043 0)
(1.43148 0.428995 0)
(1.35662 0.189394 0)
(1.26356 -0.00936868 0)
(-0.147266 -0.112674 0)
(-0.241834 0.190386 0)
(-0.303734 0.104925 0)
(-0.396246 -0.0314764 0)
(-0.511728 -0.0485731 0)
(-0.581398 -0.168245 0)
(-0.616748 -0.294131 0)
(-0.626045 -0.366877 0)
(-0.587759 -0.348138 0)
(-0.452582 -0.199838 0)
(-0.195375 0.0508399 0)
(0.12095 0.310228 0)
(0.388152 0.469547 0)
(0.582775 0.556627 0)
(0.702691 0.585675 0)
(0.772143 0.559836 0)
(0.827568 0.488172 0)
(0.931574 0.43389 0)
(1.12278 0.443533 0)
(1.32886 0.449863 0)
(1.46258 0.370457 0)
(1.49941 0.214316 0)
(1.47355 0.0305463 0)
(-0.15845 0.0782917 0)
(-0.255734 0.295705 0)
(-0.346086 0.17684 0)
(-0.47708 0.0977892 0)
(-0.610913 0.0547325 0)
(-0.698741 -0.114976 0)
(-0.747707 -0.273139 0)
(-0.75284 -0.386701 0)
(-0.703061 -0.42371 0)
(-0.582548 -0.36821 0)
(-0.379195 -0.233792 0)
(-0.106871 -0.0463654 0)
(0.192576 0.164451 0)
(0.47074 0.35965 0)
(0.660946 0.478851 0)
(0.761681 0.514025 0)
(0.794355 0.463042 0)
(0.799697 0.359772 0)
(0.849353 0.279121 0)
(0.970513 0.245947 0)
(1.1052 0.209006 0)
(1.19469 0.127965 0)
(1.22579 0.012321 0)
(-0.149769 0.27375 0)
(-0.248478 0.409962 0)
(-0.365664 0.290027 0)
(-0.518095 0.247897 0)
(-0.662328 0.168498 0)
(-0.760376 -0.0449714 0)
(-0.814567 -0.250904 0)
(-0.817046 -0.416104 0)
(-0.762205 -0.508582 0)
(-0.646722 -0.515836 0)
(-0.472249 -0.448184 0)
(-0.246823 -0.318319 0)
(0.0151815 -0.12965 0)
(0.282515 0.0975807 0)
(0.517377 0.302847 0)
(0.673476 0.432168 0)
(0.738561 0.455495 0)
(0.728625 0.380879 0)
(0.696486 0.268735 0)
(0.703569 0.181378 0)
(0.757347 0.122409 0)
(0.824257 0.0588857 0)
(0.87425 -0.0276496 0)
(-0.126204 0.447861 0)
(-0.220418 0.53546 0)
(-0.35146 0.423284 0)
(-0.502225 0.39886 0)
(-0.64782 0.288725 0)
(-0.755548 0.0338475 0)
(-0.819379 -0.220967 0)
(-0.83045 -0.440706 0)
(-0.784697 -0.590974 0)
(-0.681943 -0.655056 0)
(-0.53033 -0.638877 0)
(-0.340206 -0.554046 0)
(-0.117016 -0.394765 0)
(0.117656 -0.175498 0)
(0.342259 0.0878865 0)
(0.519531 0.301318 0)
(0.617304 0.410551 0)
(0.635798 0.399826 0)
(0.606126 0.308469 0)
(0.579406 0.199255 0)
(0.58705 0.104434 0)
(0.62733 0.0167176 0)
(0.690801 -0.0818246 0)
(-0.0982502 0.593788 0)
(-0.170208 0.661163 0)
(-0.301972 0.555488 0)
(-0.432126 0.535566 0)
(-0.568441 0.416803 0)
(-0.685867 0.12743 0)
(-0.765892 -0.173999 0)
(-0.799258 -0.447805 0)
(-0.777609 -0.655478 0)
(-0.699724 -0.771664 0)
(-0.577546 -0.796429 0)
(-0.424205 -0.743968 0)
(-0.245941 -0.614121 0)
(-0.0489455 -0.399199 0)
(0.143064 -0.121355 0)
(0.315721 0.157131 0)
(0.429595 0.336389 0)
(0.477446 0.380948 0)
(0.484045 0.322485 0)
(0.482314 0.214404 0)
(0.497261 0.0947369 0)
(0.537408 -0.0267694 0)
(0.598931 -0.153696 0)
(-0.0792108 0.7018 0)
(-0.0957896 0.770092 0)
(-0.211031 0.671395 0)
(-0.313297 0.647898 0)
(-0.431103 0.545944 0)
(-0.557454 0.239201 0)
(-0.659217 -0.100368 0)
(-0.725196 -0.425124 0)
(-0.740825 -0.689747 0)
(-0.699191 -0.857115 0)
(-0.613788 -0.917001 0)
(-0.503921 -0.887383 0)
(-0.380131 -0.778542 0)
(-0.241662 -0.570776 0)
(-0.0932686 -0.282572 0)
(0.0643644 0.0292158 0)
(0.186442 0.252442 0)
(0.252956 0.32737 0)
(0.297768 0.292188 0)
(0.334342 0.191809 0)
(0.373542 0.0620825 0)
(0.421048 -0.0784135 0)
(0.485113 -0.226617 0)
(-0.0837611 0.766881 0)
(-0.0277593 0.834872 0)
(-0.0680631 0.764409 0)
(-0.142869 0.737863 0)
(-0.239472 0.66887 0)
(-0.368704 0.369808 0)
(-0.495958 0.00628757 0)
(-0.600711 -0.361771 0)
(-0.662501 -0.681938 0)
(-0.66685 -0.901836 0)
(-0.623898 -0.993891 0)
(-0.560353 -0.979138 0)
(-0.491906 -0.881311 0)
(-0.414509 -0.683569 0)
(-0.319387 -0.38723 0)
(-0.203902 -0.0750031 0)
(-0.0750812 0.169031 0)
(0.00342111 0.250925 0)
(0.0823412 0.224147 0)
(0.156878 0.134539 0)
(0.223785 0.00617274 0)
(0.283727 -0.139977 0)
(0.342611 -0.302158 0)
(-0.104328 0.805298 0)
(-0.0307509 0.79215 0)
(0.0546943 0.769787 0)
(0.0684425 0.813535 0)
(-0.00542933 0.778451 0)
(-0.12331 0.513271 0)
(-0.273707 0.148251 0)
(-0.416837 -0.251237 0)
(-0.530361 -0.624268 0)
(-0.588385 -0.900471 0)
(-0.591274 -1.02677 0)
(-0.569905 -1.02129 0)
(-0.549972 -0.929329 0)
(-0.524553 -0.745934 0)
(-0.472761 -0.459228 0)
(-0.39197 -0.148351 0)
(-0.286666 0.07753 0)
(-0.185087 0.160273 0)
(-0.0914042 0.122521 0)
(0.0211842 0.042469 0)
(0.101657 -0.0666573 0)
(0.15103 -0.194754 0)
(0.18184 -0.347737 0)
(-0.080769 0.871195 0)
(-0.0691873 0.6987 0)
(0.069249 0.625606 0)
(0.230294 0.810681 0)
(0.241001 0.852695 0)
(0.160297 0.659991 0)
(0.00597512 0.326132 0)
(-0.175162 -0.0891792 0)
(-0.340015 -0.510593 0)
(-0.455446 -0.849644 0)
(-0.508412 -1.01919 0)
(-0.52418 -1.02445 0)
(-0.538259 -0.933639 0)
(-0.551261 -0.769633 0)
(-0.528648 -0.513543 0)
(-0.463706 -0.2253 0)
(-0.368359 -0.0270312 0)
(-0.261643 0.0378932 0)
(-0.160121 -0.000312368 0)
(-0.0612388 -0.0587261 0)
(0.00927517 -0.123567 0)
(0.0389717 -0.217787 0)
(0.0344945 -0.336214 0)
(0.0338283 0.923603 0)
(-0.043733 0.704279 0)
(0.0351545 0.407501 0)
(0.262704 0.663705 0)
(0.421409 0.839363 0)
(0.437191 0.769805 0)
(0.321089 0.516163 0)
(0.122604 0.135363 0)
(-0.0989662 -0.329449 0)
(-0.269494 -0.742066 0)
(-0.375061 -0.969628 0)
(-0.429999 -0.998137 0)
(-0.465376 -0.908089 0)
(-0.50426 -0.764648 0)
(-0.504226 -0.552177 0)
(-0.448532 -0.301592 0)
(-0.359088 -0.128547 0)
(-0.262056 -0.0779146 0)
(-0.175398 -0.0970421 0)
(-0.104788 -0.126463 0)
(-0.0509672 -0.15956 0)
(-0.0299067 -0.213561 0)
(-0.0559924 -0.282594 0)
(0.147063 0.843914 0)
(0.0921995 0.788229 0)
(0.104612 0.305766 0)
(0.214267 0.404376 0)
(0.447318 0.656333 0)
(0.619327 0.767349 0)
(0.606674 0.664769 0)
(0.435711 0.371384 0)
(0.175855 -0.075531 0)
(-0.0499584 -0.566591 0)
(-0.202134 -0.87014 0)
(-0.301995 -0.944339 0)
(-0.35425 -0.862997 0)
(-0.408916 -0.735426 0)
(-0.432905 -0.570761 0)
(-0.398136 -0.370126 0)
(-0.320228 -0.213115 0)
(-0.24233 -0.160249 0)
(-0.176512 -0.166363 0)
(-0.122153 -0.17766 0)
(-0.0789025 -0.188158 0)
(-0.0559026 -0.209434 0)
(-0.0632696 -0.237535 0)
(0.165576 0.642556 0)
(0.231196 0.786714 0)
(0.262936 0.385733 0)
(0.259238 0.238768 0)
(0.424782 0.395033 0)
(0.658692 0.611473 0)
(0.775862 0.708823 0)
(0.68251 0.569917 0)
(0.438802 0.196318 0)
(0.166285 -0.331157 0)
(-0.0190364 -0.718334 0)
(-0.158515 -0.860501 0)
(-0.229312 -0.804939 0)
(-0.291024 -0.687077 0)
(-0.333915 -0.56153 0)
(-0.330827 -0.414968 0)
(-0.276609 -0.283967 0)
(-0.214281 -0.22313 0)
(-0.165758 -0.217339 0)
(-0.125424 -0.219455 0)
(-0.0901726 -0.218948 0)
(-0.0644258 -0.22575 0)
(-0.0488765 -0.238257 0)
(0.0957116 0.447073 0)
(0.262059 0.640956 0)
(0.411733 0.412756 0)
(0.500969 0.226144 0)
(0.570969 0.211305 0)
(0.702737 0.419236 0)
(0.836593 0.652194 0)
(0.81979 0.697251 0)
(0.618172 0.442155 0)
(0.328146 -0.0922378 0)
(0.141186 -0.531959 0)
(-0.0161113 -0.747874 0)
(-0.109359 -0.735228 0)
(-0.174793 -0.630471 0)
(-0.223742 -0.529026 0)
(-0.247905 -0.426201 0)
(-0.228207 -0.330936 0)
(-0.185735 -0.270515 0)
(-0.149324 -0.254327 0)
(-0.120534 -0.251496 0)
(-0.0942562 -0.245807 0)
(-0.0739655 -0.246306 0)
(-0.0613829 -0.256485 0)
(0.0372325 0.322019 0)
(0.243885 0.377727 0)
(0.506469 0.226077 0)
(0.734614 0.129443 0)
(0.846381 0.132506 0)
(0.865621 0.312647 0)
(0.896668 0.623908 0)
(0.873586 0.792552 0)
(0.699347 0.659862 0)
(0.423256 0.139598 0)
(0.258083 -0.34569 0)
(0.108509 -0.618953 0)
(-0.00596713 -0.653123 0)
(-0.0772446 -0.571382 0)
(-0.124556 -0.487345 0)
(-0.158008 -0.410267 0)
(-0.166273 -0.346415 0)
(-0.149591 -0.300331 0)
(-0.126281 -0.280687 0)
(-0.107369 -0.274267 0)
(-0.0903249 -0.265434 0)
(-0.0764473 -0.259292 0)
(-0.0701556 -0.261579 0)
(0.064632 0.199293 0)
(0.287131 0.042634 0)
(0.571254 -0.109983 0)
(0.84122 -0.0928156 0)
(1.00789 0.0724862 0)
(1.0095 0.328373 0)
(0.949201 0.662949 0)
(0.866437 0.907319 0)
(0.684937 0.85531 0)
(0.440206 0.32882 0)
(0.321434 -0.180058 0)
(0.194755 -0.49045 0)
(0.0748346 -0.563114 0)
(-0.00421351 -0.509657 0)
(-0.0512077 -0.447049 0)
(-0.0818027 -0.386362 0)
(-0.0985148 -0.339168 0)
(-0.10136 -0.309375 0)
(-0.0937238 -0.294554 0)
(-0.0854888 -0.286991 0)
(-0.0784968 -0.277214 0)
(-0.0718652 -0.267436 0)
(-0.0696003 -0.262289 0)
(0.113715 0.0134331 0)
(0.333426 -0.250452 0)
(0.56867 -0.384366 0)
(0.80635 -0.321373 0)
(0.996456 -0.0423848 0)
(1.02736 0.365572 0)
(0.928691 0.773775 0)
(0.779622 1.07022 0)
(0.571969 1.03418 0)
(0.389331 0.469312 0)
(0.335524 -0.0478087 0)
(0.238325 -0.375322 0)
(0.125154 -0.470157 0)
(0.0444363 -0.445525 0)
(-0.00411889 -0.407035 0)
(-0.0327258 -0.36508 0)
(-0.0466239 -0.327314 0)
(-0.0538963 -0.30488 0)
(-0.056808 -0.295454 0)
(-0.0581078 -0.289069 0)
(-0.0600917 -0.27989 0)
(-0.061064 -0.269369 0)
(-0.063561 -0.2601 0)
(0.122381 -0.208696 0)
(0.330388 -0.483811 0)
(0.490235 -0.585729 0)
(0.704848 -0.509095 0)
(0.867627 -0.126594 0)
(0.915232 0.413315 0)
(0.799099 0.929009 0)
(0.582466 1.27546 0)
(0.352656 1.17545 0)
(0.295241 0.552872 0)
(0.30835 0.0350505 0)
(0.239702 -0.278682 0)
(0.141486 -0.379506 0)
(0.0680908 -0.381405 0)
(0.0215881 -0.365812 0)
(-0.00660086 -0.344064 0)
(-0.019322 -0.318402 0)
(-0.0239007 -0.298894 0)
(-0.0280443 -0.289888 0)
(-0.03326 -0.283888 0)
(-0.0396713 -0.275322 0)
(-0.0454911 -0.265586 0)
(-0.0516841 -0.254776 0)
(0.107127 -0.416376 0)
(0.279238 -0.652596 0)
(0.375756 -0.733279 0)
(0.586518 -0.729549 0)
(0.78259 -0.206253 0)
(0.781331 0.522669 0)
(0.596063 1.17582 0)
(0.277565 1.55323 0)
(0.107446 1.22227 0)
(0.175954 0.494301 0)
(0.250997 0.0515 0)
(0.197117 -0.197317 0)
(0.123207 -0.297258 0)
(0.0666761 -0.323714 0)
(0.028748 -0.327817 0)
(0.00489981 -0.321825 0)
(-0.00801438 -0.309062 0)
(-0.0121445 -0.295068 0)
(-0.014018 -0.285024 0)
(-0.0176957 -0.277514 0)
(-0.0230808 -0.268403 0)
(-0.0290173 -0.258769 0)
(-0.0359976 -0.247722 0)
(0.0766029 -0.584484 0)
(0.185368 -0.761538 0)
(0.271256 -0.853241 0)
(0.362274 -1.0157 0)
(0.727584 -0.274952 0)
(0.699464 0.686436 0)
(0.368778 1.40033 0)
(-0.0800528 1.79358 0)
(-0.0957082 1.27333 0)
(-0.00425867 0.514007 0)
(0.175664 0.109182 0)
(0.119316 -0.137683 0)
(0.0765127 -0.242342 0)
(0.0437995 -0.284914 0)
(0.0212096 -0.301582 0)
(0.00643756 -0.304788 0)
(-0.00281125 -0.299938 0)
(-0.00716012 -0.291472 0)
(-0.00852467 -0.28242 0)
(-0.00994603 -0.273762 0)
(-0.0123117 -0.263843 0)
(-0.0153772 -0.253195 0)
(-0.0196781 -0.241312 0)
(0.0286122 -0.688222 0)
(0.0633472 -0.815165 0)
(0.113233 -0.94387 0)
(0.09017 -1.20415 0)
(0.572561 -0.947561 0)
(0.729507 1.18914 0)
(0.00865522 2.30788 0)
(-0.573313 2.11807 0)
(-0.593129 1.03016 0)
(-0.381743 -0.114156 0)
(-0.0455591 -0.0696 0)
(-0.00177701 -0.160808 0)
(0.0178916 -0.23677 0)
(0.0124775 -0.275653 0)
(0.00730715 -0.294575 0)
(0.00276729 -0.300415 0)
(-0.000293251 -0.297901 0)
(-0.00212941 -0.291259 0)
(-0.00305566 -0.282981 0)
(-0.00357939 -0.273956 0)
(-0.00412726 -0.263602 0)
(-0.00478792 -0.252003 0)
(-0.00575393 -0.238905 0)
(0.258332 -0.0281926 0)
(0.319769 -0.022015 0)
(0.3721 -0.022878 0)
(0.42535 -0.0175153 0)
(0.26675 -0.174809 0)
(0.304289 -0.19664 0)
(0.346949 -0.211435 0)
(0.391425 -0.219414 0)
(0.254318 -0.14618 0)
(0.265381 -0.179581 0)
(0.292531 -0.205489 0)
(0.322117 -0.217559 0)
(-0.749089 -0.072005 0)
(-0.745267 -0.250855 0)
(-0.670501 -0.329598 0)
(-0.631314 -0.248705 0)
(-0.780205 -0.128567 0)
(-0.64382 -0.438356 0)
(-0.515714 -0.447146 0)
(-0.482102 -0.088102 0)
(-0.195635 -0.0187047 0)
(-0.136055 -0.547268 0)
(-0.12778 -0.70969 0)
(-0.124529 -0.480133 0)
(0.159296 0.0978808 0)
(0.235344 -0.431774 0)
(0.149429 -0.586487 0)
(-0.016122 -0.344054 0)
(0.271583 -0.0119873 0)
(0.313678 -0.341435 0)
(0.154819 -0.332647 0)
(-0.187576 0.0442692 0)
(0.347559 -0.0211652 0)
(0.140161 -0.0363878 0)
(-0.23962 0.378747 0)
(-0.280007 0.354744 0)
(-0.0977269 0.426484 0)
(-0.327133 0.542337 0)
(-0.374617 0.401979 0)
(-0.22638 0.0436548 0)
(-0.478274 0.831254 0)
(-0.434572 0.6401 0)
(-0.318162 0.242269 0)
(-0.284843 0.0861001 0)
(-0.372213 0.383479 0)
(-0.243585 0.309327 0)
(-0.168903 0.151011 0)
(-0.184693 0.0763312 0)
(-0.460727 0.170633 0)
(-0.430393 0.182071 0)
(-0.461814 0.162653 0)
(-0.534884 0.159788 0)
(-0.960451 0.247643 0)
(-0.989498 0.317537 0)
(-0.99238 0.324822 0)
(-1.02069 0.322075 0)
(-1.05673 0.201666 0)
(-1.02261 0.245309 0)
(-1.00011 0.266678 0)
(-0.989675 0.272232 0)
(-0.870521 0.046183 0)
(-0.796618 0.189031 0)
(-0.759963 0.248558 0)
(-0.756494 0.243528 0)
(-0.874459 -0.115826 0)
(-0.812394 -0.0176343 0)
(-0.700892 0.113967 0)
(-0.598171 0.210058 0)
(-0.69981 -0.16496 0)
(-0.682569 -0.14641 0)
(-0.647674 -0.111825 0)
(-0.583495 -0.0671497 0)
(-0.143068 -0.127984 0)
(-0.154146 -0.162903 0)
(-0.176306 -0.180946 0)
(-0.158291 -0.196246 0)
(0.167822 -0.0602885 0)
(0.195809 -0.0482713 0)
(0.242374 -0.0355909 0)
(0.320106 -0.0506347 0)
(0.481664 -0.262351 0)
(0.521537 -0.359217 0)
(0.559754 -0.488525 0)
(0.577959 -0.548642 0)
(1.20744 -0.137519 0)
(1.18588 -0.207255 0)
(1.16801 -0.262858 0)
(1.13374 -0.294333 0)
(1.44238 -0.102407 0)
(1.4155 -0.178892 0)
(1.38685 -0.248104 0)
(1.35859 -0.309571 0)
(1.22926 -0.0808792 0)
(1.22108 -0.137868 0)
(1.20891 -0.191233 0)
(1.19428 -0.239994 0)
(0.90719 -0.100599 0)
(0.925715 -0.148722 0)
(0.943243 -0.196925 0)
(0.959748 -0.243671 0)
(0.745865 -0.159912 0)
(0.784019 -0.211149 0)
(0.823624 -0.260707 0)
(0.863516 -0.30625 0)
(0.655508 -0.247479 0)
(0.699856 -0.306406 0)
(0.749168 -0.36103 0)
(0.804756 -0.414517 0)
(0.544351 -0.338881 0)
(0.592359 -0.414518 0)
(0.649262 -0.486818 0)
(0.711907 -0.564046 0)
(0.388306 -0.435341 0)
(0.419814 -0.530632 0)
(0.470008 -0.614657 0)
(0.491623 -0.712066 0)
(0.18019 -0.482487 0)
(0.169769 -0.567875 0)
(0.182434 -0.640229 0)
(0.120563 -0.724364 0)
(-0.0187843 -0.439533 0)
(-0.0516571 -0.494322 0)
(-0.0783398 -0.590329 0)
(-0.148987 -0.633013 0)
(-0.114805 -0.33969 0)
(-0.147398 -0.39995 0)
(-0.205887 -0.524994 0)
(-0.269911 -0.569448 0)
(-0.0876581 -0.262903 0)
(-0.106921 -0.308974 0)
(-0.1525 -0.418021 0)
(-0.244425 -0.526472 0)
(-0.0390827 -0.247541 0)
(-0.0336763 -0.262619 0)
(-0.0433303 -0.304097 0)
(-0.0888719 -0.380565 0)
(-0.0539311 -0.267513 0)
(-0.0491298 -0.272564 0)
(-0.0498209 -0.278261 0)
(-0.0571001 -0.289081 0)
(-0.0711827 -0.270076 0)
(-0.0739901 -0.278663 0)
(-0.0778872 -0.288491 0)
(-0.0842914 -0.294611 0)
(-0.0723741 -0.262523 0)
(-0.0773369 -0.263361 0)
(-0.0845676 -0.265285 0)
(-0.0936477 -0.26806 0)
(-0.0676592 -0.255721 0)
(-0.0724129 -0.253401 0)
(-0.0784567 -0.251255 0)
(-0.0860046 -0.248052 0)
(-0.0566169 -0.247189 0)
(-0.0612751 -0.242139 0)
(-0.066845 -0.237542 0)
(-0.0734434 -0.232611 0)
(-0.0410618 -0.238972 0)
(-0.045091 -0.232438 0)
(-0.0496667 -0.225897 0)
(-0.0551263 -0.21916 0)
(-0.0233126 -0.231792 0)
(-0.0260808 -0.224599 0)
(-0.0291327 -0.216933 0)
(-0.0327684 -0.208797 0)
(-0.00682644 -0.228249 0)
(-0.00770672 -0.220506 0)
(-0.00868494 -0.21212 0)
(-0.0098094 -0.202964 0)
(0.501068 -0.0542761 0)
(0.586916 -0.103686 0)
(0.682112 -0.194805 0)
(0.758607 -0.31091 0)
(0.768055 -0.377593 0)
(0.717236 -0.319534 0)
(0.629112 -0.158037 0)
(0.531998 -0.0147368 0)
(0.451236 0.0472463 0)
(0.403089 0.050679 0)
(0.370756 -0.0139852 0)
(0.309883 -0.0754515 0)
(0.223108 0.0280189 0)
(0.122407 0.233745 0)
(-0.0225726 0.300866 0)
(-0.120608 0.218737 0)
(-0.123823 0.204084 0)
(-0.0920558 0.266891 0)
(-0.0354661 0.268623 0)
(0.459594 -0.23057 0)
(0.547961 -0.253639 0)
(0.554891 -0.279731 0)
(0.471828 -0.329748 0)
(0.160284 -0.253867 0)
(-0.230155 -0.0578656 0)
(-0.342511 0.0708142 0)
(0.0338227 0.081811 0)
(0.231204 0.0741623 0)
(0.318155 0.0639511 0)
(0.323286 0.025104 0)
(0.230545 0.00727218 0)
(0.0899612 0.151575 0)
(-0.0188422 0.348575 0)
(-0.081086 0.385106 0)
(-0.0417589 0.3182 0)
(-0.126817 0.262067 0)
(-0.132382 0.19115 0)
(-0.104685 0.127088 0)
(0.348737 -0.211179 0)
(0.186392 -0.172783 0)
(-0.421258 0.082678 0)
(-0.919439 0.122577 0)
(-0.827005 0.122347 0)
(-0.455489 -0.181243 0)
(-0.176435 -0.346181 0)
(0.0734835 -0.368043 0)
(0.239821 -0.221449 0)
(0.330247 -0.0274303 0)
(0.315078 0.0628602 0)
(0.213153 0.107125 0)
(0.093012 0.236915 0)
(0.0356281 0.384975 0)
(0.130159 0.366332 0)
(0.328363 0.345643 0)
(0.471227 0.497322 0)
(0.403572 0.41577 0)
(0.151989 0.123048 0)
(-1.065 0.0222342 0)
(-1.51726 0.405079 0)
(-1.03339 0.279715 0)
(-0.42884 -0.403092 0)
(-0.132147 -0.390559 0)
(-0.00627054 -0.397071 0)
(0.0390462 -0.400981 0)
(0.121221 -0.349086 0)
(0.216702 -0.225562 0)
(0.252272 -0.0472496 0)
(0.245535 0.0994616 0)
(0.205235 0.183194 0)
(0.155519 0.2837 0)
(0.177848 0.350108 0)
(0.327718 0.136391 0)
(0.506721 -0.0183687 0)
(0.759336 0.329146 0)
(0.7906 0.582111 0)
(0.416949 0.537289 0)
(-0.644502 0.300635 0)
(-0.729762 0.106031 0)
(-0.0672685 -0.468197 0)
(-0.226006 -0.489327 0)
(-0.236053 -0.354825 0)
(-0.172565 -0.326277 0)
(-0.216865 -0.277286 0)
(-0.297427 -0.404646 0)
(-0.0912241 -0.237312 0)
(0.0854529 0.0164029 0)
(0.1296 0.151381 0)
(0.150722 0.228037 0)
(0.183864 0.288229 0)
(0.26409 0.23176 0)
(0.420008 0.0225365 0)
(0.366016 -0.138486 0)
(0.485479 0.210678 0)
(0.689311 0.690232 0)
(0.444133 0.984229 0)
(-0.238049 0.395691 0)
(-0.270484 0.258968 0)
(-0.0745028 -0.460953 0)
(-0.380406 -0.309381 0)
(-0.350288 -0.311894 0)
(-0.305537 -0.428573 0)
(-0.289676 -0.373167 0)
(-0.772083 -0.531485 0)
(-0.678835 -0.577732 0)
(-0.262911 -0.183017 0)
(-0.0661283 0.0780507 0)
(0.0528434 0.185914 0)
(0.161572 0.205884 0)
(0.230122 0.11381 0)
(0.351327 0.0847791 0)
(0.329849 -0.074864 0)
(0.290757 0.096042 0)
(0.435345 0.66893 0)
(0.285389 1.36677 0)
(-0.139325 0.340463 0)
(-0.0298744 0.271453 0)
(-0.0269912 -0.327898 0)
(-0.318174 -0.308525 0)
(-0.305768 -0.515235 0)
(-0.662047 -0.361527 0)
(-1.00591 0.10709 0)
(-1.1407 -0.375992 0)
(-1.33758 -0.683208 0)
(-1.36116 -0.59446 0)
(-1.05642 -0.225076 0)
(-0.762649 0.0213991 0)
(-0.6729 0.10925 0)
(-0.511899 -0.0560372 0)
(-0.231173 -0.263986 0)
(-0.0631654 -0.168132 0)
(-0.0606006 0.136162 0)
(-0.00849308 0.80226 0)
(-0.0189962 1.57122 0)
(-0.255852 0.437708 0)
(0.216591 0.0515821 0)
(0.160755 -0.197781 0)
(-0.142861 -0.169029 0)
(-0.408063 -0.0952631 0)
(-0.841269 0.157365 0)
(-1.04496 0.0713798 0)
(-1.24424 -0.170978 0)
(-1.47784 -0.412237 0)
(-1.63757 -0.526812 0)
(-1.65485 -0.413631 0)
(-1.42534 -0.188627 0)
(-0.948214 -0.183649 0)
(-0.62277 -0.369698 0)
(-0.599667 -0.239735 0)
(-0.536364 -0.0040049 0)
(-0.467034 0.403302 0)
(-0.440874 0.96221 0)
(-0.226594 1.36496 0)
(-0.11251 0.229496 0)
(0.125711 -0.195036 0)
(-0.110183 0.0364081 0)
(-0.249008 0.0783389 0)
(-0.401333 0.17662 0)
(-0.584646 0.31979 0)
(-0.65962 0.215253 0)
(-0.747243 -0.0138032 0)
(-0.861055 -0.262356 0)
(-0.950709 -0.4471 0)
(-0.97029 -0.522334 0)
(-0.885087 -0.474236 0)
(-0.722086 -0.42618 0)
(-0.559279 -0.464149 0)
(-0.499105 -0.414429 0)
(-0.536213 -0.341575 0)
(-0.661663 0.0883023 0)
(-0.561873 0.631391 0)
(-0.272037 0.835111 0)
(-0.163251 -0.075699 0)
(-0.318635 0.0507807 0)
(-0.35926 0.153134 0)
(-0.314828 0.126179 0)
(-0.223067 0.175827 0)
(-0.183409 0.35027 0)
(-0.159916 0.284549 0)
(-0.143257 0.0513604 0)
(-0.156667 -0.186318 0)
(-0.187882 -0.340429 0)
(-0.243255 -0.425163 0)
(-0.334632 -0.448613 0)
(-0.439797 -0.487508 0)
(-0.483769 -0.500863 0)
(-0.308389 -0.392303 0)
(-0.232084 -0.144913 0)
(-0.492626 0.287547 0)
(-0.359139 0.464983 0)
(-0.138259 0.382472 0)
(-0.358766 0.111276 0)
(-0.406448 0.111543 0)
(-0.323112 0.0718497 0)
(-0.211677 4.18429e-06 0)
(-0.104773 0.0320586 0)
(0.0874064 0.187121 0)
(0.275404 0.145294 0)
(0.405996 0.00215942 0)
(0.488403 -0.164407 0)
(0.500739 -0.280368 0)
(0.474621 -0.353301 0)
(0.363127 -0.35212 0)
(0.185201 -0.345303 0)
(-0.0114412 -0.462465 0)
(-0.043868 -0.476857 0)
(-0.0720738 -0.247721 0)
(-0.214793 0.38173 0)
(0.0239024 0.355977 0)
(0.0379968 0.399365 0)
(-0.235991 0.0864545 0)
(-0.253547 0.0440095 0)
(-0.27174 0.00855204 0)
(-0.34522 -0.0180216 0)
(-0.261287 -0.0836045 0)
(0.0123813 0.0135113 0)
(0.266066 0.057707 0)
(0.465081 -0.093338 0)
(0.55731 -0.282354 0)
(0.631255 -0.341535 0)
(0.73756 -0.300729 0)
(0.758068 -0.255487 0)
(0.714478 -0.216212 0)
(0.597394 -0.236876 0)
(0.440439 -0.259482 0)
(0.0766084 -0.136736 0)
(-0.0392836 0.400863 0)
(0.161023 0.206821 0)
(0.126797 0.532862 0)
(-0.624554 0.155995 0)
(-0.781764 0.166901 0)
(-0.897841 0.155934 0)
(-0.767447 -0.113899 0)
(-0.570717 -0.336791 0)
(-0.336631 -0.309576 0)
(-0.0997052 -0.231692 0)
(0.0569015 -0.242129 0)
(0.194723 -0.289534 0)
(0.31959 -0.346146 0)
(0.434955 -0.387563 0)
(0.555365 -0.327143 0)
(0.642781 -0.206024 0)
(0.61827 -0.145292 0)
(0.575252 -0.0749679 0)
(0.346146 0.102259 0)
(0.0920033 0.378989 0)
(0.188668 0.145019 0)
(0.0679924 0.621393 0)
(-1.04551 0.295376 0)
(-1.01513 0.197932 0)
(-0.870816 -0.00892232 0)
(-0.721259 -0.277475 0)
(-0.617671 -0.45173 0)
(-0.504999 -0.434382 0)
(-0.365768 -0.409973 0)
(-0.19618 -0.445855 0)
(-0.0566127 -0.51748 0)
(0.0470708 -0.53689 0)
(0.169518 -0.511515 0)
(0.308763 -0.424519 0)
(0.413002 -0.295744 0)
(0.467997 -0.187334 0)
(0.51796 -0.0644921 0)
(0.483842 0.255437 0)
(0.197312 0.360794 0)
(0.0916809 0.317159 0)
(-0.0930388 0.687632 0)
(-0.972603 0.24716 0)
(-0.936446 0.148789 0)
(-0.864509 -0.0838141 0)
(-0.753479 -0.372783 0)
(-0.593461 -0.549971 0)
(-0.416152 -0.543542 0)
(-0.226683 -0.518735 0)
(-0.0582869 -0.539831 0)
(0.0698605 -0.571733 0)
(0.0864102 -0.601759 0)
(0.0315587 -0.630506 0)
(0.157344 -0.470972 0)
(0.294367 -0.335209 0)
(0.371241 -0.210219 0)
(0.430176 -0.0489474 0)
(0.375303 0.377754 0)
(0.136761 0.533477 0)
(-0.106239 0.637637 0)
(-0.10635 0.583807 0)
(-0.776671 0.20504 0)
(-0.804151 0.0951436 0)
(-0.745987 -0.185504 0)
(-0.582356 -0.536456 0)
(-0.465401 -0.734409 0)
(-0.365281 -0.73097 0)
(-0.226323 -0.680006 0)
(-0.0969348 -0.698101 0)
(0.0386735 -0.657487 0)
(0.170334 -0.590741 0)
(0.15806 -0.651925 0)
(0.0941518 -0.683196 0)
(0.115248 -0.494274 0)
(0.156437 -0.330458 0)
(0.106166 -0.0165976 0)
(-0.119237 0.705922 0)
(-0.190457 0.727853 0)
(-0.172588 0.644477 0)
(-0.0263735 0.508617 0)
(-0.516667 0.286971 0)
(-0.471579 0.160275 0)
(-0.384903 -0.278366 0)
(-0.287191 -0.616574 0)
(-0.24581 -0.801634 0)
(-0.208991 -0.860363 0)
(-0.167203 -0.755731 0)
(-0.0992346 -0.790856 0)
(-0.0525881 -0.764902 0)
(0.0539307 -0.631364 0)
(0.0701924 -0.556175 0)
(-0.041891 -0.579215 0)
(-0.182816 -0.494429 0)
(-0.358099 -0.206401 0)
(-0.473443 0.252281 0)
(-0.477817 0.746301 0)
(-0.328859 0.589978 0)
(-0.153781 0.50109 0)
(0.0205382 0.424166 0)
(-0.390955 0.0122277 0)
(-0.120874 0.00572166 0)
(-0.0746214 -0.346407 0)
(0.0235442 -0.641289 0)
(0.0542478 -0.805764 0)
(0.0320811 -0.856119 0)
(-0.00138566 -0.778747 0)
(0.00150004 -0.78497 0)
(-0.0449013 -0.80212 0)
(-0.0205532 -0.661859 0)
(-0.0260845 -0.471126 0)
(-0.176002 -0.341794 0)
(-0.384606 -0.224788 0)
(-0.546558 -0.0279704 0)
(-0.596813 0.271022 0)
(-0.488162 0.500764 0)
(-0.250345 0.347369 0)
(-0.14289 0.353139 0)
(0.00565139 0.367419 0)
(-0.0752719 -0.20671 0)
(0.0770643 -0.261087 0)
(0.246832 -0.442478 0)
(0.366256 -0.662413 0)
(0.405632 -0.787238 0)
(0.367658 -0.779238 0)
(0.219715 -0.724008 0)
(0.141175 -0.717131 0)
(0.0482067 -0.765594 0)
(-0.00737913 -0.669808 0)
(-0.00376541 -0.458773 0)
(-0.0815172 -0.277613 0)
(-0.245161 -0.140904 0)
(-0.377363 0.0183099 0)
(-0.398082 0.196285 0)
(-0.286121 0.300002 0)
(-0.152954 0.240763 0)
(-0.128872 0.263132 0)
(-0.0311619 0.298122 0)
(0.438253 -0.145271 0)
(0.510661 -0.281607 0)
(0.589664 -0.465461 0)
(0.65281 -0.660657 0)
(0.648208 -0.756239 0)
(0.604235 -0.67895 0)
(0.415981 -0.59297 0)
(0.278676 -0.613709 0)
(0.174261 -0.675027 0)
(0.0495631 -0.617577 0)
(0.00693376 -0.423731 0)
(-0.0123678 -0.188705 0)
(-0.0763359 -0.0254317 0)
(-0.156534 0.0775299 0)
(-0.168024 0.175088 0)
(-0.117741 0.237906 0)
(-0.105328 0.226583 0)
(-0.0904711 0.215183 0)
(-0.0398037 0.227756 0)
(0.629562 -0.441182 0)
(0.703729 -0.372548 0)
(0.790488 -0.505484 0)
(0.852948 -0.692667 0)
(0.761302 -0.775243 0)
(0.612521 -0.621165 0)
(0.515618 -0.468182 0)
(0.400383 -0.499375 0)
(0.289216 -0.55802 0)
(0.135969 -0.508784 0)
(0.0241785 -0.382084 0)
(-0.016916 -0.174568 0)
(-0.0274901 0.00995017 0)
(-0.0643022 0.120207 0)
(-0.0815455 0.194732 0)
(-0.0806296 0.244295 0)
(-0.091206 0.229317 0)
(-0.0476107 0.18031 0)
(-0.0241675 0.186198 0)
(1.10078 -0.351481 0)
(1.12439 -0.506331 0)
(1.11179 -0.652442 0)
(1.01765 -0.684134 0)
(0.849468 -0.636942 0)
(0.6318 -0.497415 0)
(0.567824 -0.391773 0)
(0.497154 -0.406247 0)
(0.382193 -0.440415 0)
(0.222841 -0.362078 0)
(0.0541932 -0.276248 0)
(-0.044655 -0.121274 0)
(-0.0788476 0.036612 0)
(-0.100396 0.152165 0)
(-0.114759 0.220662 0)
(-0.107325 0.246336 0)
(-0.078854 0.203651 0)
(-0.0156066 0.144077 0)
(-0.0133873 0.167008 0)
(1.32577 -0.365266 0)
(1.29092 -0.407024 0)
(1.23048 -0.45081 0)
(1.14011 -0.470757 0)
(1.01896 -0.425636 0)
(0.817224 -0.317389 0)
(0.643132 -0.291581 0)
(0.543519 -0.331679 0)
(0.441349 -0.33723 0)
(0.289912 -0.214563 0)
(0.0922549 -0.130247 0)
(-0.0551436 -0.0366303 0)
(-0.128129 0.0813645 0)
(-0.152447 0.17122 0)
(-0.14781 0.213923 0)
(-0.106533 0.203683 0)
(-0.0418918 0.145875 0)
(-0.000990384 0.120747 0)
(-0.00916015 0.15819 0)
(1.16347 -0.306108 0)
(1.12959 -0.382923 0)
(1.10155 -0.433765 0)
(1.06346 -0.431933 0)
(1.00022 -0.345286 0)
(0.866052 -0.176884 0)
(0.699018 -0.142306 0)
(0.577156 -0.227043 0)
(0.474373 -0.236827 0)
(0.333105 -0.0807119 0)
(0.134884 0.0364115 0)
(-0.0227361 0.0689215 0)
(-0.110846 0.126276 0)
(-0.136173 0.166827 0)
(-0.113716 0.170207 0)
(-0.0570637 0.136285 0)
(-4.85964e-05 0.100591 0)
(0.00385701 0.115303 0)
(-0.00383325 0.155492 0)
(0.984648 -0.310337 0)
(1.0244 -0.376139 0)
(1.04772 -0.404263 0)
(1.02631 -0.377195 0)
(0.949435 -0.264165 0)
(0.807244 -0.0628152 0)
(0.673234 -0.0242999 0)
(0.583416 -0.127492 0)
(0.498382 -0.132289 0)
(0.363736 0.0426335 0)
(0.165434 0.197486 0)
(0.032627 0.175516 0)
(-0.0395821 0.171362 0)
(-0.0578609 0.162325 0)
(-0.0327266 0.131607 0)
(0.0105576 0.0908493 0)
(0.0188566 0.090124 0)
(0.00874218 0.120802 0)
(0.000881374 0.157619 0)
(0.933757 -0.373579 0)
(1.02123 -0.427254 0)
(1.0556 -0.416823 0)
(1.01652 -0.33195 0)
(0.909348 -0.16132 0)
(0.736677 0.0716461 0)
(0.604931 0.0737829 0)
(0.552081 -0.0528776 0)
(0.492245 -0.0419695 0)
(0.351725 0.16999 0)
(0.147002 0.336571 0)
(0.0712428 0.260238 0)
(0.0338237 0.206214 0)
(0.027331 0.163289 0)
(0.0453205 0.115178 0)
(0.047903 0.0902745 0)
(0.0286409 0.100825 0)
(0.0113265 0.131892 0)
(0.00360075 0.16334 0)
(0.903699 -0.481499 0)
(0.990294 -0.487353 0)
(0.981619 -0.402564 0)
(0.889758 -0.245902 0)
(0.73756 -0.0262229 0)
(0.554414 0.206045 0)
(0.488995 0.126275 0)
(0.492879 -0.0103569 0)
(0.437021 0.0631774 0)
(0.258321 0.326638 0)
(0.074241 0.436371 0)
(0.0804498 0.300967 0)
(0.0788069 0.219535 0)
(0.0803641 0.162942 0)
(0.0794828 0.121429 0)
(0.0594694 0.107345 0)
(0.0320844 0.119383 0)
(0.0116809 0.145102 0)
(0.00534052 0.170874 0)
(0.799938 -0.596549 0)
(0.829838 -0.497708 0)
(0.755152 -0.326376 0)
(0.611265 -0.101801 0)
(0.4086 0.157229 0)
(0.299559 0.274629 0)
(0.393702 0.106379 0)
(0.430362 0.0186358 0)
(0.314199 0.197808 0)
(0.0721233 0.512081 0)
(0.0102441 0.457676 0)
(0.0668426 0.287023 0)
(0.0886886 0.213053 0)
(0.0938174 0.16931 0)
(0.0807578 0.139054 0)
(0.0543466 0.130414 0)
(0.028369 0.140077 0)
(0.0104148 0.157582 0)
(0.00655738 0.178685 0)
(0.529236 -0.669363 0)
(0.494007 -0.432189 0)
(0.389952 -0.192213 0)
(0.223937 0.0962191 0)
(0.059873 0.256101 0)
(0.241365 0.118357 0)
(0.400949 0.0260207 0)
(0.378708 0.0967381 0)
(0.137992 0.39692 0)
(-0.0636272 0.610537 0)
(-0.00207927 0.411317 0)
(0.0488535 0.247833 0)
(0.0734051 0.198001 0)
(0.0783474 0.174968 0)
(0.0638954 0.15758 0)
(0.0409637 0.152917 0)
(0.0215938 0.157493 0)
(0.00849868 0.166727 0)
(0.00710104 0.185956 0)
(0.104559 -0.618043 0)
(0.0679312 -0.34341 0)
(-0.00677747 -0.0115447 0)
(-0.103304 0.21103 0)
(0.114171 0.100556 0)
(0.299121 -0.0560909 0)
(0.355189 -0.0308265 0)
(0.271414 0.278897 0)
(-0.00403997 0.596171 0)
(-0.0808331 0.615012 0)
(0.0164378 0.353592 0)
(0.0437387 0.216552 0)
(0.0558373 0.189659 0)
(0.0564873 0.181855 0)
(0.0444545 0.173182 0)
(0.0285074 0.169471 0)
(0.0160738 0.169262 0)
(0.00680628 0.17257 0)
(0.00690889 0.192472 0)
(-0.16733 -0.489108 0)
(-0.24947 -0.2968 0)
(-0.226099 -0.0957754 0)
(-0.0961805 -0.0948609 0)
(0.152533 -0.0444424 0)
(0.174853 -0.0976239 0)
(0.197267 0.00234273 0)
(0.108264 0.475183 0)
(-0.0813329 0.703771 0)
(-0.0363541 0.571693 0)
(0.0447201 0.310735 0)
(0.0501877 0.202454 0)
(0.0460422 0.190924 0)
(0.0410189 0.189666 0)
(0.0312152 0.184341 0)
(0.0210018 0.179967 0)
(0.0127647 0.177098 0)
(0.00545053 0.176726 0)
(0.00597786 0.198134 0)
(-0.268195 -0.448312 0)
(-0.228625 -0.229845 0)
(-0.169534 -0.129524 0)
(-0.0488721 -0.0671076 0)
(-0.0124024 -0.145407 0)
(0.0385959 -0.126973 0)
(0.0674117 0.0661904 0)
(-0.0229958 0.595401 0)
(-0.0883761 0.715851 0)
(0.0165909 0.507913 0)
(0.068375 0.2844 0)
(0.0560877 0.205878 0)
(0.0406767 0.200207 0)
(0.0320989 0.197915 0)
(0.0239536 0.192366 0)
(0.0169308 0.187124 0)
(0.0105203 0.183174 0)
(0.00424879 0.180229 0)
(0.004363 0.202719 0)
(-0.299971 -0.465326 0)
(-0.245345 -0.311452 0)
(-0.166847 -0.224479 0)
(-0.103197 -0.220207 0)
(-0.0497344 -0.152962 0)
(0.00618397 -0.140695 0)
(0.0342972 0.124463 0)
(-0.0931647 0.631864 0)
(-0.0583195 0.660879 0)
(0.0485859 0.443323 0)
(0.0735714 0.275295 0)
(0.0513478 0.222006 0)
(0.0337885 0.213153 0)
(0.0252697 0.205834 0)
(0.0188837 0.198596 0)
(0.0136333 0.192693 0)
(0.00839964 0.188335 0)
(0.00313487 0.183421 0)
(0.00227054 0.206003 0)
(-0.206014 -0.458507 0)
(-0.266008 -0.365913 0)
(-0.166906 -0.218373 0)
(-0.0791963 -0.191174 0)
(-0.00136916 -0.213152 0)
(-0.0656104 -0.228171 0)
(-0.117146 0.158274 0)
(-0.183256 0.628517 0)
(-0.0576472 0.569799 0)
(0.0367316 0.387945 0)
(0.0492152 0.278739 0)
(0.032997 0.239382 0)
(0.0224665 0.223465 0)
(0.0173544 0.211666 0)
(0.0134698 0.203102 0)
(0.00990966 0.196932 0)
(0.00616053 0.1925 0)
(0.00209733 0.186406 0)
(0.000185685 0.207857 0)
(-0.0801937 -0.339444 0)
(-0.131187 -0.456974 0)
(-0.172263 -0.460147 0)
(-0.194158 -0.389623 0)
(-0.239309 -0.257123 0)
(-0.332824 -0.0401923 0)
(-0.342506 0.191316 0)
(-0.265434 0.543698 0)
(-0.102625 0.456981 0)
(-0.0151279 0.343106 0)
(0.00676107 0.278249 0)
(0.00748634 0.245886 0)
(0.0080759 0.226884 0)
(0.00812834 0.213986 0)
(0.00738225 0.205419 0)
(0.00583098 0.199529 0)
(0.00388345 0.195373 0)
(0.00112125 0.18908 0)
(-0.0013261 0.208383 0)
(-0.110387 -0.292257 0)
(-0.167932 -0.284245 0)
(-0.234956 -0.267229 0)
(-0.300506 -0.214224 0)
(-0.367034 -0.128719 0)
(-0.413499 -0.0268352 0)
(-0.398996 0.175099 0)
(-0.288514 0.380953 0)
(-0.140996 0.344883 0)
(-0.0653883 0.298105 0)
(-0.0303845 0.262142 0)
(-0.0143789 0.238833 0)
(-0.00532988 0.223194 0)
(-0.000672734 0.212486 0)
(0.00154182 0.205309 0)
(0.00195984 0.200345 0)
(0.00171994 0.196856 0)
(0.000191766 0.19117 0)
(-0.00199994 0.207947 0)
(-0.115245 -0.270402 0)
(-0.158557 -0.268336 0)
(-0.215309 -0.239988 0)
(-0.270273 -0.190483 0)
(-0.316921 -0.119408 0)
(-0.350365 -0.0175349 0)
(-0.338812 0.117714 0)
(-0.252964 0.241402 0)
(-0.146573 0.255696 0)
(-0.0869771 0.249609 0)
(-0.0494038 0.236047 0)
(-0.0277591 0.224069 0)
(-0.0147119 0.214907 0)
(-0.00728373 0.208021 0)
(-0.00298712 0.203162 0)
(-0.0011292 0.199615 0)
(-0.00012137 0.197122 0)
(-0.000680983 0.192468 0)
(-0.00205938 0.206955 0)
(-0.102988 -0.238424 0)
(-0.134323 -0.221785 0)
(-0.171901 -0.192623 0)
(-0.209067 -0.146038 0)
(-0.240377 -0.0842576 0)
(-0.259284 -0.00726587 0)
(-0.248537 0.0844706 0)
(-0.195177 0.165213 0)
(-0.130005 0.196424 0)
(-0.0856859 0.208675 0)
(-0.0535928 0.209896 0)
(-0.0328011 0.207768 0)
(-0.0192462 0.204895 0)
(-0.0109285 0.202028 0)
(-0.00568392 0.199787 0)
(-0.00310351 0.19792 0)
(-0.00136467 0.196553 0)
(-0.00140934 0.193002 0)
(-0.00194773 0.205639 0)
(-0.086517 -0.220136 0)
(-0.108667 -0.197647 0)
(-0.133487 -0.164845 0)
(-0.157254 -0.121018 0)
(-0.175944 -0.066849 0)
(-0.184806 -0.00279965 0)
(-0.175289 0.0665152 0)
(-0.144233 0.125651 0)
(-0.105861 0.159323 0)
(-0.0740956 0.178846 0)
(-0.0492772 0.188443 0)
(-0.0316975 0.193075 0)
(-0.0195202 0.195123 0)
(-0.011647 0.195806 0)
(-0.00641831 0.196025 0)
(-0.00379736 0.195871 0)
(-0.00183795 0.195602 0)
(-0.00185881 0.193086 0)
(-0.00195736 0.204038 0)
(-0.0654962 -0.204791 0)
(-0.0818572 -0.179943 0)
(-0.0987629 -0.147354 0)
(-0.113894 -0.106194 0)
(-0.124774 -0.0575567 0)
(-0.128687 -0.00325758 0)
(-0.121656 0.0527086 0)
(-0.103187 0.100904 0)
(-0.0798446 0.134566 0)
(-0.0580484 0.157343 0)
(-0.0399658 0.171783 0)
(-0.0263228 0.180903 0)
(-0.0164642 0.186657 0)
(-0.00990291 0.19024 0)
(-0.00542449 0.192578 0)
(-0.00329022 0.193954 0)
(-0.00152609 0.19475 0)
(-0.00191167 0.193233 0)
(-0.00205694 0.202208 0)
(-0.0398953 -0.19297 0)
(-0.0513185 -0.166708 0)
(-0.0632584 -0.134378 0)
(-0.0736258 -0.0956358 0)
(-0.0806387 -0.0511973 0)
(-0.082916 -0.00318135 0)
(-0.078717 0.0446402 0)
(-0.0680094 0.0865879 0)
(-0.0538998 0.119167 0)
(-0.039761 0.143221 0)
(-0.0274371 0.160264 0)
(-0.0177546 0.172134 0)
(-0.0105906 0.180386 0)
(-0.00587157 0.186011 0)
(-0.00265827 0.189933 0)
(-0.00145967 0.192467 0)
(-0.000297244 0.194177 0)
(-0.00146825 0.193559 0)
(-0.0021352 0.200491 0)
(-0.0120848 -0.185666 0)
(-0.016229 -0.15781 0)
(-0.0215339 -0.124894 0)
(-0.0271176 -0.0873982 0)
(-0.0316535 -0.0462833 0)
(-0.0337128 -0.00290682 0)
(-0.0322008 0.0393653 0)
(-0.0281654 0.0768734 0)
(-0.022316 0.107796 0)
(-0.0160519 0.132194 0)
(-0.0103681 0.1509 0)
(-0.00583588 0.164921 0)
(-0.00251791 0.175346 0)
(-0.00052119 0.182836 0)
(0.000753722 0.188356 0)
(0.00075656 0.191947 0)
(0.00100938 0.194816 0)
(-0.000499505 0.19524 0)
(-0.00152942 0.198673 0)
)
;

boundaryField
{
    leftWall
    {
        type            fixedValue;
        value           uniform (0 0 0);
    }
    rightWall
    {
        type            fixedValue;
        value           uniform (0 0 0);
    }
    lowerWall
    {
        type            fixedValue;
        value           uniform (0 0 0);
    }
    atmosphere
    {
        type            pressureInletOutletVelocity;
        value           nonuniform List<vector> 
46
(
(0 -0.689192 0)
(0 -0.814232 0)
(0 -0.946898 0)
(0 -1.21229 0)
(0 -1.03848 0)
(0.729507 1.18914 0)
(0.00865522 2.30788 0)
(-0.573313 2.11807 0)
(-0.593129 1.03016 0)
(-0 -0.140715 0)
(-0 -0.0867972 0)
(-0 -0.162188 0)
(0 -0.235427 0)
(0 -0.273654 0)
(0 -0.292819 0)
(0 -0.299041 0)
(-0 -0.296803 0)
(-0 -0.29043 0)
(-0 -0.282344 0)
(-0 -0.27345 0)
(-0 -0.263207 0)
(-0 -0.251691 0)
(-0 -0.238648 0)
(-0 -0.227996 0)
(-0 -0.220262 0)
(-0 -0.211875 0)
(-0 -0.202711 0)
(-0 -0.185398 0)
(-0 -0.157455 0)
(-0 -0.124426 0)
(-0 -0.0868099 0)
(-0 -0.0456171 0)
(-0 -0.00225339 0)
(-0.0322008 0.0393653 0)
(-0.0281654 0.0768734 0)
(-0.022316 0.107796 0)
(-0.0160519 0.132194 0)
(-0.0103681 0.1509 0)
(-0.00583588 0.164921 0)
(-0.00251791 0.175346 0)
(-0.00052119 0.182836 0)
(0.000753722 0.188356 0)
(0.00075656 0.191947 0)
(0.00100938 0.194816 0)
(-0.000499505 0.19524 0)
(-0.00152942 0.198673 0)
)
;
    }
    defaultFaces
    {
        type            empty;
    }
}


// ************************************************************************* //
