/*--------------------------------*- C++ -*----------------------------------*\
| =========                 |                                                 |
| \\      /  F ield         | OpenFOAM: The Open Source CFD Toolbox           |
|  \\    /   O peration     | Version:  2.3.0                                 |
|   \\  /    A nd           | Web:      www.OpenFOAM.org                      |
|    \\/     M anipulation  |                                                 |
\*---------------------------------------------------------------------------*/
FoamFile
{
    version     2.0;
    format      ascii;
    class       surfaceScalarField;
    location    "1.85";
    object      phi;
}
// * * * * * * * * * * * * * * * * * * * * * * * * * * * * * * * * * * * * * //

dimensions      [0 3 -1 0 0 0 0];

internalField   nonuniform List<scalar> 
4432
(
6.3247e-06
-6.3247e-06
5.50389e-06
8.20801e-07
4.43978e-06
1.06412e-06
1.08156e-05
-6.37578e-06
1.06207e-05
1.94902e-07
-5.75872e-08
1.06782e-05
-7.05207e-06
6.99448e-06
-1.12292e-05
4.17709e-06
-1.24979e-05
1.26878e-06
-1.2029e-05
-4.68965e-07
-1.23723e-05
3.4333e-07
-1.238e-05
7.65136e-09
-1.08981e-05
-1.48182e-06
-9.01708e-06
-1.88106e-06
-8.49704e-06
-5.20035e-07
-9.87619e-06
1.37916e-06
-1.2577e-05
2.7008e-06
-1.48955e-05
2.3185e-06
-1.44948e-05
-4.00686e-07
-1.22724e-05
-2.22242e-06
-9.49432e-06
-2.77806e-06
-5.20221e-06
-4.2921e-06
-5.20221e-06
2.09389e-06
-8.41859e-06
-1.79321e-06
4.7079e-06
-1.34206e-06
6.12968e-07
8.35271e-06
-1.60705e-05
1.19804e-05
-3.43276e-06
6.19198e-07
2.20394e-05
-9.66986e-06
1.72835e-05
-1.25068e-05
7.01406e-06
-1.15012e-05
2.63192e-07
-1.20206e-05
5.03676e-08
-1.34821e-05
1.80489e-06
-1.34897e-05
1.51931e-08
-1.1876e-05
-3.09544e-06
-9.67194e-06
-4.08518e-06
-8.61391e-06
-1.57805e-06
-9.187e-06
1.95226e-06
-1.02048e-05
3.7186e-06
-9.64469e-06
1.75839e-06
-8.45977e-06
-1.5856e-06
-7.92986e-06
-2.75232e-06
-6.91289e-06
-3.79502e-06
-4.08496e-06
-7.12004e-06
-9.28717e-06
-2.79046e-06
-5.62812e-06
-9.00904e-06
1.09265e-05
-7.24768e-06
-1.1484e-06
7.70866e-09
-2.33259e-05
7.03286e-06
-1.04579e-05
1.11018e-06
2.79621e-05
-8.48599e-06
2.68797e-05
-1.01517e-05
8.67974e-06
-9.86552e-06
-2.29664e-08
-1.16871e-05
1.87198e-06
-1.32089e-05
3.32664e-06
-1.25852e-05
-6.08485e-07
-1.06438e-05
-5.03686e-06
-8.85782e-06
-5.87114e-06
-7.32815e-06
-3.10771e-06
-4.80668e-06
-5.69213e-07
-2.78617e-06
1.69809e-06
-2.22506e-06
1.19728e-06
-3.43658e-06
-3.74087e-07
-4.79928e-06
-1.38962e-06
-4.45979e-06
-4.13451e-06
-2.667e-06
-8.91284e-06
-1.19542e-05
-5.92753e-06
2.99414e-07
-1.21609e-05
1.71598e-05
-1.01239e-05
-3.18542e-06
-6.72166e-06
-2.67281e-05
9.03926e-07
-1.80835e-05
1.99681e-06
2.68692e-05
-6.47558e-06
3.53521e-05
-7.47996e-06
9.68412e-06
-8.42731e-06
9.24384e-07
-1.06493e-05
4.09396e-06
-1.11334e-05
3.81072e-06
-9.01157e-06
-2.73029e-06
-6.19397e-06
-7.85445e-06
-5.46913e-06
-6.59598e-06
-6.3391e-06
-2.23775e-06
-4.3737e-06
-2.5346e-06
-4.52618e-07
-2.223e-06
-2.39829e-07
9.845e-07
-4.03311e-06
3.41919e-06
-5.39751e-06
-2.5208e-08
-3.92589e-06
-5.60614e-06
-1.64614e-06
-1.11926e-05
-1.36003e-05
-6.77765e-06
7.07706e-06
-1.22837e-05
2.26659e-05
-1.17093e-05
-3.75984e-06
-1.06203e-05
-2.78171e-05
-5.70184e-06
-2.3002e-05
7.20928e-07
2.04464e-05
-3.76645e-06
3.98395e-05
-4.69064e-06
1.06083e-05
-6.90468e-06
3.13842e-06
-8.93379e-06
6.12307e-06
-7.93673e-06
2.81366e-06
-4.20566e-06
-6.46137e-06
-1.09132e-06
-1.09688e-05
-1.11007e-06
-6.57723e-06
-3.75997e-06
4.12152e-07
-4.71009e-06
-1.58449e-06
-2.64386e-06
-4.28923e-06
-2.50261e-06
8.43267e-07
-6.04249e-06
6.95907e-06
-6.62433e-06
5.56634e-07
-4.70184e-06
-7.52862e-06
-1.42741e-06
-1.4467e-05
-1.50277e-05
-5.76954e-06
1.28466e-05
-8.36864e-06
2.5265e-05
-1.02166e-05
-1.91186e-06
-1.19067e-05
-2.61271e-05
-1.13895e-05
-2.35191e-05
-2.56808e-06
1.16249e-05
-7.70302e-07
3.80417e-05
-2.35714e-06
1.21951e-05
-5.66705e-06
6.44833e-06
-6.73933e-06
7.19535e-06
-3.96683e-06
4.11666e-08
2.48747e-07
-1.06769e-05
9.93769e-07
-1.17138e-05
2.1395e-08
-5.60486e-06
-1.4676e-06
1.90115e-06
-4.09454e-06
1.04245e-06
-5.02114e-06
-3.36263e-06
-4.32792e-06
1.50051e-07
-5.89967e-06
8.53082e-06
-5.70875e-06
3.6571e-07
-4.57248e-06
-8.66489e-06
-1.76507e-06
-1.72744e-05
-1.67928e-05
-3.78626e-06
1.66329e-05
-3.55636e-06
2.50351e-05
-4.93635e-06
-5.31879e-07
-9.36048e-06
-2.17029e-05
-1.35128e-05
-1.93669e-05
-6.15758e-06
4.26976e-06
9.32302e-07
3.09519e-05
-1.6855e-06
1.48129e-05
-4.91641e-06
9.67924e-06
-4.31447e-06
6.59342e-06
-3.21716e-07
-3.95158e-06
1.70512e-06
-1.27038e-05
-1.44386e-06
-8.56482e-06
-3.18253e-06
-3.8662e-06
-2.36113e-06
1.07975e-06
-3.26045e-06
1.94178e-06
-4.76721e-06
-1.85588e-06
-3.37307e-06
-1.24409e-06
-1.72393e-06
6.88166e-06
7.9234e-07
-2.15055e-06
1.69072e-06
-9.56325e-06
5.3243e-07
-1.61161e-05
-1.62604e-05
-9.4025e-07
1.75731e-05
1.33035e-06
2.27645e-05
1.93979e-06
-1.14132e-06
-3.8468e-06
-1.59163e-05
-1.19046e-05
-1.13091e-05
-9.29241e-06
1.6576e-06
-6.61107e-07
2.23206e-05
-2.14417e-06
1.6296e-05
-3.78007e-06
1.13151e-05
-1.67892e-06
4.49227e-06
1.2149e-06
-6.8454e-06
-1.36015e-06
-1.01287e-05
-6.94295e-06
-2.98201e-06
-8.37498e-06
-2.43417e-06
-5.7971e-06
-1.49812e-06
-2.75928e-06
-1.09603e-06
-7.06405e-07
-3.90875e-06
9.64971e-07
-2.91547e-06
6.79268e-06
1.05396e-06
1.38895e-05
-9.24738e-06
1.42549e-05
-9.92867e-06
7.19736e-06
-9.05856e-06
-9.06299e-06
2.98418e-06
-2.98418e-06
-4.84134e-06
7.82552e-06
-2.2203e-05
1.73616e-05
-3.77801e-05
1.55771e-05
-3.96314e-05
1.85126e-06
-3.31088e-05
-6.52254e-06
-2.55942e-05
-7.5146e-06
-1.93574e-05
-6.23675e-06
-1.44603e-05
-4.89714e-06
-8.61871e-06
-5.84159e-06
-1.44818e-06
-7.17052e-06
5.16653e-06
-6.6147e-06
7.96624e-06
-2.79972e-06
2.75819e-06
5.20806e-06
-5.15946e-06
7.91765e-06
-9.33337e-06
4.1739e-06
-9.26014e-06
-7.32321e-08
-8.05716e-06
-1.20298e-06
-8.05715e-06
-4.80228e-06
1.8181e-06
-1.59471e-05
1.89703e-05
-2.75923e-05
2.90069e-05
-2.95808e-05
1.75656e-05
-2.444e-05
-3.28953e-06
-1.82672e-05
-1.26953e-05
-1.36929e-05
-1.2089e-05
-1.19647e-05
-7.96488e-06
-1.11235e-05
-5.73834e-06
-8.17931e-06
-8.7858e-06
-2.57483e-06
-1.2775e-05
4.14522e-06
-1.33347e-05
1.09029e-05
-9.55739e-06
1.48997e-05
1.21122e-06
1.2052e-05
1.07653e-05
4.18472e-06
1.20412e-05
-3.09483e-06
7.20632e-06
-4.85455e-06
5.5673e-07
-1.29117e-05
-7.64888e-06
9.46698e-06
-1.47216e-05
2.6043e-05
-1.63759e-05
3.06612e-05
-1.08002e-05
1.19899e-05
-2.96693e-06
-1.11228e-05
3.62392e-06
-1.92862e-05
7.2338e-06
-1.56988e-05
5.05058e-06
-5.78166e-06
1.12869e-06
-1.81643e-06
-1.15397e-07
-7.54171e-06
1.73661e-06
-1.4627e-05
5.25243e-06
-1.68506e-05
9.31512e-06
-1.36201e-05
1.57931e-05
-5.26678e-06
2.01071e-05
6.45131e-06
1.62505e-05
1.58979e-05
6.72966e-06
1.67271e-05
2.44086e-07
7.04229e-06
-1.26676e-05
-5.25031e-06
1.47173e-05
-6.19849e-06
2.69912e-05
-1.19027e-06
2.5653e-05
7.82612e-06
2.97348e-06
1.63603e-05
-1.96569e-05
2.61588e-05
-2.90847e-05
3.01555e-05
-1.96955e-05
2.51299e-05
-7.56098e-07
1.61048e-05
7.20869e-06
1.01115e-05
-1.5484e-06
8.81379e-06
-1.33293e-05
1.00161e-05
-1.80528e-05
1.2267e-05
-1.5871e-05
1.62708e-05
-9.27054e-06
2.10277e-05
1.69445e-06
2.14705e-05
1.5455e-05
1.42289e-05
2.39688e-05
5.11129e-06
1.61599e-05
-7.55631e-06
-8.1214e-07
1.55294e-05
4.06104e-06
2.2118e-05
1.36204e-05
1.60936e-05
2.35298e-05
-6.93594e-06
3.55287e-05
-3.16558e-05
4.59176e-05
-3.94736e-05
4.86941e-05
-2.2472e-05
4.32233e-05
4.71475e-06
3.19083e-05
1.85236e-05
2.21006e-05
8.25934e-06
1.61345e-05
-7.36324e-06
1.41296e-05
-1.6048e-05
1.50588e-05
-1.68002e-05
1.77538e-05
-1.19655e-05
2.08801e-05
-1.43188e-06
2.26083e-05
1.37268e-05
1.84216e-05
2.81556e-05
9.10493e-06
2.54765e-05
1.54863e-06
2.94441e-06
1.2585e-05
1.16432e-05
1.34193e-05
2.38552e-05
3.88154e-06
3.72037e-05
-2.02843e-05
4.80651e-05
-4.25172e-05
5.11263e-05
-4.25348e-05
5.03227e-05
-2.16683e-05
4.62945e-05
8.74292e-06
3.84989e-05
2.63192e-05
2.98579e-05
1.69003e-05
2.16194e-05
8.75303e-07
1.69046e-05
-1.13332e-05
1.64674e-05
-1.6363e-05
1.90317e-05
-1.45298e-05
2.13812e-05
-3.78141e-06
2.25197e-05
1.25883e-05
2.01064e-05
3.05689e-05
1.13486e-05
3.42343e-05
1.28973e-05
5.97135e-06
6.61368e-06
1.97059e-05
-3.15271e-07
3.50106e-05
-1.14232e-05
4.52511e-05
-3.05248e-05
3.89506e-05
-3.62168e-05
1.91575e-05
-2.27417e-05
1.38784e-05
-1.63892e-05
2.1462e-05
1.15932e-06
2.57301e-05
2.20512e-05
2.47431e-05
1.78873e-05
1.93861e-05
6.23234e-06
1.54479e-05
-7.39503e-06
1.60537e-05
-1.69688e-05
1.94798e-05
-1.7956e-05
2.18879e-05
-6.18955e-06
2.22607e-05
1.22155e-05
2.00611e-05
3.27685e-05
1.19987e-05
4.22967e-05
2.4896e-05
2.42872e-05
-1.76735e-05
3.7208e-05
-1.3236e-05
4.16535e-05
-1.58687e-05
3.33816e-05
-2.22529e-05
-9.47995e-06
6.64478e-06
-4.30635e-05
1.08418e-05
-3.65806e-05
-2.28721e-05
-1.62618e-05
-1.91595e-05
1.03076e-06
4.75859e-06
8.01712e-06
1.09009e-05
9.30326e-06
4.9462e-06
1.02579e-05
-8.34967e-06
1.40342e-05
-2.0745e-05
1.82492e-05
-2.2171e-05
2.10623e-05
-9.00264e-06
2.16631e-05
1.16148e-05
1.9353e-05
3.50785e-05
1.18045e-05
4.98452e-05
3.67005e-05
1.18475e-05
5.7256e-06
2.27866e-05
1.18254e-05
2.29329e-05
-1.28765e-06
1.17995e-05
-4.78286e-06
-9.29265e-06
9.78303e-06
-2.19583e-05
1.43232e-05
-1.30515e-05
1.34137e-05
-9.12889e-06
1.23734e-05
-6.86535e-06
9.0516e-06
-2.96607e-06
5.92991e-07
-6.95263e-06
-2.85883e-06
-2.3242e-05
6.16066e-06
-3.78938e-05
1.16698e-05
-3.97229e-05
-6.05061e-07
-2.88915e-05
-1.23295e-05
-8.71385e-06
-2.12737e-05
8.09818e-06
-2.07208e-05
2.29033e-05
-1.77206e-05
4.20133e-05
-1.8056e-05
5.62275e-05
-2.34616e-05
5.52952e-05
-8.99639e-06
3.71779e-05
9.05879e-06
9.05223e-06
1.90626e-05
1.78641e-05
-1.21385e-05
3.71343e-05
-7.44478e-06
4.83004e-05
-1.24538e-05
4.18993e-05
1.61833e-06
2.47816e-05
2.69007e-05
6.70313e-06
3.24017e-05
4.20824e-06
1.59086e-05
1.07179e-05
5.86379e-06
1.19649e-05
7.80453e-06
-1.53805e-06
1.4096e-05
-2.8483e-05
2.40862e-05
-5.80822e-05
3.57599e-05
-9.99511e-05
5.35387e-05
-0.000131973
3.14166e-05
-0.000127796
-1.65067e-05
-8.83614e-05
-6.0708e-05
-4.94734e-05
-5.96088e-05
-2.00236e-05
-4.71704e-05
-1.22816e-05
-2.5798e-05
-5.91564e-06
-2.98277e-05
8.1876e-06
-2.30996e-05
7.68005e-06
9.56635e-06
2.22292e-05
-5.49693e-06
1.18628e-05
-2.40013e-05
3.80294e-05
-3.36114e-05
6.79227e-05
-4.2347e-05
5.23685e-05
1.71725e-05
3.5054e-05
4.42152e-05
1.98302e-05
4.76256e-05
-7.23051e-07
3.64619e-05
-2.09919e-05
2.61326e-05
-3.01779e-05
1.69905e-05
-3.25856e-05
1.65036e-05
-4.86807e-05
4.01813e-05
-0.000104703
9.17823e-05
-0.00019501
0.000143846
-0.000292689
0.000129095
-0.000350354
4.11588e-05
-0.000352671
-5.83913e-05
-0.000314476
-9.78039e-05
-0.000261933
-9.97134e-05
-0.000215579
-7.21521e-05
-0.000181842
-6.35645e-05
-0.000143939
-6.10018e-05
-0.000104397
-2.99766e-05
1.21728e-05
-9.43402e-05
-5.83117e-07
-2.34182e-05
-2.77123e-05
-6.48228e-06
-4.03808e-05
-2.96785e-05
-6.01085e-06
-1.71975e-05
1.96321e-05
1.85721e-05
8.42603e-06
5.88316e-05
-1.94626e-05
6.43504e-05
-7.35047e-05
8.01747e-05
-0.000111635
5.51208e-05
-0.000128051
3.29195e-05
-0.000168246
8.03763e-05
-0.000216501
0.000140037
-0.000250281
0.000177626
-0.000247392
0.000126206
-0.00021709
1.08576e-05
-0.000192034
-8.34473e-05
-0.000166658
-0.00012318
-0.000147992
-0.00011838
-0.000137213
-8.29316e-05
-0.000150399
-5.03783e-05
-0.000145598
-6.58024e-05
-0.000137733
-3.78422e-05
1.20718e-05
-0.000137632
-3.42204e-05
1.08021e-05
-6.30442e-05
2.23415e-05
-7.04375e-05
-2.22853e-05
-5.31575e-05
-3.44777e-05
-1.20491e-05
-2.25362e-05
8.39622e-06
3.83863e-05
-1.00505e-05
8.27972e-05
-5.25118e-05
0.000122636
-0.000101424
0.000104033
-0.000137791
6.92866e-05
-0.000180589
0.000123174
-0.000211871
0.000171319
-0.000201419
0.000167174
-0.00015238
7.71666e-05
-0.000112177
-2.93451e-05
-9.44678e-05
-0.000101156
-7.73299e-05
-0.000140318
-6.78266e-05
-0.000127883
-7.65512e-05
-7.42069e-05
-0.000117242
-9.68792e-06
-0.000129942
-5.31025e-05
-0.000114202
-5.35819e-05
-5.78469e-06
-9.63453e-05
-1.71601e-05
2.79622e-05
-1.72178e-05
2.23992e-05
-2.23347e-05
-1.71684e-05
-2.89841e-05
-2.78281e-05
-3.03796e-06
-4.84823e-05
2.83187e-05
7.02956e-06
1.96199e-05
9.14958e-05
-1.07579e-05
0.000153014
-6.28194e-05
0.000156094
-0.000111306
0.000117773
-0.000131851
0.00014372
-0.000126957
0.000166425
-9.13203e-05
0.000131537
-4.46103e-05
3.04566e-05
-1.74929e-05
-5.64625e-05
-1.91604e-05
-9.94887e-05
-1.95668e-05
-0.000139911
-2.57332e-05
-0.000121717
-5.16994e-05
-4.82407e-05
-8.48077e-05
2.34206e-05
-9.3996e-05
-4.3914e-05
-6.80075e-05
-7.95706e-05
-3.34696e-05
-4.03228e-05
8.4094e-06
1.95528e-05
1.73455e-05
1.34632e-05
5.33538e-06
-5.15815e-06
1.71598e-06
-2.42085e-05
1.87508e-05
-6.55171e-05
4.34313e-05
-1.76509e-05
3.86954e-05
9.62316e-05
1.68764e-05
0.000174833
-2.05668e-05
0.000193537
-6.03272e-05
0.000157534
-6.61535e-05
0.000149546
-4.27366e-05
0.000143008
-3.16621e-06
9.19663e-05
2.59895e-05
1.301e-06
3.62321e-05
-6.67051e-05
3.84028e-05
-0.000101659
1.92024e-05
-0.000120711
-1.42927e-05
-8.82213e-05
-6.07856e-05
-1.74781e-06
-9.15963e-05
5.42311e-05
-9.42636e-05
-4.12469e-05
-7.64771e-05
-9.73571e-05
-6.29085e-05
-4.7038e-05
1.43746e-05
5.17827e-06
2.01771e-05
7.66084e-06
5.75053e-06
9.26859e-06
1.76319e-05
-3.60896e-05
2.7879e-05
-7.57642e-05
3.17601e-05
-2.1532e-05
2.70349e-05
0.000100957
1.81486e-05
0.000183719
3.06975e-06
0.000208616
-1.75784e-05
0.000178182
-1.54932e-05
0.000147461
1.21926e-05
0.000115322
4.40888e-05
6.007e-05
5.93228e-05
-1.39329e-05
7.02984e-05
-7.76809e-05
6.26397e-05
-9.40008e-05
2.98328e-05
-8.79041e-05
-2.03319e-05
-3.80566e-05
-6.66944e-05
4.46148e-05
-9.07358e-05
7.82725e-05
-9.19146e-05
-4.00681e-05
-9.47972e-05
-9.44746e-05
-6.18888e-05
-9.5817e-05
1.50466e-05
-9.86828e-06
1.12395e-05
1.1468e-05
-9.64269e-07
2.14726e-05
1.34393e-05
-5.04931e-05
1.34972e-05
-7.58218e-05
-1.67893e-06
-6.35594e-06
-1.03071e-05
0.000109585
-8.31996e-06
0.000181732
-1.3635e-06
0.00020166
8.60997e-07
0.000175957
1.23781e-05
0.000135944
3.45846e-05
9.3116e-05
5.90181e-05
3.56363e-05
8.08611e-05
-3.57761e-05
7.30467e-05
-6.98666e-05
5.83128e-05
-7.92668e-05
1.13357e-05
-4.0927e-05
-4.84746e-05
2.17536e-05
-9.1466e-05
8.76062e-05
-0.000109836
9.66429e-05
-0.000110941
-3.8963e-05
-0.000122626
-8.27895e-05
-4.03036e-05
-0.000144212
1.87559e-05
-2.86241e-05
2.07151e-05
9.50905e-06
4.55037e-06
3.76376e-05
1.25676e-06
-4.71993e-05
-1.51793e-05
-5.93858e-05
-4.82019e-05
2.66667e-05
-6.0813e-05
0.000122196
-5.19642e-05
0.000172883
-3.24809e-05
0.000182177
-1.37845e-05
0.000157261
7.41744e-06
0.000114742
3.56449e-05
6.48884e-05
7.01401e-05
1.14066e-06
7.34177e-05
-3.90539e-05
6.09379e-05
-5.73867e-05
2.96371e-05
-4.7966e-05
-3.46466e-05
2.33571e-05
-0.000102269
8.9376e-05
-0.00014642
0.000131757
-0.000135711
8.59342e-05
-0.000125352
-4.93229e-05
-0.000139526
-6.86154e-05
-8.91336e-06
-0.000170916
1.71908e-05
-4.58149e-05
2.45901e-05
2.10992e-06
5.18722e-06
5.70405e-05
-1.30423e-05
-2.89696e-05
-5.21406e-05
-2.02873e-05
-9.35728e-05
6.80992e-05
-0.000114184
0.000142807
-0.00011321
0.000171909
-9.16454e-05
0.000160613
-5.4287e-05
0.000119903
-1.15908e-06
6.16145e-05
4.09332e-05
2.2796e-05
5.2494e-05
-1.04199e-05
4.44815e-05
-3.10415e-05
1.97437e-05
-3.26488e-05
-4.79802e-05
1.97578e-05
-0.000112497
8.78738e-05
-0.00015901
0.000135889
-0.000175562
0.000148309
-0.000135937
4.63089e-05
-0.000120315
-6.49453e-05
-0.00013895
-4.99798e-05
1.56628e-05
-0.000163527
1.35465e-05
-5.93613e-05
1.28819e-05
2.77479e-06
-6.18067e-06
7.61031e-05
-3.83671e-05
3.21679e-06
-9.72093e-05
3.85547e-05
-0.00015316
0.00012405
-0.000184635
0.000174282
-0.000177515
0.000164789
-0.00012546
0.000108558
-5.45426e-05
4.8986e-05
-8.61565e-06
1.56877e-05
1.63216e-05
-2.14125e-06
5.51786e-06
3.83894e-07
-2.48774e-05
-6.46198e-07
-8.65161e-05
2.89899e-05
-0.000143167
7.64087e-05
-0.000181776
0.000126483
-0.000195987
0.000150099
-0.000169073
0.000121396
-0.000130082
7.31838e-06
-0.000126526
-6.85019e-05
-0.000153115
-2.33907e-05
3.92197e-05
-0.000176672
2.52901e-06
-6.18903e-05
-1.54488e-05
2.07525e-05
-3.59607e-05
9.6615e-05
-8.1088e-05
4.83443e-05
-0.000150103
0.00010757
-0.00020677
0.000180717
-0.000218505
0.000186018
-0.000170905
0.000117189
-9.83215e-05
3.59745e-05
-5.04192e-05
1.08376e-06
-4.58768e-05
1.11454e-05
-7.22858e-05
2.42678e-05
-0.000113079
4.11771e-05
-0.000155423
4.16974e-05
-0.000190151
6.37181e-05
-0.000214694
0.000100951
-0.000218087
0.000129877
-0.000189782
0.000121794
-0.000133561
6.51743e-05
-0.000101708
-2.45349e-05
-0.000106585
-6.36243e-05
-0.000130944
9.67705e-07
3.73468e-05
-0.000129071
-1.44647e-05
-4.74255e-05
-5.03401e-05
5.66279e-05
-7.12563e-05
0.000117531
-0.000121083
9.81704e-05
-0.00018234
0.000168827
-0.000219788
0.000218166
-0.000201631
0.000167861
-0.000151325
6.68826e-05
-0.000117768
2.41783e-06
-0.000120478
3.79365e-06
-0.000153313
4.39809e-05
-0.000191032
6.19865e-05
-0.000210382
6.05281e-05
-0.000227781
5.90957e-05
-0.000236031
7.19684e-05
-0.000226972
9.18912e-05
-0.000195383
9.82872e-05
-0.000142935
6.93461e-05
-8.77929e-05
1.00326e-05
-4.99323e-05
-6.23955e-05
-2.56884e-05
-8.78681e-05
-1.19358e-05
-1.2785e-05
3.54592e-05
-1.0048e-05
-2.73961e-05
-2.00296e-05
-6.4964e-05
9.41955e-05
-9.11222e-05
0.000143689
-0.000136992
0.00014404
-0.000183726
0.000215561
-0.000206183
0.000240623
-0.000188724
0.000150403
-0.000176039
5.4197e-05
-0.000181715
8.0939e-06
-0.000199564
2.16435e-05
-0.000222547
6.69637e-05
-0.000240711
8.01496e-05
-0.00025013
6.99472e-05
-0.000246548
5.55136e-05
-0.000226338
5.17588e-05
-0.000190644
5.61967e-05
-0.000142405
5.00481e-05
-9.00177e-05
1.69593e-05
-4.89197e-05
-3.10654e-05
-2.25093e-05
-8.88059e-05
-4.02555e-06
-0.000106352
3.89387e-05
-5.57488e-05
1.04403e-05
6.39583e-05
-2.90678e-05
9.03811e-06
-6.28916e-05
0.000128019
-8.91208e-05
0.000169919
-0.00012528
0.000180199
-0.000158816
0.000249097
-0.000182571
0.000264379
-0.00018717
0.000155001
-0.000204979
7.20058e-05
-0.000228151
3.12665e-05
-0.00023686
3.03525e-05
-0.00022888
5.89834e-05
-0.000229679
8.09493e-05
-0.000231073
7.13404e-05
-0.000214338
3.87785e-05
-0.000179952
1.73731e-05
-0.000134066
1.03108e-05
-8.55146e-05
1.496e-06
-4.86419e-05
-1.99134e-05
-3.2544e-05
-4.71633e-05
-3.61309e-05
-8.52189e-05
-3.40881e-05
-0.000108394
4.58849e-06
-9.44252e-05
-2.27576e-05
3.77864e-05
-2.34771e-05
3.25153e-05
-5.05421e-05
0.000155085
-6.92788e-05
0.000188656
-8.86273e-05
0.000199548
-0.000102575
0.000263045
-0.000125598
0.000287401
-0.000153994
0.000183397
-0.000182689
0.000100701
-0.000207412
5.59894e-05
-0.000215777
3.87184e-05
-0.00020566
4.88661e-05
-0.000193642
6.8931e-05
-0.000182061
5.97597e-05
-0.000174744
3.14612e-05
-0.000160614
3.24317e-06
-0.000135744
-1.45593e-05
-0.000105911
-2.83371e-05
-8.11281e-05
-4.46959e-05
-6.33444e-05
-6.4947e-05
-5.37065e-05
-9.48567e-05
-4.47545e-05
-0.000117346
-3.16343e-05
-0.000107545
-5.13172e-05
-3.07482e-06
-1.61559e-05
4.86712e-05
-3.45082e-05
0.000173437
-4.2001e-05
0.000196149
-4.36268e-05
0.000201173
-2.8849e-05
0.000248268
-2.95116e-05
0.000288064
-6.70516e-05
0.000220937
-0.000101471
0.00013512
-0.000127314
8.18331e-05
-0.000145348
5.67518e-05
-0.00015
5.35188e-05
-0.000137285
5.62151e-05
-0.00011792
4.03948e-05
-0.000108021
2.15626e-05
-0.000103299
-1.47852e-06
-9.18967e-05
-2.5962e-05
-7.37471e-05
-4.64867e-05
-5.62368e-05
-6.22062e-05
-4.02629e-05
-8.09209e-05
-2.84875e-05
-0.000106632
-2.46872e-05
-0.000121146
-2.28596e-05
-0.000109373
-8.21252e-05
7.94858e-06
-8.92304e-06
5.75946e-05
-2.11047e-05
0.000185619
-2.05215e-05
0.000195566
-1.19152e-05
0.000192567
2.42033e-05
0.000212149
6.72187e-05
0.000245048
6.11118e-05
0.000227044
2.84929e-05
0.000167738
2.28266e-06
0.000108043
-9.3606e-06
6.83951e-05
-1.48461e-05
5.90044e-05
-1.6349e-05
5.77181e-05
-1.56809e-05
3.97267e-05
-1.40497e-05
1.99314e-05
-1.13868e-05
-4.14134e-06
-1.6828e-06
-3.56659e-05
1.45704e-05
-6.274e-05
2.30376e-05
-7.06736e-05
2.34954e-05
-8.13789e-05
1.69984e-05
-0.000100135
9.56538e-06
-0.000113713
1.67229e-05
-0.000116531
-0.000113599
4.81965e-05
-4.75264e-06
6.23475e-05
-1.42454e-05
0.000195112
-1.27948e-05
0.000194115
1.45339e-06
0.000178319
4.27822e-05
0.000170821
0.000106413
0.000181418
0.000152741
0.000180717
0.000170297
0.000150182
0.00017264
0.000105701
0.000173903
6.71326e-05
0.000185988
4.69188e-05
0.000204656
3.90509e-05
0.00021588
2.85026e-05
0.000219539
1.62721e-05
0.00021506
3.3823e-07
0.000197496
-1.81026e-05
0.000169835
-3.50791e-05
0.000148236
-4.90746e-05
0.000130577
-6.37209e-05
0.00011281
-8.2368e-05
9.91624e-05
-0.000100066
9.46895e-05
-0.000112058
-0.000120216
0.000101306
-3.28972e-06
6.56372e-05
-1.2018e-05
0.000203841
-1.25485e-05
0.000194646
9.9899e-06
0.00015578
4.74294e-05
0.000133381
9.65647e-05
0.000132282
0.000146911
0.000130371
0.000185462
0.000111631
0.000210783
8.03796e-05
0.000231455
4.64609e-05
0.000257509
2.08641e-05
0.000289965
6.59538e-06
0.000320453
-1.98528e-06
0.000342049
-5.32405e-06
0.000348369
-5.98154e-06
0.000337118
-6.85251e-06
0.000311773
-9.73381e-06
0.000280996
-1.82981e-05
0.000248643
-3.13673e-05
0.000215083
-4.88084e-05
0.000182794
-6.77768e-05
0.000155249
-8.45127e-05
-9.79068e-05
0.000132939
-2.84717e-06
6.84841e-05
-7.02778e-06
0.000208021
-3.56208e-06
0.00019118
2.47074e-05
0.000127511
5.21803e-05
0.000105908
7.91677e-05
0.000105295
0.000110152
9.9386e-05
0.000141975
7.98082e-05
0.00016951
5.28444e-05
0.000192146
2.38248e-05
0.000215829
-2.81819e-06
0.000243959
-2.15352e-05
0.000275576
-3.36018e-05
0.000306258
-3.60061e-05
0.000329696
-2.94197e-05
0.000340102
-1.72588e-05
0.000335788
-5.41941e-06
0.000317323
1.66506e-07
0.00028791
-1.95427e-06
0.000250169
-1.10671e-05
0.000208031
-2.56396e-05
0.000164837
-4.13183e-05
-5.56326e-05
0.000122562
-3.88811e-06
7.23721e-05
3.17146e-06
0.000200962
1.40687e-05
0.000180283
3.19265e-05
0.000109653
4.46554e-05
9.31792e-05
5.95125e-05
9.04377e-05
8.05125e-05
7.83861e-05
0.00010488
5.54402e-05
0.000129529
2.81958e-05
0.000152318
1.0353e-06
0.000172396
-2.28965e-05
0.000192471
-4.16095e-05
0.000213037
-5.41678e-05
0.000235051
-5.80202e-05
0.000256465
-5.08341e-05
0.000273525
-3.43184e-05
0.000282113
-1.40075e-05
0.000278108
4.17147e-06
0.000259914
1.62393e-05
0.000229053
1.97941e-05
0.000189027
1.43862e-05
0.000142763
4.94569e-06
-5.335e-06
9.24654e-05
-6.75538e-06
7.91275e-05
1.0163e-05
0.000184044
2.33846e-05
0.000167061
2.30985e-05
0.00010994
2.0875e-05
9.54027e-05
2.84006e-05
8.29121e-05
4.40682e-05
6.27183e-05
6.2841e-05
3.66671e-05
8.18759e-05
9.16083e-06
9.99453e-05
-1.70343e-05
0.000117188
-4.01387e-05
0.000134397
-5.88195e-05
0.000150977
-7.07473e-05
0.000167084
-7.41267e-05
0.00018355
-6.72999e-05
0.000199084
-4.98531e-05
0.000209958
-2.48813e-05
0.000211705
2.42481e-06
0.000202203
2.57409e-05
0.000182153
3.98437e-05
0.000151907
4.46317e-05
0.000112318
4.45349e-05
4.46286e-05
6.23549e-05
-9.90508e-06
8.90329e-05
4.88187e-06
0.000169257
1.0505e-05
0.000161438
-1.61459e-06
0.000122059
-9.42451e-06
0.000103212
-6.7383e-06
8.02257e-05
2.7599e-06
5.32198e-05
1.54451e-05
2.39817e-05
3.00357e-05
-5.42978e-06
4.55605e-05
-3.25591e-05
6.13179e-05
-5.5896e-05
7.68203e-05
-7.43218e-05
9.18468e-05
-8.57737e-05
0.000106367
-8.86473e-05
0.000120621
-8.1554e-05
0.000133511
-6.27425e-05
0.000143061
-3.44312e-05
0.000148066
-2.58129e-06
0.000146813
2.69944e-05
0.000137364
4.9292e-05
0.000118316
6.36794e-05
8.89135e-05
7.39379e-05
8.68052e-05
4.67375e-05
-1.38636e-05
0.000102897
-1.2842e-05
0.000168235
-1.54109e-05
0.000164007
-2.98634e-05
0.000136512
-3.86439e-05
0.000111993
-4.2091e-05
8.36728e-05
-4.07783e-05
5.19069e-05
-3.47408e-05
1.7944e-05
-2.47729e-05
-1.53976e-05
-1.17694e-05
-4.55625e-05
3.06461e-06
-7.07299e-05
1.84819e-05
-8.9739e-05
3.33593e-05
-0.000100651
4.77753e-05
-0.000103063
6.17843e-05
-9.5563e-05
7.54629e-05
-7.64211e-05
8.73349e-05
-4.63033e-05
9.61932e-05
-1.14398e-05
0.000100566
2.26214e-05
9.94072e-05
5.04509e-05
9.14627e-05
7.1624e-05
7.66293e-05
8.87712e-05
0.000108187
5.52474e-05
-1.9647e-05
0.000122544
-2.98246e-05
0.000178413
-3.93021e-05
0.000173485
-5.32787e-05
0.000150488
-6.54266e-05
0.000124141
-7.5765e-05
9.4011e-05
-8.14913e-05
5.7633e-05
-8.08947e-05
1.73473e-05
-7.46492e-05
-2.1643e-05
-6.32035e-05
-5.70081e-05
-4.84994e-05
-8.5434e-05
-3.38251e-05
-0.000104413
-2.08592e-05
-0.000113617
-9.23599e-06
-0.000114687
3.10261e-06
-0.000107902
1.69731e-05
-9.02915e-05
3.16629e-05
-6.09931e-05
4.46671e-05
-2.4444e-05
5.52159e-05
1.20725e-05
6.25565e-05
4.31103e-05
6.70724e-05
6.71082e-05
7.03914e-05
8.54521e-05
0.000101326
7.72528e-05
-2.46552e-05
0.000147199
-3.9196e-05
0.000192954
-5.21493e-05
0.000186438
-6.72002e-05
0.000165539
-8.34208e-05
0.000140361
-9.83147e-05
0.000108905
-0.000108283
6.76016e-05
-0.000111
2.00634e-05
-0.000107142
-2.55004e-05
-9.66996e-05
-6.74507e-05
-8.24669e-05
-9.96669e-05
-6.78819e-05
-0.000118999
-5.61819e-05
-0.000125318
-4.80727e-05
-0.000122796
-4.12721e-05
-0.000114702
-3.23626e-05
-9.92011e-05
-1.9652e-05
-7.37039e-05
-4.33671e-06
-3.97595e-05
1.05644e-05
-2.82877e-06
2.5866e-05
2.78087e-05
4.21545e-05
5.08193e-05
6.11023e-05
6.65039e-05
7.40176e-05
8.84104e-05
-2.40977e-05
0.000171297
-3.81958e-05
0.000207052
-5.16671e-05
0.000199909
-6.64908e-05
0.000180363
-8.24083e-05
0.000156279
-9.6043e-05
0.000122539
-0.000105118
7.66761e-05
-0.000108586
2.35313e-05
-0.000106494
-2.75925e-05
-9.96508e-05
-7.42935e-05
-8.94517e-05
-0.000109866
-7.78102e-05
-0.00013064
-6.72056e-05
-0.000135922
-6.1166e-05
-0.000128836
-5.96061e-05
-0.000116262
-5.83112e-05
-0.000100496
-5.28368e-05
-7.91786e-05
-4.12366e-05
-5.13599e-05
-2.42559e-05
-1.98095e-05
-3.79947e-06
7.35252e-06
1.8899e-05
2.81206e-05
4.5729e-05
3.96741e-05
4.0903e-05
7.88435e-05
-1.69065e-05
0.000188203
-2.71315e-05
0.000217277
-3.78581e-05
0.000210635
-4.80621e-05
0.000190567
-5.66336e-05
0.00016485
-6.20922e-05
0.000127998
-6.40938e-05
7.86775e-05
-6.49328e-05
2.43701e-05
-6.28206e-05
-2.97049e-05
-6.10086e-05
-7.61055e-05
-6.06077e-05
-0.000110267
-5.99717e-05
-0.000131276
-5.62668e-05
-0.000139628
-5.19799e-05
-0.000133123
-5.15661e-05
-0.000116677
-5.40737e-05
-9.79889e-05
-5.46714e-05
-7.8581e-05
-4.92468e-05
-5.67845e-05
-3.61295e-05
-3.29268e-05
-1.80295e-05
-1.0747e-05
5.1026e-06
4.98842e-06
3.19872e-05
1.27897e-05
1.09141e-05
6.19765e-05
-5.84746e-06
0.000194051
-9.32568e-06
0.000220755
-1.41402e-05
0.00021545
-1.69958e-05
0.000193422
-1.54779e-05
0.000163332
-1.02011e-05
0.000122721
-2.21274e-06
7.0689e-05
5.51008e-06
1.66472e-05
1.14785e-05
-3.56734e-05
1.13428e-05
-7.59699e-05
1.90854e-06
-0.000100833
-1.33704e-05
-0.000115998
-2.56214e-05
-0.000127377
-3.00703e-05
-0.000128674
-3.07853e-05
-0.000115962
-3.26064e-05
-9.61678e-05
-3.4662e-05
-7.65254e-05
-3.31578e-05
-5.82888e-05
-2.53161e-05
-4.07686e-05
-1.12296e-05
-2.48335e-05
6.92283e-06
-1.31641e-05
2.80424e-05
-8.3298e-06
-1.12152e-05
5.01718e-05
6.55895e-06
0.000187492
9.45409e-06
0.00021786
1.35129e-05
0.000211391
1.9124e-05
0.000187811
3.00703e-05
0.000152386
4.55944e-05
0.000107197
6.13079e-05
5.49755e-05
7.43297e-05
3.62528e-06
8.24048e-05
-4.37486e-05
8.17996e-05
-7.5365e-05
7.06165e-05
-8.96499e-05
4.76794e-05
-9.30608e-05
2.03001e-05
-9.99977e-05
3.74511e-07
-0.000108749
-8.08971e-06
-0.000107498
-1.10789e-05
-9.31789e-05
-1.28954e-05
-7.47092e-05
-1.29025e-05
-5.82821e-05
-8.5776e-06
-4.50933e-05
5.26888e-07
-3.3938e-05
1.30323e-05
-2.56693e-05
2.71315e-05
-2.24283e-05
-2.52881e-05
4.12045e-05
1.76593e-05
0.000169832
2.53044e-05
0.000210215
3.67306e-05
0.000199965
5.11137e-05
0.000173428
7.02107e-05
0.000133289
9.32462e-05
8.41612e-05
0.000114971
3.3251e-05
0.000130035
-1.14393e-05
0.000133733
-4.74473e-05
0.000128141
-6.97725e-05
0.000115565
-7.70745e-05
9.4973e-05
-7.24689e-05
6.5784e-05
-7.08087e-05
3.59206e-05
-7.88854e-05
1.65404e-05
-8.81178e-05
8.25867e-06
-8.48976e-05
4.59441e-06
-7.10451e-05
2.89854e-06
-5.65863e-05
3.91112e-06
-4.61054e-05
8.42774e-06
-3.84543e-05
1.58429e-05
-3.30847e-05
2.43484e-05
-3.0934e-05
-3.32573e-05
3.23179e-05
2.4659e-05
0.000145174
3.61261e-05
0.000198747
5.05103e-05
0.00018558
7.06263e-05
0.000153312
9.4784e-05
0.000109131
0.000119175
5.97704e-05
0.000136629
1.57961e-05
0.000143876
-1.86858e-05
0.000141648
-4.52199e-05
0.000134674
-6.27988e-05
0.000125212
-6.7612e-05
0.000112756
-6.0013e-05
9.30684e-05
-5.11219e-05
6.62207e-05
-5.2038e-05
4.15675e-05
-6.34648e-05
2.74997e-05
-7.08297e-05
2.06072e-05
-6.41526e-05
1.6432e-05
-5.24111e-05
1.43153e-05
-4.39895e-05
1.49026e-05
-3.90419e-05
1.77987e-05
-3.59804e-05
2.17206e-05
-3.48556e-05
-3.66246e-05
2.50879e-05
2.5127e-05
0.000120047
3.94382e-05
0.000184436
5.34638e-05
0.000171555
7.27821e-05
0.000133994
9.31816e-05
8.87317e-05
0.000107957
4.4995e-05
0.000115813
7.93963e-06
0.000119142
-2.2015e-05
0.000123017
-4.90954e-05
0.000125974
-6.57554e-05
0.000124265
-6.59037e-05
0.000117973
-5.37204e-05
0.000106089
-3.92387e-05
8.66255e-05
-3.25745e-05
6.30009e-05
-3.98401e-05
4.48444e-05
-5.26734e-05
3.45569e-05
-5.38656e-05
2.79855e-05
-4.58393e-05
2.32461e-05
-3.92494e-05
2.05887e-05
-3.63845e-05
1.98835e-05
-3.52753e-05
2.02604e-05
-3.52326e-05
-3.68276e-05
2.04633e-05
2.03075e-05
9.97391e-05
3.62346e-05
0.000168509
5.01627e-05
0.000157627
6.61418e-05
0.000118015
8.18496e-05
7.30238e-05
9.40887e-05
3.27556e-05
0.000105141
-3.1125e-06
0.00011965
-3.65242e-05
0.000135189
-6.46344e-05
0.00014648
-7.70471e-05
0.000148274
-6.7698e-05
0.000139539
-4.49852e-05
0.000123705
-2.34051e-05
0.0001034
-1.22694e-05
8.00028e-05
-1.64427e-05
5.92849e-05
-3.19554e-05
4.55741e-05
-4.01547e-05
3.6688e-05
-3.69536e-05
2.99991e-05
-3.25609e-05
2.50263e-05
-3.14117e-05
2.16752e-05
-3.19241e-05
1.94467e-05
-3.30041e-05
-3.48537e-05
1.74729e-05
1.75327e-05
8.22065e-05
3.53882e-05
0.000150654
5.15265e-05
0.000141489
6.64619e-05
0.00010308
8.08734e-05
5.86122e-05
9.56346e-05
1.79943e-05
0.000112388
-1.98663e-05
0.00013093
-5.50662e-05
0.000150631
-8.43351e-05
0.000168577
-9.49939e-05
0.000176362
-7.54832e-05
0.000167916
-3.65386e-05
0.000146188
-1.67681e-06
0.000118925
1.49928e-05
9.20452e-05
1.04378e-05
6.91477e-05
-9.05818e-06
5.2631e-05
-2.36382e-05
4.15329e-05
-2.58554e-05
3.35009e-05
-2.4529e-05
2.72604e-05
-2.51713e-05
2.24003e-05
-2.70642e-05
1.85905e-05
-2.91944e-05
-3.15371e-05
1.52738e-05
1.54798e-05
6.67267e-05
3.64017e-05
0.000129732
5.53263e-05
0.000122564
7.13239e-05
8.70821e-05
8.66107e-05
4.33255e-05
0.000101853
2.75247e-06
0.000115822
-3.38356e-05
0.000128703
-6.7948e-05
0.000146407
-0.000102039
0.000168848
-0.000117435
0.000182128
-8.87624e-05
0.000175759
-3.017e-05
0.000152487
2.15959e-05
0.000122937
4.45423e-05
9.54088e-05
3.79659e-05
7.23381e-05
1.40123e-05
5.47208e-05
-6.02093e-06
4.21685e-05
-1.33034e-05
3.33269e-05
-1.56874e-05
2.66799e-05
-1.85242e-05
2.14017e-05
-2.1786e-05
1.70962e-05
-2.48889e-05
-2.77896e-05
1.33488e-05
5.8478e-06
6.08789e-05
2.83918e-05
0.000107188
5.05475e-05
0.000100409
6.93747e-05
6.82549e-05
8.44833e-05
2.82169e-05
9.62082e-05
-8.97248e-06
0.00010435
-4.19776e-05
0.000113104
-7.67022e-05
0.000127684
-0.000116619
0.00015268
-0.000142432
0.000174899
-0.000110982
0.000170904
-2.61746e-05
0.000144337
4.81632e-05
0.000113669
7.52098e-05
8.85954e-05
6.30396e-05
6.86744e-05
3.39331e-05
5.17065e-05
1.09468e-05
3.87231e-05
-3.20041e-07
2.97546e-05
-6.71891e-06
2.33876e-05
-1.21572e-05
1.85095e-05
-1.6908e-05
1.45655e-05
-2.0945e-05
-2.43792e-05
1.11551e-05
-5.34615e-06
6.6225e-05
1.41643e-05
8.76772e-05
3.77606e-05
7.68121e-05
5.66107e-05
4.94048e-05
6.77392e-05
1.70883e-05
7.38e-05
-1.50335e-05
7.96549e-05
-4.78327e-05
8.73463e-05
-8.43937e-05
9.76377e-05
-0.00012691
0.000118832
-0.000163626
0.000147375
-0.000139524
0.000148921
-2.7721e-05
0.000119901
7.71835e-05
8.93101e-05
0.000105801
6.89322e-05
8.34174e-05
5.41092e-05
4.87558e-05
4.10682e-05
2.39876e-05
3.06006e-05
1.01475e-05
2.3178e-05
7.03683e-07
1.79471e-05
-6.92637e-06
1.40502e-05
-1.30111e-05
1.09815e-05
-1.78763e-05
-2.17715e-05
8.37364e-06
-5.05265e-06
7.12775e-05
8.9081e-06
7.37164e-05
2.5941e-05
5.97792e-05
3.62461e-05
3.90996e-05
4.09316e-05
1.24027e-05
4.43303e-05
-1.84324e-05
4.85977e-05
-5.21001e-05
5.38663e-05
-8.96623e-05
5.96145e-05
-0.000132658
7.40419e-05
-0.000178053
0.000110893
-0.000176376
0.000125368
-4.21961e-05
9.65277e-05
0.000106024
6.33868e-05
0.000138942
4.83626e-05
9.84415e-05
3.79734e-05
5.91449e-05
2.80966e-05
3.38643e-05
2.01305e-05
1.81137e-05
1.47873e-05
6.04686e-06
1.11639e-05
-3.30307e-06
8.61446e-06
-1.04617e-05
6.68098e-06
-1.59429e-05
-2.01723e-05
5.0817e-06
7.15085e-07
6.16089e-06
1.08495e-05
1.24229e-05
1.29347e-05
1.44409e-05
1.63384e-05
1.85249e-05
2.02167e-05
2.15504e-05
4.68368e-05
6.67025e-05
1.80714e-05
-2.24012e-05
-6.10762e-06
6.22748e-06
7.59076e-06
6.25005e-06
4.74556e-06
3.66428e-06
2.84145e-06
2.19648e-06
1.66147e-06
2.47446e-05
-5.68198e-06
3.66419e-05
-1.18973e-05
4.52007e-05
-8.55882e-06
-2.72489e-06
4.79256e-05
-1.78255e-05
6.64654e-06
-3.60452e-05
6.32253e-06
-6.24562e-05
1.78522e-05
3.15102e-05
-9.66913e-05
-0.000102574
1.48808e-05
-0.000124635
2.83835e-05
-0.000144306
3.75231e-05
3.32979e-05
-0.000146094
-0.000148047
2.52962e-05
-0.000151438
3.17739e-05
-0.000145383
3.14688e-05
2.21761e-05
-0.000134262
-9.68703e-05
2.58215e-05
-9.60656e-05
3.09696e-05
-9.6495e-05
3.18984e-05
2.72772e-05
-0.000101596
-5.45662e-05
4.00648e-05
-6.93651e-05
4.5768e-05
-8.03411e-05
4.28741e-05
3.9785e-05
-9.28492e-05
-4.27338e-05
3.5761e-05
-5.82596e-05
6.12943e-05
-6.87171e-05
5.33318e-05
4.75239e-05
-7.64561e-05
-8.57754e-05
2.5719e-05
-7.98182e-05
5.53369e-05
-7.63658e-05
4.98792e-05
4.38695e-05
-7.27117e-05
-0.000141619
2.31262e-05
-0.000125098
3.88165e-05
-0.000110164
3.49449e-05
2.90794e-05
-9.53744e-05
-0.000164916
1.71267e-05
-0.000148029
2.19292e-05
-0.000129434
1.635e-05
9.9319e-06
-0.000110286
-0.000162941
1.65416e-05
-0.000152309
1.12966e-05
-0.000140034
4.0749e-06
-2.7656e-06
-0.000127336
-0.000182277
2.21467e-05
-0.000177299
6.31885e-06
-0.000165652
-7.57192e-06
-1.71118e-05
-0.000151306
-0.000119858
1.29345e-05
-0.000111101
-2.43808e-06
-0.000102069
-1.66043e-05
-2.85473e-05
-9.06332e-05
-8.04018e-06
1.09265e-05
-9.69479e-06
-7.83656e-07
-1.13e-05
-1.49993e-05
-2.933e-05
-1.05173e-05
6.67263e-05
8.15885e-06
6.38817e-05
2.06124e-06
5.99875e-05
-1.1105e-05
-2.40552e-05
5.47126e-05
4.92816e-05
-3.33647e-06
5.92356e-05
-7.89269e-06
6.43089e-05
-1.61781e-05
-2.58876e-05
6.61412e-05
1.32975e-05
-1.97089e-05
2.96029e-05
-2.41981e-05
4.2748e-05
-2.93232e-05
-3.59844e-05
5.28448e-05
2.58706e-05
-3.76308e-05
4.23379e-05
-4.06654e-05
5.80882e-05
-4.50735e-05
-5.05768e-05
7.26804e-05
6.54902e-05
-5.49245e-05
8.23461e-05
-5.75211e-05
9.87026e-05
-6.14302e-05
-6.57481e-05
0.000113874
0.000106562
-6.01801e-05
0.000112327
-6.32865e-05
0.000117898
-6.70012e-05
-7.03951e-05
0.000122545
0.000123358
-5.05989e-05
0.000114398
-5.43264e-05
0.000105487
-5.80905e-05
-6.38988e-05
9.89905e-05
0.000103231
-3.12679e-05
8.43462e-05
-3.54411e-05
6.48546e-05
-3.85991e-05
-5.8526e-05
5.94815e-05
6.77535e-05
-6.55617e-06
4.19797e-05
-9.66731e-06
2.07828e-05
-1.74019e-05
-6.78079e-05
3.00647e-05
3.38741e-05
2.19241e-05
1.05836e-06
2.31478e-05
-2.55722e-07
-1.60883e-05
-7.8581e-05
1.0517e-05
1.99582e-05
4.87035e-05
-1.19939e-05
5.51005e-05
-2.89232e-06
-2.51892e-05
-7.37754e-05
-7.69774e-06
4.29913e-05
6.09587e-05
2.67498e-05
7.13414e-05
9.20914e-06
-7.64873e-06
-5.44016e-05
-1.01646e-05
8.44483e-05
5.37632e-05
9.01514e-05
6.56382e-05
5.76049e-05
2.48976e-05
-2.23681e-05
2.55714e-05
0.000106922
3.52515e-05
0.000129691
4.28698e-05
0.000123085
3.15034e-05
2.94464e-06
9.77729e-05
9.76221e-05
1.64728e-05
0.000122921
1.75703e-05
0.000139303
1.51225e-05
2.85755e-06
0.00013939
7.67791e-05
1.6705e-06
9.53184e-05
-9.69038e-07
0.000114017
-3.57628e-06
-1.00978e-05
0.000126973
6.02793e-05
-8.43683e-06
7.06104e-05
-1.12997e-05
8.20176e-05
-1.49831e-05
-2.02134e-05
9.21334e-05
4.72897e-05
-1.45224e-05
5.30074e-05
-1.70175e-05
5.83949e-05
-2.03707e-05
-2.46912e-05
6.28727e-05
3.54537e-05
-1.7658e-05
3.80414e-05
-1.9605e-05
3.98538e-05
-2.21831e-05
-2.53375e-05
4.05001e-05
2.61466e-05
-1.87166e-05
2.66584e-05
-2.01166e-05
2.63929e-05
-2.19176e-05
-2.40195e-05
2.50748e-05
2.01934e-05
-1.84469e-05
1.95079e-05
-1.94312e-05
1.82365e-05
-2.06464e-05
-2.20135e-05
1.62305e-05
1.63965e-05
-1.73704e-05
1.50777e-05
-1.81125e-05
1.33974e-05
-1.89661e-05
-1.9887e-05
1.12709e-05
1.37054e-05
-1.58019e-05
1.20167e-05
-1.64239e-05
1.01284e-05
-1.70779e-05
-1.77562e-05
7.99752e-06
1.16374e-05
-1.40907e-05
9.87696e-06
-1.46636e-05
8.00833e-06
-1.52093e-05
-1.57382e-05
5.99026e-06
9.61281e-06
-1.25485e-05
8.06481e-06
-1.31157e-05
6.474e-06
-1.36185e-05
-1.40656e-05
4.80134e-06
7.19953e-06
-1.13745e-05
6.04184e-06
-1.1958e-05
4.88068e-06
-1.24573e-05
-1.28711e-05
3.68623e-06
4.37121e-06
-1.0664e-05
3.68131e-06
-1.1268e-05
3.00151e-06
-1.17774e-05
-1.21876e-05
2.31822e-06
1.42491e-06
1.20058e-06
9.81454e-07
7.63847e-07
3.94799e-05
-9.2278e-06
3.35227e-05
-7.27883e-06
4.38362e-06
1.32703e-05
-6.58343e-05
4.7965e-05
-0.000135342
7.61528e-05
-0.000119216
-5.28481e-06
-9.86437e-05
-4.34441e-05
-8.07628e-05
-3.70404e-05
-5.30863e-05
-2.29179e-05
-2.73925e-05
-1.47928e-05
-8.30372e-06
-1.41426e-05
6.98323e-06
-2.36366e-05
1.87092e-05
-3.2471e-05
2.635e-05
-2.98119e-05
3.0536e-05
-1.31886e-05
3.37605e-05
8.39034e-06
3.16186e-05
3.72204e-05
2.06839e-05
6.078e-05
5.73843e-05
-0.000133515
2.75961e-05
-0.000133902
-6.89197e-06
-0.00013172
1.10883e-05
-0.000122447
3.86915e-05
-9.82646e-05
5.19709e-05
-0.000100602
-2.94785e-06
-0.000112899
-3.11462e-05
-0.000104954
-4.49862e-05
-6.88452e-05
-5.90264e-05
-3.97999e-05
-4.38381e-05
-1.89142e-05
-3.50284e-05
-8.25711e-06
-3.42937e-05
-3.7809e-06
-3.69472e-05
-3.21554e-06
-3.03772e-05
-2.59782e-06
-1.38063e-05
3.26068e-06
2.53184e-06
1.14539e-05
2.90271e-05
1.22092e-05
6.00247e-05
6.95935e-05
-0.000128194
9.69654e-06
-0.000102387
-3.26995e-05
-7.14208e-05
-1.98777e-05
-2.93096e-05
-3.41973e-06
-2.54583e-06
2.5207e-05
-2.78724e-05
2.23788e-05
-0.000113081
5.40619e-05
-0.000156253
-1.81392e-06
-0.000112769
-0.00010251
-6.89795e-05
-8.76278e-05
-3.61736e-05
-6.78343e-05
-2.16098e-05
-4.88575e-05
-1.89438e-05
-3.96132e-05
-2.25692e-05
-2.67518e-05
-2.39712e-05
-1.24044e-05
-2.05364e-05
-9.02958e-07
-9.28388e-06
1.77746e-05
2.01184e-06
4.8729e-05
7.16054e-05
-0.000133087
8.5212e-06
-0.000137827
-2.79588e-05
-9.92949e-05
-5.84103e-05
-6.09132e-05
-4.18014e-05
-4.88366e-05
1.31304e-05
-8.25518e-05
5.60939e-05
-0.000136113
0.000107623
-0.00014029
2.36321e-06
-0.000138626
-0.000104174
-0.000121257
-0.000104996
-7.39186e-05
-0.000115173
-3.70352e-05
-8.57409e-05
-1.89369e-05
-5.77115e-05
-1.42902e-05
-3.13985e-05
-1.41781e-05
-1.25164e-05
-1.61387e-05
1.0576e-06
-1.46835e-05
1.63194e-05
-5.58609e-06
3.96316e-05
6.60193e-05
-0.000129471
3.63968e-05
-0.000149441
-7.98973e-06
-0.000156582
-5.12694e-05
-0.000155248
-4.31354e-05
-0.000150049
7.93167e-06
-0.000172707
7.87514e-05
-0.000141558
7.64743e-05
-0.000113662
-2.55327e-05
-0.000133658
-8.41781e-05
-0.000135796
-0.000102859
-0.000127138
-0.000123831
-9.65602e-05
-0.000116318
-4.24094e-05
-0.000111862
-4.23002e-06
-6.95779e-05
1.75218e-05
-3.42682e-05
1.69081e-05
1.67137e-06
5.15043e-06
2.8077e-05
-1.06937e-06
4.58514e-05
6.49499e-05
-0.000128562
7.21089e-05
-0.00016414
2.7588e-05
-0.000193272
-2.21373e-05
-0.000197362
-3.90449e-05
-0.000180699
-8.73188e-06
-0.000135232
3.32842e-05
-7.21503e-05
1.33927e-05
-4.73138e-05
-5.03692e-05
-5.38982e-05
-7.75939e-05
-7.54354e-05
-8.13214e-05
-0.000109657
-8.96094e-05
-0.00011278
-0.000113195
-0.000109227
-0.000115415
-6.50372e-05
-0.000113768
-4.79422e-06
-9.45112e-05
1.18238e-05
-1.49465e-05
1.12409e-05
2.86599e-05
5.70087e-06
5.13915e-05
7.06508e-05
-9.39993e-05
8.96519e-05
-0.000111065
4.46537e-05
-0.000123633
-9.56915e-06
-0.00011948
-4.31975e-05
-8.56231e-05
-4.25891e-05
-2.60451e-05
-2.62935e-05
2.15262e-05
-3.41786e-05
3.17779e-05
-6.06212e-05
3.13218e-05
-7.71378e-05
1.19285e-05
-6.19279e-05
-1.58976e-05
-6.17833e-05
-2.97444e-05
-9.93486e-05
-3.37426e-05
-0.000111417
-1.1716e-05
-0.000135794
3.32202e-05
-0.000139448
1.98709e-05
-1.59714e-06
-2.15085e-05
7.00392e-05
7.32366e-06
2.25594e-05
7.79744e-05
-6.45523e-05
8.14924e-05
-5.70006e-05
3.71026e-05
-4.97974e-05
-1.67721e-05
-3.03531e-05
-6.26419e-05
9.76571e-06
-8.27081e-05
5.7459e-05
-7.3987e-05
8.62501e-05
-6.29695e-05
8.7119e-05
-6.14897e-05
8.23679e-05
-7.23869e-05
7.63938e-05
-5.5954e-05
5.64357e-05
-4.18251e-05
2.3019e-05
-6.59318e-05
1.14129e-05
-9.98114e-05
1.73419e-05
-0.000141723
2.21696e-05
-0.000144275
4.45812e-05
-2.40086e-05
4.11633e-05
7.3457e-05
1.14085e-06
6.25819e-05
7.91153e-05
-5.95761e-05
4.56941e-05
-3.43457e-05
1.18723e-05
-1.44621e-05
-3.66558e-05
9.6473e-06
-8.67513e-05
3.43069e-05
-0.000107368
6.24337e-05
-0.000102114
9.01503e-05
-9.06862e-05
0.000108567
-7.99064e-05
0.000106889
-7.07087e-05
0.000105829
-5.48934e-05
0.00010132
-3.73165e-05
5.74442e-05
-2.20561e-05
1.73969e-05
-5.97641e-05
4.77944e-06
-0.000129106
-2.2768e-06
-0.000137219
1.74308e-05
-4.37161e-05
2.83565e-05
6.25313e-05
-1.27942e-05
0.000103733
6.6321e-05
-7.2304e-05
7.71213e-06
-4.40621e-05
-1.63697e-05
-1.63326e-05
-6.43858e-05
9.83304e-06
-0.000112917
2.93045e-05
-0.000126839
4.68804e-05
-0.00011969
7.55966e-05
-0.000119402
0.000103911
-0.000108221
0.000112166
-7.89634e-05
0.000110446
-5.31734e-05
0.000101467
-2.83383e-05
6.60836e-05
1.33275e-05
9.73635e-06
-3.41682e-06
-1.91083e-05
-0.000100261
-3.20876e-05
-0.00012424
-3.15098e-05
-4.42939e-05
-2.76627e-05
5.86841e-05
-1.9346e-05
9.54159e-05
4.69751e-05
-9.30642e-05
-2.65601e-05
-5.50262e-05
-5.44081e-05
-1.62308e-05
-0.000103181
1.56761e-05
-0.000144824
3.08125e-05
-0.000141976
3.83866e-05
-0.000127264
5.51867e-05
-0.000136202
8.10226e-05
-0.000134057
9.43499e-05
-9.22909e-05
8.83116e-05
-4.71353e-05
5.65728e-05
3.4008e-06
3.4956e-05
3.49448e-05
3.82078e-06
2.77181e-05
-3.88735e-05
-5.75667e-05
-6.65883e-05
-9.65248e-05
-7.74731e-05
-3.3409e-05
-7.52782e-05
5.64892e-05
-4.72195e-05
6.73573e-05
-2.44456e-07
-0.000106244
-7.16227e-05
-5.24707e-05
-0.000108181
-1.02689e-05
-0.000145383
1.03443e-05
-0.000165437
1.18394e-05
-0.000143471
1.08237e-05
-0.000126248
6.14489e-06
-0.000131524
1.62472e-05
-0.000144159
1.81724e-05
-9.42159e-05
2.36098e-05
-5.25722e-05
2.74516e-05
-4.407e-07
2.45678e-05
3.78287e-05
-5.86454e-06
5.81503e-05
-6.52599e-05
1.82883e-06
-8.82557e-05
-7.3529e-05
-9.06383e-05
-3.10264e-05
-7.52922e-05
4.11432e-05
-3.74994e-05
2.95645e-05
-3.77439e-05
-5.41113e-05
-0.000108145
-2.11156e-05
-0.000141176
-1.21832e-05
-0.000154315
-2.01741e-05
-0.000157446
-2.07025e-05
-0.000142942
-1.22156e-05
-0.000134735
-1.32142e-05
-0.000130525
-2.35604e-05
-0.000133813
-2.78337e-05
-8.99425e-05
-3.29236e-06
-7.71135e-05
2.79671e-05
-3.17002e-05
4.20171e-05
2.37787e-05
2.67692e-05
7.33981e-05
-3.64293e-05
6.50275e-05
-6.96833e-05
-4.0275e-05
-6.61238e-05
-3.45859e-05
-3.79766e-05
1.2996e-05
-8.54059e-06
1.28586e-07
-4.62844e-05
-6.31905e-06
-0.000112344
-7.68405e-06
-0.000139811
-1.40013e-05
-0.000147998
-2.10578e-05
-0.00015039
-1.605e-05
-0.00014795
-7.55127e-06
-0.000143234
-1.46857e-05
-0.00012339
-4.34888e-05
-0.00010501
-4.32153e-05
-9.02155e-05
-9.98517e-06
-0.000110343
3.75982e-05
-7.92834e-05
6.42615e-05
-2.88419e-06
7.59523e-05
6.17075e-05
4.13499e-05
9.963e-05
-2.5308e-05
2.63827e-05
-3.54467e-05
-2.44472e-05
-9.44962e-06
-1.30011e-05
1.07095e-05
-2.00306e-05
-3.55749e-05
3.94547e-05
-9.70857e-05
2.66498e-05
-0.000127006
2.23992e-05
-0.000143748
2.2069e-05
-0.000150059
2.19759e-05
-0.000147857
1.96133e-05
-0.000140871
5.54242e-06
-0.00010932
-2.35302e-05
-7.59372e-05
-1.68407e-05
-9.69049e-05
1.99791e-06
-0.000129182
4.37527e-05
-0.000121038
7.9228e-05
-3.83594e-05
9.9813e-05
4.11227e-05
0.000103116
9.63271e-05
3.55432e-05
9.39556e-05
-1.337e-05
2.44661e-05
2.20271e-06
-2.85738e-05
1.42001e-05
-3.20281e-05
-2.13748e-05
6.04867e-05
-9.14311e-05
5.79608e-05
-0.000124481
6.61333e-05
-0.00015192
7.56609e-05
-0.000159587
7.75153e-05
-0.000149711
6.97637e-05
-0.000133119
6.11737e-05
-0.00010073
3.99741e-05
-5.47375e-05
2.39917e-05
-8.09225e-05
1.58096e-05
-0.000121
3.5324e-05
-0.000140552
7.42461e-05
-7.72814e-05
9.44696e-05
2.08995e-05
0.00010972
8.10763e-05
8.74205e-05
0.000116256
1.84938e-05
9.33927e-05
1.86878e-05
-2.87678e-05
2.19075e-05
-3.52478e-05
5.3268e-07
7.2546e-05
-0.000111132
9.39531e-05
-0.000145888
0.000115545
-0.000173513
0.000130694
-0.000174735
0.000134907
-0.000153924
0.000125639
-0.000123851
0.000113356
-8.84467e-05
0.000103953
-4.53345e-05
6.96248e-05
-4.65945e-05
3.96564e-05
-9.10314e-05
3.55623e-05
-0.000136458
6.27585e-05
-0.000104478
8.00336e-05
3.62456e-06
9.22969e-05
6.8813e-05
9.91645e-05
0.000109388
7.90274e-05
0.00011353
2.8177e-05
2.20825e-05
1.90439e-05
-2.61147e-05
1.95765e-05
0.000108322
-0.000146773
0.000142119
-0.000179685
0.000165622
-0.000197016
0.000177161
-0.000186275
0.000176867
-0.00015363
0.000164911
-0.000111894
0.000148343
-7.18793e-05
0.000138737
-3.57283e-05
0.000108971
-1.68282e-05
6.5184e-05
-4.72443e-05
4.48107e-05
-0.000116084
5.33906e-05
-0.000113057
6.49154e-05
-7.90005e-06
6.65726e-05
6.71559e-05
8.13221e-05
9.46384e-05
8.31747e-05
0.000111677
3.83719e-05
6.68855e-05
1.35934e-05
-1.33625e-06
3.31699e-05
0.000144151
-0.00017705
0.000167348
-0.000202882
0.000182529
-0.000212197
0.000191256
-0.000195002
0.00019002
-0.000152394
0.00017749
-9.93646e-05
0.000159084
-5.34731e-05
0.000144552
-2.11957e-05
0.000126664
1.05943e-06
8.60852e-05
-6.66524e-06
5.60834e-05
-8.60827e-05
5.05973e-05
-0.000107571
5.44678e-05
-1.17704e-05
4.74868e-05
7.41374e-05
5.12141e-05
9.0911e-05
6.00396e-05
0.000102851
3.04153e-05
9.65098e-05
1.00083e-06
2.80782e-05
3.41708e-05
0.000134798
-0.000189303
0.000148497
-0.000216581
0.000162353
-0.000226054
0.000174699
-0.000207347
0.000178481
-0.000156176
0.000168169
-8.90535e-05
0.000150803
-3.61063e-05
0.000135286
-5.679e-06
0.000121648
1.46976e-05
9.51172e-05
1.98655e-05
6.42453e-05
-5.52108e-05
5.0848e-05
-9.41737e-05
5.06437e-05
-1.1566e-05
4.26194e-05
8.21621e-05
3.36771e-05
9.98534e-05
3.96801e-05
9.68484e-05
3.28692e-05
0.000103321
-8.1668e-06
6.91142e-05
2.6004e-05
0.000103646
-0.000193959
0.000117616
-0.000230551
0.000130844
-0.000239282
0.00014249
-0.000218993
0.000148756
-0.000162442
0.000142587
-8.28844e-05
0.000131107
-2.46262e-05
0.000119814
5.61414e-06
0.000109384
2.51266e-05
9.15899e-05
3.766e-05
6.57276e-05
-2.93481e-05
5.31465e-05
-8.15921e-05
5.43549e-05
-1.27744e-05
4.83582e-05
8.81589e-05
3.32003e-05
0.000115011
2.84751e-05
0.000101574
2.93591e-05
0.000102436
1.55181e-05
8.29553e-05
4.15222e-05
7.49255e-05
-0.000209403
8.82652e-05
-0.00024389
9.4836e-05
-0.000245853
9.72739e-05
-0.000221431
9.66439e-05
-0.000161812
0.000100184
-8.64243e-05
0.000105043
-2.94859e-05
0.000104822
5.83601e-06
9.83366e-05
3.16115e-05
8.33268e-05
5.26698e-05
6.7258e-05
-1.32792e-05
5.76702e-05
-7.20041e-05
6.0897e-05
-1.60012e-05
5.58628e-05
9.3193e-05
4.03957e-05
0.000130478
2.71233e-05
0.000114846
2.49456e-05
0.000104614
1.65537e-05
9.13472e-05
5.8076e-05
4.56567e-05
-0.000224995
4.72323e-05
-0.000245466
3.8726e-05
-0.000237346
2.71667e-05
-0.000209871
2.32054e-05
-0.000157851
4.79906e-05
-0.00011121
7.89503e-05
-6.04455e-05
9.60516e-05
-1.12652e-05
9.514e-05
3.25233e-05
8.28687e-05
6.49411e-05
7.33861e-05
-3.79674e-06
6.28892e-05
-6.15072e-05
6.2357e-05
-1.5469e-05
5.73512e-05
9.81987e-05
4.49197e-05
0.000142909
3.0099e-05
0.000129666
2.25922e-05
0.000112121
1.64955e-05
9.74441e-05
7.45716e-05
9.50012e-06
-0.000223979
-3.68342e-06
-0.000232282
-2.59016e-05
-0.000215128
-3.90076e-05
-0.000196766
-2.73824e-05
-0.000169476
9.162e-06
-0.000147754
5.94355e-05
-0.000110719
9.38715e-05
-4.5701e-05
9.96005e-05
2.67943e-05
9.11581e-05
7.33835e-05
7.9987e-05
7.37422e-06
6.71349e-05
-4.86553e-05
5.84383e-05
-6.77249e-06
5.02638e-05
0.000106373
4.10492e-05
0.000152124
2.9139e-05
0.000141576
2.04491e-05
0.000120811
1.44416e-05
0.000103452
8.90133e-05
-2.30032e-05
-0.000208673
-3.43449e-05
-0.000220941
-3.7937e-05
-0.000211536
-3.19116e-05
-0.000202791
-1.92593e-05
-0.000182129
6.1446e-06
-0.000173158
4.65228e-05
-0.000151097
8.88603e-05
-8.80386e-05
0.000102961
1.26933e-05
9.67631e-05
7.95812e-05
8.46948e-05
1.94423e-05
6.86125e-05
-3.25732e-05
5.149e-05
1.03499e-05
3.66367e-05
0.000121226
2.92885e-05
0.000159472
2.2292e-05
0.000148573
1.67001e-05
0.000126403
1.13935e-05
0.000108759
0.000100407
-3.16522e-05
-0.000187186
-2.6736e-05
-0.000225857
-1.39277e-05
-0.000224345
-3.42321e-06
-0.000213295
9.06393e-06
-0.000194616
2.20863e-05
-0.00018618
4.0611e-05
-0.000169622
7.43412e-05
-0.000121769
9.83582e-05
-1.13238e-05
9.82032e-05
7.97359e-05
8.63777e-05
3.12676e-05
6.62915e-05
-1.24872e-05
3.9111e-05
3.75302e-05
1.88244e-05
0.000141513
1.37564e-05
0.00016454
1.27479e-05
0.000149581
1.18619e-05
0.000127289
8.1503e-06
0.00011247
0.000108557
-9.00682e-06
-0.000152607
-7.62194e-06
-0.000227242
3.35725e-06
-0.000235324
1.58809e-05
-0.000225819
2.95955e-05
-0.00020833
3.89464e-05
-0.000195531
4.65724e-05
-0.000177248
5.83261e-05
-0.000133523
8.30941e-05
-3.6092e-05
9.49282e-05
6.79016e-05
8.53154e-05
4.08802e-05
5.97329e-05
1.30951e-05
2.09032e-05
7.63598e-05
-5.71142e-07
0.000162987
-1.0002e-06
0.000164969
3.82046e-06
0.000144761
6.67822e-06
0.000124431
4.66356e-06
0.000114485
0.000113221
4.92593e-05
-0.000104094
2.42198e-05
-0.000202202
2.39778e-05
-0.000235082
3.46529e-05
-0.000236494
4.59236e-05
-0.000219601
5.04681e-05
-0.000200076
5.22412e-05
-0.000179021
5.2471e-05
-0.000133753
6.38348e-05
-4.74559e-05
9.16815e-05
4.00547e-05
8.34428e-05
4.91187e-05
4.29503e-05
5.35876e-05
-6.7443e-06
0.000126054
-1.95294e-05
0.000175772
-1.25738e-05
0.000158013
-3.57148e-06
0.000135758
1.24589e-06
0.000119614
8.83407e-07
0.000114848
0.000114104
0.000113015
-7.7719e-05
7.82167e-05
-0.000167404
6.0569e-05
-0.000217434
5.9825e-05
-0.00023575
6.00374e-05
-0.000219813
5.11323e-05
-0.000191171
4.12781e-05
-0.000169166
3.91358e-05
-0.00013161
4.62212e-05
-5.45414e-05
6.10812e-05
2.51944e-05
3.82626e-05
7.19372e-05
-1.16203e-05
0.00010347
-4.43187e-05
0.000158753
-3.63474e-05
0.0001678
-2.12994e-05
0.000142965
-9.86467e-06
0.000124323
-4.06153e-06
0.000113811
-2.83461e-06
0.000113621
0.00011127
0.000125798
-7.65443e-05
0.00010265
-0.000144256
7.68515e-05
-0.000191635
5.70312e-05
-0.00021593
3.7538e-05
-0.00020032
1.42409e-05
-0.000167874
-1.05242e-05
-0.000144401
-2.5533e-05
-0.000116601
-2.92337e-05
-5.08406e-05
-3.69803e-05
3.2941e-05
-5.20902e-05
8.7047e-05
-7.45291e-05
0.000125909
-7.09466e-05
0.00015517
-4.68123e-05
0.000143666
-2.76287e-05
0.000123781
-1.55082e-05
0.000112203
-9.00306e-06
0.000107306
-5.81033e-06
0.000110428
0.00010546
9.70146e-05
-8.14254e-05
8.12522e-05
-0.000128494
5.47346e-05
-0.000165117
2.32581e-05
-0.000184454
-1.32382e-05
-0.000163824
-5.31011e-05
-0.000128011
-9.13341e-05
-0.000106168
-0.00012489
-8.30452e-05
-0.000142389
-3.33416e-05
-0.000136448
2.69994e-05
-0.0001247
7.52994e-05
-0.000109178
0.000110387
-7.9328e-05
0.00012532
-5.02186e-05
0.000114557
-3.17363e-05
0.000105299
-2.02219e-05
0.000100689
-1.2985e-05
0.000100069
-7.66627e-06
0.00010511
9.77935e-05
6.18004e-05
-8.03531e-05
4.51211e-05
-0.000111815
1.87302e-05
-0.000138726
-1.66647e-05
-0.000149059
-5.8899e-05
-0.000121589
-0.000101004
-8.59053e-05
-0.0001381
-6.90722e-05
-0.00016441
-5.67349e-05
-0.000170763
-2.69888e-05
-0.000157998
1.4234e-05
-0.000135651
5.29527e-05
-0.000106326
8.10617e-05
-7.3263e-05
9.22571e-05
-4.92643e-05
9.05583e-05
-3.40711e-05
9.0106e-05
-2.35384e-05
9.01561e-05
-1.55388e-05
9.20696e-05
-8.43762e-06
9.80088e-05
8.93559e-05
3.3959e-05
-7.38119e-05
1.63692e-05
-9.42251e-05
-8.8753e-06
-0.000113482
-4.16372e-05
-0.000116297
-7.7273e-05
-8.59536e-05
-0.000109668
-5.35101e-05
-0.000134345
-4.43947e-05
-0.000147542
-4.35379e-05
-0.000146585
-2.79466e-05
-0.000133068
7.17446e-07
-0.000112489
3.23729e-05
-8.75298e-05
5.6103e-05
-6.38447e-05
6.85721e-05
-4.72085e-05
7.39222e-05
-3.49778e-05
7.78755e-05
-2.51447e-05
8.03231e-05
-1.65943e-05
8.35192e-05
-8.37449e-06
8.97891e-05
8.09814e-05
1.66106e-05
-6.53476e-05
9.09285e-07
-7.85237e-05
-2.16651e-05
-9.09072e-05
-4.92135e-05
-8.87484e-05
-7.47292e-05
-6.04379e-05
-9.47384e-05
-3.35009e-05
-0.000107989
-3.11439e-05
-0.000113068
-3.8459e-05
-0.000110237
-3.0778e-05
-0.000101585
-7.93486e-06
-8.79663e-05
1.87542e-05
-7.18647e-05
4.00015e-05
-5.67871e-05
5.34947e-05
-4.46883e-05
6.18236e-05
-3.4251e-05
6.74383e-05
-2.4998e-05
7.10702e-05
-1.63927e-05
7.49139e-05
-7.81625e-06
8.12126e-05
7.31651e-05
8.0945e-06
-5.72117e-05
-5.10996e-06
-6.53192e-05
-2.41473e-05
-7.18698e-05
-4.49989e-05
-6.78967e-05
-6.00253e-05
-4.54113e-05
-6.97466e-05
-2.37797e-05
-7.63438e-05
-2.45468e-05
-7.98509e-05
-3.49521e-05
-8.02129e-05
-3.04161e-05
-7.78036e-05
-1.03443e-05
-7.07329e-05
1.16836e-05
-6.08598e-05
3.01284e-05
-5.04969e-05
4.31319e-05
-4.08282e-05
5.2155e-05
-3.17834e-05
5.83936e-05
-2.33968e-05
6.26835e-05
-1.53238e-05
6.68409e-05
-7.0566e-06
7.29453e-05
6.61084e-05
4.19992e-06
-5.01406e-05
-6.40424e-06
-5.4715e-05
-2.11913e-05
-5.70827e-05
-3.59479e-05
-5.314e-05
-4.32354e-05
-3.81238e-05
-4.48683e-05
-2.21468e-05
-4.77176e-05
-2.16976e-05
-5.29751e-05
-2.96947e-05
-5.76428e-05
-2.57486e-05
-5.94632e-05
-8.5239e-06
-5.67761e-05
8.99665e-06
-5.07448e-05
2.40973e-05
-4.33149e-05
3.57021e-05
-3.56189e-05
4.44591e-05
-2.80871e-05
5.08619e-05
-2.08886e-05
5.54849e-05
-1.37574e-05
5.97095e-05
-6.24155e-06
6.54294e-05
5.98668e-05
1.84396e-06
-4.3987e-05
-6.344e-06
-4.6527e-05
-1.65467e-05
-4.688e-05
-2.62729e-05
-4.34137e-05
-3.02071e-05
-3.41897e-05
-2.86069e-05
-2.3747e-05
-2.92555e-05
-2.1049e-05
-3.5379e-05
-2.35713e-05
-4.23453e-05
-1.87822e-05
-4.55931e-05
-5.27608e-06
-4.48272e-05
8.23088e-06
-4.10868e-05
2.0357e-05
-3.58245e-05
3.04399e-05
-2.99376e-05
3.85722e-05
-2.39252e-05
4.48495e-05
-1.7992e-05
4.95515e-05
-1.19485e-05
5.36659e-05
-5.39789e-06
5.88787e-05
5.44689e-05
6.49989e-07
-3.86467e-05
-5.62098e-06
-4.0256e-05
-1.24299e-05
-4.0071e-05
-1.86611e-05
-3.71825e-05
-2.18368e-05
-3.10138e-05
-2.1501e-05
-2.40827e-05
-2.21941e-05
-2.03559e-05
-2.70921e-05
-1.86733e-05
-3.28258e-05
-1.30485e-05
-3.53553e-05
-2.74645e-06
-3.50308e-05
7.90645e-06
-3.2585e-05
1.79113e-05
-2.88691e-05
2.6724e-05
-2.44706e-05
3.41737e-05
-1.97898e-05
4.01687e-05
-1.5022e-05
4.47836e-05
-1.00447e-05
4.86886e-05
-4.51463e-06
5.33486e-05
4.99543e-05
5.56352e-07
-3.44017e-05
-4.26327e-06
-3.54363e-05
-9.28106e-06
-3.50531e-05
-1.36711e-05
-3.27923e-05
-1.62755e-05
-2.84094e-05
-1.72132e-05
-2.3145e-05
-1.86526e-05
-1.89166e-05
-2.20472e-05
-1.52787e-05
-2.56214e-05
-9.47432e-06
-2.71519e-05
-1.21582e-06
-2.69045e-05
7.65911e-06
-2.52539e-05
1.62608e-05
-2.26372e-05
2.41073e-05
-1.94077e-05
3.09442e-05
-1.58465e-05
3.66075e-05
-1.21181e-05
4.10551e-05
-8.14284e-06
4.47135e-05
-3.61439e-06
4.88203e-05
4.634e-05
7.3137e-07
-3.14468e-05
-2.61764e-06
-3.20872e-05
-6.24224e-06
-3.14283e-05
-9.63304e-06
-2.94014e-05
-1.20347e-05
-2.60078e-05
-1.34152e-05
-2.17646e-05
-1.48473e-05
-1.74845e-05
-1.70372e-05
-1.30887e-05
-1.90563e-05
-7.45531e-06
-2.00255e-05
-2.46563e-07
-1.98647e-05
7.49832e-06
-1.87763e-05
1.51724e-05
-1.6986e-05
2.23171e-05
-1.46987e-05
2.8657e-05
-1.21001e-05
3.4009e-05
-9.31924e-06
3.82744e-05
-6.29731e-06
4.16917e-05
-2.74441e-06
4.52675e-05
4.35957e-05
6.96639e-07
-2.98251e-05
-1.10535e-06
-3.02851e-05
-3.1467e-06
-2.93869e-05
-5.34948e-06
-2.71987e-05
-7.41907e-06
-2.39382e-05
-9.11131e-06
-2.00725e-05
-1.05863e-05
-1.60096e-05
-1.20546e-05
-1.16204e-05
-1.32377e-05
-6.27227e-06
-1.38013e-05
3.1703e-07
-1.37278e-05
7.42491e-06
-1.30802e-05
1.45248e-05
-1.19537e-05
2.11906e-05
-1.0452e-05
2.71554e-05
-8.69165e-06
3.22488e-05
-6.76148e-06
3.63443e-05
-4.63378e-06
3.95641e-05
-1.99944e-06
4.26333e-05
4.15963e-05
2.80794e-07
-2.26382e-07
-7.64667e-07
-1.376e-06
-2.12768e-06
-3.05349e-06
-4.13651e-06
-5.15965e-06
-5.89716e-06
-6.22733e-06
-6.22101e-06
-5.96321e-06
-5.50483e-06
-4.87433e-06
-4.11852e-06
-3.26471e-06
-2.31076e-06
-1.06964e-06
)
;

boundaryField
{
    leftWall
    {
        type            calculated;
        value           uniform 0;
    }
    rightWall
    {
        type            calculated;
        value           uniform 0;
    }
    lowerWall
    {
        type            calculated;
        value           uniform 0;
    }
    atmosphere
    {
        type            calculated;
        value           nonuniform List<scalar> 
46
(
7.05624e-05
6.82706e-05
5.50904e-05
3.7526e-05
1.18907e-05
-1.99387e-05
-5.39977e-05
-9.18489e-05
-0.00013435
-0.000179387
-0.000201662
-6.20615e-05
0.000154655
0.000179414
8.21478e-05
4.68097e-05
3.25009e-05
1.94543e-05
7.55129e-06
-2.22183e-06
-9.63889e-06
-1.52979e-05
-1.96372e-05
-1.04274e-05
-1.10436e-05
-1.15582e-05
-1.197e-05
-2.9342e-05
-2.97779e-05
-2.88487e-05
-2.65874e-05
-2.31866e-05
-1.91467e-05
-1.49266e-05
-1.05973e-05
-5.53477e-06
6.4721e-07
7.41862e-06
1.42671e-05
2.07323e-05
2.6525e-05
3.1493e-05
3.54906e-05
3.86103e-05
4.13923e-05
4.05267e-05
)
;
    }
    defaultFaces
    {
        type            empty;
        value           nonuniform 0();
    }
}


// ************************************************************************* //
