/*--------------------------------*- C++ -*----------------------------------*\
| =========                 |                                                 |
| \\      /  F ield         | OpenFOAM: The Open Source CFD Toolbox           |
|  \\    /   O peration     | Version:  2.3.0                                 |
|   \\  /    A nd           | Web:      www.OpenFOAM.org                      |
|    \\/     M anipulation  |                                                 |
\*---------------------------------------------------------------------------*/
FoamFile
{
    version     2.0;
    format      ascii;
    class       volVectorField;
    location    "1.15";
    object      U;
}
// * * * * * * * * * * * * * * * * * * * * * * * * * * * * * * * * * * * * * //

dimensions      [0 1 -1 0 0 0 0];

internalField   nonuniform List<vector> 
2268
(
(0.018725 -0.0163213 0)
(0.0540358 -0.0152692 0)
(0.073618 -0.000825286 0)
(0.025068 0.0124902 0)
(-0.0436494 0.0121088 0)
(-0.043931 -0.000991771 0)
(-0.0165911 -0.00559397 0)
(0.0052357 -0.0036941 0)
(0.0131076 -0.00307794 0)
(0.0190207 -0.00321815 0)
(0.0306181 -0.00694379 0)
(0.0568909 -0.0160517 0)
(0.0809501 -0.0158777 0)
(0.0529203 0.011737 0)
(-0.0614183 0.0311955 0)
(-0.118545 0.0128791 0)
(-0.0665861 -0.0127442 0)
(-0.0188662 -0.0129863 0)
(0.00434191 -0.00493987 0)
(0.00961526 -0.00333516 0)
(0.00922184 -0.00408887 0)
(0.01111 -0.00268365 0)
(0.00900756 0.000429772 0)
(0.00412525 -0.0221744 0)
(0.00162423 -0.0147548 0)
(0.0217486 0.0147179 0)
(-0.0224571 0.037973 0)
(-0.0725709 0.023002 0)
(-0.0592038 -0.00870221 0)
(-0.0303297 -0.0193338 0)
(-0.00107603 -0.00997727 0)
(0.000581381 -0.0030715 0)
(-0.00734603 -0.00401522 0)
(-0.0103367 -0.0126465 0)
(-0.0198342 -0.0109137 0)
(-0.0552811 0.0193631 0)
(-0.0847541 0.0499567 0)
(-0.107439 0.0425912 0)
(-0.0425333 -0.00621641 0)
(0.0217413 -0.0375625 0)
(0.0434973 -0.0266687 0)
(0.0569221 -0.00865129 0)
(0.0583536 0.00113199 0)
(0.0448708 0.0032321 0)
(0.0257062 0.00329201 0)
(0.0174238 0.00797321 0)
(-0.00768942 -0.0151907 0)
(-0.0278415 -0.0155759 0)
(-0.0368786 0.0210631 0)
(-0.0603678 0.0525623 0)
(-0.0834506 0.0282159 0)
(-0.0755252 -0.0186193 0)
(-0.0462747 -0.0367508 0)
(-0.00976966 -0.0184116 0)
(6.02886e-05 -0.00153642 0)
(-0.00622792 0.00166423 0)
(-0.0194135 -0.00385944 0)
(-0.0491656 0.0042311 0)
(-0.085222 0.0275949 0)
(-0.0814806 0.0414151 0)
(-0.0200571 0.0128511 0)
(0.058594 -0.0388615 0)
(0.0751567 -0.0496442 0)
(0.0737973 -0.0309039 0)
(0.0773492 -0.0102873 0)
(0.077239 0.00438117 0)
(0.0623991 0.0126265 0)
(0.0330708 0.0117108 0)
(0.0201875 0.0188235 0)
(-0.00377993 -0.00601068 0)
(-0.021395 -0.00350218 0)
(-0.0475745 0.0293678 0)
(-0.065073 0.0589411 0)
(-0.0780661 0.032416 0)
(-0.0744841 -0.0259947 0)
(-0.0548731 -0.053972 0)
(-0.0199029 -0.0310889 0)
(-0.000683885 -0.00463735 0)
(-9.97281e-05 0.00540258 0)
(-0.0110231 0.00591752 0)
(-0.0309358 0.0144414 0)
(-0.0343734 0.0238179 0)
(0.00844712 0.0146983 0)
(0.0809761 -0.0170038 0)
(0.111889 -0.046331 0)
(0.105481 -0.0464706 0)
(0.092456 -0.028813 0)
(0.0876626 -0.0089469 0)
(0.0838038 0.0098315 0)
(0.0700667 0.0242463 0)
(0.0414442 0.0238842 0)
(0.0172038 0.0311307 0)
(0.00707805 -0.00315688 0)
(0.0101979 0.00522342 0)
(-0.0171625 0.0395251 0)
(-0.0396594 0.0646728 0)
(-0.0535504 0.0376378 0)
(-0.0509865 -0.0283833 0)
(-0.0447435 -0.0652693 0)
(-0.0256002 -0.0445953 0)
(-0.00468239 -0.0106143 0)
(0.00143593 0.00588558 0)
(-0.00130247 0.0105619 0)
(-0.00328723 0.0144916 0)
(0.0230434 0.00900875 0)
(0.0825403 -0.00939217 0)
(0.128123 -0.0314786 0)
(0.131191 -0.0476289 0)
(0.112522 -0.0430138 0)
(0.0951189 -0.0276829 0)
(0.086771 -0.00976301 0)
(0.0847154 0.013035 0)
(0.0747622 0.0335952 0)
(0.0490306 0.0379138 0)
(0.0146017 0.0434489 0)
(0.0247096 -0.0110381 0)
(0.0524493 0.00553927 0)
(0.0363654 0.0510197 0)
(0.00851645 0.0741247 0)
(-0.0112569 0.0434584 0)
(-0.0126583 -0.0270151 0)
(-0.0159751 -0.0674297 0)
(-0.0174982 -0.0515339 0)
(-0.00872462 -0.0162584 0)
(-0.00291356 0.0035849 0)
(7.57511e-05 0.00856473 0)
(0.0124332 0.00453572 0)
(0.0541707 -0.0148862 0)
(0.112679 -0.03267 0)
(0.131104 -0.0392255 0)
(0.102699 -0.0402575 0)
(0.0774016 -0.0313191 0)
(0.068354 -0.0191661 0)
(0.068272 -0.0077353 0)
(0.0767719 0.0132338 0)
(0.0754042 0.0404651 0)
(0.0503089 0.0530968 0)
(0.013284 0.0594994 0)
(0.0354992 -0.0316723 0)
(0.0951517 0.00141286 0)
(0.0998859 0.0580679 0)
(0.0688716 0.083345 0)
(0.0434908 0.0519944 0)
(0.0320614 -0.0195588 0)
(0.0181476 -0.0657867 0)
(0.00827799 -0.0469017 0)
(-0.0093288 -0.0154259 0)
(-0.0131693 0.00298059 0)
(-0.0101323 0.00463819 0)
(0.00911266 -0.0102386 0)
(0.063627 -0.0449016 0)
(0.106671 -0.0537863 0)
(0.0786325 -0.02879 0)
(0.0197211 -0.0186077 0)
(0.00050076 -0.0196417 0)
(0.0154868 -0.0153986 0)
(0.0395313 -0.0101341 0)
(0.0703376 0.014449 0)
(0.0828234 0.0496298 0)
(0.0606666 0.0694219 0)
(0.0231256 0.0701859 0)
(0.0304635 -0.0720141 0)
(0.0990677 -0.0254194 0)
(0.142664 0.0614664 0)
(0.130864 0.0986051 0)
(0.103424 0.0648751 0)
(0.0826541 -0.0126253 0)
(0.0515908 -0.0637055 0)
(0.0393485 -0.0436826 0)
(0.0114884 -0.00563577 0)
(-0.0152173 0.0043365 0)
(-0.0210409 -0.00114137 0)
(0.0060129 -0.0318564 0)
(0.0631201 -0.0743364 0)
(0.0392185 -0.0407575 0)
(-0.0227263 0.0140569 0)
(-0.0743914 -0.00326355 0)
(-0.0825676 -0.0311347 0)
(-0.0571701 -0.0417095 0)
(-0.0297266 -0.0389387 0)
(0.00574482 -0.0118757 0)
(0.0642956 0.0463482 0)
(0.0868476 0.0845459 0)
(0.0496899 0.102077 0)
(0.085636 -0.0403201 0)
(0.137186 -0.00194998 0)
(-0.0784988 0.0190416 0)
(-0.00350622 -0.0299135 0)
(0.274375 -0.0902875 0)
(0.575327 -0.0786573 0)
(0.821458 -0.0252128 0)
(0.868453 0.0331612 0)
(0.688899 0.0564563 0)
(0.483516 0.0374115 0)
(0.374928 0.0168469 0)
(0.286085 0.0217544 0)
(0.158859 0.0189556 0)
(0.0249724 0.0230786 0)
(-0.0969863 0.030014 0)
(-0.201094 0.0153019 0)
(-0.21348 -0.00666706 0)
(-0.147961 -0.0248202 0)
(-0.0311873 -0.0247539 0)
(0.00809161 -0.0498004 0)
(0.0849083 0.04445 0)
(-0.101548 0.0421515 0)
(0.175967 -0.124643 0)
(0.405631 -0.222057 0)
(0.620879 -0.180986 0)
(0.779883 -0.0813145 0)
(0.891029 0.0210126 0)
(0.901053 0.0848992 0)
(0.817256 0.0896829 0)
(0.706202 0.080364 0)
(0.563604 0.0962881 0)
(0.345978 0.10324 0)
(0.00428353 0.088055 0)
(-0.132243 0.0718392 0)
(-0.219235 0.0424152 0)
(-0.286961 -0.012375 0)
(-0.199891 -0.0637294 0)
(0.00892458 -0.0577625 0)
(0.00735457 -0.0627652 0)
(0.0414158 0.0440003 0)
(0.0690354 0.00566485 0)
(0.302964 -0.207802 0)
(0.427888 -0.310201 0)
(0.562783 -0.242118 0)
(0.684037 -0.10987 0)
(0.739744 0.00278707 0)
(0.760461 0.0776261 0)
(0.748231 0.103555 0)
(0.702711 0.120058 0)
(0.59961 0.17638 0)
(0.375909 0.216396 0)
(-0.0103068 0.184815 0)
(-0.122238 0.126595 0)
(-0.377727 0.102772 0)
(-0.625665 0.0309751 0)
(-0.364819 -0.168558 0)
(-0.0408553 -0.1005 0)
(0.00357911 -0.0689732 0)
(0.0206476 0.00912101 0)
(0.1634 -0.0504929 0)
(0.353899 -0.263546 0)
(0.36028 -0.358243 0)
(0.416035 -0.284694 0)
(0.524548 -0.127318 0)
(0.557458 0.000152516 0)
(0.555957 0.0727701 0)
(0.571723 0.0966788 0)
(0.551963 0.137405 0)
(0.484039 0.252627 0)
(0.273463 0.331066 0)
(-0.0357455 0.277395 0)
(-0.204933 0.232006 0)
(-0.746022 0.31249 0)
(-0.823593 -0.0160231 0)
(-0.473278 -0.359698 0)
(-0.173909 -0.210729 0)
(-0.0118284 -0.0675384 0)
(0.0410188 -0.0390743 0)
(0.209619 -0.12075 0)
(0.33003 -0.286964 0)
(0.228364 -0.361443 0)
(0.194209 -0.315976 0)
(0.313781 -0.143759 0)
(0.34267 -0.00288065 0)
(0.34805 0.0579338 0)
(0.33931 0.0908739 0)
(0.28052 0.170565 0)
(0.264412 0.334924 0)
(0.107003 0.425131 0)
(-0.0795416 0.360034 0)
(-0.463654 0.41757 0)
(-0.940874 0.435809 0)
(-0.721957 -0.120799 0)
(-0.46589 -0.501447 0)
(-0.207783 -0.349665 0)
(0.00215338 -0.0744118 0)
(0.0903631 -0.105052 0)
(0.229595 -0.164256 0)
(0.263391 -0.269246 0)
(0.0769239 -0.313944 0)
(-0.0731823 -0.326316 0)
(0.0548137 -0.175279 0)
(0.0854868 -0.013893 0)
(0.0798722 0.0633758 0)
(0.0405532 0.111198 0)
(0.0267402 0.18781 0)
(0.0555776 0.373691 0)
(-0.00473371 0.469932 0)
(-0.213818 0.484098 0)
(-0.77388 0.609839 0)
(-0.904011 0.33336 0)
(-0.684768 -0.216187 0)
(-0.392555 -0.626579 0)
(-0.231034 -0.479944 0)
(0.0510246 -0.127018 0)
(0.103636 -0.163278 0)
(0.198433 -0.171129 0)
(0.1789 -0.223622 0)
(-0.0300667 -0.228786 0)
(-0.288559 -0.275066 0)
(-0.261762 -0.189893 0)
(-0.2377 -0.0145891 0)
(-0.256698 0.0721796 0)
(-0.235157 0.086513 0)
(-0.152663 0.149688 0)
(-0.0881523 0.354489 0)
(-0.13276 0.511447 0)
(-0.416263 0.625884 0)
(-0.817403 0.757364 0)
(-0.862472 0.302912 0)
(-0.702609 -0.299179 0)
(-0.277112 -0.765995 0)
(-0.235813 -0.611125 0)
(0.0162525 -0.129118 0)
(-0.00437285 -0.168969 0)
(0.108822 -0.16513 0)
(0.109969 -0.182676 0)
(-0.0191522 -0.133342 0)
(-0.309185 -0.171242 0)
(-0.51012 -0.0919957 0)
(-0.519074 0.0235365 0)
(-0.535288 0.0716297 0)
(-0.51335 0.0767942 0)
(-0.437976 0.173872 0)
(-0.329786 0.379409 0)
(-0.372393 0.579037 0)
(-0.586004 0.746585 0)
(-0.815142 0.880653 0)
(-0.907092 0.368001 0)
(-0.611743 -0.420636 0)
(-0.13529 -0.903294 0)
(-0.194174 -0.714275 0)
(0.00997084 -0.138313 0)
(0.0751412 -0.0852699 0)
(0.119371 0.0155029 0)
(0.167377 0.0816384 0)
(0.185319 0.0837642 0)
(0.174992 0.0347791 0)
(0.114699 -0.0300549 0)
(0.0536406 -0.0291551 0)
(0.0299686 0.0155485 0)
(-0.0120971 0.0219864 0)
(-0.013521 -0.00969687 0)
(0.00998171 -0.0558598 0)
(-0.054577 -0.0338126 0)
(-0.163764 0.0179445 0)
(-0.197883 0.0233516 0)
(-0.226796 0.000924675 0)
(-0.200927 -0.0436195 0)
(-0.149377 -0.0626137 0)
(-0.1448 -0.0674046 0)
(-0.153489 -0.0496391 0)
(-0.108656 0.00334147 0)
(-0.0295331 0.0589229 0)
(0.06635 0.11988 0)
(0.0249163 -0.158813 0)
(0.0654562 -0.0877443 0)
(0.00715621 -0.0340669 0)
(0.0797831 0.0267884 0)
(0.162642 0.0496785 0)
(0.21139 0.066476 0)
(0.18844 0.0531149 0)
(0.109087 0.0342141 0)
(0.0395636 0.0649334 0)
(-0.0086906 0.0458195 0)
(-0.029815 -0.011976 0)
(-0.172828 0.00652542 0)
(-0.400982 0.030277 0)
(-0.528125 0.134446 0)
(-0.549056 0.12809 0)
(-0.533646 0.00594558 0)
(-0.411234 -0.0424036 0)
(-0.284714 -0.052096 0)
(-0.189128 0.00185504 0)
(-0.170909 0.019604 0)
(-0.217245 -0.0367487 0)
(-0.227162 -0.0855171 0)
(-0.205768 -0.0654337 0)
(0.0637393 -0.208733 0)
(0.127698 0.0815837 0)
(-0.0117345 -0.00813845 0)
(0.0482564 -0.0491712 0)
(0.137788 -0.07058 0)
(0.20984 0.00617383 0)
(0.226407 0.0718381 0)
(0.13448 0.107157 0)
(0.0258724 0.138244 0)
(-0.080378 0.117143 0)
(-0.271024 0.170709 0)
(-0.581818 0.336355 0)
(-0.951066 0.466354 0)
(-1.06456 0.303034 0)
(-1.0056 -0.00645851 0)
(-0.925469 -0.152201 0)
(-0.807917 -0.214529 0)
(-0.660273 -0.263845 0)
(-0.417899 -0.241981 0)
(-0.108559 -0.155417 0)
(0.199976 0.00267403 0)
(0.679114 0.116485 0)
(0.700006 0.198442 0)
(0.0471433 -0.493152 0)
(0.285849 -0.0526683 0)
(0.400538 -0.0364796 0)
(0.437288 -0.103384 0)
(0.301457 -0.107415 0)
(0.223035 0.00548155 0)
(0.139 0.139973 0)
(0.0148192 0.214929 0)
(-0.11202 0.258845 0)
(-0.284702 0.314535 0)
(-0.568721 0.434224 0)
(-0.998597 0.525681 0)
(-1.36112 0.311032 0)
(-1.30956 -0.02916 0)
(-1.23233 -0.184445 0)
(-1.14972 -0.296551 0)
(-1.06217 -0.38274 0)
(-0.963989 -0.467734 0)
(-0.835397 -0.540126 0)
(-0.663823 -0.575703 0)
(-0.445393 -0.569488 0)
(-0.18189 -0.448562 0)
(0.600634 0.18618 0)
(-0.0366549 -0.596519 0)
(0.0399027 -0.209136 0)
(0.0563874 -0.106396 0)
(-0.0875212 -0.00971764 0)
(-0.114207 0.0665745 0)
(-0.167365 0.144062 0)
(-0.221314 0.251149 0)
(-0.298263 0.338385 0)
(-0.40692 0.42002 0)
(-0.577378 0.547256 0)
(-0.840243 0.754192 0)
(-1.15815 0.981515 0)
(-1.18856 0.748552 0)
(-1.09274 0.134589 0)
(-0.993358 -0.200497 0)
(-1.00984 -0.380303 0)
(-1.02035 -0.466426 0)
(-1.01044 -0.554491 0)
(-0.962053 -0.638177 0)
(-0.851666 -0.680127 0)
(-0.737383 -0.721487 0)
(-0.590754 -0.722865 0)
(-0.331642 -0.62272 0)
(-0.147288 -0.37637 0)
(-0.307262 -0.0249682 0)
(-0.462405 0.0615974 0)
(-0.54904 0.0593105 0)
(-0.579932 0.0902303 0)
(-0.610142 0.197469 0)
(-0.637606 0.321188 0)
(-0.677514 0.441454 0)
(-0.736553 0.568565 0)
(-0.835255 0.756843 0)
(-1.0317 1.04375 0)
(-1.16896 1.28855 0)
(-0.90415 0.887248 0)
(-0.498917 -0.0265133 0)
(-0.261278 -0.179643 0)
(-0.304459 -0.143458 0)
(-0.428469 -0.241705 0)
(-0.645582 -0.453676 0)
(-0.812756 -0.698553 0)
(-0.829888 -0.760151 0)
(-0.813207 -0.814838 0)
(-0.762948 -0.811725 0)
(-0.710612 -0.723027 0)
(-0.0978576 -0.116366 0)
(-0.344213 0.138096 0)
(-0.583706 0.182403 0)
(-0.87409 0.105321 0)
(-0.913866 0.148067 0)
(-0.889262 0.259901 0)
(-0.876042 0.380568 0)
(-0.878309 0.496443 0)
(-0.898043 0.646522 0)
(-0.965982 0.902135 0)
(-1.0891 1.1293 0)
(-0.930545 0.949331 0)
(-0.512824 0.145253 0)
(-0.24882 -0.498244 0)
(-0.270649 -0.376997 0)
(-0.192184 -0.200958 0)
(-0.112549 -0.0842835 0)
(-0.0566532 -0.0395299 0)
(-0.181164 -0.469588 0)
(-0.440089 -0.632845 0)
(-0.643115 -0.79412 0)
(-0.727059 -0.83139 0)
(-0.718842 -0.77068 0)
(0.375194 -0.096509 0)
(-0.150571 0.233984 0)
(0.264935 0.623663 0)
(-0.467554 0.364426 0)
(-0.858221 0.0581928 0)
(-0.902855 0.163244 0)
(-0.836056 0.315273 0)
(-0.72702 0.453228 0)
(-0.662395 0.640366 0)
(-0.69307 0.908902 0)
(-0.645582 0.929052 0)
(-0.429606 0.539748 0)
(-0.126088 -0.140245 0)
(-0.158296 -0.420553 0)
(-0.216522 -0.408172 0)
(-0.179734 -0.338561 0)
(-0.0898676 -0.310561 0)
(0.0132481 -0.284462 0)
(0.0580913 -0.301002 0)
(0.0574631 -0.257828 0)
(-0.142234 -0.546435 0)
(-0.458375 -0.707221 0)
(-0.640663 -0.776363 0)
(0.261779 -0.295979 0)
(0.127866 0.186165 0)
(0.486968 0.672714 0)
(0.432202 1.02373 0)
(0.0131814 0.481236 0)
(-0.24189 0.0859322 0)
(-0.233981 0.0204791 0)
(0.175217 0.0798801 0)
(-0.0655549 0.506808 0)
(0.29858 0.901025 0)
(0.216361 0.908677 0)
(0.148959 0.515437 0)
(0.136201 -0.053035 0)
(-0.0769922 -0.35817 0)
(-0.181067 -0.340108 0)
(-0.201177 -0.329677 0)
(-0.159352 -0.360087 0)
(-0.0830769 -0.39483 0)
(0.00207989 -0.422595 0)
(0.0876809 -0.379371 0)
(0.133855 -0.350041 0)
(0.0986562 -0.332614 0)
(-0.234025 -0.551163 0)
(0.0274683 -0.514853 0)
(0.245522 -0.00666028 0)
(0.457887 0.461955 0)
(0.663788 1.04776 0)
(0.53091 0.859172 0)
(0.408023 0.389854 0)
(0.325245 0.127164 0)
(0.31186 0.135476 0)
(0.318371 0.295366 0)
(0.586863 0.809695 0)
(0.634915 1.04128 0)
(0.379476 0.678523 0)
(0.204907 0.115689 0)
(-0.0712319 -0.184752 0)
(-0.222017 -0.245615 0)
(-0.239935 -0.328175 0)
(-0.193986 -0.409686 0)
(-0.108631 -0.469032 0)
(-0.0202385 -0.494777 0)
(0.0514461 -0.481235 0)
(0.102516 -0.446752 0)
(0.15325 -0.360305 0)
(0.16397 -0.330445 0)
(-0.0487088 -0.658459 0)
(0.271208 -0.253765 0)
(0.429833 0.327817 0)
(0.472107 0.914004 0)
(0.57125 0.857467 0)
(0.59218 0.481002 0)
(0.453798 0.23833 0)
(0.376094 0.146591 0)
(0.323416 0.21006 0)
(0.496692 0.630961 0)
(0.427982 1.21643 0)
(0.170301 0.871737 0)
(0.00694666 0.317969 0)
(-0.238803 0.0233337 0)
(-0.324902 -0.168386 0)
(-0.285687 -0.354707 0)
(-0.179007 -0.495927 0)
(-0.0493917 -0.570908 0)
(0.0636333 -0.574466 0)
(0.13579 -0.523722 0)
(0.158704 -0.460379 0)
(0.144316 -0.404958 0)
(0.118626 -0.356092 0)
(-0.106935 -0.814958 0)
(0.169578 -0.390613 0)
(-0.0102712 0.385362 0)
(0.0432625 0.673259 0)
(0.37231 0.621162 0)
(0.43231 0.429469 0)
(0.421873 0.279767 0)
(0.358965 0.147542 0)
(0.139609 0.304307 0)
(0.181706 0.854282 0)
(-0.233235 1.41203 0)
(-0.259681 0.983216 0)
(-0.394193 0.487191 0)
(-0.48944 0.138367 0)
(-0.437291 -0.192431 0)
(-0.27921 -0.472425 0)
(-0.0899946 -0.648703 0)
(0.0838416 -0.712427 0)
(0.215741 -0.674484 0)
(0.289486 -0.56771 0)
(0.298653 -0.446702 0)
(0.252622 -0.352656 0)
(0.181941 -0.299351 0)
(-0.173107 -0.807385 0)
(0.0338726 -0.0491652 0)
(-0.487812 0.455724 0)
(-0.0721848 0.492523 0)
(0.21808 0.513497 0)
(0.320281 0.446781 0)
(0.459693 0.371331 0)
(0.142979 0.327582 0)
(-0.358823 0.571892 0)
(-0.509623 1.17365 0)
(-0.944305 1.47658 0)
(-0.77235 1.01543 0)
(-0.818099 0.549392 0)
(-0.699896 0.0815429 0)
(-0.47134 -0.372126 0)
(-0.206629 -0.692374 0)
(0.043324 -0.858954 0)
(0.244499 -0.879322 0)
(0.389073 -0.780284 0)
(0.459834 -0.604012 0)
(0.453289 -0.415379 0)
(0.376983 -0.274972 0)
(0.265774 -0.20605 0)
(-0.217887 -0.727083 0)
(0.101156 0.0626134 0)
(-0.483497 0.216552 0)
(0.0533599 0.0502881 0)
(0.0422572 0.294012 0)
(0.0794516 0.344328 0)
(-0.123829 0.568345 0)
(-0.640264 0.777775 0)
(-1.05248 1.0591 0)
(-1.25256 1.42171 0)
(-1.38437 1.40695 0)
(-1.20155 0.95023 0)
(-1.07804 0.412757 0)
(-0.777912 -0.185967 0)
(-0.456303 -0.672306 0)
(-0.144135 -0.980842 0)
(0.125971 -1.10527 0)
(0.333917 -1.06625 0)
(0.488133 -0.898383 0)
(0.56976 -0.640634 0)
(0.564508 -0.367675 0)
(0.472731 -0.165342 0)
(0.328313 -0.0791556 0)
(-0.224407 -0.705347 0)
(0.173739 0.215845 0)
(-0.293693 0.165412 0)
(0.10801 -0.0569086 0)
(-0.218552 0.330337 0)
(-0.330401 0.607876 0)
(-0.716248 0.938375 0)
(-1.15466 1.19754 0)
(-1.47245 1.40835 0)
(-1.6221 1.51415 0)
(-1.6008 1.28976 0)
(-1.42199 0.759481 0)
(-1.14797 0.0982204 0)
(-0.800178 -0.53752 0)
(-0.466801 -1.00501 0)
(-0.158098 -1.28237 0)
(0.0824943 -1.34925 0)
(0.279859 -1.25841 0)
(0.435724 -1.02917 0)
(0.531186 -0.691786 0)
(0.549782 -0.329983 0)
(0.476852 -0.053482 0)
(0.330203 0.0688413 0)
(-0.18603 -0.67444 0)
(0.253283 0.250742 0)
(-0.0858068 0.296274 0)
(-0.0178536 0.158146 0)
(-0.429841 0.606042 0)
(-0.666761 0.971794 0)
(-1.054 1.30101 0)
(-1.37741 1.52075 0)
(-1.61794 1.62733 0)
(-1.72554 1.54938 0)
(-1.67045 1.16114 0)
(-1.46403 0.500944 0)
(-1.15876 -0.237809 0)
(-0.849067 -0.870225 0)
(-0.537752 -1.32878 0)
(-0.280487 -1.54503 0)
(-0.0868177 -1.55799 0)
(0.0839358 -1.4387 0)
(0.225534 -1.16525 0)
(0.320549 -0.763418 0)
(0.363972 -0.317077 0)
(0.339865 0.0389458 0)
(0.230349 0.196425 0)
(-0.163566 -0.841461 0)
(0.239889 0.167269 0)
(0.0868036 0.434455 0)
(-0.10526 0.447765 0)
(-0.532052 0.921615 0)
(-0.81285 1.30774 0)
(-1.13796 1.59903 0)
(-1.3827 1.76513 0)
(-1.58668 1.79057 0)
(-1.68884 1.57486 0)
(-1.63107 1.02347 0)
(-1.42908 0.247941 0)
(-1.18104 -0.529251 0)
(-0.921268 -1.17337 0)
(-0.670815 -1.59786 0)
(-0.481014 -1.74307 0)
(-0.33625 -1.72147 0)
(-0.203001 -1.58585 0)
(-0.0925996 -1.27232 0)
(-0.0134161 -0.826134 0)
(0.0424822 -0.327759 0)
(0.0744195 0.0881407 0)
(0.029149 0.272656 0)
(-0.213615 -0.882162 0)
(0.219325 0.128625 0)
(0.0663689 0.513701 0)
(-0.0685584 0.792724 0)
(-0.521421 1.24654 0)
(-0.78751 1.60252 0)
(-1.05233 1.84345 0)
(-1.25782 1.97198 0)
(-1.45409 1.93989 0)
(-1.56227 1.60338 0)
(-1.51805 0.91068 0)
(-1.36517 0.0549064 0)
(-1.19308 -0.752439 0)
(-0.998848 -1.41061 0)
(-0.826893 -1.78762 0)
(-0.70115 -1.87889 0)
(-0.606469 -1.8367 0)
(-0.523082 -1.68389 0)
(-0.457192 -1.34204 0)
(-0.397445 -0.868028 0)
(-0.330091 -0.35454 0)
(-0.25898 0.0800784 0)
(-0.23229 0.290172 0)
(-0.211895 -0.721763 0)
(0.181092 0.0315366 0)
(0.031022 0.537781 0)
(0.0225584 1.1226 0)
(-0.426352 1.56299 0)
(-0.660475 1.8616 0)
(-0.879407 2.05415 0)
(-1.06178 2.16212 0)
(-1.2512 2.08497 0)
(-1.36373 1.6429 0)
(-1.34791 0.848435 0)
(-1.26167 -0.0631119 0)
(-1.16172 -0.904578 0)
(-1.04931 -1.56742 0)
(-0.952392 -1.905 0)
(-0.881679 -1.95821 0)
(-0.842782 -1.90031 0)
(-0.814733 -1.73378 0)
(-0.790874 -1.38479 0)
(-0.75075 -0.904576 0)
(-0.675681 -0.402434 0)
(-0.572397 0.0116946 0)
(-0.487986 0.242738 0)
(-0.166469 -0.761238 0)
(0.145328 -0.105675 0)
(0.0943216 0.540224 0)
(0.128146 1.35189 0)
(-0.291084 1.86396 0)
(-0.494924 2.08773 0)
(-0.674198 2.23505 0)
(-0.826629 2.33179 0)
(-0.993369 2.22121 0)
(-1.1054 1.70317 0)
(-1.12169 0.845235 0)
(-1.09787 -0.104362 0)
(-1.06448 -0.978282 0)
(-1.03583 -1.64723 0)
(-1.00714 -1.96057 0)
(-0.981596 -1.98404 0)
(-0.996196 -1.90741 0)
(-1.02372 -1.73621 0)
(-1.03814 -1.40168 0)
(-1.01668 -0.944014 0)
(-0.940633 -0.47171 0)
(-0.820817 -0.0866274 0)
(-0.701282 0.140038 0)
(0.0153589 -0.744923 0)
(0.138098 -0.224545 0)
(0.14381 0.513858 0)
(0.188771 1.58055 0)
(-0.164337 2.14859 0)
(-0.340196 2.27774 0)
(-0.472551 2.37631 0)
(-0.57584 2.46483 0)
(-0.699192 2.33693 0)
(-0.801834 1.7778 0)
(-0.842879 0.888967 0)
(-0.871107 -0.0801254 0)
(-0.895818 -0.973179 0)
(-0.939889 -1.65545 0)
(-0.974163 -1.96587 0)
(-0.985628 -1.96561 0)
(-1.0384 -1.86277 0)
(-1.11218 -1.69502 0)
(-1.16591 -1.38878 0)
(-1.16304 -0.97971 0)
(-1.09654 -0.553262 0)
(-0.974523 -0.206972 0)
(-0.832449 -0.00532187 0)
(0.242851 -0.8669 0)
(0.117594 -0.264863 0)
(0.141067 0.49081 0)
(0.124878 1.54042 0)
(-0.12177 2.39129 0)
(-0.234541 2.41474 0)
(-0.299205 2.4608 0)
(-0.331966 2.54188 0)
(-0.392156 2.41572 0)
(-0.473964 1.85598 0)
(-0.529432 0.970463 0)
(-0.594206 0.00423538 0)
(-0.664881 -0.89525 0)
(-0.774191 -1.6026 0)
(-0.853449 -1.93303 0)
(-0.900094 -1.91895 0)
(-0.969796 -1.7835 0)
(-1.06979 -1.61572 0)
(-1.15245 -1.35073 0)
(-1.17194 -1.00107 0)
(-1.11967 -0.637352 0)
(-1.00381 -0.345751 0)
(-0.848885 -0.182686 0)
(0.28133 -1.10016 0)
(0.0801265 -0.190634 0)
(0.110285 0.538872 0)
(-0.0523256 1.70839 0)
(-0.209912 2.53134 0)
(-0.184465 2.46876 0)
(-0.165218 2.4704 0)
(-0.115008 2.54635 0)
(-0.0961406 2.44524 0)
(-0.138458 1.92172 0)
(-0.196583 1.06364 0)
(-0.281793 0.119584 0)
(-0.381405 -0.765637 0)
(-0.544214 -1.4973 0)
(-0.658363 -1.86463 0)
(-0.742127 -1.85653 0)
(-0.816645 -1.69366 0)
(-0.917408 -1.5191 0)
(-1.01126 -1.29348 0)
(-1.0471 -1.00997 0)
(-1.00995 -0.719752 0)
(-0.906379 -0.487905 0)
(-0.765311 -0.354025 0)
(0.197439 -1.32511 0)
(-0.0609544 0.02303 0)
(0.0333225 0.654255 0)
(-0.297689 1.94237 0)
(-0.300551 2.53012 0)
(-0.160757 2.41799 0)
(-0.0642651 2.39591 0)
(0.0656578 2.47098 0)
(0.163357 2.40945 0)
(0.185568 1.95972 0)
(0.140509 1.16854 0)
(0.0468888 0.269581 0)
(-0.0630683 -0.602109 0)
(-0.249077 -1.33811 0)
(-0.413417 -1.75074 0)
(-0.534774 -1.77707 0)
(-0.618948 -1.60755 0)
(-0.706849 -1.42544 0)
(-0.794814 -1.2304 0)
(-0.83656 -1.00681 0)
(-0.816873 -0.783615 0)
(-0.742147 -0.603033 0)
(-0.642039 -0.482091 0)
(0.00453678 -1.42362 0)
(-0.146073 0.168558 0)
(-0.0951299 0.794382 0)
(-0.536273 2.0021 0)
(-0.319707 2.41554 0)
(-0.138269 2.27211 0)
(0.0191832 2.24903 0)
(0.206568 2.32118 0)
(0.366374 2.29786 0)
(0.463105 1.93998 0)
(0.450041 1.24933 0)
(0.366279 0.411165 0)
(0.249816 -0.427122 0)
(0.0555021 -1.14766 0)
(-0.149992 -1.58779 0)
(-0.306062 -1.67048 0)
(-0.410853 -1.52222 0)
(-0.49069 -1.34225 0)
(-0.568378 -1.16963 0)
(-0.613138 -0.990575 0)
(-0.613608 -0.817267 0)
(-0.575403 -0.671087 0)
(-0.519795 -0.557239 0)
(-0.21096 -1.29849 0)
(-0.228874 0.36809 0)
(-0.321455 1.07632 0)
(-0.643058 1.94426 0)
(-0.282083 2.23021 0)
(-0.107597 2.0679 0)
(0.0953259 2.05374 0)
(0.308674 2.12023 0)
(0.504322 2.12544 0)
(0.656498 1.8608 0)
(0.691501 1.28195 0)
(0.63099 0.533589 0)
(0.511323 -0.254902 0)
(0.317708 -0.948856 0)
(0.0997763 -1.39582 0)
(-0.0843723 -1.53351 0)
(-0.212448 -1.42699 0)
(-0.297185 -1.26254 0)
(-0.370617 -1.10967 0)
(-0.420423 -0.960992 0)
(-0.439669 -0.820457 0)
(-0.43303 -0.697483 0)
(-0.411454 -0.592885 0)
(-0.552308 -0.748849 0)
(-0.508245 0.715709 0)
(-0.540482 1.13002 0)
(-0.601935 1.80914 0)
(-0.208501 2.00405 0)
(-0.0583054 1.84338 0)
(0.165157 1.83716 0)
(0.37808 1.89951 0)
(0.581929 1.92312 0)
(0.75686 1.73705 0)
(0.834839 1.26806 0)
(0.802592 0.611609 0)
(0.691313 -0.106793 0)
(0.5105 -0.74685 0)
(0.300901 -1.19639 0)
(0.11122 -1.37596 0)
(-0.0353975 -1.31678 0)
(-0.133121 -1.17725 0)
(-0.209835 -1.04506 0)
(-0.267607 -0.919304 0)
(-0.301741 -0.801485 0)
(-0.316677 -0.696156 0)
(-0.317058 -0.603655 0)
(-0.644321 -0.366495 0)
(-0.171216 0.437565 0)
(-0.428807 1.01498 0)
(-0.396633 1.6567 0)
(-0.0948515 1.77292 0)
(0.0205956 1.62939 0)
(0.230689 1.62692 0)
(0.422702 1.68736 0)
(0.611621 1.72251 0)
(0.782448 1.59552 0)
(0.880526 1.22799 0)
(0.875777 0.66898 0)
(0.78574 0.0363605 0)
(0.626367 -0.556604 0)
(0.442326 -1.00493 0)
(0.264725 -1.21321 0)
(0.112454 -1.19364 0)
(0.00226543 -1.08324 0)
(-0.0810818 -0.972391 0)
(-0.147038 -0.867314 0)
(-0.192268 -0.768293 0)
(-0.220316 -0.678541 0)
(-0.234164 -0.598916 0)
(-0.645084 -0.21959 0)
(0.519062 0.477467 0)
(-0.131286 1.00639 0)
(-0.120662 1.57488 0)
(0.0393528 1.58032 0)
(0.127003 1.45701 0)
(0.291974 1.44761 0)
(0.449054 1.50413 0)
(0.607596 1.5458 0)
(0.756953 1.45972 0)
(0.8542 1.173 0)
(0.867985 0.706308 0)
(0.801685 0.150273 0)
(0.675068 -0.399372 0)
(0.529204 -0.837181 0)
(0.37392 -1.05788 0)
(0.22586 -1.06534 0)
(0.110231 -0.982063 0)
(0.0210809 -0.892743 0)
(-0.0501445 -0.807685 0)
(-0.102759 -0.726283 0)
(-0.13905 -0.651272 0)
(-0.161769 -0.583753 0)
(-0.530413 -0.315137 0)
(0.509847 0.277253 0)
(0.0983111 1.18284 0)
(0.0866692 1.59986 0)
(0.153206 1.46438 0)
(0.222197 1.33186 0)
(0.34061 1.31208 0)
(0.459739 1.36183 0)
(0.581461 1.40468 0)
(0.700066 1.34478 0)
(0.784099 1.1154 0)
(0.807811 0.720699 0)
(0.763735 0.228505 0)
(0.6764 -0.280616 0)
(0.573606 -0.700689 0)
(0.444089 -0.917712 0)
(0.306145 -0.939355 0)
(0.191341 -0.878628 0)
(0.100496 -0.809732 0)
(0.0270863 -0.743421 0)
(-0.0292902 -0.678736 0)
(-0.071034 -0.617532 0)
(-0.100018 -0.561089 0)
(-0.398981 -0.273479 0)
(0.387745 0.0965476 0)
(0.150326 1.2435 0)
(0.193379 1.67288 0)
(0.219293 1.42326 0)
(0.271652 1.24051 0)
(0.362934 1.21283 0)
(0.452717 1.26014 0)
(0.53957 1.30191 0)
(0.625547 1.25655 0)
(0.692872 1.06321 0)
(0.719504 0.719964 0)
(0.695657 0.276345 0)
(0.652551 -0.202858 0)
(0.590231 -0.597779 0)
(0.483317 -0.795351 0)
(0.357784 -0.820217 0)
(0.248436 -0.777318 0)
(0.159676 -0.727058 0)
(0.0868812 -0.67747 0)
(0.0291302 -0.627838 0)
(-0.0155659 -0.579366 0)
(-0.0487711 -0.533212 0)
(-0.232145 -0.210406 0)
(0.340582 0.0216057 0)
(-0.022964 1.13071 0)
(0.215189 1.69205 0)
(0.242683 1.40475 0)
(0.279405 1.16817 0)
(0.357689 1.13606 0)
(0.427455 1.18969 0)
(0.485184 1.23284 0)
(0.542926 1.193 0)
(0.59484 1.01906 0)
(0.620347 0.709145 0)
(0.622679 0.291883 0)
(0.624712 -0.166434 0)
(0.591156 -0.52343 0)
(0.499917 -0.68885 0)
(0.38687 -0.710179 0)
(0.285679 -0.681325 0)
(0.201559 -0.647262 0)
(0.13135 -0.612376 0)
(0.0740574 -0.575706 0)
(0.0281091 -0.53861 0)
(-0.00747116 -0.502033 0)
(-0.236337 -0.574205 0)
(0.298858 0.103421 0)
(-0.273137 1.14235 0)
(0.264679 1.63272 0)
(0.259331 1.35992 0)
(0.275274 1.10414 0)
(0.338847 1.07481 0)
(0.390006 1.14191 0)
(0.423614 1.18964 0)
(0.459579 1.1489 0)
(0.498022 0.982001 0)
(0.528722 0.683302 0)
(0.569073 0.270181 0)
(0.606401 -0.161878 0)
(0.584713 -0.466499 0)
(0.501689 -0.593942 0)
(0.399761 -0.6097 0)
(0.307541 -0.592347 0)
(0.229281 -0.571934 0)
(0.162731 -0.549471 0)
(0.107111 -0.524043 0)
(0.0612957 -0.496843 0)
(0.0246271 -0.468906 0)
(-0.304639 -0.369447 0)
(0.267035 0.195964 0)
(-0.332098 0.879868 0)
(0.388269 1.45508 0)
(0.364405 1.32576 0)
(0.318223 1.07951 0)
(0.332927 1.03645 0)
(0.354268 1.11454 0)
(0.36453 1.16757 0)
(0.381887 1.11931 0)
(0.413141 0.943393 0)
(0.468281 0.629777 0)
(0.550031 0.214926 0)
(0.601344 -0.173218 0)
(0.575414 -0.415216 0)
(0.494685 -0.506128 0)
(0.401674 -0.517842 0)
(0.317751 -0.510594 0)
(0.245417 -0.501603 0)
(0.182936 -0.489554 0)
(0.129739 -0.473746 0)
(0.0850193 -0.455217 0)
(0.0483712 -0.43491 0)
(-0.265264 -0.321907 0)
(0.191881 0.184245 0)
(-0.059584 0.671086 0)
(0.445606 1.20804 0)
(0.509893 1.30543 0)
(0.429221 1.12688 0)
(0.364527 1.04816 0)
(0.336903 1.11649 0)
(0.317578 1.16863 0)
(0.314309 1.10072 0)
(0.355038 0.888538 0)
(0.455201 0.54366 0)
(0.566212 0.144352 0)
(0.607248 -0.179465 0)
(0.564949 -0.358803 0)
(0.482222 -0.421113 0)
(0.39566 -0.43281 0)
(0.318652 -0.435307 0)
(0.251785 -0.436151 0)
(0.19353 -0.43304 0)
(0.14333 -0.425563 0)
(0.100451 -0.4146 0)
(0.0646967 -0.401063 0)
(-0.219083 -0.264881 0)
(0.0637052 0.00670886 0)
(0.162199 0.567671 0)
(0.336045 0.902686 0)
(0.559623 1.25374 0)
(0.526398 1.21331 0)
(0.415917 1.12405 0)
(0.330035 1.16671 0)
(0.262578 1.20208 0)
(0.243404 1.07788 0)
(0.330283 0.79226 0)
(0.489346 0.423246 0)
(0.605655 0.0764307 0)
(0.61343 -0.165724 0)
(0.549269 -0.290972 0)
(0.463648 -0.336314 0)
(0.38217 -0.353139 0)
(0.311153 -0.365688 0)
(0.249595 -0.375452 0)
(0.19592 -0.380288 0)
(0.149284 -0.380103 0)
(0.108905 -0.375754 0)
(0.0747753 -0.368273 0)
(0.145775 -0.195714 0)
(-0.100677 -0.381262 0)
(0.187952 0.440992 0)
(0.293261 0.86417 0)
(0.421727 1.10357 0)
(0.525984 1.24761 0)
(0.44936 1.2333 0)
(0.3138 1.2765 0)
(0.181186 1.27605 0)
(0.170665 1.02506 0)
(0.348476 0.591274 0)
(0.551933 0.254366 0)
(0.631469 0.0324978 0)
(0.60058 -0.125891 0)
(0.521602 -0.212748 0)
(0.435913 -0.252553 0)
(0.360203 -0.278761 0)
(0.295545 -0.301722 0)
(0.239922 -0.319916 0)
(0.191452 -0.331919 0)
(0.148881 -0.338016 0)
(0.111485 -0.339343 0)
(0.0795137 -0.337242 0)
(0.124144 -0.235941 0)
(-0.149958 -0.0951979 0)
(0.111299 0.245001 0)
(0.281179 0.741508 0)
(0.376418 1.03104 0)
(0.471989 1.18571 0)
(0.481518 1.3284 0)
(0.338638 1.43047 0)
(0.204652 1.35314 0)
(0.360115 0.854536 0)
(0.565103 0.403335 0)
(0.615996 0.18822 0)
(0.620928 0.0428847 0)
(0.568797 -0.0653289 0)
(0.480886 -0.128617 0)
(0.397461 -0.172354 0)
(0.329217 -0.210946 0)
(0.272221 -0.244489 0)
(0.223485 -0.270561 0)
(0.180533 -0.288612 0)
(0.142121 -0.299728 0)
(0.107941 -0.30572 0)
(0.0785429 -0.30831 0)
(0.0178226 -0.243806 0)
(0.00448597 -0.156898 0)
(-0.0642402 -0.0971983 0)
(0.211122 0.582475 0)
(0.368093 0.947675 0)
(0.463291 1.16061 0)
(0.519357 1.35389 0)
(0.432592 1.61821 0)
(0.410392 1.30581 0)
(0.601335 0.700875 0)
(0.660071 0.361383 0)
(0.649719 0.1949 0)
(0.597637 0.0969539 0)
(0.514675 0.0209579 0)
(0.422377 -0.0413359 0)
(0.347201 -0.0991457 0)
(0.288721 -0.151867 0)
(0.240613 -0.195407 0)
(0.19861 -0.227678 0)
(0.160438 -0.249963 0)
(0.12599 -0.264942 0)
(0.0955575 -0.275019 0)
(0.0697511 -0.281938 0)
(-0.00156741 -0.237732 0)
(-0.00237895 -0.110711 0)
(-0.0596218 -0.0108979 0)
(0.0991835 0.314769 0)
(0.303575 0.771588 0)
(0.460599 1.0711 0)
(0.546229 1.32227 0)
(0.535526 1.6972 0)
(0.597968 1.19342 0)
(0.655825 0.668147 0)
(0.652519 0.349238 0)
(0.592933 0.211863 0)
(0.4915 0.177762 0)
(0.411636 0.113305 0)
(0.341389 0.0345446 0)
(0.283637 -0.0391196 0)
(0.23681 -0.103323 0)
(0.196138 -0.153225 0)
(0.158768 -0.188854 0)
(0.124892 -0.214623 0)
(0.0956805 -0.23396 0)
(0.0712475 -0.248737 0)
(0.0515946 -0.260215 0)
(-0.0108762 -0.211433 0)
(-0.0627196 -0.101869 0)
(-0.0895606 -0.0443894 0)
(0.012799 0.154346 0)
(0.255845 0.560142 0)
(0.475724 0.965859 0)
(0.600922 1.28348 0)
(0.602363 1.44046 0)
(0.564666 1.12332 0)
(0.477776 0.708479 0)
(0.451271 0.413334 0)
(0.39566 0.332938 0)
(0.347757 0.265947 0)
(0.307804 0.172684 0)
(0.261335 0.0846346 0)
(0.212607 0.00521979 0)
(0.167502 -0.0613429 0)
(0.129078 -0.113132 0)
(0.0975709 -0.153589 0)
(0.0723223 -0.185772 0)
(0.0530805 -0.211217 0)
(0.0386349 -0.23114 0)
(0.0280406 -0.246748 0)
(-0.000291934 -0.18422 0)
(-0.012448 -0.0908268 0)
(0.0336066 -0.13485 0)
(0.202816 -0.141121 0)
(0.755649 -0.111411 0)
(1.40802 0.211014 0)
(1.50763 1.42377 0)
(0.707184 2.76181 0)
(-0.671184 1.86636 0)
(-0.964731 0.170779 0)
(-0.335117 0.0981568 0)
(0.0347679 0.199363 0)
(0.138438 0.229103 0)
(0.159433 0.20139 0)
(0.138488 0.141609 0)
(0.102939 0.0666836 0)
(0.0653916 -0.0123843 0)
(0.0403245 -0.0803364 0)
(0.0268663 -0.132249 0)
(0.0186171 -0.171433 0)
(0.0134037 -0.201276 0)
(0.00995705 -0.224116 0)
(0.00764909 -0.241709 0)
(0.1076 0.104195 0)
(0.0763525 0.0834756 0)
(0.00977257 0.107438 0)
(-0.0320341 0.192993 0)
(-0.191608 -0.00168482 0)
(-0.212077 0.0844617 0)
(-0.272147 0.123089 0)
(-0.350788 0.0922392 0)
(0.0838069 0.0715321 0)
(0.0236036 0.214007 0)
(-0.0755154 0.32728 0)
(-0.107802 0.315889 0)
(0.851089 0.500537 0)
(1.02356 0.560391 0)
(1.15202 0.591461 0)
(1.24377 0.589151 0)
(0.0380554 -0.49284 0)
(0.337738 -0.350814 0)
(0.599051 -0.249412 0)
(0.880056 -0.131933 0)
(-0.664411 -0.59585 0)
(-0.63542 -0.484349 0)
(-0.584447 -0.402201 0)
(-0.508079 -0.325791 0)
(-0.675437 -0.64827 0)
(-0.640209 -0.549594 0)
(-0.609448 -0.47235 0)
(-0.576884 -0.422908 0)
(-0.669407 -0.717314 0)
(-0.649382 -0.635207 0)
(-0.612335 -0.539404 0)
(-0.588514 -0.455223 0)
(-0.449667 -0.61092 0)
(-0.546207 -0.680388 0)
(-0.533981 -0.584071 0)
(-0.538958 -0.498722 0)
(0.145576 -0.0902537 0)
(0.0896386 -0.512025 0)
(-0.112638 -0.554843 0)
(-0.260739 -0.36578 0)
(0.113786 -0.300587 0)
(0.107955 -0.253563 0)
(0.0780768 -0.227587 0)
(0.0665285 -0.186193 0)
(0.129207 -0.276374 0)
(0.103059 -0.26947 0)
(0.085669 -0.255358 0)
(0.0740744 -0.241372 0)
(0.185092 -0.184342 0)
(0.138249 -0.183658 0)
(0.0993462 -0.18378 0)
(0.0640108 -0.185716 0)
(0.222447 -0.0660777 0)
(0.161775 -0.0788385 0)
(0.111914 -0.093228 0)
(0.0679405 -0.108167 0)
(0.21317 0.0800874 0)
(0.144854 0.0463955 0)
(0.0896169 0.00997264 0)
(0.0433025 -0.0205829 0)
(0.130202 0.217459 0)
(0.0719614 0.174174 0)
(0.0233388 0.117196 0)
(-0.0181962 0.0661397 0)
(-0.0299939 0.301892 0)
(-0.0607059 0.262757 0)
(-0.0861001 0.197035 0)
(-0.111926 0.130913 0)
(-0.235288 0.323221 0)
(-0.236463 0.291787 0)
(-0.2316 0.226218 0)
(-0.232096 0.152525 0)
(-0.446501 0.282842 0)
(-0.41697 0.253036 0)
(-0.383126 0.193989 0)
(-0.356539 0.12412 0)
(-0.620712 0.182527 0)
(-0.562979 0.153084 0)
(-0.504708 0.102923 0)
(-0.458891 0.0488057 0)
(-0.719653 0.0284898 0)
(-0.642841 0.0023039 0)
(-0.574371 -0.0289222 0)
(-0.520006 -0.057276 0)
(-0.722055 -0.154507 0)
(-0.647276 -0.160911 0)
(-0.584723 -0.163308 0)
(-0.533685 -0.166714 0)
(-0.660036 -0.311951 0)
(-0.603481 -0.293075 0)
(-0.554263 -0.27516 0)
(-0.511621 -0.26322 0)
(-0.57222 -0.421348 0)
(-0.534229 -0.388059 0)
(-0.498908 -0.360385 0)
(-0.466883 -0.33959 0)
(-0.479804 -0.488118 0)
(-0.455845 -0.45059 0)
(-0.432512 -0.41948 0)
(-0.41049 -0.394443 0)
(-0.391724 -0.525398 0)
(-0.377873 -0.488669 0)
(-0.363928 -0.45719 0)
(-0.350128 -0.430788 0)
(-0.310619 -0.543034 0)
(-0.304251 -0.508947 0)
(-0.297407 -0.47858 0)
(-0.29007 -0.452432 0)
(-0.237118 -0.546504 0)
(-0.236593 -0.515826 0)
(-0.235181 -0.487539 0)
(-0.232889 -0.462613 0)
(-0.171735 -0.539047 0)
(-0.175773 -0.512268 0)
(-0.178581 -0.486867 0)
(-0.18025 -0.463843 0)
(-0.115011 -0.523376 0)
(-0.122463 -0.500616 0)
(-0.128522 -0.478593 0)
(-0.133319 -0.457985 0)
(-0.0671733 -0.501924 0)
(-0.0770471 -0.482951 0)
(-0.0855318 -0.464392 0)
(-0.0927616 -0.4465 0)
(-0.0280802 -0.476594 0)
(-0.0395938 -0.461027 0)
(-0.0498077 -0.445715 0)
(-0.0588295 -0.430614 0)
(0.00265201 -0.448781 0)
(-0.00980731 -0.436286 0)
(-0.0211588 -0.423915 0)
(-0.0313644 -0.411522 0)
(0.025715 -0.419641 0)
(0.0128953 -0.409947 0)
(0.00100323 -0.400277 0)
(-0.00980722 -0.390458 0)
(0.0421667 -0.390282 0)
(0.0294114 -0.383184 0)
(0.0175308 -0.376021 0)
(0.0066473 -0.368635 0)
(0.053041 -0.361649 0)
(0.0407231 -0.357021 0)
(0.0292643 -0.352232 0)
(0.0187201 -0.347123 0)
(0.0590131 -0.334435 0)
(0.0473841 -0.33214 0)
(0.0365996 -0.329582 0)
(0.0266787 -0.326655 0)
(0.0596423 -0.308966 0)
(0.0489393 -0.308867 0)
(0.0390798 -0.308444 0)
(0.0300676 -0.307667 0)
(0.0533193 -0.285846 0)
(0.0441173 -0.2879 0)
(0.0357591 -0.289628 0)
(0.0282274 -0.291013 0)
(0.0394754 -0.267263 0)
(0.0328252 -0.271348 0)
(0.0268981 -0.275055 0)
(0.0216213 -0.278292 0)
(0.021837 -0.256149 0)
(0.0184518 -0.261575 0)
(0.0154444 -0.266429 0)
(0.0127239 -0.270599 0)
(0.00634989 -0.251957 0)
(0.00558239 -0.257755 0)
(0.00484148 -0.262815 0)
(0.00410604 -0.267108 0)
(-0.208347 0.00227474 0)
(-0.226816 -0.209953 0)
(-0.0753243 -0.229493 0)
(0.0382513 -0.184427 0)
(0.0507567 -0.120403 0)
(0.206762 -0.0438345 0)
(-0.256718 -0.148839 0)
(-0.660089 -0.0116064 0)
(-0.838898 0.0361872 0)
(-0.856399 0.00496733 0)
(-0.724578 0.156168 0)
(-0.594405 0.435427 0)
(-0.518702 0.670578 0)
(-0.539593 0.942496 0)
(-0.72532 0.995168 0)
(-0.812411 0.38407 0)
(-0.212074 -0.635496 0)
(0.0802912 -1.00879 0)
(-0.0720962 -0.750769 0)
(-0.453827 -0.10447 0)
(-0.397637 -0.363054 0)
(-0.300298 -0.391133 0)
(-0.0810445 -0.294288 0)
(-0.0122421 -0.277934 0)
(0.275258 0.0445971 0)
(0.345995 0.452787 0)
(-0.0927333 0.356655 0)
(-0.264756 0.231836 0)
(-0.160372 -0.0605748 0)
(-0.00779632 -0.163498 0)
(-0.0188703 0.0648106 0)
(0.4936 0.583209 0)
(-0.202485 1.05887 0)
(-0.248777 0.850786 0)
(0.0643132 0.0806685 0)
(0.356744 -0.831127 0)
(0.376055 -1.00887 0)
(0.117465 -0.637088 0)
(-0.170449 0.0187479 0)
(-0.0315693 -0.331535 0)
(-0.268883 -0.439763 0)
(-0.189541 -0.455781 0)
(-0.0822532 -0.429321 0)
(0.0732204 -0.176988 0)
(0.461075 0.281612 0)
(0.560538 0.570565 0)
(0.358845 0.426926 0)
(0.543865 -0.166812 0)
(0.510199 -0.219627 0)
(0.313899 -0.0471774 0)
(0.383487 0.518663 0)
(0.0572009 1.1622 0)
(0.189489 0.710966 0)
(0.399411 -0.0702287 0)
(0.714888 -0.865819 0)
(0.631698 -0.883973 0)
(0.236342 -0.366682 0)
(1.25324 0.368325 0)
(1.25548 0.02583 0)
(0.44665 -0.199273 0)
(-0.0658818 -0.437907 0)
(-0.245456 -0.50069 0)
(-0.0835464 -0.341273 0)
(0.232834 -0.0106305 0)
(0.516709 0.342951 0)
(0.658719 0.446759 0)
(0.685081 -0.0725325 0)
(0.197168 0.0457501 0)
(0.168595 0.287789 0)
(0.087346 0.862469 0)
(-0.0322924 1.34767 0)
(0.133483 0.706378 0)
(0.621597 -0.395335 0)
(0.842855 -0.966418 0)
(0.637186 -0.673427 0)
(0.256863 -0.052544 0)
(1.01301 -0.101233 0)
(0.952652 0.0477848 0)
(0.493331 0.448051 0)
(0.0813148 0.00734343 0)
(-0.456984 -0.527279 0)
(-0.232886 -0.726522 0)
(0.0753652 -0.333943 0)
(0.352955 0.175626 0)
(0.613568 0.356813 0)
(0.19807 0.122673 0)
(-0.125127 0.174982 0)
(-0.07724 0.318663 0)
(-0.284964 0.987186 0)
(-0.181173 1.04903 0)
(0.368948 0.0754012 0)
(0.698133 -0.693585 0)
(0.555279 -1.04187 0)
(0.175851 -0.284245 0)
(0.142789 0.27212 0)
(-0.247866 -0.161227 0)
(0.0603961 0.428009 0)
(0.215188 0.709631 0)
(0.439877 0.392166 0)
(-0.148465 -0.143291 0)
(0.108476 -0.68804 0)
(0.1263 -0.662331 0)
(0.206657 0.025649 0)
(0.542492 0.498951 0)
(0.0195494 0.443374 0)
(-0.175286 0.177324 0)
(-0.403492 0.506456 0)
(-0.376049 0.809235 0)
(0.00440903 0.645859 0)
(0.577993 -0.0768344 0)
(0.753739 -0.578787 0)
(0.421604 -0.711953 0)
(-0.0929248 0.019919 0)
(0.0563276 0.333882 0)
(-0.536132 -0.299383 0)
(-0.584049 0.0226863 0)
(-0.0809482 0.224046 0)
(0.307091 0.187813 0)
(0.491498 -0.0203576 0)
(0.333236 -0.537479 0)
(0.279844 -0.659494 0)
(0.355704 -0.318688 0)
(0.579684 0.475511 0)
(0.279196 0.74666 0)
(0.186048 0.519203 0)
(-0.0051179 0.443517 0)
(0.287423 0.324915 0)
(0.789909 0.0279349 0)
(1.1781 -0.337599 0)
(1.17109 -0.399332 0)
(0.833671 -0.268341 0)
(-0.132461 0.353783 0)
(0.0544588 0.245094 0)
(-0.545398 -0.33247 0)
(-0.454418 -0.148508 0)
(-0.255746 -0.130433 0)
(-0.0555447 -0.137749 0)
(0.20094 -0.262264 0)
(0.204359 -0.562889 0)
(0.153792 -0.563814 0)
(0.136031 -0.267188 0)
(0.466389 0.464372 0)
(0.472783 0.805067 0)
(0.572229 0.71779 0)
(0.788334 0.442539 0)
(1.10228 0.128273 0)
(1.3848 -0.182189 0)
(1.37736 -0.304909 0)
(1.21627 -0.258572 0)
(1.13923 -0.0383171 0)
(0.122884 0.668731 0)
(0.111964 0.247951 0)
(-0.530759 -0.4194 0)
(-0.427414 -0.326947 0)
(-0.238304 -0.263976 0)
(-0.0796895 -0.271889 0)
(0.0948244 -0.327068 0)
(0.026142 -0.525048 0)
(-0.0298122 -0.49283 0)
(-0.0988909 -0.307255 0)
(0.0214586 0.269061 0)
(0.384731 0.615794 0)
(0.721062 0.427337 0)
(1.04829 0.181585 0)
(1.20253 -0.145605 0)
(1.18329 -0.246902 0)
(1.11068 -0.257345 0)
(0.947944 -0.181716 0)
(0.935466 0.36697 0)
(-0.00227939 1.14231 0)
(0.201891 0.317281 0)
(-0.391382 -0.380599 0)
(-0.408289 -0.449634 0)
(-0.283911 -0.399325 0)
(-0.163335 -0.381485 0)
(-0.0672922 -0.391052 0)
(-0.187022 -0.491751 0)
(-0.209731 -0.503684 0)
(-0.0286027 -0.294925 0)
(-0.151984 0.0595705 0)
(0.269911 0.0812908 0)
(0.593017 -0.046028 0)
(0.834937 -0.091213 0)
(0.8254 -0.138932 0)
(0.700168 -0.181781 0)
(0.811256 -0.0506299 0)
(0.658161 -0.0183735 0)
(0.486204 1.10533 0)
(-0.280768 1.51136 0)
(0.227742 0.350538 0)
(0.0838534 -0.155862 0)
(-0.0561839 -0.46641 0)
(-0.207714 -0.452304 0)
(-0.272473 -0.440219 0)
(-0.27957 -0.356956 0)
(-0.324582 -0.438638 0)
(-0.387263 -0.624341 0)
(-0.163895 -0.430836 0)
(0.135443 -0.15659 0)
(0.254787 -0.107892 0)
(0.254665 -0.177238 0)
(0.35179 -0.0542867 0)
(0.542376 0.0768559 0)
(0.609408 -0.237497 0)
(0.773862 -0.0711675 0)
(0.519705 0.133558 0)
(-0.118174 1.66237 0)
(-0.425794 1.48081 0)
(0.173751 0.244852 0)
(0.0765238 -0.207154 0)
(0.0442921 -0.246611 0)
(-0.0604849 -0.296405 0)
(-0.191026 -0.339758 0)
(-0.230455 -0.297346 0)
(-0.24731 -0.388855 0)
(-0.40767 -0.577793 0)
(-0.636481 -0.629739 0)
(-0.722815 -0.207797 0)
(-0.732438 -0.0441283 0)
(-0.690448 -0.103033 0)
(-0.567592 -0.184811 0)
(-0.304803 -0.346871 0)
(-0.120422 -0.506709 0)
(-0.170693 -0.0921192 0)
(-0.286537 0.693422 0)
(-0.34867 1.66619 0)
(-0.468815 1.27623 0)
(0.345266 0.145399 0)
(0.0245452 -0.197473 0)
(-0.024384 -0.229279 0)
(-0.0840426 -0.238104 0)
(-0.138524 -0.260419 0)
(-0.17602 -0.280844 0)
(-0.259613 -0.322018 0)
(-0.427961 -0.321674 0)
(-0.582864 -0.267839 0)
(-0.644567 -0.189172 0)
(-0.653316 -0.181015 0)
(-0.655872 -0.23359 0)
(-0.604926 -0.355856 0)
(-0.605724 -0.457476 0)
(-0.774393 -0.373897 0)
(-0.980547 0.130298 0)
(-0.992569 0.952876 0)
(-0.708114 1.47034 0)
(-0.42827 0.843196 0)
(0.31767 0.0863291 0)
(0.0107793 -0.135739 0)
(-0.0523516 -0.173131 0)
(-0.104025 -0.20429 0)
(-0.142429 -0.218477 0)
(-0.168622 -0.221794 0)
(-0.209519 -0.247773 0)
(-0.278774 -0.281293 0)
(-0.342163 -0.256774 0)
(-0.381463 -0.172429 0)
(-0.420258 -0.119708 0)
(-0.475951 -0.123621 0)
(-0.552688 -0.207475 0)
(-0.742472 -0.309642 0)
(-1.06358 -0.235107 0)
(-1.29838 0.178376 0)
(-1.18359 0.791809 0)
(-0.602037 0.973947 0)
(-0.232664 0.43797 0)
(0.196211 0.0861184 0)
(-0.0165613 -0.070199 0)
(-0.0765954 -0.12069 0)
(-0.125315 -0.159873 0)
(-0.162551 -0.187844 0)
(-0.193413 -0.208779 0)
(-0.234587 -0.219449 0)
(-0.285068 -0.200491 0)
(-0.321087 -0.162321 0)
(-0.333654 -0.130283 0)
(-0.340537 -0.0983186 0)
(-0.366586 -0.0698696 0)
(-0.442614 -0.0647996 0)
(-0.641678 -0.0741681 0)
(-0.984158 -0.0174742 0)
(-1.25427 0.219733 0)
(-1.14922 0.513091 0)
(-0.536829 0.446774 0)
(-0.200935 0.159172 0)
(0.106255 0.0685226 0)
(-0.071979 -0.00993981 0)
(-0.117061 -0.0773253 0)
(-0.151853 -0.1231 0)
(-0.180652 -0.152974 0)
(-0.208476 -0.171122 0)
(-0.239804 -0.183826 0)
(-0.266547 -0.187831 0)
(-0.277433 -0.174745 0)
(-0.275235 -0.143574 0)
(-0.275468 -0.0966598 0)
(-0.293444 -0.0375923 0)
(-0.334606 0.0330466 0)
(-0.423456 0.113834 0)
(-0.606911 0.187251 0)
(-0.769851 0.247442 0)
(-0.664253 0.237323 0)
(-0.407408 0.0523184 0)
(-0.140054 -0.25612 0)
(0.0019851 -0.0648252 0)
(-0.148467 0.03673 0)
(-0.171578 -0.0471286 0)
(-0.188655 -0.100495 0)
(-0.202974 -0.135145 0)
(-0.216457 -0.156195 0)
(-0.230896 -0.16677 0)
(-0.240804 -0.169714 0)
(-0.235278 -0.165556 0)
(-0.212904 -0.14324 0)
(-0.19332 -0.0902396 0)
(-0.200539 -0.0166498 0)
(-0.228898 0.0673708 0)
(-0.257645 0.175692 0)
(-0.295205 0.289454 0)
(-0.361714 0.318801 0)
(-0.369093 0.173429 0)
(-0.302369 -0.0924866 0)
(-0.225805 -0.208124 0)
(-0.115738 -0.139304 0)
(-0.23893 0.0540587 0)
(-0.231857 -0.0352297 0)
(-0.22868 -0.0913361 0)
(-0.228365 -0.127181 0)
(-0.229283 -0.148707 0)
(-0.229703 -0.163159 0)
(-0.221763 -0.177902 0)
(-0.194597 -0.189379 0)
(-0.148404 -0.174242 0)
(-0.106749 -0.107364 0)
(-0.099985 -0.00393771 0)
(-0.124818 0.0912705 0)
(-0.148486 0.186593 0)
(-0.140973 0.292991 0)
(-0.137492 0.343119 0)
(-0.18031 0.223916 0)
(-0.205504 -0.0464243 0)
(-0.155263 -0.337115 0)
(-0.104481 -0.333684 0)
(-0.331103 0.0364207 0)
(-0.292053 -0.0466981 0)
(-0.268468 -0.0986113 0)
(-0.253559 -0.132175 0)
(-0.242476 -0.153996 0)
(-0.230217 -0.173628 0)
(-0.206355 -0.201438 0)
(-0.160434 -0.23035 0)
(-0.0986428 -0.224226 0)
(-0.0477146 -0.143947 0)
(-0.0268267 -0.00299416 0)
(-0.0434596 0.114158 0)
(-0.0750899 0.198418 0)
(-0.0806242 0.276653 0)
(-0.059702 0.329054 0)
(-0.0802009 0.247994 0)
(-0.105558 -0.0231419 0)
(-0.0752673 -0.338351 0)
(-0.0776932 -0.428336 0)
(-0.407421 -0.015351 0)
(-0.342876 -0.0796745 0)
(-0.303267 -0.120429 0)
(-0.276547 -0.147806 0)
(-0.256286 -0.168661 0)
(-0.235186 -0.195207 0)
(-0.20118 -0.238977 0)
(-0.147092 -0.285359 0)
(-0.0875623 -0.281963 0)
(-0.044548 -0.183449 0)
(-0.0153591 -0.0117096 0)
(-0.0155651 0.13066 0)
(-0.0425149 0.21812 0)
(-0.0630026 0.275633 0)
(-0.0547481 0.316165 0)
(-0.0515505 0.247692 0)
(-0.0490695 -0.0176624 0)
(-0.0091153 -0.330754 0)
(-0.044571 -0.481952 0)
(-0.453801 -0.0913491 0)
(-0.376599 -0.128229 0)
(-0.328224 -0.152942 0)
(-0.294262 -0.171321 0)
(-0.269009 -0.18962 0)
(-0.244716 -0.221743 0)
(-0.211362 -0.278526 0)
(-0.168725 -0.335579 0)
(-0.132524 -0.326591 0)
(-0.105849 -0.210326 0)
(-0.0745218 -0.0252321 0)
(-0.0570772 0.136496 0)
(-0.0646988 0.235143 0)
(-0.0819575 0.285239 0)
(-0.0831858 0.310769 0)
(-0.064573 0.226916 0)
(-0.0200306 -0.0557284 0)
(0.0302251 -0.323092 0)
(-0.0133061 -0.493803 0)
(-0.466992 -0.173998 0)
(-0.390571 -0.183215 0)
(-0.340773 -0.190705 0)
(-0.304499 -0.198491 0)
(-0.278401 -0.211798 0)
(-0.256954 -0.244274 0)
(-0.236348 -0.30429 0)
(-0.222758 -0.361278 0)
(-0.221743 -0.346233 0)
(-0.213952 -0.225071 0)
(-0.18468 -0.0406146 0)
(-0.153316 0.128843 0)
(-0.138457 0.238315 0)
(-0.138474 0.29148 0)
(-0.128326 0.299903 0)
(-0.0850057 0.184824 0)
(0.00411135 -0.108793 0)
(0.0450763 -0.322551 0)
(0.0138291 -0.476866 0)
(-0.453347 -0.250424 0)
(-0.386397 -0.236478 0)
(-0.340281 -0.228511 0)
(-0.305755 -0.22558 0)
(-0.281808 -0.230946 0)
(-0.266953 -0.255565 0)
(-0.264791 -0.30581 0)
(-0.284156 -0.353969 0)
(-0.318276 -0.339146 0)
(-0.334237 -0.229554 0)
(-0.314698 -0.0582897 0)
(-0.277609 0.108555 0)
(-0.247 0.224447 0)
(-0.220926 0.279982 0)
(-0.175607 0.263135 0)
(-0.0894002 0.111405 0)
(0.0476766 -0.182264 0)
(0.0521722 -0.310657 0)
(0.0299986 -0.449181 0)
(-0.421052 -0.313297 0)
(-0.367224 -0.282885 0)
(-0.327765 -0.262718 0)
(-0.297482 -0.250051 0)
(-0.276857 -0.24545 0)
(-0.2677 -0.25533 0)
(-0.27867 -0.285018 0)
(-0.320238 -0.316841 0)
(-0.381925 -0.30407 0)
(-0.427672 -0.21598 0)
(-0.431837 -0.0701277 0)
(-0.400704 0.0839669 0)
(-0.354679 0.196183 0)
(-0.292071 0.236362 0)
(-0.196231 0.177096 0)
(-0.0589444 -0.0104062 0)
(0.0730733 -0.247877 0)
(0.0584473 -0.297983 0)
(0.0381946 -0.410924 0)
(-0.377403 -0.360638 0)
(-0.337121 -0.320217 0)
(-0.305342 -0.291515 0)
(-0.280291 -0.27108 0)
(-0.262731 -0.257191 0)
(-0.255186 -0.250982 0)
(-0.266894 -0.255415 0)
(-0.309817 -0.2637 0)
(-0.378827 -0.247105 0)
(-0.443464 -0.179078 0)
(-0.471248 -0.0652013 0)
(-0.447423 0.0560506 0)
(-0.381072 0.135428 0)
(-0.280205 0.134194 0)
(-0.140688 0.0301081 0)
(0.0165903 -0.151156 0)
(0.0810518 -0.275125 0)
(0.0632212 -0.282112 0)
(0.041428 -0.365632 0)
(-0.32818 -0.393747 0)
(-0.300045 -0.348375 0)
(-0.275826 -0.314475 0)
(-0.255969 -0.288672 0)
(-0.241099 -0.268369 0)
(-0.232504 -0.250855 0)
(-0.235542 -0.235018 0)
(-0.259333 -0.219727 0)
(-0.303835 -0.194578 0)
(-0.349693 -0.144518 0)
(-0.37213 -0.0708557 0)
(-0.350388 -0.000258115 0)
(-0.27575 0.0331329 0)
(-0.159024 -0.00283748 0)
(-0.0218269 -0.105244 0)
(0.072652 -0.216366 0)
(0.0897541 -0.276372 0)
(0.0637982 -0.262758 0)
(0.0396059 -0.317748 0)
(-0.277304 -0.414937 0)
(-0.259517 -0.368235 0)
(-0.242285 -0.331824 0)
(-0.227313 -0.302874 0)
(-0.215185 -0.278943 0)
(-0.206241 -0.256319 0)
(-0.201584 -0.231433 0)
(-0.20415 -0.20335 0)
(-0.213979 -0.171699 0)
(-0.219589 -0.132135 0)
(-0.206189 -0.0837333 0)
(-0.168596 -0.04572 0)
(-0.105083 -0.046381 0)
(-0.0145919 -0.0939767 0)
(0.0689065 -0.172762 0)
(0.0994776 -0.237105 0)
(0.0874611 -0.261302 0)
(0.0546639 -0.238007 0)
(0.0340464 -0.273744 0)
(-0.227534 -0.426396 0)
(-0.218435 -0.380785 0)
(-0.207613 -0.34394 0)
(-0.197343 -0.313642 0)
(-0.188199 -0.287875 0)
(-0.180396 -0.263519 0)
(-0.173399 -0.237146 0)
(-0.166309 -0.207465 0)
(-0.157353 -0.176146 0)
(-0.141111 -0.145616 0)
(-0.110074 -0.118225 0)
(-0.0621517 -0.0993094 0)
(-0.00189738 -0.103816 0)
(0.0570964 -0.147817 0)
(0.0912502 -0.197639 0)
(0.0890538 -0.232259 0)
(0.0667504 -0.237609 0)
(0.0384865 -0.214482 0)
(0.0283778 -0.239773 0)
(-0.180868 -0.429944 0)
(-0.179083 -0.386908 0)
(-0.174162 -0.351081 0)
(-0.168474 -0.320814 0)
(-0.162569 -0.294522 0)
(-0.156706 -0.269868 0)
(-0.150158 -0.244358 0)
(-0.141299 -0.217561 0)
(-0.127562 -0.19177 0)
(-0.105361 -0.16952 0)
(-0.0727617 -0.153336 0)
(-0.031761 -0.146412 0)
(0.0152577 -0.152465 0)
(0.051255 -0.179221 0)
(0.0627488 -0.202986 0)
(0.0518504 -0.219427 0)
(0.0377063 -0.218925 0)
(0.0225887 -0.200735 0)
(0.0239288 -0.216017 0)
(-0.138767 -0.427016 0)
(-0.143105 -0.387395 0)
(-0.143492 -0.353553 0)
(-0.142075 -0.324344 0)
(-0.139354 -0.298598 0)
(-0.135628 -0.274683 0)
(-0.130239 -0.2509 0)
(-0.121846 -0.227376 0)
(-0.108935 -0.207027 0)
(-0.0898824 -0.19247 0)
(-0.06435 -0.183327 0)
(-0.0346709 -0.179045 0)
(-0.00321125 -0.182065 0)
(0.0158888 -0.193292 0)
(0.0211015 -0.200359 0)
(0.0167718 -0.212736 0)
(0.0145797 -0.211907 0)
(0.0110572 -0.198365 0)
(0.0195775 -0.199704 0)
(-0.102103 -0.418797 0)
(-0.111458 -0.38304 0)
(-0.116311 -0.351912 0)
(-0.118482 -0.324622 0)
(-0.118411 -0.300324 0)
(-0.116443 -0.277999 0)
(-0.112113 -0.256607 0)
(-0.104452 -0.236406 0)
(-0.0929174 -0.219812 0)
(-0.0777476 -0.20897 0)
(-0.060571 -0.203202 0)
(-0.0425382 -0.199753 0)
(-0.0238676 -0.198679 0)
(-0.0135357 -0.200722 0)
(-0.00504004 -0.202219 0)
(-0.002392 -0.214645 0)
(0.000272167 -0.212766 0)
(0.00308932 -0.203096 0)
(0.0138966 -0.189407 0)
(-0.0711839 -0.406376 0)
(-0.0843836 -0.374811 0)
(-0.0925943 -0.347034 0)
(-0.0973482 -0.322443 0)
(-0.0991051 -0.300369 0)
(-0.0982955 -0.280283 0)
(-0.0947535 -0.261611 0)
(-0.0879751 -0.244551 0)
(-0.0781181 -0.23072 0)
(-0.0661102 -0.221216 0)
(-0.0541874 -0.215507 0)
(-0.043266 -0.211337 0)
(-0.0318735 -0.208508 0)
(-0.0248553 -0.20817 0)
(-0.0140788 -0.208497 0)
(-0.0105181 -0.218139 0)
(-0.0082598 -0.215811 0)
(-0.00301001 -0.210144 0)
(0.0068005 -0.184943 0)
(-0.0458247 -0.390891 0)
(-0.0615502 -0.363868 0)
(-0.0718446 -0.340003 0)
(-0.0781461 -0.318718 0)
(-0.0809837 -0.299408 0)
(-0.0809374 -0.281891 0)
(-0.078176 -0.265882 0)
(-0.0726277 -0.251426 0)
(-0.0648433 -0.239464 0)
(-0.0557497 -0.230435 0)
(-0.047069 -0.224211 0)
(-0.0393346 -0.219406 0)
(-0.0308192 -0.215971 0)
(-0.0253266 -0.215333 0)
(-0.0159183 -0.214233 0)
(-0.0136849 -0.220377 0)
(-0.0124879 -0.218341 0)
(-0.00751341 -0.217 0)
(-0.000302401 -0.185834 0)
(-0.0254293 -0.373554 0)
(-0.0423318 -0.351428 0)
(-0.0535466 -0.33186 0)
(-0.0606114 -0.314169 0)
(-0.0641194 -0.297809 0)
(-0.0647949 -0.28282 0)
(-0.0630584 -0.2691 0)
(-0.0591186 -0.256636 0)
(-0.0535513 -0.245968 0)
(-0.0469653 -0.237277 0)
(-0.0404495 -0.2308 0)
(-0.0344149 -0.225794 0)
(-0.0275097 -0.222048 0)
(-0.0230889 -0.220913 0)
(-0.0161423 -0.218542 0)
(-0.0142305 -0.221746 0)
(-0.0131441 -0.220052 0)
(-0.00962984 -0.222276 0)
(-0.00519851 -0.191019 0)
(-0.00922321 -0.355577 0)
(-0.0261776 -0.338564 0)
(-0.0375057 -0.323354 0)
(-0.0449315 -0.309165 0)
(-0.049023 -0.295611 0)
(-0.0505602 -0.282873 0)
(-0.0500383 -0.270997 0)
(-0.0477628 -0.260066 0)
(-0.0441515 -0.250464 0)
(-0.0395372 -0.242315 0)
(-0.0346037 -0.235931 0)
(-0.029782 -0.230891 0)
(-0.0243138 -0.226912 0)
(-0.0206458 -0.225067 0)
(-0.0154748 -0.222158 0)
(-0.0131434 -0.223396 0)
(-0.0113729 -0.221501 0)
(-0.00919767 -0.225332 0)
(-0.00663042 -0.198386 0)
(0.00338027 -0.337965 0)
(-0.012924 -0.325955 0)
(-0.0239654 -0.314833 0)
(-0.0315896 -0.303794 0)
(-0.0362588 -0.292732 0)
(-0.0386768 -0.281945 0)
(-0.039264 -0.271628 0)
(-0.0383166 -0.262014 0)
(-0.0361294 -0.253425 0)
(-0.0329521 -0.245979 0)
(-0.0292762 -0.239895 0)
(-0.0254619 -0.234907 0)
(-0.0212282 -0.230843 0)
(-0.0180514 -0.228439 0)
(-0.013926 -0.225502 0)
(-0.011491 -0.225481 0)
(-0.00900247 -0.223276 0)
(-0.0074685 -0.226831 0)
(-0.00554398 -0.2053 0)
(0.012395 -0.321302 0)
(-0.00284445 -0.313869 0)
(-0.0134029 -0.306367 0)
(-0.0210268 -0.298072 0)
(-0.0260863 -0.289202 0)
(-0.0291139 -0.28018 0)
(-0.0304283 -0.271321 0)
(-0.0303112 -0.262951 0)
(-0.0290347 -0.255338 0)
(-0.0268652 -0.248601 0)
(-0.0241883 -0.242886 0)
(-0.0212382 -0.238039 0)
(-0.0180048 -0.234034 0)
(-0.015296 -0.231279 0)
(-0.0119904 -0.228423 0)
(-0.00989739 -0.227618 0)
(-0.00724381 -0.22539 0)
(-0.00594512 -0.227825 0)
(-0.0039708 -0.21069 0)
(0.0173203 -0.305919 0)
(0.00361672 -0.302558 0)
(-0.00613752 -0.298156 0)
(-0.01335 -0.292254 0)
(-0.0183548 -0.285353 0)
(-0.021514 -0.277974 0)
(-0.0231019 -0.270503 0)
(-0.0234036 -0.263281 0)
(-0.0226959 -0.25654 0)
(-0.0212425 -0.250429 0)
(-0.0193334 -0.245077 0)
(-0.0171209 -0.240428 0)
(-0.0147091 -0.236531 0)
(-0.0125297 -0.233561 0)
(-0.0100082 -0.230757 0)
(-0.00834278 -0.22945 0)
(-0.00607747 -0.227375 0)
(-0.00504318 -0.22891 0)
(-0.00302294 -0.214844 0)
(0.0177394 -0.292563 0)
(0.0063599 -0.292712 0)
(-0.00196419 -0.290854 0)
(-0.00818644 -0.286999 0)
(-0.012581 -0.281816 0)
(-0.0154064 -0.275882 0)
(-0.0169221 -0.269607 0)
(-0.0173893 -0.263329 0)
(-0.0170481 -0.257291 0)
(-0.0161137 -0.25168 0)
(-0.0147905 -0.246632 0)
(-0.0132011 -0.242165 0)
(-0.011469 -0.238351 0)
(-0.00981484 -0.235246 0)
(-0.00799038 -0.232478 0)
(-0.00668401 -0.230797 0)
(-0.00496726 -0.228837 0)
(-0.00435897 -0.229806 0)
(-0.00258122 -0.218314 0)
(0.0142677 -0.28242 0)
(0.00610374 -0.285159 0)
(-8.86044e-05 -0.285166 0)
(-0.00476169 -0.28291 0)
(-0.00809575 -0.279095 0)
(-0.0102782 -0.274295 0)
(-0.0115115 -0.268935 0)
(-0.0119858 -0.263367 0)
(-0.0118701 -0.25786 0)
(-0.0113145 -0.252626 0)
(-0.0104565 -0.247811 0)
(-0.00939599 -0.243484 0)
(-0.00823156 -0.239719 0)
(-0.0070695 -0.236534 0)
(-0.00583956 -0.233786 0)
(-0.00488422 -0.231824 0)
(-0.00366794 -0.229883 0)
(-0.0035151 -0.230285 0)
(-0.00217307 -0.221446 0)
(0.00878267 -0.27605 0)
(0.00416397 -0.280154 0)
(0.000470895 -0.281253 0)
(-0.00234377 -0.280045 0)
(-0.0043763 -0.277156 0)
(-0.00574527 -0.273133 0)
(-0.00655351 -0.268412 0)
(-0.00690606 -0.263354 0)
(-0.00689892 -0.258243 0)
(-0.00662068 -0.2533 0)
(-0.00615163 -0.24868 0)
(-0.00555556 -0.24448 0)
(-0.0048928 -0.240773 0)
(-0.00421229 -0.237574 0)
(-0.0035166 -0.234846 0)
(-0.00294549 -0.232717 0)
(-0.00222269 -0.230769 0)
(-0.00240833 -0.230468 0)
(-0.00157668 -0.224256 0)
(0.00294997 -0.272913 0)
(0.0015025 -0.277489 0)
(0.000290366 -0.279059 0)
(-0.000631348 -0.278299 0)
(-0.00129438 -0.275841 0)
(-0.00175572 -0.272185 0)
(-0.00203433 -0.267771 0)
(-0.00216331 -0.262963 0)
(-0.00217392 -0.25805 0)
(-0.00209528 -0.253256 0)
(-0.00195331 -0.248741 0)
(-0.00176915 -0.244613 0)
(-0.0015625 -0.240943 0)
(-0.00134765 -0.237751 0)
(-0.00113495 -0.235036 0)
(-0.000952891 -0.232827 0)
(-0.000719994 -0.230891 0)
(-0.000961961 -0.229974 0)
(-0.000691111 -0.225633 0)
)
;

boundaryField
{
    leftWall
    {
        type            fixedValue;
        value           uniform (0 0 0);
    }
    rightWall
    {
        type            fixedValue;
        value           uniform (0 0 0);
    }
    lowerWall
    {
        type            fixedValue;
        value           uniform (0 0 0);
    }
    atmosphere
    {
        type            pressureInletOutletVelocity;
        value           nonuniform List<vector> 
46
(
(-0 -0.187124 0)
(-0 -0.0997457 0)
(0 -0.153012 0)
(0 -0.197008 0)
(0 -0.233041 0)
(1.40802 0.211014 0)
(1.50763 1.42377 0)
(0.707184 2.76181 0)
(-0.671184 1.86636 0)
(-0.964731 0.170779 0)
(-0 -0.00186816 0)
(0.0347679 0.199363 0)
(0.138438 0.229103 0)
(0.159433 0.20139 0)
(0.138488 0.141609 0)
(0.102939 0.0666836 0)
(0 -0.0107086 0)
(0 -0.0792207 0)
(0 -0.131591 0)
(0 -0.171032 0)
(0 -0.201023 0)
(0 -0.223951 0)
(0 -0.241602 0)
(0 -0.251873 0)
(0 -0.257678 0)
(0 -0.262744 0)
(0 -0.267042 0)
(0 -0.272862 0)
(0 -0.277457 0)
(0 -0.279045 0)
(-0 -0.278295 0)
(-0 -0.275851 0)
(-0 -0.272204 0)
(-0 -0.267799 0)
(-0 -0.262997 0)
(-0 -0.25809 0)
(-0 -0.2533 0)
(-0 -0.248788 0)
(-0 -0.244662 0)
(-0 -0.240992 0)
(-0 -0.237801 0)
(-0 -0.235086 0)
(-0 -0.232874 0)
(-0 -0.230938 0)
(-0 -0.230011 0)
(-0 -0.225706 0)
)
;
    }
    defaultFaces
    {
        type            empty;
    }
}


// ************************************************************************* //
