/*--------------------------------*- C++ -*----------------------------------*\
| =========                 |                                                 |
| \\      /  F ield         | OpenFOAM: The Open Source CFD Toolbox           |
|  \\    /   O peration     | Version:  2.3.0                                 |
|   \\  /    A nd           | Web:      www.OpenFOAM.org                      |
|    \\/     M anipulation  |                                                 |
\*---------------------------------------------------------------------------*/
FoamFile
{
    version     2.0;
    format      ascii;
    class       volScalarField;
    location    "3.6e-05";
    object      p;
}
// * * * * * * * * * * * * * * * * * * * * * * * * * * * * * * * * * * * * * //

dimensions      [1 -1 -2 0 0 0 0];

internalField   nonuniform List<scalar> 
7500
(
-8837.1578
-13438.038
-9614.5266
-3145.5265
1055.0273
4840.5338
3085.0645
3280.4636
-1090.7068
2271.9742
132.19926
3816.1945
1140.7675
2623.8679
101.436
535.95109
506.69387
1485.309
2112.6084
833.36288
2956.1257
-1146.6682
3358.5002
-1051.9698
3187.658
-854.36009
2374.928
-568.90461
1151.5921
1494.3624
1662.8988
2296.1281
-245.17546
2870.8364
388.03462
5063.39
1377.2644
3111.0511
571.95901
888.82059
2005.5937
1737.2723
3209.0594
2550.4148
3368.8037
1531.5892
2299.9792
-709.63662
1979.1729
1344.6594
102.27642
1056.8567
-240.12254
161.77652
276.5433
-501.79366
-4387.7855
-5205.9085
-4813.1512
-4077.7772
-726.47627
3990.4227
5174.601
4291.8673
5380.5811
5913.3276
5494.4904
6840.6876
7245.7395
5093.6399
2711.0038
2915.2222
3583.1897
3529.9897
2043.4528
-9057.8836
-13542.367
-9369.7572
-2955.6198
1247.7622
4561.3272
2953.2896
3247.9316
-1009.998
2432.1136
32.985925
3852.5845
1052.8732
2615.5113
156.97761
499.56483
580.16815
1399.5379
2196.926
784.68157
2953.8181
-1090.6558
3208.7223
-884.55133
3013.3222
-591.35648
2071.6857
-334.88047
1005.3102
1569.897
1663.8679
2188.0836
-27.295644
2619.5594
706.22931
4719.7785
1718.8073
2670.4582
780.47182
950.76944
1930.2127
1982.8159
2991.4114
2706.4496
3063.7403
1662.7763
2160.6228
-442.96177
2018.3947
1226.3512
192.46623
955.49119
-115.92205
46.805385
58.216566
-500.06421
-4175.8737
-5382.1322
-4926.7531
-3689.3121
-437.39634
3658.8325
4765.6971
4531.5282
5634.8176
5890.3274
5357.7113
6609.0899
7367.7431
5317.1521
2574.5273
2763.7748
3875.7951
3693.8956
1891.2046
-9302.552
-13604.667
-9071.1097
-2696.7036
1321.1499
4358.207
2715.7715
3177.2394
-844.93746
2505.1351
105.67083
3735.7824
1090.2805
2502.1707
184.38246
561.50604
610.89215
1359.3056
2199.2989
817.88845
2788.0697
-757.25892
2793.2935
-501.67935
2690.3854
-319.23309
1810.247
-209.44467
1051.1177
1423.4244
1882.5114
1821.3627
416.20079
2273.2657
1137.8595
4263.8071
2037.3782
2369.3588
796.33321
1105.6186
1753.3298
2354.3596
2744.6964
2880.3965
2825.9765
1774.3007
1845.7692
-58.713866
2105.48
984.86816
324.26295
863.22168
239.90196
-62.559141
-298.41082
-671.19142
-3981.9652
-5521.326
-5052.5289
-3291.9693
-198.95918
3478.5279
4488.9002
4521.3001
5743.2902
6157.0701
5458.4911
6241.0955
7286.0244
5416.7779
2452.1791
2772.0585
4227.7823
3902.3753
1731.554
-9675.2304
-13448.304
-8823.4317
-2361.1758
1331.1151
4106.7763
2525.9064
3021.6579
-582.32237
2467.6656
354.64788
3472.4162
1237.2073
2263.2895
324.63984
475.73339
785.71589
1321.7781
2048.319
1083.3146
2349.0753
-180.92183
2239.7272
-19.079467
2252.4394
83.076342
1433.9556
-69.167006
1151.2196
1232.368
2162.3383
1302.107
1021.6013
1815.0748
1753.0187
3732.0741
2294.0565
2076.5734
782.53808
1289.1692
1581.8636
2699.3951
2574.3683
3058.2453
2591.4034
1897.4648
1401.8746
334.73823
2124.3562
912.43541
523.60312
686.07315
674.9257
-119.09846
-670.79789
-922.43137
-3770.1951
-5757.1435
-5223.3249
-2898.1406
-17.667519
3320.3143
4362.9578
4522.7878
5743.8799
6478.0294
5613.0558
5886.6192
7249.6098
5404.5145
2302.3371
2865.9816
4494.6159
4126.0224
1634.0834
-10267.223
-13104.195
-8508.8864
-2025.8917
1342.1046
3776.6292
2408.8879
2782.7328
-223.39895
2362.3219
699.62439
3106.1253
1482.2324
1930.6157
513.09083
396.29277
909.04476
1360.2062
1858.4167
1366.5783
1882.3589
449.96333
1595.4569
576.07211
1732.609
577.8352
948.93575
145.62525
1193.4155
1090.1235
2399.1776
751.32729
1637.7961
1443.1446
2404.6512
3224.4339
2476.4505
1615.8945
942.5001
1381.602
1532.3939
2948.1032
2520.3871
3200.9877
2374.7864
1965.2027
952.10472
713.24487
1890.2206
1081.8397
777.93148
556.36802
1091.8519
-185.39065
-973.22236
-1261.8472
-3570.7661
-6007.8833
-5350.7569
-2542.6352
90.007016
3045.9741
4255.8595
4594.2636
5834.3587
6870.8517
5624.8582
5587.8029
7306.0996
5274.5826
2220.482
3094.9828
4653.2809
4265.9442
1569.6929
-11148.429
-12628.379
-8013.0079
-1727.6558
1342.1483
3401.0809
2337.2869
2481.3072
239.3681
2194.2119
1093.4179
2718.4747
1685.8622
1674.4808
594.87022
440.67937
961.84708
1392.0218
1708.3791
1599.705
1469.1439
1025.5437
987.77539
1111.4013
1347.5408
920.61219
552.40317
349.65017
1225.8466
1029.0446
2394.8099
407.12665
2068.9167
1333.1898
2935.4594
2824.6916
2555.6848
1048.6606
1197.7443
1351.9038
1719.9567
3048.2988
2609.5128
3269.9316
2247.6458
1937.4992
565.17981
1019.9365
1457.7271
1348.8734
953.04361
681.62987
1507.5727
-303.74432
-1199.189
-1671.6721
-3540.1488
-6190.102
-5277.9687
-2238.9089
165.08044
2660.469
4048.2891
4582.3496
6121.1188
7429.4927
5468.9964
5435.3364
7290.4479
4903.2577
2418.1514
3578.7201
4771.6157
4212.7544
1416.5749
-12315.487
-12026.516
-7379.4085
-1437.0032
1301.8393
2978.065
2319.1624
2142.5392
787.83497
1972.8453
1497.5002
2372.534
1777.7639
1481.7259
677.6012
468.96373
1029.9482
1461.7528
1463.0017
1873.369
1120.2923
1422.8472
643.7214
1357.4362
1232.035
987.98383
358.22089
542.20219
1191.7732
1136.1515
2064.2552
291.74702
2295.6923
1504.7716
3267.5876
2693.8758
2327.0097
609.03037
1390.7076
1230.4864
2139.3218
2972.1492
2850.0605
3273.9155
2239.899
1759.4836
371.79079
1109.0747
1042.2134
1545.1081
963.54592
1156.2116
1804.1653
-435.50838
-1286.2938
-2021.9088
-3819.1884
-6309.4745
-5020.901
-2084.5705
286.43199
2334.9268
3722.5547
4440.549
6586.6579
7861.2087
5312.4283
5673.4382
6961.3416
4296.6668
3024.9272
4266.1665
4943.0751
3978.5898
999.24451
-13598.92
-11346.357
-6668.525
-1140.2401
1198.4694
2536.2892
2314.2883
1833.3185
1338.4622
1757.8806
1870.2159
2054.2568
1855.0077
1233.6139
834.12104
492.47664
1032.1011
1638.1136
1169.7044
2082.318
942.50647
1568.6582
571.50043
1429.4739
1208.2473
894.09444
288.1531
801.03148
1139.4843
1233.6684
1590.5301
282.32463
2359.1535
1945.6909
3418.0036
2883.8582
1684.0489
381.14846
1495.3298
1130.5434
2586.2603
2786.9351
3184.5409
3261.1212
2379.7666
1425.9595
441.48244
887.62008
799.48173
1544.3149
949.41516
1917.9229
1675.445
-493.66552
-1077.7463
-2259.3249
-4436.6778
-6244.9309
-4668.5132
-2235.1815
406.3343
2118.3717
3171.106
4429.0126
7409.2518
7578.5462
5434.2884
6536.3488
6026.3069
3725.9637
4142.9766
4902.9907
5322.5663
3736.9364
317.90694
-14824.36
-10640.971
-5888.1005
-873.53089
1021.7495
2140.1166
2250.9635
1648.6612
1802.962
1604.2492
2199.2447
1749.3956
1934.972
1008.3168
939.84546
582.31416
1006.1761
1731.907
1061.1282
2139.5877
882.81659
1590.5089
578.20966
1558.305
1109.1978
696.47451
317.60202
1050.7083
1310.67
1126.1959
1021.7011
355.19535
2341.7365
2471.9967
3663.3688
3120.6352
826.98555
301.30867
1453.5051
1267.3862
2812.0756
2637.6294
3468.1356
3292.8405
2627.0278
1232.7008
558.73727
414.04602
819.29621
1173.6619
1205.1379
2733.5371
966.81021
-414.02927
-498.41542
-2475.5049
-5235.261
-5801.0844
-4330.3946
-2590.7438
579.78961
1847.6083
1901.6395
4855.764
8693.065
6376.1675
6153.6109
7739.97
4201.423
3390.7972
5671.8838
5225.5662
5974.0295
3689.0904
-201.72341
-15960.067
-9945.3328
-5052.4785
-678.82619
794.20588
1817.2685
2121.6531
1617.3902
2163.5558
1515.6152
2447.4919
1531.972
1901.8389
919.70254
976.52
661.77989
1054.2798
1619.0433
1161.3412
2157.6192
786.74916
1579.5482
649.18211
1737.6002
950.42238
384.3436
411.5498
1328.981
1659.0213
888.82497
404.24435
380.15288
2383.7389
2802.2448
4285.0207
3158.8741
37.947232
252.44364
1342.6451
1685.6304
2595.6024
2708.735
3505.0341
3443.9068
2838.7673
1678.6385
291.43597
84.637849
1032.5501
207.34926
2027.1677
3186.0035
-162.11253
-162.39787
312.11921
-2849.8293
-5917.3067
-4756.2702
-4263.7781
-3065.0301
1134.1368
1594.4361
-473.44227
5689.4362
9514.6468
4454.4906
7960.5134
8436.9755
1796.1597
3521.3856
6864.1503
5073.0941
6661.7031
3614.4141
-274.53973
-17044.129
-9295.6003
-4197.5262
-571.6874
550.71216
1541.9104
1963.9498
1691.9444
2435.1271
1498.3729
2563.2055
1445.1902
1757.0427
909.27405
1012.5131
752.53495
1091.467
1365.7392
1369.5347
2257.5563
622.86898
1438.6361
912.74682
1938.4351
670.27898
103.2091
347.76888
1776.0604
2146.9408
475.07062
-93.770885
343.76714
2360.5516
2903.9636
5248.792
2917.5214
-415.82387
28.145985
1369.6082
2131.4496
2049.5395
2924.6069
3156.7083
3664.8912
2832.5198
3205.3669
-866.80597
272.03412
1212.5965
-1267.887
3477.4009
2729.894
-1429.2371
33.028485
930.41263
-3598.93
-6202.5054
-3244.0703
-4211.4594
-3614.3739
1738.12
1482.9392
-3448.9125
6486.1578
8460.1824
2825.3157
9763.3481
7382.7537
197.32457
3819.1235
6423.6527
4718.1599
6657.5295
3079.5872
502.09637
-18109.343
-8703.6964
-3357.9698
-554.12237
330.48761
1270.3115
1818.5803
1834.6112
2609.2905
1562.288
2591.7505
1370.3816
1652.5905
896.17752
998.71974
1002.9945
1034.6094
967.45116
1693.7964
2438.0048
443.8272
1113.7724
1314.5862
2284.1489
210.91343
-66.433587
52.673465
2220.4441
2879.8786
-65.872509
-546.98153
476.80879
2009.7143
2817.9436
6247.456
2260.3021
-205.71388
-656.11226
1749.2112
2044.3098
1561.4816
2883.8347
2410.5871
3404.9497
2394.6191
5790.8102
-2868.4819
726.63998
859.28894
-2574.4652
4496.7213
816.59116
-2471.17
-297.37392
343.7811
-4758.8842
-6233.7988
-2262.3254
-2533.2541
-2793.3909
1692.2193
1014.6448
-3745.4377
5895.9466
6721.8667
3233.141
10129.845
5962.5456
189.65492
4012.6033
5502.7736
4612.4629
6566.9446
2186.705
499.69623
-19168.124
-8138.7602
-2568.3907
-616.43089
164.46494
987.96334
1694.9119
2066.9286
2666.1863
1670.6438
2630.7095
1194.4758
1643.2245
901.5101
886.93113
1426.7983
963.39803
349.04366
2147.674
2709.3828
200.06289
714.79565
1679.5858
2734.4404
-198.23893
-231.03258
-445.51215
2551.535
3474.8628
-407.6115
-1027.3532
801.98222
1285.6593
2516.7324
6656.4197
1053.4026
765.56899
-1673.2674
2214.9537
1028.6676
1256.5152
2194.0792
1601.7729
1981.5527
1541.3817
8126.2884
-2294.2616
1162.1874
261.1098
-2357.0434
4853.5746
-313.27124
-2825.78
-621.73644
-516.58457
-5682.9148
-6987.8888
-3538.2729
-1812.8652
-753.90651
2166.9564
1742.3218
-1989.9198
6530.3256
6132.0607
3872.6726
10827.054
6033.7977
653.42694
4760.3631
5224.7145
4774.0573
7057.8592
1688.4521
617.9859
-20188.771
-7560.0822
-1862.1967
-732.70663
58.415109
703.6809
1568.3031
2416.822
2617.985
1787.3169
2683.5124
953.80341
1669.8152
937.82652
713.21652
1952.7086
935.49597
-444.47613
2591.2644
3153.0617
-182.66233
289.19818
1923.8608
2920.0983
-290.72086
-318.32408
-1373.0871
2814.8011
3217.735
-421.57386
-1313.9402
1052.917
214.03371
2139.3645
5639.1807
-506.34806
2219.1677
-917.92199
2314.5532
913.88191
1396.6037
1936.786
1286.3878
656.40307
-21.142135
8806.8403
-1189.6323
1843.5343
689.02976
-1710.3694
5734.0311
1104.8741
-2108.4402
-172.74268
-421.87144
-5866.4356
-7145.6104
-3876.6873
-2363.3979
-318.55632
2046.0034
-1512.2613
-2272.7365
8425.689
4449.9606
4048.373
10806.537
4476.0415
717.43275
4670.4014
4786.7122
4696.1471
7038.4711
1840.3704
795.42124
-21135.583
-6946.1549
-1263.287
-866.10249
7.2221976
414.13194
1438.7027
2849.8087
2510.8123
1926.7524
2709.1383
675.11546
1733.4959
965.78277
482.92873
2557.7591
885.43223
-1254.9082
2718.2145
3714.4149
-604.37388
-256.70272
1873.422
2389.0787
2.0083263
-220.24001
-2645.613
2630.6509
1905.8237
24.540162
-458.0482
1427.9831
190.55532
2316.5041
4844.2701
-2132.5678
2710.6253
398.03984
2668.5401
1439.6804
2176.6459
2291.3136
2139.0642
470.86777
156.49692
8939.0783
-1207.6925
1826.8307
-1403.5514
-1624.7143
4624.009
-1378.671
-1715.3488
-158.29034
-527.62483
-5995.8261
-6944.2926
-3511.6295
-2191.3711
-643.8684
1754.5933
169.0917
-1136.1887
7188.6444
4861.6732
3548.7906
10716.093
4723.0314
538.29709
4830.7373
5105.5708
4590.7427
6609.8617
1667.4039
779.3277
-21984.068
-6293.1172
-791.3054
-973.92949
1.0161067
113.95583
1319.1837
3333.9384
2350.4666
2098.351
2756.0513
283.50669
1845.1205
952.2586
187.50823
3048.2367
775.38909
-1960.6823
2203.3194
4000.6993
-863.95719
-796.20176
1146.2534
1071.8199
1061.8262
370.58345
-2632.7691
2649.0208
819.49897
-135.88215
417.91139
2156.3057
704.36649
3085.8805
5139.0428
-2306.2587
2796.7541
384.8992
2401.1608
134.01793
1609.1345
1713.1835
1303.4245
207.58335
39.071579
9108.2709
-1536.9571
1909.8881
-153.11351
-1998.3675
4710.6158
-921.22142
-2265.8401
-603.36358
-1036.7148
-6128.1777
-7136.7294
-3648.783
-2477.4415
-656.58839
1460.5225
-692.4385
1849.8788
7293.9636
4908.9089
3596.1142
9980.8364
3612.9591
604.46768
4674.9812
4869.5072
4522.0882
6235.0327
1564.8257
818.74864
-22688.439
-5637.9756
-438.13028
-1063.2936
62.465355
-221.64135
1204.8241
3887.39
2129.5684
2250.2992
2847.7183
-178.98142
1764.5011
872.10818
-101.59376
2830.5858
734.54095
-2514.1382
1044.5544
3506.0326
24.534728
-347.71505
1077.0091
-140.04403
1676.7294
1461.7346
-2029.3718
3216.0134
858.9518
-261.10369
553.26757
1558.9781
-261.84871
2342.4296
4742.5985
-2421.8515
2848.1987
556.06854
2645.8824
736.54994
1858.9692
1858.2098
1376.2824
178.16148
403.81232
9524.9306
-991.78936
1527.7111
-1733.8127
-2388.0301
3667.7325
-950.45541
-1872.4964
-1259.9577
-1476.8897
-6465.9902
-7366.6692
-3619.1316
-2451.9898
-719.19775
1953.2942
646.53723
1680.1227
6407.5964
4503.5601
3437.7443
9245.2822
3481.4066
998.07067
5152.5601
4676.3397
4368.4592
5771.5529
1467.4447
858.30754
-23281.196
-5024.8967
-181.17126
-1195.2754
261.88774
-667.38394
1135.5792
4392.9377
2030.0733
2224.7942
2818.3308
-456.64479
919.40112
775.8315
-347.45971
1691.9418
983.14769
-1835.9162
1118.9064
2904.6005
728.37775
526.27806
1552.4313
-128.66751
1457.1353
971.39585
-2640.3758
2787.914
496.48114
-286.21051
616.68537
2065.2237
666.12366
2307.4859
4068.9309
-2121.2589
2662.612
500.3255
2491.9942
325.31858
1803.2109
1565.2094
1147.3484
166.53058
426.17883
7521.2307
-2142.2588
1077.0357
-2328.5239
-2240.6808
3178.3155
-606.42454
-1988.3141
-1848.5017
-2024.4221
-7082.6545
-7601.6938
-3302.731
-2602.3377
-753.43361
1807.4703
435.89368
1563.8655
5923.752
4179.7663
3932.2203
8762.9463
3892.2516
1413.372
5168.4502
4697.2239
4238.9876
5260.3486
1332.8944
873.21385
-23845.781
-4443.8011
-40.068003
-1376.1506
579.78438
-1215.9205
1160.2942
4498.1872
2373.8425
1739.4977
2503.8686
-475.78067
-654.98842
707.8167
502.16437
1472.388
1025.899
-1081.5945
1887.64
2829.1975
541.88601
116.9224
792.63373
-513.0582
1328.3698
1470.0466
-2215.6039
2849.9811
580.3328
-316.79438
506.20967
1621.5616
99.726371
2144.9964
3104.796
-2615.6848
2560.0214
645.85271
2496.0513
611.28617
1801.9229
1504.4483
998.04213
-392.33585
-35.062652
5585.8623
-2417.5628
197.4355
-3094.376
-1763.5682
2273.1475
-725.61484
-2269.6554
-2422.989
-2556.1856
-6677.5204
-7892.7846
-3880.9634
-2786.0777
-593.99367
1987.6812
1049.7319
1764.8831
5673.703
3896.3137
3787.1493
8118.9187
4583.3169
2054.2935
5120.3904
4632.1414
4366.7601
4870.8568
1168.5408
858.00721
-24396.226
-3842.6359
-58.274991
-1515.9746
809.54233
-1626.2884
1150.3602
3979.2663
3008.482
931.22692
1781.9328
293.95943
-649.8175
552.46762
1507.9069
1867.6446
861.80516
-1583.1754
1279.6184
2649.789
595.02503
396.22914
990.39195
-470.08535
1134.4152
1275.2801
-2327.5323
2278.1558
415.91697
-351.4847
197.05809
1728.815
719.66201
1396.054
1662.2561
-1828.1669
2276.2901
688.63451
2409.4641
309.10793
1780.7774
1432.8879
740.99404
-10.818402
-80.409733
4604.3001
-2161.5058
684.09984
-2084.1659
-2076.098
828.70356
-1039.6001
-2162.9251
-2318.4481
-3048.8181
-5615.8914
-6865.7932
-4241.7864
-2713.6968
-690.77393
1702.386
380.94789
1733.6128
5546.0856
3539.7754
3568.005
7340.5496
4190.7925
2162.8591
4881.7917
4485.0443
4257.3623
4387.838
1026.1354
830.16346
-24877.978
-3167.714
-236.31643
-1512.7108
694.06112
-1581.7035
809.82186
3068.0531
3073.6994
1755.8759
1363.4419
1204.1947
-4.6260282
385.2679
891.44322
1441.4195
767.43403
-1318.2823
1551.2816
2577.4488
511.49731
305.61252
853.86096
-524.57847
1059.1139
1516.5577
-2123.2482
2072.8333
328.45364
-390.62183
-90.063624
1502.6616
429.13515
240.48767
59.499028
-1375.5642
1871.5841
552.65646
2259.3091
400.31482
1716.5608
1387.2026
636.81504
551.67845
380.15767
4215.039
-2118.7559
618.44451
-1109.7762
-1990.798
-1002.0247
-1809.1306
-2381.1068
-2357.5643
-3430.7619
-5339.9175
-7327.1936
-4995.3767
-2755.8955
-377.26814
2234.738
684.65226
1588.8907
5481.5482
3528.7588
3660.7817
6742.5545
4290.6193
2379.7348
4721.0182
4280.4216
4020.465
3912.1717
916.45642
841.81473
-25227.038
-2405.7061
-458.55361
-1352.6796
188.6834
-1126.4642
186.32132
2649.2093
3059.4405
2975.931
1427.2527
812.67898
-402.41951
273.4601
1124.2706
1584.8157
786.34453
-1649.7391
1382.1139
2411.6423
430.81255
368.80511
900.70088
-518.30257
991.83905
1595.6327
-1997.2979
1977.5108
258.18854
-415.67782
-301.868
1441.6836
808.92027
-139.79651
-969.38109
-1222.0317
1553.1426
468.21364
2164.2841
355.22419
1562.7368
940.67381
343.62113
746.22776
539.19526
4003.1837
-1960.1553
76.029065
-1103.6279
-1862.4518
-1496.6401
-1950.4219
-1808.0222
-2122.5713
-3622.6261
-5297.7594
-7166.0927
-5044.467
-2615.3475
-162.45438
2063.3978
1074.6321
1672.3505
4669.676
2917.0123
3867.6544
6109.2807
4226.5421
2308.9647
4513.4839
3938.4855
3744.5878
3688.0431
811.25171
828.17079
-25502.769
-1589.0425
-460.74766
-1115.9693
-408.70364
-900.00029
826.47789
2751.4901
3129.4799
2681.8125
1269.4689
795.56387
-241.46277
259.58966
995.71174
1497.4971
835.15945
-1674.443
1282.985
2259.0145
301.7552
352.52469
835.98184
-642.8215
921.37546
1689.1979
-1885.3719
1925.1566
232.8271
-473.55829
-601.1965
1289.0432
591.95242
-290.64447
-1410.9212
-1299.4091
1356.1307
409.10562
2058.9422
340.44757
1541.1347
874.17819
199.01853
565.52667
754.31599
3898.094
-2067.9839
-85.006265
-1552.2015
-1994.6875
-1391.4973
-1593.1479
-1625.6757
-2437.5455
-3634.1013
-5534.0179
-6333.748
-5053.6638
-2270.4216
-97.208453
2082.8241
1446.9856
1887.2263
3456.0702
2707.9224
4167.8305
5449.5825
4222.2078
2282.1316
4381.8015
3837.5857
3470.2918
3358.9568
724.03287
817.60303
-26088.277
-785.16719
76.56483
-922.72861
-612.43299
-842.68575
1857.7663
2564.9496
2728.4882
2664.683
1327.2483
741.05877
-292.88766
240.02503
954.39899
1486.95
808.53248
-1834.6707
1057.5917
2100.2875
210.95979
367.32569
887.10232
-741.5045
828.41515
1673.2191
-1865.469
1857.1618
217.82902
-556.39642
-973.00732
1176.2132
737.63911
-472.91834
-1328.9002
-944.07105
1187.6395
234.44139
2015.7119
259.60996
1552.118
692.55641
-269.48058
528.78049
507.6695
3676.5838
-1668.2346
177.46967
-1746.2254
-2266.7925
-1021.0723
-1014.8027
-1297.7808
-3936.8095
-4454.4857
-5810.1093
-5945.9796
-5174.6707
-2129.7346
-59.145212
1913.4373
1991.2002
1928.593
2172.3185
2662.4584
4508.4542
5026.8783
4209.8505
2311.5958
4222.9969
3880.3137
3220.1527
2983.5808
610.19915
789.77805
-27673.07
-64.974369
1127.3276
-834.7086
-382.78097
-821.39226
1692.3995
2627.3282
2768.2197
2581.9369
1323.7635
745.92611
-259.27602
239.15736
854.46274
1457.655
779.10917
-1845.3937
827.57075
1982.998
130.18574
360.92624
873.19816
-832.28989
810.23916
1567.8995
-1847.803
1772.003
148.12384
-659.61207
-1367.4617
1031.0698
620.03901
-428.35617
-981.57817
-896.07331
1057.6893
263.81736
1925.0201
306.03313
1603.3829
554.45635
-288.37966
584.58795
569.32923
3266.9084
-1833.3986
238.42765
-1645.5467
-1662.8226
-625.57115
-920.49964
-1082.3954
-4463.2108
-5861.3017
-6203.7761
-5971.5643
-5414.0162
-2463.7474
163.82721
1872.0184
2249.6364
2272.6366
1518.2006
2780.79
4448.1256
4814.0683
3822.4517
2090.7459
3960.6676
3767.956
2982.26
2564.7366
424.17673
744.15863
-30062.177
355.20048
1669.9253
-603.55633
-339.68224
-976.59716
1676.1005
2636.931
2706.3459
2459.627
1349.7072
746.56322
-270.06036
207.88199
768.99273
1449.1939
719.12353
-1889.5654
581.6544
1864.1407
127.19924
364.1448
898.79433
-1016.7822
658.63788
1217.6066
-1939.6991
1617.0726
129.33663
-805.12479
-1637.032
990.26859
582.14574
-136.4866
-497.81975
-725.97288
983.89784
28.447533
1833.8114
386.8424
1676.8463
343.79551
-358.34639
423.41255
698.35139
2752.6065
-2476.8451
201.10906
-1427.574
-1411.9266
-214.53452
-908.49083
-860.5504
-4240.2862
-6207.613
-6455.1076
-5967.9162
-5545.7586
-2936.7223
114.73717
1925.497
2380.7304
2970.251
1408.5444
2905.6094
4291.2127
4481.3271
3320.6779
1735.467
3616.0933
3632.5632
2702.7652
2170.2917
232.20434
694.867
-29841.297
-456.7159
1051.9256
-251.42213
-380.56964
-1036.2544
1644.0622
2636.7903
2660.9969
2321.7013
1375.1087
742.22758
-269.81902
163.46789
687.68584
1440.0996
661.05217
-1929.4634
350.435
1748.0104
92.720811
369.80026
901.14217
-1262.4799
252.9284
769.72308
-1920.2662
1483.0693
92.194287
-904.15537
-1683.4856
975.0374
500.67418
13.107098
-18.140005
-469.96781
958.8476
-121.42957
1743.3251
374.49543
1743.5398
211.48905
-458.15334
509.55077
527.06059
2048.9389
-2451.4298
268.84149
-1144.1143
-1295.4901
284.97113
-963.45297
-841.34039
-3484.2986
-6494.578
-6961.5576
-6146.0108
-5633.1049
-3479.0014
171.86196
1998.1947
2520.951
3392.4034
1323.8667
3008.0219
4298.0952
4111.7949
2675.5401
1243.7705
3131.1732
3346.209
2451.3293
1974.3095
51.796439
651.67693
-20738.125
-2827.9132
520.2135
-87.041541
-384.9171
-1061.0035
1640.2711
2632.1494
2603.472
2177.6168
1405.8324
735.51874
-286.5439
98.221134
619.82428
1439.2251
598.07865
-1974.0796
131.19129
1641.2782
98.836034
372.28578
949.87707
-1401.0839
-94.075132
574.2124
-1859.8685
1346.1431
19.299093
-876.33328
-1371.6199
938.05859
449.75528
128.30342
309.01683
-376.79522
1028.2454
-135.243
1701.3939
390.51595
1796.6122
143.61781
-385.93906
581.54748
297.04333
1288.6807
-2715.7389
159.91185
-999.04805
-1204.1122
728.76019
-888.79017
-777.80126
-3253.8146
-6199.7654
-7189.7523
-6107.8865
-6130.0058
-3791.7524
357.01896
2033.0672
2636.6583
3825.961
1106.2318
2917.1753
4376.3724
3981.9578
1784.7568
707.20766
2665.0869
2907.9059
2392.152
1793.0548
-225.50306
597.01073
-2994.8128
-3768.2211
431.75439
-169.4606
-385.81539
-1067.9604
1630.5494
2627.3805
2549.0127
2035.518
1430.0896
725.95702
-306.31987
20.87353
559.38093
1441.1111
531.9539
-2016.1584
-75.552032
1542.3746
88.075528
362.63997
994.53266
-1332.9536
-216.88247
473.51278
-1804.0553
1265.2272
-151.00231
-757.48061
-756.17209
899.08359
409.52253
162.24029
486.23953
-351.99725
984.69222
-75.164029
1686.1087
408.50732
1778.7915
13.365305
-480.1294
592.45605
203.867
821.96581
-3126.859
-45.560984
-1033.3401
-1069.5352
1174.9925
-862.07504
-765.7786
-3253.976
-6334.6669
-7637.3309
-6138.8302
-4764.6978
-3787.7278
-20.085767
2154.4173
2788.8889
4011.3437
743.68964
2897.147
4865.5413
3925.5599
1299.6178
518.39762
2280.6831
2648.9858
2367.9556
1550.1288
-524.35856
507.87043
1301.8882
-2204.2854
361.99094
-183.05185
-364.92188
-1065.5555
1612.8604
2623.4575
2497.2956
1900.0389
1450.3351
718.96124
-330.29504
-60.731348
508.13088
1428.8529
462.8092
-2079.8855
-268.00164
1411.2551
82.579828
353.89
1020.1273
-1229.8219
-340.43811
425.21148
-1722.881
1124.6002
-444.59811
-645.21261
-45.939572
816.23015
336.45819
42.87011
472.72517
-327.79382
844.55442
-15.2042
1676.151
372.02919
1777.4586
-24.305835
-526.60902
624.47629
108.73435
773.51348
-3243.5873
-192.76841
-1134.8544
-1076.121
1291.1878
-780.59207
-741.16872
-3573.8874
-6579.5754
-7637.2755
-6402.4872
-5663.8146
-3588.2912
-834.2151
1042.4174
2929.8828
4855.1296
433.06965
2768.3556
4967.0783
3413.6149
1139.6565
694.23505
2013.2988
2416.159
2073.2672
1164.5757
-900.81542
416.2184
-7862.7586
-1253.7237
406.05574
-170.36703
-341.2466
-1066.4681
1590.4001
2619.9477
2453.6109
1768.4179
1458.4244
712.03645
-352.53626
-133.69433
453.94566
1425.6983
392.28993
-2143.5028
-443.73041
1295.8047
81.368272
342.04982
1034.7015
-1132.1562
-437.93206
409.51811
-1634.3237
1002.918
-717.13843
-575.09914
420.59031
678.19707
285.39486
-126.18496
311.76043
-316.06993
635.73399
39.235958
1667.4867
326.16616
1752.4552
-7.5185548
-525.35558
602.96131
-37.300961
820.89012
-3290.6015
-275.56818
-1252.5111
-982.95712
1005.7595
-734.97547
-700.19054
-3731.8957
-6807.1821
-7933.9736
-6177.528
-5962.3267
-3693.4762
-972.73234
784.22475
3188.7217
6399.1198
42.469707
2471.1319
5252.8756
2992.1597
1130.9076
1095.6842
1926.2707
2107.4031
1682.7887
624.78684
-1413.1645
308.46309
-7917.762
-1467.629
426.84991
-147.36603
-316.15926
-1073.3361
1561.6716
2616.0585
2415.0826
1638.8294
1453.3115
715.1946
-368.5668
-201.93514
402.89242
1415.7253
321.60303
-2215.6942
-599.527
1180.0966
81.12548
324.26927
1055.6074
-1041.7369
-523.82502
364.42674
-1556.643
920.13727
-815.25703
-456.00305
629.81037
519.9771
231.49266
-326.83348
31.942354
-384.16943
378.06608
135.81241
1657.0088
262.58111
1787.1273
97.258323
-370.17914
584.48541
82.691119
742.73488
-3468.3513
-220.65642
-1226.4471
-1038.0586
904.56603
-636.86743
-603.88174
-3609.4819
-7061.8549
-8073.1572
-6269.6792
-5868.5863
-3529.086
-1101.2923
651.80794
3082.4067
6753.7969
-187.52327
1927.9792
5287.2236
2473.038
1251.0695
1521.1538
1849.371
1882.7818
1525.664
147.97316
-1850.2473
206.71234
-7706.2928
-1342.0143
457.16104
-122.56657
-294.18597
-1086.443
1526.7991
2611.2077
2381.7809
1515.4552
1436.9456
727.65524
-382.59812
-246.76639
351.56724
1395.2104
260.0706
-2276.1673
-738.82788
1067.3275
90.276544
302.37408
1062.475
-935.38689
-589.33863
411.64369
-1482.4938
871.08161
-781.62439
-328.93931
691.07343
470.19244
175.87416
-491.51654
-256.41789
-563.33855
104.98978
280.9521
1641.1242
217.34313
1781.4445
167.17901
-276.71758
715.35908
158.56467
684.32333
-3712.8181
-30.106131
-1018.8382
-1002.2179
1043.9246
-548.25664
-662.89082
-3389.9372
-7316.3058
-8368.1343
-6199.1726
-6006.6595
-3558.6058
-1066.9421
656.54751
2433.1472
6576.4742
-542.19132
1197.3235
5506.1052
1911.1147
1543.3089
1994.414
1703.1072
1792.0759
1528.538
-171.3927
-2037.0685
166.53141
-7327.64
-1289.203
485.62405
-97.949313
-275.77848
-1106.9796
1484.8276
2604.4614
2356.3157
1400.0329
1403.765
747.31407
-379.36321
-265.12981
303.78451
1363.1249
207.44049
-2313.4837
-859.26688
971.62145
104.79973
282.10097
1050.0327
-825.99657
-636.21328
504.48038
-1355.8734
904.97739
-676.99467
-328.58675
680.10513
573.77183
128.53882
-539.17231
-519.61214
-927.88824
-195.09598
511.52154
1619.2929
190.97983
1797.3005
312.36194
-44.679049
754.0967
226.73394
802.03789
-3824.8542
215.66993
-739.52071
-1045.8737
1018.5556
-465.68679
-703.85307
-3402.9792
-7536.1245
-8820.5361
-6214.2599
-6090.0754
-3621.4899
-1115.9882
479.35005
114.47591
5426.4771
-2082.5582
-1616.8511
5802.6253
1488.5043
1772.8039
2124.8497
1576.7713
1637.6078
1393.0857
-400.78603
-2088.6797
142.93431
-6937.0881
-1181.9962
515.60374
-74.482152
-261.67648
-1136.2831
1434.4024
2593.4931
2337.4087
1296.6649
1349.3909
768.74993
-369.72738
-258.94933
253.30071
1311.1525
179.81821
-2299.5337
-943.96739
844.66684
95.362417
262.58096
1040.1421
-705.56284
-700.3428
626.52138
-1219.2273
973.14432
-552.49166
-364.79608
586.68152
663.25158
84.310787
-458.73818
-657.05618
-1426.6914
-480.99208
775.84527
1588.8577
181.8469
1812.3515
429.10989
187.8783
858.9061
387.69619
1027.4672
-3768.7615
456.28237
-564.41419
-934.14908
914.18212
-425.66977
-716.1852
-3461.417
-7938.9338
-9467.7453
-6266.1197
-6099.96
-3650.4619
-1339.5385
126.83712
-2507.2667
4445.413
-3052.7807
-3974.3953
5805.1346
1253.6864
1731.09
2042.6605
1637.7914
1502.8859
1109.838
-510.21578
-2048.8796
110.33452
-6496.9528
-1130.0077
545.83563
-50.516443
-249.87111
-1175.9907
1373.9163
2574.9046
2322.5779
1204.5459
1271.8632
790.28362
-351.79353
-228.00033
208.71844
1244.6845
135.70562
-2213.8004
-999.34742
750.62263
121.95781
249.58683
1039.317
-604.82066
-741.35704
742.65512
-1110.7654
1024.9526
-431.55408
-262.7586
473.44554
695.86387
28.938325
-264.73169
-664.70075
-1958.1268
-769.27696
936.72483
1525.4612
133.85374
1809.2823
491.47416
266.7726
862.42432
271.08754
1152.1674
-3514.3486
613.70835
-428.46364
-705.80941
660.04891
-393.51497
-816.25095
-3361.3156
-8369.7837
-10041.853
-6010.0567
-5693.0617
-3950.0513
-1553.0765
-14.448186
-2403.5212
4261.1513
-2720.6781
-3231.2565
5274.8747
1245.1012
1744.1635
1820.0035
1776.5237
1446.3398
875.40552
-576.30275
-1917.8091
71.773718
-6076.9288
-1001.985
575.21069
-34.888275
-247.08813
-1227.9116
1301.4115
2544.3738
2306.6278
1117.1657
1163.9924
795.38355
-352.88078
-197.66635
169.68341
1156.3497
113.88852
-2095.9628
-989.91915
653.1578
157.4312
222.85232
1017.5114
-489.72338
-677.57221
806.33585
-1028.2834
1082.0415
-284.85095
-64.775614
415.57555
641.48742
-35.710279
8.2196861
-583.84588
-2409.8199
-998.27251
1117.2073
1477.4214
133.558
1788.5608
488.169
476.92156
909.6784
334.01707
1359.0446
-3211.9899
745.10047
-379.1127
-600.79435
499.06624
-359.23674
-894.85036
-3122.3035
-8515.8499
-10066.223
-5856.3088
-5201.1642
-4555.9529
-1655.4098
97.977232
-662.66493
4455.6664
-2888.2219
-2292.4727
5354.2326
1365.0027
1997.9258
1644.0029
1914.138
1391.3768
842.49139
-562.92082
-1802.3054
95.605652
-5620.1827
-975.30957
605.52454
-17.544494
-248.39881
-1294.119
1214.4426
2497.846
2280.4297
1025.3695
1023.5501
795.97315
-344.7901
-148.43171
135.15063
1043.9005
99.412803
-1965.992
-949.30403
561.85194
199.84216
185.40361
966.04028
-354.15975
-514.86798
864.28774
-949.7018
1081.2806
-207.36678
76.534603
334.26208
583.60467
-102.22698
218.80363
-462.7253
-2702.2288
-1088.5093
1122.4867
1445.9784
142.6863
1755.9925
440.16507
415.95171
928.31037
387.89573
1534.8273
-2987.4295
803.77023
-563.71775
-488.76487
366.19858
-329.69541
-950.00341
-2895.4832
-8359.3596
-9784.2107
-5809.1932
-4644.8335
-5044.5615
-1965.1637
314.23137
-0.70509401
3862.0809
-2756.7134
-1826.1958
5215.1672
1585.6734
2413.4712
1524.7164
2032.7972
1361.6577
847.89968
-464.69953
-1730.0825
71.259197
-5199.7591
-818.00947
632.80676
-4.4464311
-255.5889
-1376.8918
1111.0656
2434.4977
2237.6507
916.95973
844.27193
783.61286
-351.56902
-91.553176
112.08941
909.19141
89.37616
-1797.829
-890.55718
480.4976
236.34287
134.48842
885.66151
-229.45775
-363.0593
905.53944
-853.37402
1064.1085
-166.88241
175.53592
248.76476
545.53436
-147.48262
358.18582
-346.86491
-2933.1295
-1108.2555
1156.5917
1454.6847
154.44636
1705.208
435.30231
458.05959
930.1591
420.57492
1606.966
-2851.7353
900.01791
52.888461
35.273837
222.69096
-374.32025
-986.75184
-2780.6893
-8249.6813
-9226.912
-5730.429
-4671.1324
-5290.5934
-1813.8532
638.85842
-967.8028
2718.6673
-1164.8661
-708.80706
4482.6634
1722.9751
2704.4729
1390.9999
2162.3169
1379.6651
835.03502
-405.70497
-1648.3442
59.627097
-4745.8644
-826.49502
663.82341
8.5304453
-269.43451
-1478.1555
990.48762
2358.7127
2173.4478
785.77577
612.47031
754.35672
-370.50154
-15.720077
93.941348
757.65137
75.6617
-1609.0734
-810.6419
426.85674
259.68349
106.19487
811.16682
-158.04037
-281.33834
938.70785
-703.98357
1050.2752
-161.0894
249.95352
217.73012
527.81866
-187.94375
489.08308
-235.35757
-3062.0237
-1050.0699
1163.8942
1480.7267
176.02287
1633.6154
418.97789
520.74882
918.32893
482.3701
1544.6623
-2824.9721
1204.6721
385.60067
3.7609956
29.552478
-447.8843
-1108.8764
-2575.5554
-8205.5387
-9084.6623
-6205.7914
-5495.3125
-5358.5575
-1823.4807
932.93664
-1645.6665
1827.0601
-295.29378
619.94527
4088.4126
1829.7691
2940.0756
1312.5734
2301.9857
1414.924
816.78963
-290.90428
-1559.2557
30.842058
-4345.9489
-623.52873
682.09392
14.508153
-290.65379
-1601.1142
852.21459
2273.842
2088.6838
627.53917
321.10003
704.54417
-381.21598
56.551564
70.218115
577.35416
59.961815
-1403.3569
-687.6604
395.52233
281.16835
118.81819
752.97562
-108.40918
-246.95705
936.8282
-557.14175
1038.0121
-183.0028
282.68758
132.25299
550.34744
-189.31038
634.89776
-145.61944
-2995.1243
-985.41559
963.82966
1491.7234
183.19684
1572.988
383.99968
583.4376
891.55666
512.45318
1386.3074
-2801.0755
788.06421
395.86593
50.338986
-163.61936
-490.12866
-1303.4142
-2542.6893
-7760.5076
-8989.0056
-6726.0912
-6066.2268
-5719.9601
-2329.1041
1055.973
-1286.5914
1417.5193
503.08327
1628.4379
3549.9154
1876.1964
3175.7546
1351.8036
2393.6152
1414.8829
767.04745
-194.22191
-1384.4293
-13.548308
-3895.6201
-706.96018
734.84317
18.911733
-319.18439
-1741.8745
695.21439
2178.1207
1986.0822
439.50029
-48.727996
636.81094
-431.737
134.23308
109.15449
356.29664
41.53322
-1182.0387
-543.16534
388.6463
299.24034
150.29084
714.73233
-65.641343
-245.20506
904.93337
-438.6572
975.25747
-234.59173
288.68651
18.985464
586.57576
-170.28858
744.60698
-11.842003
-2748.1553
-981.56263
772.91296
1482.9138
182.68659
1537.0904
378.99849
566.28776
855.50897
516.03525
1326.2237
-2721.321
607.29503
407.62041
81.29209
-224.33836
-485.04559
-1293.1921
-2494.1667
-7129.0463
-8594.6259
-5477.5072
-6027.9764
-6259.9294
-2566.1888
1104.829
-1147.9969
1051.3155
1794.5378
2313.3104
2722.5966
1928.0282
3355.7792
1597.7847
2452.5895
1413.6739
709.9444
-123.24426
-1314.051
-67.484971
-3530.2096
-410.98103
694.22076
19.767095
-355.94813
-1903.7129
519.74442
2071.3248
1867.9544
242.48867
-486.69829
534.11099
-542.70334
214.01179
131.16181
160.56617
16.025484
-974.51579
-436.32324
322.53597
290.34929
203.1853
681.78814
-57.122474
-279.48128
883.90153
-329.57607
944.7667
-280.83172
279.38238
-112.98349
597.78177
-163.5044
840.93656
153.96792
-2326.2286
-950.0154
487.96406
1486.4651
181.94093
1448.8074
467.20028
716.76604
878.86438
533.10135
1474.2252
-2494.7529
564.7422
410.73289
103.65775
-331.06747
-546.02681
-1315.675
-2443.6369
-6296.3447
-8133.8274
-4515.202
-5766.2737
-6531.2495
-2380.0961
1184.7333
-1158.4584
710.90813
2380.4105
2554.8447
2619.8408
2064.1448
3435.4494
2048.7305
2471.7911
1403.0668
657.10122
-83.972499
-1186.4449
-136.33568
-3091.7241
-635.44573
827.46095
11.668054
-400.3233
-2071.9051
329.94521
1958.8684
1734.2217
63.301755
-920.71436
385.48442
-641.47982
285.88284
150.05082
53.161998
-1.6524037
-880.75911
-428.92734
246.1896
246.81406
247.10703
668.21488
-53.237698
-306.47776
860.62812
-243.33457
919.84873
-306.59859
267.57858
-230.47032
589.23478
-229.25447
841.82058
273.23032
-1777.3594
-872.46058
8.5124334
1358.6406
75.86364
1253.9696
386.49821
727.96509
913.09666
600.51192
1497.9509
-2192.6978
615.50303
391.24639
164.92224
-367.42881
-445.54076
-1299.1982
-2351.5674
-5341.574
-7726.3983
-4080.8487
-5564.845
-6489.2977
-2233.8691
1180.8226
-1060.8699
397.78661
2665.7609
2672.8213
2634.4627
2151.175
3334.1468
2150.7684
2411.3996
1394.8829
634.40078
-81.307856
-1081.8444
-204.28684
-2770.7383
-190.7099
654.81896
1.5456408
-452.57289
-2244.761
132.67686
1841.2649
1582.3087
-91.898135
-1316.989
200.03127
-729.34537
340.90594
126.1441
-2.7904099
-10.497959
-889.32444
-455.30379
142.30292
197.23907
282.44378
655.62789
-61.257842
-318.71423
840.27007
-173.18889
868.17301
-333.61701
253.26327
-326.37536
582.21196
-362.7759
739.77223
316.88306
-1456.698
-874.2877
-569.02413
1319.5957
60.100536
1204.2333
417.3019
736.23375
893.39965
579.44025
1467.452
-1977.0243
696.15387
357.1257
255.86303
-361.6111
-365.59695
-1366.1273
-2220.7967
-4457.0973
-7383.2065
-4063.5407
-5409.8427
-6203.085
-2038.2708
1345.117
-789.13162
71.244571
2805.4452
2712.0821
2522.2594
2124.4391
3047.1322
2089.4864
2332.7492
1407.9306
651.16367
22.424699
-972.08705
-269.9865
-2363.8241
-624.30229
858.12103
-17.421389
-511.18048
-2398.8253
-59.34789
1710.9729
1415.4276
-212.18068
-1633.878
4.5254618
-808.91979
366.96481
87.779272
-15.316255
-39.981399
-869.97177
-486.1185
34.279531
155.19714
324.59023
637.23655
-85.482835
-309.64557
833.78822
-88.937764
732.77504
-413.09921
226.66626
-355.49987
594.89648
-496.73633
621.09318
332.20962
-1138.3469
-904.1448
-915.73525
1280.0745
42.583168
1148.5686
457.54829
732.55396
866.62429
544.4641
1403.6781
-1743.632
888.53607
321.75699
332.10733
-365.15101
-289.44148
-1435.9333
-2093.9296
-3781.9584
-7125.5919
-4284.8173
-5074.0517
-5541.5485
-1687.2197
1401.9761
-796.46609
-664.50719
2910.0125
2706.8762
2414.0681
2097.3753
2813.8289
2074.968
2206.9463
1408.572
723.43064
51.939307
-847.58444
-333.0287
-2117.4051
43.22728
677.95348
-44.919566
-573.16868
-2502.4593
-237.12428
1562.4131
1246.7581
-268.01513
-1804.3975
-187.19409
-893.89783
361.27299
51.860414
65.088272
-45.832836
-835.2037
-520.54173
-31.724192
162.42978
371.7612
592.83809
-116.38031
-280.65193
833.11509
-16.238141
633.95239
-470.83006
208.0176
-313.57189
610.39265
-564.48228
514.30605
333.94326
-894.90893
-774.67738
-1091.8443
1246.3061
29.293169
1096.6042
478.09487
742.21725
835.2932
556.90452
1277.2595
-1477.3701
885.77076
259.39995
383.73563
-374.83585
-215.50343
-1502.5157
-1981.0074
-3237.3351
-6848.5539
-4535.0599
-4860.7294
-4940.506
-1259.7055
1664.0175
-603.76335
-572.68183
2816.8639
2478.686
2305.4316
2106.0387
2580.9841
2053.5338
2062.3257
1388.5287
837.473
262.67844
-729.32324
-388.52619
-1741.7101
-679.49911
818.67308
-78.436628
-637.01389
-2553.2632
-383.64486
1398.3858
1094.0186
-257.5546
-1815.6003
-372.00716
-975.29431
335.7653
19.459678
121.99059
-70.661371
-789.51155
-587.49034
-51.019208
207.34838
407.78723
529.45388
-153.28597
-258.89062
831.29416
-2.5592035
610.70056
-417.72299
211.19004
-275.52652
595.06281
-581.44043
429.68982
341.02052
-793.1834
-513.98102
-1027.2649
1213.2402
50.47808
1095.5612
490.74567
756.80291
785.43874
565.85537
1204.5734
-1194.2265
830.96973
212.59997
447.46123
-344.93781
-135.2322
-1556.1725
-1915.7802
-2880.0564
-6651.1652
-4785.7258
-4797.645
-4275.7927
-727.02163
2160.2712
-289.03429
447.69521
2725.7769
2266.9175
2187.9678
2043.9185
2414.2643
2019.5329
1927.3442
1372.4287
920.34121
341.49381
-635.10513
-420.19075
-1557.2054
271.29457
533.67971
-125.01753
-698.22084
-2384.1256
-498.71781
1224.2602
963.25463
-204.32234
-1695.0146
-524.53536
-1053.8451
300.59781
-10.915992
174.89577
-131.71614
-835.23575
-654.34584
-30.55978
249.9347
401.6258
510.13956
-113.25053
-267.44057
837.26123
-17.233418
608.91868
-314.96943
227.61032
-348.80021
538.68869
-541.51072
376.94198
281.26699
-732.79069
-253.89497
-816.06728
1158.5018
57.005081
1113.2748
498.78848
755.90333
754.5066
599.1
1135.9874
-937.04582
838.70718
173.08998
478.38692
-277.01872
-71.998417
-1502.4805
-1725.2727
-2787.2308
-6513.6447
-5303.5496
-4908.9476
-3625.7582
-860.06311
2231.9498
1.8539161
480.7964
2285.8151
2076.9039
2049.8297
1997.2968
2264.8665
1956.8077
1767.0149
1324.2959
1005.1346
455.88525
-566.83852
-452.98539
-1223.8906
-792.03026
685.07538
-179.90012
-748.78251
-2304.7558
-590.4581
1044.1815
848.52865
-119.88589
-1472.6218
-676.06578
-1128.6581
257.92186
-37.50066
189.41709
-172.51486
-903.77819
-618.98458
15.879685
300.23941
335.15943
516.59778
43.994744
-273.16282
837.01474
-16.112431
618.73002
-206.22848
276.79246
-497.47234
443.33413
-452.2846
323.94684
148.72539
-891.96441
-70.833254
-406.84252
1092.7136
52.160433
1104.5045
501.60918
751.48794
715.93271
614.52468
1079.6675
-717.17231
874.15741
143.0273
513.53371
-253.49276
-20.025041
-1319.7771
-1439.2515
-2656.0007
-6595.6292
-5932.2659
-5156.7273
-2943.407
-149.33563
1571.3583
159.13827
559.80185
2059.4587
1853.6236
1932.1339
1913.2122
2127.82
1874.2835
1651.1568
1271.5064
1047.6553
554.16522
-537.69883
-511.39554
-1075.3522
447.47007
307.89471
-246.0118
-795.85041
-2250.5711
-689.79341
888.35814
738.47734
-27.573064
-1189.7591
-815.04217
-1202.9286
216.40437
-58.207682
97.966413
-222.00204
-850.79245
-510.82248
58.69729
348.57721
201.0658
400.99132
152.5389
-283.43063
783.28187
-14.02888
641.95093
-101.92704
353.18524
-654.3222
309.41147
-335.57259
236.57282
95.715116
-972.96839
129.72001
-110.58621
1094.8973
74.708721
1052.6601
498.30381
724.4793
680.81193
612.03456
1080.0451
-527.22365
856.8449
137.98397
545.54845
-185.11167
64.361947
-1042.9344
-1159.7144
-2590.5569
-6764.1423
-6677.5689
-5501.522
-2445.1786
979.2164
618.88723
175.51047
547.38187
1888.5861
1777.8541
1828.3525
1805.7657
2009.5513
1810.7755
1562.1811
1237.6733
1049.8967
624.41579
-480.04964
-581.44489
-717.0831
-875.15923
547.46345
-330.17949
-827.54808
-2309.6604
-827.11022
788.46089
626.21974
41.834804
-925.1951
-998.59382
-1322.9833
168.50793
-82.862997
-40.4912
-332.47416
-834.31708
-527.97437
95.149502
368.74185
2.5030354
214.96735
101.5969
-393.49446
684.90385
-9.3759925
657.17379
-23.126428
389.92799
-742.44869
246.49559
-245.00317
124.13568
294.9996
-557.28417
545.18071
-158.85803
1163.4167
114.3639
964.07129
485.01675
708.86411
628.13431
593.66896
1024.1631
-360.73605
853.88396
139.4004
543.68512
-85.516991
159.68743
-764.43883
-820.57745
-2817.1085
-7182.5918
-7410.4061
-5867.9229
-2434.9911
369.2363
73.210789
298.11905
554.61522
1753.1152
1568.8899
1755.814
1761.9091
1915.3168
1751.4324
1475.3973
1191.7602
1014.5247
629.97087
-380.63498
-581.38467
-600.22171
554.56589
102.35875
-384.62105
-859.23225
-2463.196
-1000.0564
736.2919
509.5666
64.660269
-733.36648
-1245.5012
-1472.1633
134.94004
-101.58947
-243.45433
-604.10401
-870.609
-716.2993
100.25643
330.18423
-33.983737
214.68895
35.058155
-559.3605
702.67891
11.420433
657.65185
20.116161
345.90598
-668.94414
281.67694
-119.53037
38.09018
475.37919
-306.55321
962.99836
-47.642386
1178.5952
115.96817
887.11712
463.92891
702.89489
588.20108
566.63606
966.78814
-224.1291
819.42976
152.55672
570.89487
-9.2615042
259.24394
-640.45445
-750.63605
-3180.967
-7749.7244
-8433.893
-6712.2535
-2574.5522
588.60736
392.64154
537.91133
629.18687
1617.5567
1419.081
1706.2512
1668.8328
1814.3809
1690.9858
1385.7323
1127.4758
969.04774
587.95842
-241.56057
-518.02118
-189.08015
-972.37282
464.09994
-512.75874
-878.5783
-2616.3691
-1138.0578
669.2211
403.61975
67.725079
-555.49415
-1437.3956
-1454.995
114.63609
-110.03727
-371.29603
-940.17874
-998.44695
-961.14878
95.928813
287.36478
62.20254
317.99847
66.862343
-448.71699
699.97778
-15.052082
648.59559
34.661198
222.77568
-489.64978
361.65024
93.584614
4.5959075
362.24931
-246.83176
1092.6671
-21.493116
1154.6731
160.85792
879.35742
471.73617
720.07032
603.09636
572.90688
927.90426
-94.968779
793.69045
160.77672
572.27372
49.270285
364.48368
-40.095586
-230.42663
-3655.5231
-8609.9953
-9645.7726
-7632.3549
-2962.1346
573.48646
359.9095
582.87541
746.81555
1478.4283
1248.1411
1493.1949
1571.4031
1714.8149
1619.4862
1292.6138
1026.0947
930.09496
536.44269
-70.980725
-416.18781
-89.592408
691.58338
-23.647761
-484.26268
-873.40172
-2485.9392
-1138.1769
551.17618
329.01497
65.504071
-311.20573
-1480.7726
-1215.8863
98.471409
-82.07013
-461.48218
-1088.9371
-982.71292
-952.96764
83.077132
259.29448
67.397274
330.59588
100.265
-425.58846
658.93044
-90.016806
633.38483
-3.6358963
76.813247
-322.37709
401.28547
237.3606
-1.4544707
280.24517
-199.42415
1047.3503
-43.496368
1108.6541
230.07564
859.42148
473.57212
708.19352
575.51023
580.8838
899.61851
14.643125
758.75757
202.51893
632.34577
159.92077
436.38288
65.74805
97.756574
-4339.0552
-9591.4444
-10726.57
-8588.4524
-3448.8629
117.99232
170.7479
699.66059
752.18144
1354.9851
1179.3689
1385.3998
1491.5137
1617.3601
1535.8586
1212.9835
998.91409
989.23915
503.38423
-36.83575
-324.27729
183.10857
-1008.2318
398.03789
-595.40667
-835.06482
-2093.6347
-973.75345
393.32813
275.86399
101.48739
-40.983281
-1373.7783
-766.93747
84.343701
-31.869245
-351.9224
-954.1198
-702.69101
-564.2871
41.595408
231.02589
63.559069
327.98602
118.77259
-309.33618
541.3735
-138.50753
631.08233
-105.46805
-24.683048
-175.9736
429.46833
201.1011
-24.775442
304.58932
-130.37285
962.00578
-68.422526
1041.8534
255.78047
855.69654
456.21802
670.62457
561.62214
606.77627
847.31203
115.64769
728.51263
260.31745
628.35978
261.82442
611.85246
586.26284
347.96241
-5130.0978
-10464.918
-11771.183
-9441.5126
-4032.4519
-221.35851
-45.594934
782.66044
759.9264
1264.6219
1133.0603
1324.4941
1423.1962
1490.6297
1401.2025
1118.443
999.86347
968.93382
478.89651
-27.79208
-226.59775
538.03326
591.15017
-174.30978
-526.22942
-746.12973
-1470.7111
-795.30942
210.85065
183.62185
54.042595
266.51979
-1275.3441
-456.93201
72.928284
27.559387
87.493982
-593.42617
-618.87967
-297.33224
-15.664695
210.21625
9.9313227
408.60336
254.89212
-200.6768
564.75967
-71.453047
635.02143
-148.18669
-9.4112887
-89.65292
405.0656
73.429742
-55.179283
429.42171
-77.477992
830.17172
-40.904354
983.49243
264.17848
813.20881
424.65084
639.25942
529.13178
593.43132
807.1157
163.79378
697.92446
234.40808
608.77083
339.95009
696.5514
837.03835
732.97364
-5840.472
-11244.36
-12843.942
-10270.691
-4715.7143
-524.59069
-275.48749
531.16085
621.85657
1171.8798
1049.6062
1247.7233
1350.6064
1397.7544
1309.9072
1043.2024
1005.9181
995.8101
480.62568
-37.168454
-288.09112
339.08431
-1210.936
98.925167
-588.78199
-736.23763
-1080.9133
-866.75186
-45.446316
36.985052
-242.14801
396.65979
-1168.1109
-275.74779
75.198915
112.06112
517.32191
-480.50674
-869.29561
-429.04181
9.0710785
186.86541
60.394401
572.11976
252.88806
-128.19062
497.41637
20.267471
635.59842
-85.289763
75.634118
-159.24225
287.07402
-227.44423
-38.392879
507.25119
-15.343967
780.99989
-18.160358
945.29099
264.51984
804.98632
394.08981
639.73816
519.08191
600.2754
749.99572
238.10531
651.99828
238.09985
606.11318
391.51064
677.87879
721.48815
596.46527
-6610.2788
-11662.685
-13269.088
-10889.89
-5116.7783
-888.38897
-385.5093
392.02035
426.31098
964.17845
964.48415
1157.377
1273.6819
1301.4769
1255.3863
979.52804
934.63073
935.50664
432.50917
-62.495276
-300.66655
923.51808
400.9908
-201.02334
-563.018
-849.42107
-856.59913
-901.52966
-353.83226
-125.92534
-626.00746
174.29993
-1162.093
64.004125
86.066702
221.93214
790.05835
-361.81781
-1179.3644
-485.31354
13.476165
103.26898
169.01491
731.37331
107.58209
-169.11719
393.15146
-60.905057
610.24447
-74.242271
211.53016
-120.97134
184.89306
-559.4641
37.80203
822.01506
19.853624
732.50716
44.787727
898.3051
318.40109
764.59083
402.8636
653.48252
495.08205
548.12699
732.63192
264.33392
620.73287
280.26546
617.01636
410.85267
723.51032
740.11585
502.88142
-7120.0008
-11517.967
-13058.872
-10975.193
-5365.7505
-1135.0973
-560.35026
147.32236
223.31884
777.82826
872.34276
1060.652
1170.8347
1208.9677
1183.8778
920.43771
851.71016
849.70399
367.41688
1.6768673
-264.60655
424.32146
-800.69137
-82.980376
-525.68587
-684.79833
-506.09296
-909.27789
-639.18868
-226.23983
-794.66087
-82.208705
-1211.1206
334.98391
57.849451
402.29963
844.61468
86.56279
-749.99146
-289.66469
90.915614
103.21928
204.21275
663.82787
159.11224
-250.95524
393.54602
156.59702
517.72311
-97.139843
397.38622
73.223922
78.136024
-326.18111
79.549908
772.56369
42.929877
674.30983
122.32107
843.51122
292.12474
775.04604
448.59522
683.47091
513.05707
583.75414
692.23073
330.81258
590.62272
300.10257
595.64001
424.42205
751.20045
768.54392
451.17847
-7158.691
-10760.691
-12522.008
-10882.073
-5516.3609
-1263.8174
-614.53296
-125.14941
54.018519
652.79633
788.53401
1002.2375
1098.5494
1128.9322
1076.9518
863.54366
845.69934
808.33467
325.64587
62.522936
-244.32081
1011.4208
469.8652
-184.5292
-484.72753
-713.87072
-554.53843
-1182.1593
-618.95847
-306.7239
-819.07346
-724.7653
-1219.1383
968.43212
-63.174292
226.00215
417.74785
371.63648
-206.21954
-74.592456
-101.46803
132.54401
211.33908
611.59572
286.82348
-59.537703
381.23095
93.441754
460.80154
-75.461734
437.53332
161.37528
54.856138
-321.87855
63.572895
658.5757
46.843925
696.9914
137.87796
763.44873
363.86272
691.76046
399.5676
625.08701
492.42514
567.66573
642.04343
329.34741
554.76651
273.1193
487.28282
416.51196
751.6235
848.24321
452.14401
-7105.9353
-9633.0697
-11656.228
-10439.096
-5415.0659
-1281.7152
-548.92518
-300.65081
-143.46611
538.473
744.33148
907.24624
1011.8885
1044.054
1001.0035
841.60464
825.32297
772.63788
272.19162
-29.725384
-199.61981
486.69444
-465.82857
-173.25353
-504.92336
-1213.6615
-1268.2663
-1606.8456
-335.69234
-358.86691
-650.41746
-791.27602
-1016.826
1165.5457
-31.594011
312.10908
427.37583
246.39301
105.19723
-48.136117
-89.809763
142.76025
224.1082
602.4279
188.52782
-27.19676
386.24275
28.493505
447.90461
-37.804938
493.86905
134.41958
-33.068923
-229.34599
98.708533
568.92158
66.35612
556.98713
166.43656
831.90624
331.19157
690.2282
421.2517
654.50217
494.13279
556.66966
589.41646
358.54487
546.24744
338.714
549.37938
334.28792
708.68005
822.82736
520.11866
-6829.2265
-8245.1394
-10270.734
-9619.6801
-5092.07
-1213.3793
-406.30534
-381.78276
-303.24011
432.69813
756.61624
878.70392
960.91287
949.63182
940.0845
779.17321
738.35711
721.36223
249.2286
-23.196058
-132.97521
801.6564
287.30457
-166.36394
-519.90156
-1747.3529
-1691.0801
-1368.0341
-276.82753
-272.98
23.691621
-348.46532
-514.25151
1010.0642
81.168262
446.80167
422.22826
219.88654
-207.69734
-387.9787
-193.40705
189.88547
216.40135
555.73719
338.73353
12.957826
304.71049
-32.202304
595.85136
-1.7243992
567.85023
123.0213
-100.9213
-84.343091
117.05699
388.1156
120.13015
625.89216
137.31118
671.95282
375.96782
622.47628
412.40826
615.95761
420.74397
552.01266
546.20149
381.01403
529.8778
345.17194
512.00056
342.90357
708.1026
515.81069
574.36876
-5860.3779
-6920.2881
-8869.8826
-8868.7014
-4610.1249
-1196.7929
-233.36523
-385.67838
-322.69601
315.13133
685.0519
724.60566
879.99944
929.50712
921.14636
739.64565
703.71168
652.43269
257.45159
10.7665
-80.481138
322.71726
-141.83009
-207.7574
-460.55689
-1726.2217
-1704.6196
-687.94756
-301.00099
-336.41877
364.05553
5.4983226
-205.65327
670.2452
115.53605
486.30714
600.00712
221.54484
-517.66495
-436.29196
209.34093
-113.15377
226.24216
634.84471
65.062054
26.725644
448.04957
-25.332908
281.26712
-66.581564
458.80703
88.986876
-107.63897
23.454793
161.88616
507.87866
61.918184
510.60481
272.7076
690.66566
348.96854
620.44102
412.88624
593.48751
471.17529
567.24919
506.7992
366.39078
466.5681
348.63528
527.55049
222.18786
698.34619
172.83689
602.45988
-5313.8984
-5937.7518
-8144.5433
-8226.0376
-4049.3585
-1296.6998
-133.14483
-416.49426
-344.92236
195.5166
649.19418
704.45692
817.13246
766.82427
754.07834
690.15457
662.59057
612.29646
261.88303
40.692129
-29.244658
353.72952
84.341396
-261.52086
-443.66322
-1646.5279
-1689.2315
-501.71074
-212.31411
-481.61122
440.15408
-441.90355
-343.4023
314.43335
-16.037742
454.57898
210.36824
378.21109
-53.845269
255.70847
284.22046
52.929554
71.719427
460.83148
268.39439
12.04824
201.1402
3.4945803
483.89956
-9.665272
504.7353
26.341238
-54.192461
359.54362
129.46461
187.9181
126.74389
504.59303
153.18814
575.31865
380.4003
566.64002
410.33944
551.20628
442.33043
529.66368
509.33705
352.12023
481.17356
360.21567
466.33202
194.82786
658.3034
-79.064865
314.51755
-6259.8589
-5296.3318
-8073.9376
-7762.6637
-3495.0668
-1494.5015
-202.59446
-447.77843
-322.56571
93.127399
599.06933
611.47078
768.796
802.32048
853.88934
664.95173
597.98298
551.52477
260.93559
66.23416
-1.1457329
169.89597
-41.914564
-290.3968
-470.42185
-1478.1554
-1566.8029
-338.47329
-150.84003
-587.85694
367.5951
-147.84353
-278.51139
169.61252
-144.25131
517.75171
287.66296
258.11151
-100.63909
-195.40431
14.286664
-193.6825
269.89327
758.36434
-76.703848
-36.911446
309.90435
143.14665
584.53306
-35.678154
629.60668
-67.935614
-82.838487
392.73049
77.814407
313.66377
92.253533
505.0663
295.49383
518.31635
356.90166
563.88116
384.65207
555.76004
441.31064
500.96202
460.4872
338.62452
431.42741
198.9717
379.89894
82.377344
609.93527
-241.70907
69.830379
-6588.1949
-4409.0368
-7810.7934
-6899.3078
-3270.8349
-1794.7302
-406.77612
-472.51073
-270.26491
41.313204
538.38864
566.21672
698.14934
620.59905
625.56774
602.84614
570.88939
513.60528
255.19107
84.28939
19.202979
127.12335
-32.595728
-298.78375
-445.87531
-1163.7294
-1210.4304
-315.94208
26.32105
-682.68746
80.707276
-340.90561
-362.95816
-344.11818
-279.45894
601.63445
128.65796
471.26909
-68.04774
177.90079
292.18222
-54.396015
14.498067
347.42724
-160.29524
-76.122233
401.72091
-56.235112
643.01634
66.05061
596.95422
-125.06772
-103.06977
269.65057
254.00065
318.44389
125.57257
525.87047
220.17184
505.96289
397.70606
512.11235
400.04686
521.91228
428.75826
495.76606
466.98728
345.54228
428.91749
285.10901
262.53803
143.84452
550.66019
-467.47514
-381.50769
-4978.2648
-3807.9639
-6845.3741
-5557.4593
-3142.6569
-1878.838
-534.35339
-437.64368
-183.74838
33.552957
461.89407
489.63491
665.41257
697.84247
691.99319
593.32457
517.57358
468.90073
244.68609
94.234746
29.814192
76.758874
-36.571955
-248.88679
-368.79389
-750.14871
-841.53631
-186.79772
272.50215
-506.10128
-321.5798
2.5259044
-142.94256
-358.87655
-366.50094
668.26249
90.331127
85.810806
20.655042
-221.2692
-139.9941
62.246764
281.41766
264.93637
-136.75499
360.37484
447.10455
60.273223
449.1271
-22.541113
654.64204
-256.24739
-241.50685
460.0537
197.79738
430.78142
243.05166
349.11112
294.7567
375.3806
371.32177
483.40523
386.72823
499.14336
415.58171
441.17381
421.74914
337.53535
394.44704
42.102728
108.19166
-16.79592
486.27137
-641.97995
-542.82386
-4460.1257
-4266.3923
-5760.4055
-4481.8127
-2918.5447
-1822.2832
-607.74036
-418.92473
-129.08867
59.624786
397.45805
452.79414
583.4314
489.3604
544.60548
509.07147
485.62648
433.38279
233.8921
103.40051
35.841505
67.786165
-7.2589983
-165.15065
-211.70526
-355.03754
-355.44897
-69.063391
219.08661
-320.31776
-292.49701
7.5860496
94.003184
-485.45538
-479.31741
699.15889
70.651665
385.00014
173.72309
119.929
-25.152928
74.516629
82.330249
263.44611
51.922162
325.98732
268.14378
87.01252
658.93932
-88.092367
666.03716
-372.93481
-367.83948
218.21907
275.68427
275.85128
-69.877614
448.87312
333.54814
491.95919
386.4797
462.585
391.26689
483.00778
401.10872
458.82773
414.17524
329.05843
345.372
249.70988
138.6693
119.75287
487.84314
-680.7181
-304.3173
-4135.8845
-4604.2989
-4526.2525
-3701.9522
-2603.4613
-1789.5249
-675.38119
-381.73873
-163.62292
21.217179
354.14316
385.89629
562.61848
598.23578
588.82583
524.66784
446.31251
398.30274
221.01483
105.6232
37.836635
38.80807
-9.6121381
-134.43328
-182.64992
-333.25703
-287.70607
42.182187
214.11954
279.17783
-72.033005
-270.49481
-28.390758
-1199.5507
-364.37507
528.75476
-40.05625
536.05652
261.26091
-991.42531
-485.87525
274.49829
336.35181
220.66907
193.7967
401.98783
249.88037
62.636532
321.03274
-283.51072
734.37018
-178.76225
-491.34
700.38752
98.606569
125.26729
2.2958214
477.16729
340.82566
332.45982
355.02499
404.94475
375.48952
426.51062
385.84568
389.81509
393.7023
337.87795
415.49757
202.44779
-135.21068
-117.30468
444.41948
-950.83758
-113.09959
-3327.2604
-4989.809
-3418.0723
-3004.4671
-2311.7873
-1674.4524
-769.5643
-442.27291
-130.91891
4.9970489
314.99187
335.90122
476.06199
372.77481
470.52998
418.15831
413.71111
367.42795
208.54326
109.92444
37.66824
58.352137
30.849287
-27.853792
-25.195581
-52.490797
-1.8021805
110.60234
311.40317
-49.818407
-375.73276
689.71999
-27.562415
-1339.4058
358.80633
1203.0906
-270.83689
441.51974
-9.4706432
-136.23885
-117.16938
524.79604
31.491642
192.35305
-38.928666
184.56477
239.71455
255.3127
275.60969
-87.269365
997.20287
-851.72693
-1179.4456
154.14361
192.19971
390.24194
213.47523
379.01037
302.3542
465.99483
405.47247
442.36159
372.3556
442.28498
360.01336
429.05841
349.67154
295.08478
305.35407
407.1807
157.60041
-259.27534
266.56856
-1608.9385
25.450945
-1816.1468
-3310.4644
-2391.9848
-2255.792
-2014.484
-1447.8809
-748.85263
-517.83523
-254.38168
-72.277566
264.97389
325.10023
457.40848
544.52369
508.43658
474.57428
371.66772
327.53712
188.78199
107.50302
35.029394
21.007109
-1.5980292
-59.172582
-105.8319
-121.91632
-182.62271
144.62169
-115.22753
3.0593516
-189.66411
-342.92704
-95.36555
-96.558269
-216.47188
654.4686
-444.98802
29.642698
279.92266
-396.10797
18.326004
181.30848
230.83754
190.825
68.415997
193.22659
160.31377
185.79012
336.08648
-277.73856
508.50186
-751.20512
209.39693
-64.226775
78.932938
351.20728
91.883606
117.99228
258.89241
329.00446
343.56887
330.69847
334.75764
328.03983
338.39081
311.1827
335.56106
270.23436
270.60975
209.49427
-152.85069
-65.700342
86.680436
-517.83475
14.408455
-383.65781
-1376.1218
-1417.7253
-1788.2232
-1576.4393
-1031.0115
-573.15194
-439.47328
-208.83985
-46.870978
249.40619
206.62038
344.04482
309.99292
362.1101
340.33705
316.49466
280.292
165.49069
106.28895
29.145403
64.295951
55.44662
40.917387
44.866033
49.333983
102.20478
156.93392
213.47494
267.87109
-287.26892
419.29203
969.47345
-1423.9922
-1055.3615
684.73173
-317.2875
81.112461
186.36857
65.02337
82.345643
248.14927
111.44935
195.60252
257.73339
198.72811
163.17209
123.8276
303.7299
58.126116
182.84074
-150.42959
143.38663
-311.05312
-209.32585
568.46277
138.6138
297.61866
410.54471
397.89857
380.7283
391.94836
340.28532
388.88538
308.16717
370.06872
274.1184
278.89557
233.26267
291.99935
222.12896
-123.11245
-65.207371
-563.66009
235.28552
-109.245
-797.38281
-1168.6501
-1390.2667
-1347.5118
-858.33598
-587.64055
-491.80706
-161.60492
-7.5013008
163.36885
236.81116
326.15326
348.79122
358.3248
334.01926
273.5338
242.20234
144.11153
96.744877
23.710308
18.188803
7.6846611
-20.34647
-46.903845
-35.652125
-124.58298
48.50252
-322.14118
-153.9216
10.352675
-1327.6157
873.77708
-1208.0924
-832.74044
1.5738602
-334.93613
303.23193
151.55468
-58.275488
141.16452
161.46546
197.64897
217.60827
141.33994
205.85191
189.93164
205.5112
276.31205
-36.144489
211.97513
121.79727
-103.21899
16.21812
-562.66918
376.27459
161.02497
177.97894
189.43456
254.30974
292.66183
267.86535
292.01831
258.55626
283.06932
243.70035
257.65832
220.52323
176.02382
160.34139
-73.344047
-60.814428
-165.72005
-139.36516
319.46416
-486.23815
-711.5087
-762.20076
-919.73232
-1013.2003
-804.02063
-512.875
-438.05815
-151.51349
-61.321998
128.73997
123.65286
244.55347
225.03646
269.88678
253.20748
232.07816
207.77749
124.97785
90.589337
18.473551
70.307833
68.49847
63.934316
68.169231
68.191846
76.751573
122.21535
-12.748759
157.03951
-140.30973
76.54478
-453.39911
-988.20831
438.59293
324.04025
-252.09088
239.86084
137.22096
98.190217
133.06313
136.00375
148.46426
140.51056
227.64855
142.90059
184.51436
103.11058
245.48453
15.199369
259.2656
96.047789
38.030358
236.65562
589.24719
343.7512
223.21675
325.28897
344.93903
332.50782
336.55248
333.42122
300.25101
335.78605
259.39163
313.63689
216.28879
251.49989
161.74164
205.68767
101.07669
-34.081946
-29.406781
-223.98173
-664.88102
29.818405
-386.08774
-700.51203
-883.74154
-946.2019
-683.67829
-457.0715
-374.1549
-146.01577
-56.825295
84.890568
147.93743
217.5033
244.20832
250.77251
241.21883
199.78132
179.1533
108.09277
80.23015
14.372492
20.347741
16.422373
3.1920333
-3.6394529
1.459568
-18.74119
43.845449
70.789087
61.502085
90.023607
-72.266793
-92.226023
-44.0442
192.08878
276.17022
-150.47921
43.171745
77.300856
70.365784
140.95332
169.09868
168.46923
209.66606
167.69992
202.62807
183.59834
194.72015
218.0538
68.9247
236.63504
166.7521
55.591475
-26.84082
-213.20345
210.9523
125.32166
158.53547
179.96347
199.48256
242.44232
215.95284
246.33454
206.38274
234.07622
193.50802
198.28742
172.44344
124.40316
113.56996
-25.501728
-80.105368
-76.273509
-497.03925
15.040069
-201.72571
-355.14071
-551.32382
-732.99562
-689.69157
-494.55591
-401.52251
-295.65338
-143.83794
-61.866682
61.083311
67.500513
167.32431
156.61553
196.98601
185.53995
169.03637
153.28811
93.218089
72.379553
11.064831
74.002399
74.98119
71.517211
75.695445
71.225859
79.169765
79.009013
45.522456
0.82178932
-76.500618
-31.716651
69.835074
-332.85395
-130.80814
169.473
35.826391
191.13767
106.29307
97.015271
135.46275
97.77701
153.89135
99.910165
192.51226
99.918995
178.40689
81.085663
197.82011
42.20252
224.76122
-5.5937737
31.3407
194.57283
380.93794
239.2375
259.70593
277.52781
300.39037
279.53222
292.51741
280.23235
263.89968
285.08452
216.68377
253.48972
167.43956
209.15362
101.93442
150.72668
22.980197
10.671157
-93.506595
-171.32612
-236.9628
-269.69148
-383.19945
-487.48813
-598.20004
-606.98303
-502.27065
-378.23906
-297.74193
-157.76293
-77.094343
25.715104
89.507084
139.068
175.43002
174.33605
172.00438
144.8853
131.33001
80.290887
63.149139
8.6048847
23.136528
22.356848
15.800046
16.852364
18.609533
15.914306
48.91119
42.24457
89.203934
121.64506
149.84783
165.8572
1.8598048
139.85301
239.62114
-20.618101
113.2928
55.355915
117.02882
121.27502
172.21254
144.52994
199.17976
156.96173
196.25143
169.59171
188.63329
186.27407
133.35521
209.60694
148.70641
5.5367349
87.570848
148.43145
151.4012
144.1902
144.21945
161.00349
167.8954
201.21569
179.22505
204.80261
168.20577
192.56904
161.77919
155.53716
132.98869
85.731241
78.372762
-15.671275
-44.051951
-89.192566
-260.64109
-209.0467
-266.39389
-280.4332
-431.87828
-493.45271
-479.52179
-380.20992
-312.58787
-225.45917
-128.23565
-58.676211
24.132906
48.663851
111.74302
103.96532
139.65608
134.40743
122.54455
111.61818
69.093088
55.26649
6.7897988
75.431788
77.696825
73.506132
79.800485
71.190751
81.424405
67.383247
56.645767
35.593624
7.326665
-26.047535
-7.7053639
-170.92696
59.821049
119.36689
90.85605
118.69851
100.69955
90.422363
128.55511
78.124682
148.07298
75.671445
169.81192
75.510532
161.59807
73.238976
162.93845
82.670408
162.03312
163.43695
33.140378
129.96473
250.42122
214.24132
242.27171
235.8393
267.07293
236.29326
253.49078
236.08001
228.91224
238.65864
180.55504
210.14228
128.31875
171.07046
60.51885
112.51443
-16.925979
12.372109
-121.38432
-129.24128
-262.4224
-247.08719
-246.04491
-377.11681
-416.86834
-425.83879
-369.07457
-302.78737
-239.04828
-150.54943
-85.529375
-16.151794
37.372112
81.662181
116.8168
118.97876
119.67322
104.41963
94.644857
59.435281
47.542782
5.5237322
25.208578
25.747115
22.354369
25.224769
25.105985
29.610078
41.733632
46.27579
78.756477
92.78767
112.37678
164.09283
93.907782
109.36159
171.8853
38.534623
131.14376
60.102585
133.14112
101.92142
166.86808
124.13844
186.05055
137.94867
186.7307
152.30796
179.84006
164.89621
156.41209
170.94743
139.88212
102.43473
130.4924
177.07384
131.2616
153.61782
134.42048
151.47715
147.8755
166.44453
152.93988
164.9255
139.79874
157.70458
130.62239
122.68487
102.40177
60.147616
55.048481
-13.155305
-26.81269
-87.443459
-106.47718
-204.80813
-229.79673
-258.53457
-320.02701
-348.84623
-345.25216
-291.25018
-242.89034
-177.19039
-112.41594
-54.491937
4.0650661
31.45404
73.396123
67.208069
95.840544
95.953963
88.363523
79.65598
51.145339
40.586412
4.6555943
75.093052
77.645094
73.560714
80.483237
72.171487
81.269855
69.661902
66.825019
58.222806
40.684245
10.641131
30.50956
-22.055298
71.075862
92.434128
93.705948
94.419736
101.88266
79.486612
121.56093
66.139477
137.78535
61.185736
149.14251
61.574262
143.65155
67.355607
137.27931
88.61752
126.90886
135.86266
90.73891
136.17099
183.94831
186.05557
211.59475
200.1675
232.04347
200.64734
229.54769
199.92299
206.1613
198.77654
152.23657
180.45742
96.936562
138.56502
30.816336
84.167845
-32.681736
-1.0930389
-112.22946
-115.86442
-189.489
-208.60267
-201.33658
-294.51125
-305.18795
-315.53842
-280.39667
-240.63657
-193.72156
-134.8703
-85.197632
-34.900359
7.4291813
39.566269
71.999075
79.45109
81.46144
74.795276
66.640162
44.00333
34.276559
4.0811509
26.253605
27.184768
24.850273
28.15475
26.952398
32.226926
36.642608
43.885909
58.237504
64.58
82.448913
103.3432
89.44482
79.705239
128.10252
54.859232
124.58512
63.758935
132.77531
89.133591
155.43202
108.16543
170.09159
122.73942
172.10941
136.62443
168.55342
148.17892
155.45636
151.22386
141.11791
132.79608
131.803
165.03415
124.50297
149.10865
126.44383
141.17883
132.09143
139.57626
131.53432
133.73659
117.55701
123.48783
96.104966
96.749925
79.580712
45.950453
39.333316
-12.875349
-24.031863
-80.618148
-87.892982
-169.84008
-180.91202
-214.30769
-243.25691
-259.08634
-255.47055
-223.56278
-189.55778
-141.95516
-96.981894
-51.236431
-11.88012
17.110309
42.310888
53.326247
64.308444
66.862177
62.96119
55.441155
37.833488
28.663356
3.6899103
73.721617
76.083517
72.8333
78.836475
72.648608
79.53025
72.439338
72.331021
68.669195
62.892162
49.508545
61.864272
44.422719
79.712611
81.833845
92.473
81.027203
100.93538
70.186917
114.39022
58.551977
126.2173
53.050924
132.06855
54.175365
126.88201
62.639439
119.09112
82.708484
110.86406
112.62265
105.92523
127.53585
152.69194
158.58952
182.16644
169.53579
198.6414
169.59347
197.32576
167.52049
174.68325
164.037
123.70514
153.58072
69.244579
111.86823
12.823446
61.162056
-37.356578
-10.077016
-97.493004
-95.946764
-150.97993
-171.25996
-181.01776
-230.7352
-232.96776
-241.38342
-217.80854
-192.23696
-158.35077
-117.41123
-80.098987
-42.322895
-9.3805357
17.000963
38.788136
50.750054
54.885905
52.540676
45.938982
32.48512
23.730797
3.4091433
26.695449
27.617094
25.89852
29.114503
27.622752
32.696243
34.166858
40.26399
47.341322
50.475453
59.420161
62.702711
68.376078
62.915548
97.962332
57.428625
110.69451
64.231189
123.11227
80.658584
139.82866
96.198516
151.54938
109.68949
155.02385
122.20985
153.61555
132.1164
145.90982
135.9402
136.31193
131.35644
127.94372
143.94641
120.23945
137.77548
119.12071
130.73676
119.64057
124.39537
115.75106
115.29221
102.37617
102.75064
80.764481
77.138736
62.733305
34.237142
26.836947
-13.957798
-25.234595
-71.955422
-81.005227
-136.32926
-144.90873
-171.97208
-188.56872
-197.66974
-194.1026
-173.5202
-149.73248
-115.41816
-84.03221
-48.595816
-21.267731
4.5280093
21.92627
35.475758
42.504062
45.099962
43.531454
37.951598
27.79637
19.468489
3.1613275
71.119334
73.103152
70.849632
75.547121
71.413522
76.396617
72.131346
72.664659
70.755289
67.413585
65.326173
68.207943
69.045134
79.865629
78.019584
89.950937
72.907905
97.436124
64.033132
106.39112
54.273646
114.46431
49.124013
117.57034
50.442762
112.72517
58.776632
105.85385
75.948665
100.92222
98.182359
104.43873
115.43574
132.93256
136.85126
156.40671
144.72474
168.52823
143.56123
165.56061
139.71492
144.43355
134.50843
99.213155
125.23212
51.452792
91.083886
3.1268842
44.37326
-36.561316
-14.934079
-83.87156
-80.43171
-125.11595
-139.53176
-155.80831
-181.65743
-182.45401
-188.25187
-171.8705
-154.6246
-130.10996
-100.91245
-72.680527
-44.218575
-18.206025
2.7435352
20.09867
29.222787
35.816697
35.717553
31.231227
23.572992
15.870299
2.9157369
4.7571031
5.0549232
4.4465518
6.5394486
6.7793765
11.156288
14.042953
20.561505
27.942522
31.233185
44.24275
41.061848
59.242484
41.487386
81.970022
40.038948
108.04449
45.68819
131.87434
58.667817
155.43271
73.812225
172.09963
89.968294
177.89279
107.45944
173.68977
121.76215
160.18278
129.64738
140.99442
126.9839
122.62295
123.20809
103.7373
109.46298
94.248687
95.92167
89.604187
86.542918
82.720092
80.288431
67.459805
77.199577
44.52689
63.06876
24.536557
33.356891
5.0951687
-5.1864429
-30.874513
-52.876518
-69.842508
-100.77496
-108.08805
-129.58346
-132.89526
-138.57416
-132.82134
-118.973
-102.98308
-77.999273
-59.449207
-32.709011
-18.042395
2.1374654
10.399657
21.495618
24.93096
27.135268
26.139892
22.928619
17.756999
11.507567
2.4594339
80.547424
81.570759
80.668434
82.823298
81.052483
83.113226
81.174543
81.522108
80.037968
79.607901
76.461232
80.784525
73.871156
86.193353
70.887398
91.63224
58.404734
95.698648
44.454766
99.124652
31.952173
100.73993
24.551086
98.825215
24.795769
92.167882
33.444531
85.531363
49.474541
82.867378
69.334742
88.311903
88.426124
103.80285
104.56805
119.45542
111.71001
127.36336
110.97673
123.05974
106.27204
104.46118
100.52764
70.037311
92.022728
30.748674
69.885132
-8.4475569
32.638035
-36.166345
-12.827905
-67.925999
-58.093391
-94.225744
-98.703435
-115.53541
-125.22645
-127.92053
-129.75273
-122.68717
-112.21295
-98.916337
-81.092496
-63.911417
-45.248719
-27.987693
-13.101501
-0.42731254
7.680071
13.452672
15.561183
14.611616
11.730947
7.5521632
1.785049
8.7242836
8.7790864
8.8037295
9.94602
10.675782
13.00252
15.220448
17.900944
23.38274
23.456641
33.347697
29.519371
44.591061
33.55143
58.821508
37.648179
76.462289
43.960488
94.897
52.937499
111.62781
63.463143
123.8608
74.505064
129.76423
85.225657
129.30104
93.515395
123.00429
98.1759
112.55208
98.538928
100.73378
96.207155
89.970021
90.091048
82.519943
82.413508
76.505342
74.460136
68.960838
64.98769
57.245517
53.016306
39.008154
37.547504
18.200981
16.988701
-3.980989
-9.2874441
-27.524728
-39.583023
-52.656506
-65.589665
-74.627989
-81.804853
-86.411187
-85.943218
-84.706711
-75.486699
-69.331138
-54.126885
-46.395604
-29.594896
-23.208636
-9.2822642
-5.166204
3.4742769
6.115727
9.4968603
10.013181
9.2578227
7.4737727
4.8076871
1.1883443
66.118286
66.465282
66.663793
67.261802
67.391385
68.055585
68.033453
68.36049
68.263515
68.798575
67.06062
70.326275
64.938047
72.862204
61.740237
75.270212
56.392922
76.904596
46.628995
77.989202
38.494619
78.448261
33.966551
76.543021
34.552067
73.11338
40.049708
70.204455
49.476652
69.53591
60.77963
72.410005
71.255181
78.367683
78.077102
83.126413
79.39104
84.040579
76.426283
78.664788
70.312755
66.669659
62.959886
47.130253
54.945614
22.695671
41.312506
-4.3838322
20.473156
-29.135607
-9.047835
-46.418836
-39.833695
-64.08295
-64.642989
-77.713024
-80.403853
-84.328323
-83.806496
-80.394484
-74.572922
-66.490928
-56.846757
-46.085764
-35.486099
-24.561004
-15.678911
-7.2585597
-1.7819855
2.3619297
4.3561881
4.930233
4.2837737
2.8510298
0.69224295
12.011726
11.946626
12.068136
12.596339
13.272927
14.418225
16.021919
17.002411
20.845551
20.435178
26.795827
24.943389
33.862398
29.217634
42.268797
33.996048
51.274339
39.89999
64.216107
46.828175
75.874255
54.158101
84.69335
61.20583
89.772826
67.191574
90.824688
71.635793
88.114116
74.179666
82.602534
74.594823
75.95279
73.164889
70.487032
70.348699
66.717109
66.074894
61.990602
60.078171
55.242262
51.098811
45.113388
38.017133
31.280724
22.057966
15.055878
5.6943712
-2.1976444
-12.418231
-19.782004
-30.415599
-36.931386
-45.280224
-50.859957
-54.041299
-57.549234
-56.075752
-56.6956
-50.418303
-48.65403
-39.097015
-36.177029
-25.725079
-22.727244
-13.888201
-11.093176
-5.3468839
-2.6992332
0.045252966
1.6276596
2.2845663
2.1708469
1.5240635
0.3303804
50.550581
50.764476
51.059956
51.443335
51.857693
52.334914
52.751871
53.154327
53.502058
53.957555
53.420363
55.321258
52.406802
56.82521
50.648362
58.089695
48.065317
59.037411
44.551572
59.141658
40.382235
58.62366
38.356094
57.454014
39.089294
56.459021
42.436507
55.734193
47.695982
55.932039
53.513409
57.407316
58.0634
59.73278
59.608717
59.867385
57.709124
57.171452
53.679469
51.892735
47.583248
44.0717
39.816816
32.574472
32.464196
18.038787
22.79519
0.58825455
9.5634888
-16.97188
-7.2089546
-31.601617
-25.357384
-43.205189
-41.128143
-51.23445
-51.806344
-54.440608
-54.347744
-52.240903
-49.173174
-44.116855
-38.809115
-32.054505
-26.038964
-19.176881
-13.945523
-8.6439855
-5.0766885
-2.2917558
-0.55778683
0.37957283
0.69496011
0.60239858
0.073075794
14.491943
14.399129
14.429778
14.657691
15.036893
15.603374
16.538717
17.012807
19.275814
19.134201
22.702989
22.348492
26.860083
25.825355
31.745089
29.868242
36.957764
34.570852
42.429968
39.633362
49.330948
44.538491
54.861538
48.725755
58.386992
51.364864
59.660426
53.294465
58.832875
54.30399
56.503651
54.181169
53.7336
52.782348
51.717906
51.029507
49.370494
48.139699
45.578033
43.406135
40.003076
36.61611
32.440565
27.127186
22.898862
15.083406
11.445869
1.6411893
-0.78562036
-11.49843
-13.043479
-23.31424
-24.547368
-32.249369
-33.775308
-37.004226
-38.758067
-38.09791
-38.87792
-35.188846
-34.704762
-29.173256
-27.709884
-21.738263
-19.614288
-14.552754
-11.8676
-8.1975383
-5.5670087
-3.3503904
-1.7665867
-0.75572556
-0.22357419
0.016000412
-0.089424958
35.0704
35.204286
35.477199
35.816068
36.234288
36.686303
37.160473
37.594555
38.067001
38.414791
38.640957
39.551835
38.527615
40.573499
38.06106
41.318136
37.500291
41.730711
37.271991
41.77056
37.037499
41.61372
36.776423
41.771097
37.67152
42.31056
39.644569
42.767105
42.140486
43.503203
43.995977
44.459062
44.598783
44.387388
43.749422
42.952164
41.65318
40.264839
38.235266
36.0871
33.297637
30.269415
26.725891
22.603023
19.369586
12.803691
11.698208
1.7981011
2.858046
-9.1313336
-7.3964907
-18.884207
-18.108483
-26.528627
-27.357786
-31.681708
-33.286834
-34.200948
-34.463325
-33.059673
-31.537496
-28.387347
-25.539773
-21.424311
-18.088333
-14.053301
-11.05905
-8.0864581
-5.7760196
-3.8772394
-2.4413325
-1.4301619
-0.77932644
-0.3490355
-0.1860976
15.491845
15.414707
15.376552
15.417936
15.555467
15.794658
16.196699
16.500315
17.595181
17.682278
19.486229
19.698727
21.794455
22.091087
24.524356
24.863744
27.435983
27.876643
30.180377
30.952359
32.351449
33.606989
34.705003
35.422323
36.376149
36.556466
37.395659
37.24949
37.736876
37.559624
37.686175
37.55097
37.373491
37.027759
36.449831
35.659818
34.568471
33.251734
31.574755
29.644252
27.334846
24.733438
21.778363
18.506121
15.288159
10.648004
7.9729844
1.8126967
-0.14445034
-6.9860738
-8.3704884
-14.832311
-15.994627
-20.935471
-22.188595
-24.696877
-25.919631
-25.960176
-26.374347
-24.719786
-24.195356
-21.504819
-20.100521
-17.043709
-14.91923
-12.037054
-9.7048483
-7.4318318
-5.5184396
-3.9264762
-2.6663376
-1.7216043
-1.0426332
-0.53251751
-0.22949636
21.194947
21.263703
21.469187
21.748259
22.09135
22.479596
22.890575
23.293108
23.752852
24.081876
24.503648
24.887794
24.940727
25.642108
25.250081
26.230195
25.533737
26.631933
26.06476
27.06505
27.05808
27.87399
28.232276
28.925133
29.252064
29.817653
30.142412
30.48873
30.721712
30.829031
30.870788
30.780409
30.577877
30.229925
29.709015
29.000187
28.074138
26.927391
25.532293
23.900699
22.000505
19.848663
17.44224
14.810138
12.006151
8.6863472
6.0794507
1.7730554
-0.13330843
-5.1683378
-6.5320009
-11.393882
-12.669896
-16.276893
-17.636564
-19.449913
-20.528595
-20.871797
-21.089718
-20.223113
-19.500076
-17.717771
-16.279544
-14.087801
-12.275764
-10.166338
-8.2935422
-6.5350483
-4.992627
-3.6853951
-2.6150701
-1.7748561
-1.1271855
-0.60571154
-0.23867726
13.904517
13.865973
13.831269
13.812356
13.819441
13.87215
13.995499
14.167841
14.558786
14.743618
15.540292
15.753395
16.679003
17.157368
18.062398
18.639213
19.383279
20.002661
20.620313
21.203429
21.649756
22.150221
22.581933
23.023261
23.392235
23.74329
24.032354
24.264328
24.433255
24.518772
24.524936
24.438387
24.248746
23.943245
23.498335
22.901851
22.140318
21.207451
20.082505
18.76202
17.243838
15.533972
13.6333
11.552549
9.3131865
6.8707492
4.5376026
1.6153439
-0.40897588
-3.7096797
-5.3572509
-8.5235379
-9.964854
-12.344757
-13.630692
-14.895172
-15.733258
-16.038276
-16.174758
-15.600501
-15.039318
-13.81991
-12.699787
-11.165399
-9.7332619
-8.1971617
-6.7599867
-5.4168176
-4.2153017
-3.1787048
-2.3097365
-1.6055225
-1.0432091
-0.5711895
-0.21737001
10.645472
10.642972
10.708627
10.825935
11.004884
11.227622
11.479841
11.751038
12.068333
12.304535
12.688568
12.898443
13.226566
13.523841
13.842708
14.203293
14.617364
15.027732
15.426971
15.825877
16.186846
16.548366
16.884959
17.20635
17.493651
17.754269
17.97235
18.146397
18.269074
18.332062
18.331826
18.258925
18.104913
17.859124
17.510095
17.047588
16.459488
15.73956
14.880302
13.878166
12.730061
11.437019
10.005304
8.4433355
6.7636896
4.9748148
3.1515873
1.1551427
-0.58957098
-2.7371522
-4.2552215
-6.2923709
-7.6000003
-9.1584185
-10.217209
-11.112392
-11.7199
-11.988809
-12.053744
-11.714068
-11.258805
-10.451706
-9.5949936
-8.5369194
-7.4724016
-6.3677248
-5.3049259
-4.3073674
-3.4041831
-2.6122729
-1.9355599
-1.3723468
-0.90608027
-0.50385857
-0.18495781
7.3924615
7.3888986
7.4262471
7.4884842
7.5895318
7.7146816
7.8667087
8.0370513
8.2368886
8.4047829
8.6725526
8.8214904
9.0910535
9.3067261
9.5842455
9.8396593
10.143975
10.427997
10.720506
10.997685
11.26372
11.518508
11.759762
11.986173
12.191484
12.374594
12.530439
12.654376
12.742217
12.787895
12.788402
12.736465
12.627389
12.452792
12.20571
11.87887
11.466356
10.96192
10.360313
9.6589892
8.8573275
7.9571233
6.961724
5.8777002
4.7138418
3.4830804
2.2097338
0.88027563
-0.39610918
-1.760937
-2.9279245
-4.1971837
-5.195366
-6.18522
-6.9462227
-7.5506964
-7.9667898
-8.171276
-8.2060408
-8.0117588
-7.6942637
-7.1829877
-6.5973176
-5.901651
-5.1821594
-4.4430308
-3.7261983
-3.0498346
-2.4319679
-1.8844954
-1.4108728
-1.0102533
-0.67336892
-0.37752787
-0.1370542
3.9478102
3.9088609
3.9294824
3.9529369
4.0099946
4.0784229
4.1648046
4.2627336
4.3742765
4.4760723
4.6247774
4.7177927
4.8706144
5.0004546
5.1621696
5.3147496
5.4914819
5.6605645
5.8356278
6.0049541
6.1702041
6.3294467
6.4815582
6.6249943
6.7575727
6.877238
6.981302
7.0672992
7.1329689
7.174772
7.1897977
7.1746341
7.1250435
7.0373177
6.9065169
6.7285914
6.4996116
6.2164467
5.8768191
5.4787684
5.0219714
4.507084
3.9358122
3.3130873
2.6438631
1.9355302
1.1989985
0.44172664
-0.30975709
-1.0706273
-1.772669
-2.4692717
-3.0684877
-3.6169516
-4.0603405
-4.4052186
-4.6413527
-4.7599449
-4.7738854
-4.6680292
-4.4786362
-4.1920905
-3.853273
-3.4571243
-3.0403643
-2.6113916
-2.1922323
-1.795466
-1.4319498
-1.1095552
-0.82977186
-0.59311685
-0.39442192
-0.22027659
-0.079393275
0.65524096
0.6027057
0.60588634
0.6002588
0.61451519
0.62839144
0.65154254
0.67718313
0.70757066
0.73840437
0.78130904
0.81210121
0.86114216
0.90326507
0.95813068
1.0098534
1.0701405
1.1293886
1.1917013
1.2531796
1.3148761
1.3756044
1.435144
1.4928177
1.5477997
1.5994405
1.6470528
1.68968
1.7259534
1.7553423
1.7765326
1.788537
1.7898624
1.77936
1.7550348
1.7163166
1.6609817
1.5886016
1.4969781
1.3868315
1.2567978
1.1080814
0.94107219
0.75706943
0.5576512
0.34600266
0.12489931
-0.10363928
-0.33061709
-0.55998036
-0.77469212
-0.98410764
-1.1667791
-1.3312056
-1.463412
-1.5645176
-1.6309162
-1.6612086
-1.6570604
-1.616355
-1.5481588
-1.449778
-1.3331805
-1.2001345
-1.0594306
-0.91622033
-0.77604284
-0.64314211
-0.5204512
-0.40988475
-0.31244426
-0.22740154
-0.15381796
-0.087260955
-0.030379191
)
;

boundaryField
{
    axis
    {
        type            empty;
    }
    inlet
    {
        type            calculated;
        value           nonuniform List<scalar> 
30
(
-8837.1578
-9057.8836
-9302.552
-9675.2304
-10267.223
-11148.429
-12315.487
-13598.92
-14824.36
-15960.067
-17044.129
-18109.343
-19168.124
-20188.771
-21135.583
-21984.068
-22688.439
-23281.196
-23845.781
-24396.226
-24877.978
-25227.038
-25502.769
-26088.277
-27673.07
-30062.177
-29841.297
-20738.125
-2994.8128
1301.8882
)
;
    }
    walls
    {
        type            calculated;
        value           nonuniform List<scalar> 
70
(
-7862.7586
-7917.762
-7706.2928
-7327.64
-6937.0881
-6496.9528
-6076.9288
-5620.1827
-5199.7591
-4745.8644
-4345.9489
-3895.6201
-3530.2096
-3091.7241
-2770.7383
-2363.8241
-2117.4051
-1741.7101
-1557.2054
-1223.8906
-1075.3522
-717.0831
-600.22171
-189.08015
-89.592408
183.10857
538.03326
339.08431
923.51808
424.32146
1011.4208
486.69444
801.6564
322.71726
353.72952
169.89597
127.12335
76.758874
67.786165
38.80807
58.352137
21.007109
64.295951
18.188803
70.307833
20.347741
74.002399
23.136528
75.431788
25.208578
75.093052
26.253605
73.721617
26.695449
71.119334
4.7571031
80.547424
8.7242836
66.118286
12.011726
50.550581
14.491943
35.0704
15.491845
21.194947
13.904517
10.645472
7.3924615
3.9478102
0.65524096
)
;
    }
    atmosphere
    {
        type            calculated;
        value           nonuniform List<scalar> 
175
(
-0.78143696
-0.93828329
-0.94464205
-0.95251612
-0.95854296
-0.96539019
-0.97172884
-0.97776586
-0.98299819
-0.98723649
-0.98980234
-0.99132085
-0.98997252
-0.98757162
-0.9819011
-0.97486445
-0.96485413
-0.95314411
-0.93900963
-0.9230099
-0.90501238
-0.88521494
-0.86369964
-0.84052982
-0.81584068
-0.78968609
-0.76215596
-0.73334045
-0.70341934
-0.67246117
-0.64071394
-0.60841907
-0.57576545
-0.54317661
-0.51083996
-0.47919195
-0.4484472
-0.41896473
-0.39099494
-0.3647249
-0.34033242
-0.31794127
-0.29755594
-0.27923898
-0.26289103
-0.24840132
-0.23561903
-0.22436598
-0.21434329
-0.20538672
-0.19707592
-0.18929108
-0.18154038
-0.17372051
-0.16547162
-0.156663
-0.14716088
-0.1368602
-0.12587206
-0.11414095
-0.10202027
-0.089544855
-0.077119154
-0.064939006
-0.053341785
-0.042553684
-0.032816103
-0.024284414
-0.01708386
-0.011246891
-0.0067680623
-0.003564217
-0.0015013831
-0.00039915769
-2.2422195e-05
-0.15366536
-0.12619936
-0.10074283
-0.080455236
-0.062559383
-0.047986789
-0.035722813
-0.025804422
-0.017811047
-0.011621301
-0.0069244901
-0.0037076748
-0.0014862886
-0.0004639875
-7.7364906e-06
-1.6738385
-1.0660909
-0.88510631
-0.66290562
-0.58510748
-0.48896545
-0.43764731
-0.38741623
-0.34903405
-0.31462837
-0.28406935
-0.25655568
-0.23102247
-0.20866866
-0.18666093
0
0
0
0
0
-85.330304
-295.9675
-427.28012
-694.77337
-934.20076
-1052.9909
-1163.5348
-1225.2572
-1195.8342
-1074.7103
-910.90159
-809.43224
-883.28388
-995.16295
-751.24293
-360.74814
-148.54166
-19.771728
-98.792583
-260.91287
-188.01765
-106.55553
-27.942499
0
-31.048866
-103.78418
-26.806308
-20.152595
-14.32872
-9.8623771
-6.842301
-5.0655672
-3.6097643
-2.8087131
-2.1181292
0
0
0
0
0
0
0
0
0
0
0
0
0
0
0
0
0
0
0
0
0
0
0
0
0
0
0
0
0
0
)
;
    }
    front
    {
        type            wedge;
    }
    back
    {
        type            wedge;
    }
}


// ************************************************************************* //
