/*--------------------------------*- C++ -*----------------------------------*\
| =========                 |                                                 |
| \\      /  F ield         | OpenFOAM: The Open Source CFD Toolbox           |
|  \\    /   O peration     | Version:  2.3.0                                 |
|   \\  /    A nd           | Web:      www.OpenFOAM.org                      |
|    \\/     M anipulation  |                                                 |
\*---------------------------------------------------------------------------*/
FoamFile
{
    version     2.0;
    format      ascii;
    class       surfaceScalarField;
    location    "3";
    object      phi;
}
// * * * * * * * * * * * * * * * * * * * * * * * * * * * * * * * * * * * * * //

dimensions      [0 3 -1 0 0 0 0];

internalField   nonuniform List<scalar> 
4432
(
1.22855e-06
-1.22855e-06
2.63657e-06
-1.40804e-06
3.82253e-06
-1.18596e-06
4.74987e-06
-9.27332e-07
5.46781e-06
-7.1794e-07
6.01715e-06
-5.49352e-07
6.42789e-06
-4.10762e-07
6.72254e-06
-2.94638e-07
6.91789e-06
-1.95347e-07
7.02796e-06
-1.10106e-07
7.0666e-06
-3.86198e-08
7.04779e-06
1.8805e-08
6.98791e-06
5.98706e-08
6.91258e-06
7.53209e-08
6.85949e-06
5.30852e-08
6.85671e-06
2.76882e-09
6.62224e-06
2.34461e-07
6.02399e-06
5.98269e-07
5.19421e-06
8.29774e-07
4.29733e-06
8.96875e-07
3.18761e-06
1.10972e-06
1.68314e-06
1.50446e-06
1.68315e-06
1.33019e-06
-2.55874e-06
2.50662e-06
-2.58447e-06
3.51592e-06
-2.19527e-06
4.36567e-06
-1.77708e-06
5.05413e-06
-1.40641e-06
5.59548e-06
-1.09069e-06
6.00915e-06
-8.24458e-07
6.31333e-06
-5.9883e-07
6.52272e-06
-4.04721e-07
6.64885e-06
-2.36257e-07
6.70116e-06
-9.09318e-08
6.68707e-06
3.28848e-08
6.61385e-06
1.33081e-07
6.48855e-06
2.00614e-07
6.31771e-06
2.23919e-07
6.0882e-06
2.32282e-07
5.77775e-06
5.44897e-07
5.30743e-06
1.0686e-06
4.71298e-06
1.4242e-06
3.94297e-06
1.66686e-06
3.00908e-06
2.04362e-06
1.88558e-06
2.628e-06
3.56873e-06
1.33886e-06
-3.8976e-06
2.4069e-06
-3.65252e-06
3.32556e-06
-3.11394e-06
4.12298e-06
-2.5745e-06
4.78705e-06
-2.07049e-06
5.32032e-06
-1.62394e-06
5.73466e-06
-1.23882e-06
6.04375e-06
-9.07926e-07
6.25908e-06
-6.20034e-07
6.38889e-06
-3.6608e-07
6.43889e-06
-1.40919e-07
6.41228e-06
5.95049e-08
6.31087e-06
2.34495e-07
6.13402e-06
3.77436e-07
5.87579e-06
4.82138e-07
5.51574e-06
5.92327e-07
5.11998e-06
9.4063e-07
4.68525e-06
1.50332e-06
4.14208e-06
1.96737e-06
3.48378e-06
2.32516e-06
2.70219e-06
2.82522e-06
1.74912e-06
3.58108e-06
5.31785e-06
1.26971e-06
-5.16731e-06
2.30213e-06
-4.68496e-06
3.19102e-06
-4.00283e-06
3.96813e-06
-3.3516e-06
4.62425e-06
-2.72661e-06
5.15867e-06
-2.15835e-06
5.57898e-06
-1.65913e-06
5.89505e-06
-1.22397e-06
6.11491e-06
-8.39896e-07
6.24352e-06
-4.94705e-07
6.28345e-06
-1.80859e-07
6.23506e-06
1.07886e-07
6.0969e-06
3.72632e-07
5.86525e-06
6.09074e-07
5.53343e-06
8.13966e-07
5.09899e-06
1.02678e-06
4.62878e-06
1.41083e-06
4.17229e-06
1.9598e-06
3.66079e-06
2.47887e-06
3.05688e-06
2.92908e-06
2.37231e-06
3.50978e-06
1.51423e-06
4.43915e-06
6.83207e-06
1.18113e-06
-6.34845e-06
2.21042e-06
-5.71425e-06
3.10664e-06
-4.89904e-06
3.89026e-06
-4.13522e-06
4.55579e-06
-3.39213e-06
5.10281e-06
-2.70536e-06
5.53658e-06
-2.09292e-06
5.86357e-06
-1.55097e-06
6.08829e-06
-1.06462e-06
6.21231e-06
-6.1873e-07
6.23555e-06
-2.04112e-07
6.15664e-06
1.86793e-07
5.9732e-06
5.56073e-07
5.682e-06
9.00285e-07
5.28184e-06
1.21414e-06
4.78592e-06
1.52272e-06
4.25877e-06
1.93798e-06
3.75077e-06
2.46781e-06
3.23107e-06
2.99857e-06
2.647e-06
3.51314e-06
1.99131e-06
4.16545e-06
1.2143e-06
5.21618e-06
8.04636e-06
1.10994e-06
-7.4584e-06
2.15514e-06
-6.75943e-06
3.08e-06
-5.82388e-06
3.89007e-06
-4.94529e-06
4.58072e-06
-4.08279e-06
5.15211e-06
-3.27676e-06
5.60761e-06
-2.54841e-06
5.95029e-06
-1.89366e-06
6.18086e-06
-1.29518e-06
6.29743e-06
-7.35288e-07
6.29776e-06
-2.04442e-07
6.17996e-06
3.04594e-07
5.94277e-06
7.9327e-07
5.58581e-06
1.25726e-06
5.11531e-06
1.68463e-06
4.55635e-06
2.08168e-06
3.97217e-06
2.52215e-06
3.41168e-06
3.02831e-06
2.85702e-06
3.55324e-06
2.26524e-06
4.10492e-06
1.62247e-06
4.80822e-06
8.97336e-07
5.94132e-06
8.94369e-06
1.07486e-06
-8.53325e-06
2.14725e-06
-7.83181e-06
3.11177e-06
-6.78841e-06
3.96227e-06
-5.79579e-06
4.69124e-06
-4.81175e-06
5.29809e-06
-3.88361e-06
5.78373e-06
-3.03402e-06
6.1473e-06
-2.25722e-06
6.38531e-06
-1.53318e-06
6.49226e-06
-8.42254e-07
6.46433e-06
-1.76517e-07
6.30039e-06
4.68527e-07
6.00205e-06
1.0916e-06
5.57331e-06
1.68599e-06
5.02801e-06
2.22992e-06
4.40136e-06
2.70833e-06
3.75647e-06
3.16704e-06
3.14122e-06
3.64356e-06
2.54856e-06
4.14591e-06
1.94738e-06
4.7061e-06
1.32294e-06
5.43266e-06
6.20509e-07
6.64376e-06
9.56421e-06
1.07337e-06
-9.60661e-06
2.17846e-06
-8.93689e-06
3.18791e-06
-7.79784e-06
4.08638e-06
-6.69427e-06
4.86281e-06
-5.58817e-06
5.51414e-06
-4.53496e-06
6.0376e-06
-3.55749e-06
6.42742e-06
-2.64706e-06
6.67541e-06
-1.78116e-06
6.77227e-06
-9.39126e-07
6.71307e-06
-1.17315e-07
6.49862e-06
6.8298e-07
6.13481e-06
1.45542e-06
5.63101e-06
2.18979e-06
5.00831e-06
2.85261e-06
4.31074e-06
3.40591e-06
3.60364e-06
3.87414e-06
2.93662e-06
4.31058e-06
2.31283e-06
4.76969e-06
1.71697e-06
5.30196e-06
1.14998e-06
5.99966e-06
6.14408e-07
7.17933e-06
1.01786e-05
-2.97808e-06
2.97808e-06
-1.50279e-06
-1.47529e-06
3.00085e-07
-1.80286e-06
1.51272e-06
-1.21265e-06
2.13702e-06
-6.24292e-07
2.17449e-06
-3.74598e-08
2.07547e-06
9.90112e-08
1.90044e-06
1.7505e-07
-3.56614e-07
2.25704e-06
-3.36477e-06
3.00816e-06
-4.25274e-06
8.87965e-07
-5.37675e-06
1.12401e-06
-7.807e-06
2.43025e-06
-1.03829e-05
2.57588e-06
-1.12573e-05
8.74375e-07
-9.69414e-06
-1.56313e-06
-6.4567e-06
-3.23744e-06
-2.63812e-06
-3.81859e-06
-2.6381e-06
-1.56978e-06
4.54787e-06
-6.9197e-07
-2.35312e-06
7.2557e-08
-2.56737e-06
5.75051e-07
-1.71514e-06
7.36774e-07
-7.86021e-07
5.28177e-07
1.71157e-07
7.08347e-08
5.56342e-07
-6.27654e-07
8.73554e-07
-1.67359e-06
3.30297e-06
-2.9856e-06
4.32017e-06
-4.01813e-06
1.92049e-06
-5.15873e-06
2.2646e-06
-6.82285e-06
4.09439e-06
-8.32194e-06
4.07496e-06
-8.79921e-06
1.35163e-06
-8.05001e-06
-2.31233e-06
-6.19274e-06
-5.09469e-06
-3.46081e-06
-6.55057e-06
-6.09888e-06
-3.8047e-07
4.92836e-06
-3.21881e-07
-2.41171e-06
-1.9968e-07
-2.68957e-06
-1.47594e-07
-1.76721e-06
-2.82196e-07
-6.51427e-07
-6.85514e-07
5.74486e-07
-1.25508e-06
1.1259e-06
-2.01393e-06
1.6324e-06
-2.55033e-06
3.83936e-06
-3.01011e-06
4.77995e-06
-3.746e-06
2.65637e-06
-4.42047e-06
2.93906e-06
-5.28438e-06
4.95829e-06
-6.16697e-06
4.95755e-06
-6.66195e-06
1.84661e-06
-6.344e-06
-2.63028e-06
-5.16883e-06
-6.26984e-06
-3.26902e-06
-8.45039e-06
-9.36788e-06
3.16762e-07
4.6116e-06
-1.69236e-07
-1.92571e-06
-5.50851e-07
-2.30796e-06
-8.32714e-07
-1.48535e-06
-1.18086e-06
-3.03287e-07
-1.72454e-06
1.11817e-06
-2.34915e-06
1.7505e-06
-2.96816e-06
2.25141e-06
-3.2418e-06
4.11299e-06
-3.30399e-06
4.84215e-06
-3.62286e-06
2.97524e-06
-3.841e-06
3.15719e-06
-4.10202e-06
5.21933e-06
-4.4479e-06
5.30344e-06
-4.77006e-06
2.16877e-06
-4.57998e-06
-2.82035e-06
-3.76529e-06
-7.08453e-06
-2.48927e-06
-9.72642e-06
-1.18571e-05
5.67769e-07
4.04384e-06
-2.50393e-07
-1.10753e-06
-9.99197e-07
-1.55917e-06
-1.52471e-06
-9.59831e-07
-2.02673e-06
1.9872e-07
-2.6658e-06
1.75725e-06
-3.30454e-06
2.38924e-06
-3.77924e-06
2.72611e-06
-3.87341e-06
4.20716e-06
-3.67585e-06
4.64459e-06
-3.60249e-06
2.90189e-06
-3.39015e-06
2.94484e-06
-3.14515e-06
4.97433e-06
-2.93423e-06
5.09252e-06
-2.94196e-06
2.17651e-06
-2.78572e-06
-2.9766e-06
-2.2028e-06
-7.66744e-06
-1.45626e-06
-1.0473e-05
-1.33134e-05
5.2943e-07
3.5144e-06
-5.83639e-07
5.55172e-09
-1.54048e-06
-6.02333e-07
-2.2243e-06
-2.76005e-07
-2.83006e-06
8.04473e-07
-3.52778e-06
2.45498e-06
-4.18522e-06
3.04668e-06
-4.5438e-06
3.0847e-06
-4.43403e-06
4.0974e-06
-3.98199e-06
4.19255e-06
-3.60468e-06
2.52458e-06
-3.04177e-06
2.38193e-06
-2.37641e-06
4.30896e-06
-1.67268e-06
4.38879e-06
-1.25794e-06
1.76177e-06
-1.01092e-06
-3.22362e-06
-6.6099e-07
-8.01736e-06
-3.45816e-07
-1.07882e-05
-1.36592e-05
5.07208e-08
3.46367e-06
-1.11239e-06
1.16867e-06
-2.14303e-06
4.28303e-07
-2.9156e-06
4.9657e-07
-3.56989e-06
1.45877e-06
-4.2943e-06
3.17938e-06
-4.95398e-06
3.70637e-06
-5.19566e-06
3.32638e-06
-4.80972e-06
3.71146e-06
-4.14207e-06
3.52491e-06
-3.5762e-06
1.95871e-06
-2.84005e-06
1.64579e-06
-1.78843e-06
3.25734e-06
-6.94152e-07
3.29452e-06
1.18894e-07
9.48718e-07
6.05759e-07
-3.71049e-06
7.14342e-07
-8.12594e-06
6.51987e-07
-1.07258e-05
-1.30072e-05
-6.63085e-07
4.12674e-06
-1.70651e-06
2.21209e-06
-2.75306e-06
1.47486e-06
-3.58232e-06
1.32582e-06
-4.23271e-06
2.10915e-06
-4.92477e-06
3.87145e-06
-5.50657e-06
4.28817e-06
-5.60536e-06
3.42517e-06
-5.01898e-06
3.12509e-06
-4.1621e-06
2.66802e-06
-3.47783e-06
1.27444e-06
-2.66612e-06
8.34073e-07
-1.32455e-06
1.91577e-06
6.06829e-08
1.90929e-06
1.23724e-06
-2.27837e-07
1.85242e-06
-4.32566e-06
1.7972e-06
-8.07072e-06
1.43203e-06
-1.03606e-05
-1.15752e-05
2.22831e-06
-1.18349e-05
4.7157e-06
-1.14243e-05
7.05162e-06
-1.01338e-05
9.1382e-06
-8.78083e-06
1.09595e-05
-7.40951e-06
1.25081e-05
-6.08352e-06
1.37617e-05
-4.81111e-06
1.46891e-05
-3.57448e-06
1.52574e-05
-2.34938e-06
1.54336e-05
-1.11538e-06
1.52032e-05
1.13163e-07
1.4578e-05
1.30814e-06
1.35892e-05
2.44428e-06
1.22756e-05
3.50337e-06
1.07023e-05
4.42583e-06
8.98999e-06
5.11826e-06
7.292e-06
5.57213e-06
5.73081e-06
5.87177e-06
4.34373e-06
6.15678e-06
3.16033e-06
6.48537e-06
2.34396e-06
6.81604e-06
2.42081e-06
7.10249e-06
7.09364e-06
5.5058e-06
1.91822e-06
-1.37531e-05
4.45581e-06
-1.39619e-05
6.93594e-06
-1.26139e-05
9.2013e-06
-1.10462e-05
1.12114e-05
-9.41957e-06
1.29478e-05
-7.81996e-06
1.43649e-05
-6.22826e-06
1.54137e-05
-4.62325e-06
1.60462e-05
-2.98182e-06
1.62187e-05
-1.28797e-06
1.59153e-05
4.16627e-07
1.51116e-05
2.11185e-06
1.38902e-05
3.66567e-06
1.23284e-05
5.06517e-06
1.05231e-05
6.23104e-06
8.61454e-06
7.02687e-06
6.75296e-06
7.43371e-06
5.08737e-06
7.53736e-06
3.72231e-06
7.52184e-06
2.6973e-06
7.51038e-06
2.08219e-06
7.43115e-06
1.95355e-06
7.23113e-06
6.95521e-06
2.09198e-06
1.86029e-06
-1.56134e-05
3.70979e-06
-1.58114e-05
5.98438e-06
-1.48885e-05
8.32045e-06
-1.33823e-05
1.04706e-05
-1.15697e-05
1.2349e-05
-9.69835e-06
1.38942e-05
-7.77344e-06
1.50567e-05
-5.7857e-06
1.5811e-05
-3.73617e-06
1.60655e-05
-1.5425e-06
1.59419e-05
5.40276e-07
1.52216e-05
2.83209e-06
1.38162e-05
5.07104e-06
1.20634e-05
6.81795e-06
1.02133e-05
8.08115e-06
8.32131e-06
8.91885e-06
6.36995e-06
9.38507e-06
4.50575e-06
9.40156e-06
3.00014e-06
9.02746e-06
2.18702e-06
8.3235e-06
2.00471e-06
7.61347e-06
2.11225e-06
7.12359e-06
7.06339e-06
2.00408e-06
3.21608e-06
-1.88295e-05
2.00461e-06
-1.45998e-05
3.42878e-06
-1.63126e-05
6.08334e-06
-1.60368e-05
8.70622e-06
-1.41927e-05
1.07541e-05
-1.17462e-05
1.22901e-05
-9.30948e-06
1.34919e-05
-6.98747e-06
1.44597e-05
-4.70399e-06
1.4828e-05
-1.91075e-06
1.53575e-05
1.08177e-08
1.54769e-05
2.71258e-06
1.2947e-05
7.60097e-06
1.07323e-05
9.03261e-06
9.45118e-06
9.3623e-06
8.47614e-06
9.89389e-06
6.64075e-06
1.12204e-05
4.02173e-06
1.20205e-05
1.01646e-06
1.20327e-05
4.79385e-07
8.86055e-06
1.95419e-06
6.13868e-06
3.94009e-06
5.13774e-06
5.14336e-06
5.86016e-06
9.90565e-06
-2.87351e-05
3.11156e-07
-5.00585e-06
-3.04466e-06
-1.29571e-05
5.8165e-07
-1.9663e-05
4.57537e-06
-1.81865e-05
6.17637e-06
-1.33472e-05
6.28423e-06
-9.41727e-06
6.85756e-06
-7.56096e-06
8.32549e-06
-6.17188e-06
1.12415e-05
-4.82677e-06
1.32058e-05
-1.95351e-06
1.41272e-05
1.79118e-06
1.13958e-05
1.03324e-05
8.97406e-06
1.14543e-05
9.78815e-06
8.54815e-06
1.13714e-05
8.31064e-06
8.87412e-06
1.37177e-05
3.00296e-06
1.78916e-05
-2.82441e-06
1.78601e-05
-2.87158e-07
6.32341e-06
3.81167e-06
2.03979e-06
7.23721e-06
1.71219e-06
1.10063e-06
1.128e-05
-5.94453e-08
-2.86755e-05
-4.28401e-06
-7.8068e-07
-6.67318e-06
-1.0568e-05
-3.22618e-06
-2.311e-05
1.11352e-06
-2.2526e-05
2.86708e-06
-1.51008e-05
2.81276e-06
-9.36302e-06
2.47503e-06
-7.22339e-06
1.909e-06
-5.60596e-06
1.90471e-06
-4.82263e-06
1.41569e-06
-1.46457e-06
4.52816e-07
2.754e-06
3.52874e-06
7.25636e-06
5.28434e-06
9.69854e-06
6.50613e-06
7.32631e-06
7.99332e-06
6.82338e-06
9.68214e-06
1.20287e-05
7.75539e-06
1.98183e-05
6.01951e-06
1.95959e-05
6.25173e-06
6.09134e-06
6.32387e-06
1.96773e-06
3.9013e-06
4.13471e-06
2.21731e-06
2.78444e-06
-6.37361e-06
-2.23021e-05
-7.31014e-07
-6.42359e-06
1.44319e-06
-1.27427e-05
2.60521e-07
-2.1927e-05
1.75637e-06
-2.40226e-05
1.46627e-06
-1.48105e-05
1.41948e-08
-7.91099e-06
-2.05678e-06
-5.15224e-06
-5.40013e-06
-2.26246e-06
-1.01641e-05
-5.87059e-08
-1.11783e-05
-4.5036e-07
-7.48272e-06
-9.41634e-07
-2.70338e-06
2.47695e-06
5.87417e-07
6.40775e-06
1.80466e-06
6.10907e-06
3.39096e-06
5.23703e-06
6.95099e-06
8.46861e-06
9.9695e-06
1.67999e-05
1.21427e-05
1.74228e-05
1.09125e-05
7.32155e-06
7.96564e-06
4.91473e-06
1.50981e-06
1.05907e-05
7.72042e-06
-3.99324e-06
-8.98395e-06
-1.33179e-05
-5.53483e-06
-9.87273e-06
7.86436e-07
-1.90639e-05
4.36626e-06
-2.55063e-05
2.39999e-06
-2.20568e-05
-1.04771e-06
-1.13631e-05
-4.8621e-06
-4.09702e-06
-9.15417e-06
-8.60391e-07
-1.28444e-05
1.42733e-06
-1.52499e-05
2.34663e-06
-1.44201e-05
-1.28019e-06
-1.10456e-05
-4.31627e-06
-7.08202e-06
-1.48671e-06
-4.08745e-06
3.41315e-06
-2.68862e-06
4.71027e-06
-1.3098e-06
3.85817e-06
1.2588e-06
5.89993e-06
6.1486e-06
1.19101e-05
1.04203e-05
1.31511e-05
7.2743e-06
1.04675e-05
2.0389e-06
1.015e-05
-5.23184e-07
1.31527e-05
1.09861e-05
-3.78858e-06
-1.64583e-05
3.14053e-06
-1.27437e-05
-1.35872e-05
-8.47611e-06
-2.33317e-05
-7.06374e-06
-2.6919e-05
-7.52834e-06
-2.1592e-05
-1.07977e-05
-8.0937e-06
-1.41318e-05
-7.62874e-07
-1.66849e-05
1.69242e-06
-1.76963e-05
2.43842e-06
-1.65303e-05
1.18056e-06
-1.54092e-05
-2.40143e-06
-1.50695e-05
-4.65622e-06
-1.33034e-05
-3.25288e-06
-1.01519e-05
2.6164e-07
-8.00972e-06
2.56824e-06
-7.63206e-06
3.48046e-06
-7.30988e-06
5.57762e-06
-4.48948e-06
9.08978e-06
-2.52749e-06
1.11894e-05
-3.14418e-06
1.10847e-05
-4.83314e-06
1.18393e-05
-4.65232e-06
1.29718e-05
1.08879e-05
-4.55412e-06
-1.76579e-05
2.07985e-05
-1.68273e-05
-1.44177e-05
-1.51468e-05
-2.50124e-05
-1.74506e-05
-2.46158e-05
-2.13079e-05
-1.77345e-05
-2.37975e-05
-5.60459e-06
-2.46045e-05
4.40022e-08
-2.47386e-05
1.82646e-06
-2.38809e-05
1.58069e-06
-2.24624e-05
-2.38031e-07
-2.20596e-05
-2.80444e-06
-2.17856e-05
-4.93031e-06
-2.05062e-05
-4.53217e-06
-1.84802e-05
-1.76431e-06
-1.73534e-05
1.4415e-06
-1.71003e-05
3.22739e-06
-1.65415e-05
5.01879e-06
-1.47184e-05
7.26666e-06
-1.25144e-05
8.98547e-06
-1.14457e-05
1.0016e-05
-1.06837e-05
1.10777e-05
-9.16056e-06
1.14491e-05
9.66395e-06
-7.93633e-06
-1.29287e-05
3.37272e-05
-1.66172e-05
-1.07291e-05
-1.98797e-05
-2.17495e-05
-2.6071e-05
-1.84241e-05
-3.25449e-05
-1.12607e-05
-3.39169e-05
-4.23269e-06
-3.25193e-05
-1.35351e-06
-3.064e-05
-5.27047e-08
-2.85475e-05
-5.11936e-07
-2.68064e-05
-1.97928e-06
-2.64735e-05
-3.13746e-06
-2.66625e-05
-4.74106e-06
-2.62659e-05
-4.92847e-06
-2.51631e-05
-2.86689e-06
-2.41837e-05
4.62015e-07
-2.3496e-05
2.53952e-06
-2.25961e-05
4.11918e-06
-2.08989e-05
5.56963e-06
-1.88727e-05
6.95973e-06
-1.6956e-05
8.0994e-06
-1.50456e-05
9.16727e-06
-1.29719e-05
9.3755e-06
7.95043e-06
-1.12581e-05
-6.81629e-06
4.05432e-05
-1.54844e-05
-2.06124e-06
-2.55929e-05
-1.16407e-05
-3.28828e-05
-1.11346e-05
-3.66719e-05
-7.47164e-06
-3.70083e-05
-3.89607e-06
-3.55934e-05
-2.76831e-06
-3.35252e-05
-2.12086e-06
-3.15557e-05
-2.48155e-06
-3.02257e-05
-3.30927e-06
-2.9669e-05
-3.6941e-06
-2.96816e-05
-4.72822e-06
-2.96685e-05
-4.94149e-06
-2.92648e-05
-3.27058e-06
-2.81578e-05
-6.451e-07
-2.69801e-05
1.3617e-06
-2.5714e-05
2.85316e-06
-2.41621e-05
4.01786e-06
-2.22622e-05
5.06008e-06
-2.01957e-05
6.03296e-06
-1.79083e-05
6.87984e-06
-1.56831e-05
7.15019e-06
6.06348e-06
-1.37962e-05
-6.0256e-06
4.65692e-05
-1.78036e-05
9.71718e-06
-2.73673e-05
-2.07719e-06
-3.33863e-05
-5.11558e-06
-3.60379e-05
-4.81977e-06
-3.60976e-05
-3.83635e-06
-3.53764e-05
-3.48959e-06
-3.40295e-05
-3.46777e-06
-3.27202e-05
-3.79091e-06
-3.17973e-05
-4.23207e-06
-3.09115e-05
-4.57972e-06
-3.06177e-05
-5.02173e-06
-3.06686e-05
-4.89064e-06
-3.03045e-05
-3.63484e-06
-2.92466e-05
-1.70313e-06
-2.79449e-05
6.01554e-08
-2.6554e-05
1.46254e-06
-2.50645e-05
2.52866e-06
-2.33742e-05
3.36992e-06
-2.14833e-05
4.14209e-06
-1.93427e-05
4.73942e-06
-1.71543e-05
4.962e-06
4.18124e-06
-1.52719e-05
-6.19989e-06
5.27694e-05
-1.67124e-05
2.023e-05
-2.50088e-05
6.21918e-06
-3.01308e-05
6.51739e-09
-3.25316e-05
-2.419e-06
-3.30717e-05
-3.29632e-06
-3.2735e-05
-3.82633e-06
-3.19786e-05
-4.22405e-06
-3.11514e-05
-4.61799e-06
-3.04203e-05
-4.96309e-06
-2.98171e-05
-5.18281e-06
-2.9523e-05
-5.3159e-06
-2.93961e-05
-5.01762e-06
-2.90078e-05
-4.02295e-06
-2.81491e-05
-2.56172e-06
-2.69834e-05
-1.10533e-06
-2.56602e-05
1.39412e-07
-2.42546e-05
1.12305e-06
-2.27767e-05
1.89185e-06
-2.11316e-05
2.49692e-06
-1.93131e-05
2.92099e-06
-1.73464e-05
2.99525e-06
2.42398e-06
-1.5589e-05
-4.61752e-06
5.73873e-05
-1.33597e-05
2.8972e-05
-2.02342e-05
1.30937e-05
-2.47174e-05
4.48971e-06
-2.71203e-05
-1.62215e-08
-2.80686e-05
-2.34803e-06
-2.82227e-05
-3.67215e-06
-2.79728e-05
-4.47391e-06
-2.75844e-05
-5.00639e-06
-2.71971e-05
-5.3503e-06
-2.68698e-05
-5.51007e-06
-2.66889e-05
-5.49703e-06
-2.65581e-05
-5.1486e-06
-2.62327e-05
-4.3484e-06
-2.55697e-05
-3.22471e-06
-2.46283e-05
-2.0465e-06
-2.35084e-05
-9.80411e-07
-2.22829e-05
-1.02396e-07
-2.09736e-05
5.82442e-07
-1.95635e-05
1.08678e-06
-1.80256e-05
1.38312e-06
-1.6396e-05
1.36572e-06
8.96448e-07
-1.48685e-05
-1.51497e-06
5.89021e-05
-8.403e-06
3.58596e-05
-1.40449e-05
1.87356e-05
-1.80221e-05
8.46659e-06
-2.04727e-05
2.43449e-06
-2.17944e-05
-1.02609e-06
-2.2428e-05
-3.0386e-06
-2.26711e-05
-4.23092e-06
-2.27283e-05
-4.94939e-06
-2.27184e-05
-5.36025e-06
-2.2697e-05
-5.5316e-06
-2.27061e-05
-5.48807e-06
-2.26852e-05
-5.16939e-06
-2.24957e-05
-4.53771e-06
-2.20459e-05
-3.67437e-06
-2.13536e-05
-2.73865e-06
-2.04776e-05
-1.85635e-06
-1.94761e-05
-1.10382e-06
-1.83804e-05
-5.13342e-07
-1.71947e-05
-9.89638e-08
-1.59192e-05
1.07676e-07
-1.45986e-05
4.51484e-08
-3.51768e-07
-1.33504e-05
3.38812e-06
5.55134e-05
-1.93201e-06
4.11798e-05
-6.8987e-06
2.3702e-05
-1.05995e-05
1.21672e-05
-1.3169e-05
5.00404e-06
-1.48612e-05
6.65873e-07
-1.5959e-05
-1.94104e-06
-1.668e-05
-3.51034e-06
-1.71781e-05
-4.45149e-06
-1.75493e-05
-4.98919e-06
-1.78438e-05
-5.23729e-06
-1.80849e-05
-5.24694e-06
-1.82377e-05
-5.01628e-06
-1.82259e-05
-4.54907e-06
-1.79952e-05
-3.90491e-06
-1.75484e-05
-3.18534e-06
-1.69212e-05
-2.48379e-06
-1.61565e-05
-1.86866e-06
-1.52877e-05
-1.38225e-06
-1.4334e-05
-1.05268e-06
-1.33152e-05
-9.10992e-07
-1.22746e-05
-9.95481e-07
-1.33343e-06
-1.12929e-05
7.18861e-06
4.83248e-05
4.53429e-06
4.38342e-05
4.64239e-07
2.77715e-05
-3.06335e-06
1.56948e-05
-5.80455e-06
7.74498e-06
-7.85331e-06
2.71424e-06
-9.38158e-06
-4.13091e-07
-1.05405e-05
-2.35165e-06
-1.14455e-05
-3.54654e-06
-1.21733e-05
-4.26154e-06
-1.27675e-05
-4.64303e-06
-1.32468e-05
-4.76759e-06
-1.35948e-05
-4.66802e-06
-1.37728e-05
-4.37095e-06
-1.37514e-05
-3.92634e-06
-1.35316e-05
-3.40534e-06
-1.31371e-05
-2.87862e-06
-1.26011e-05
-2.40479e-06
-1.19558e-05
-2.02747e-06
-1.12287e-05
-1.77964e-06
-1.04493e-05
-1.69029e-06
-9.65945e-06
-1.78528e-06
-2.07394e-06
-8.91899e-06
9.07748e-06
3.92476e-05
9.73397e-06
4.31773e-05
6.93776e-06
3.05675e-05
3.75412e-06
1.88785e-05
9.56284e-07
1.05424e-05
-1.34693e-06
5.01719e-06
-3.20959e-06
1.44952e-06
-4.72093e-06
-8.40256e-07
-5.95976e-06
-2.30765e-06
-6.98527e-06
-3.23604e-06
-7.83484e-06
-3.7935e-06
-8.52658e-06
-4.07588e-06
-9.05743e-06
-4.13718e-06
-9.41105e-06
-4.01745e-06
-9.57498e-06
-3.76265e-06
-9.55275e-06
-3.42778e-06
-9.36298e-06
-3.06848e-06
-9.03321e-06
-2.73448e-06
-8.59376e-06
-2.46674e-06
-8.07504e-06
-2.29817e-06
-7.5099e-06
-2.25533e-06
-6.9381e-06
-2.35708e-06
-2.60494e-06
-6.40718e-06
8.7041e-06
3.05434e-05
1.20597e-05
3.98211e-05
1.11997e-05
3.14276e-05
8.91594e-06
2.11621e-05
6.42213e-06
1.30359e-05
4.12077e-06
7.31844e-06
2.11341e-06
3.45687e-06
3.97851e-07
8.7529e-07
-1.05786e-06
-8.51984e-07
-2.2886e-06
-2.00533e-06
-3.32199e-06
-2.76014e-06
-4.17444e-06
-3.22345e-06
-4.85017e-06
-3.46149e-06
-5.34569e-06
-3.52204e-06
-5.65903e-06
-3.44943e-06
-5.79705e-06
-3.28978e-06
-5.77648e-06
-3.08895e-06
-5.62138e-06
-2.88939e-06
-5.35981e-06
-2.72809e-06
-5.02199e-06
-2.63585e-06
-4.64061e-06
-2.63666e-06
-4.25213e-06
-2.74558e-06
-2.96124e-06
-3.89586e-06
6.77547e-06
2.37674e-05
1.16186e-05
3.4978e-05
1.27816e-05
3.02646e-05
1.18627e-05
2.20807e-05
1.01119e-05
1.47865e-05
8.15615e-06
9.27417e-06
6.2668e-06
5.34613e-06
4.5475e-06
2.59444e-06
3.02859e-06
6.66809e-07
1.71059e-06
-6.87353e-07
5.84251e-07
-1.63377e-06
-3.59534e-07
-2.27965e-06
-1.12576e-06
-2.69528e-06
-1.71656e-06
-2.93129e-06
-2.13551e-06
-3.03052e-06
-2.39156e-06
-3.03368e-06
-2.50033e-06
-2.98002e-06
-2.48325e-06
-2.90628e-06
-2.36581e-06
-2.84539e-06
-2.17622e-06
-2.82537e-06
-1.94493e-06
-2.86791e-06
-1.70452e-06
-2.98597e-06
-3.1777e-06
-1.488e-06
4.56659e-06
1.92006e-05
9.70602e-06
2.98389e-05
1.23361e-05
2.76344e-05
1.27998e-05
2.16169e-05
1.20218e-05
1.55645e-05
1.06723e-05
1.06237e-05
9.13481e-06
6.88365e-06
7.60653e-06
4.12265e-06
6.18176e-06
2.09153e-06
4.9016e-06
5.92838e-07
3.78106e-06
-5.13202e-07
2.82373e-06
-1.32234e-06
2.02923e-06
-1.90083e-06
1.39556e-06
-2.29767e-06
9.18066e-07
-2.55301e-06
5.8775e-07
-2.70326e-06
3.90549e-07
-2.78267e-06
3.07695e-07
-2.82331e-06
3.16722e-07
-2.85436e-06
3.92436e-07
-2.90107e-06
5.07689e-07
-2.98316e-06
6.34155e-07
-3.11239e-06
-3.28752e-06
7.44097e-07
2.95977e-06
1.62412e-05
7.65429e-06
2.51447e-05
1.09614e-05
2.43274e-05
1.24338e-05
2.01446e-05
1.25588e-05
1.54398e-05
1.18893e-05
1.12934e-05
1.08267e-05
7.94632e-06
9.61955e-06
5.3299e-06
8.40896e-06
3.30218e-06
7.27071e-06
1.73118e-06
6.24325e-06
5.14317e-07
5.34465e-06
-4.23729e-07
4.5823e-06
-1.13848e-06
3.95767e-06
-1.67298e-06
3.46786e-06
-2.06309e-06
3.10563e-06
-2.34087e-06
2.85932e-06
-2.53623e-06
2.71328e-06
-2.67721e-06
2.64849e-06
-2.78959e-06
2.6434e-06
-2.89603e-06
2.67474e-06
-3.01452e-06
2.71853e-06
-3.15611e-06
-3.32051e-06
2.75167e-06
2.10421e-06
1.41375e-05
6.10716e-06
2.11417e-05
9.47857e-06
2.09563e-05
1.14836e-05
1.81399e-05
1.22594e-05
1.46641e-05
1.21782e-05
1.13746e-05
1.15906e-05
8.53408e-06
1.07494e-05
6.17118e-06
9.81598e-06
4.23568e-06
8.88627e-06
2.66099e-06
8.01471e-06
1.38595e-06
7.23098e-06
3.60058e-07
6.55019e-06
-4.57597e-07
5.97854e-06
-1.10118e-06
5.51633e-06
-1.60069e-06
5.15915e-06
-1.98354e-06
4.89845e-06
-2.27545e-06
4.72202e-06
-2.50079e-06
4.61459e-06
-2.68223e-06
4.55851e-06
-2.84e-06
4.53457e-06
-2.99056e-06
4.523e-06
-3.14442e-06
-3.3022e-06
4.50486e-06
1.74727e-06
1.23902e-05
5.10542e-06
1.77835e-05
8.23136e-06
1.78308e-05
1.04056e-05
1.59657e-05
1.15566e-05
1.35131e-05
1.18948e-05
1.10364e-05
1.17003e-05
8.72857e-06
1.12022e-05
6.66927e-06
1.05571e-05
4.88075e-06
9.86413e-06
3.35399e-06
9.1834e-06
2.06674e-06
8.55043e-06
9.93094e-07
7.98553e-06
1.07419e-07
7.49913e-06
-6.1462e-07
7.09497e-06
-1.19638e-06
6.77189e-06
-1.66037e-06
6.5247e-06
-2.02824e-06
6.34476e-06
-2.32089e-06
6.22059e-06
-2.55811e-06
6.13845e-06
-2.75786e-06
6.08309e-06
-2.93514e-06
6.03869e-06
-3.09992e-06
-3.25351e-06
5.99011e-06
1.60507e-06
1.0785e-05
4.4453e-06
1.49436e-05
7.23858e-06
1.50378e-05
9.38418e-06
1.382e-05
1.06993e-05
1.21979e-05
1.12868e-05
1.04489e-05
1.13771e-05
8.63823e-06
1.11667e-05
6.87956e-06
1.07899e-05
5.25748e-06
1.03343e-05
3.80962e-06
9.85599e-06
2.54509e-06
9.39066e-06
1.45849e-06
8.9606e-06
5.3757e-07
8.57911e-06
-2.33017e-07
8.25293e-06
-8.70122e-07
7.984e-06
-1.39142e-06
7.7704e-06
-1.81466e-06
7.60695e-06
-2.15749e-06
7.48577e-06
-2.43696e-06
7.39682e-06
-2.6689e-06
7.32857e-06
-2.86684e-06
7.26883e-06
-3.04015e-06
-3.19054e-06
7.20586e-06
1.508e-06
9.27697e-06
3.90358e-06
1.25485e-05
6.37777e-06
1.25635e-05
8.42232e-06
1.17755e-05
9.76699e-06
1.08534e-05
1.04741e-05
9.74191e-06
1.07617e-05
8.35067e-06
1.07869e-05
6.85431e-06
1.06501e-05
5.39422e-06
1.04187e-05
4.04105e-06
1.01391e-05
2.82478e-06
9.84342e-06
1.75421e-06
9.55393e-06
8.27122e-07
9.28545e-06
3.5511e-08
9.04712e-06
-6.3178e-07
8.84359e-06
-1.18791e-06
8.67589e-06
-1.647e-06
8.54198e-06
-2.0236e-06
8.43725e-06
-2.33224e-06
8.35503e-06
-2.58667e-06
8.28713e-06
-2.79894e-06
8.22462e-06
-2.97768e-06
-3.12478e-06
8.15876e-06
1.24331e-06
8.03394e-06
3.3973e-06
1.03947e-05
5.56086e-06
1.03998e-05
7.36667e-06
9.96986e-06
8.70198e-06
9.51815e-06
9.47557e-06
8.96836e-06
9.9295e-06
7.89676e-06
1.01659e-05
6.61788e-06
1.02479e-05
5.31225e-06
1.02233e-05
4.06563e-06
1.01294e-05
2.91873e-06
9.99478e-06
1.88889e-06
9.84102e-06
9.8087e-07
9.684e-06
1.92488e-07
9.53472e-06
-4.82555e-07
9.40008e-06
-1.05333e-06
9.28362e-06
-1.53056e-06
9.18598e-06
-1.92597e-06
9.10541e-06
-2.25166e-06
9.03817e-06
-2.51943e-06
8.979e-06
-2.7398e-06
8.92183e-06
-2.92058e-06
-3.06359e-06
8.86053e-06
8.74321e-07
7.15985e-06
2.84499e-06
8.42373e-06
4.68771e-06
8.55692e-06
6.22158e-06
8.43598e-06
7.43045e-06
8.30922e-06
8.31392e-06
8.08484e-06
8.95609e-06
7.25453e-06
9.398e-06
6.17594e-06
9.68015e-06
5.03009e-06
9.84032e-06
3.90545e-06
9.91133e-06
2.84771e-06
9.92037e-06
1.87979e-06
9.88916e-06
1.01199e-06
9.83438e-06
2.47163e-07
9.7684e-06
-4.16653e-07
9.69981e-06
-9.84793e-07
9.63412e-06
-1.46488e-06
9.57416e-06
-1.86599e-06
9.52053e-06
-2.19801e-06
9.47199e-06
-2.47087e-06
9.42578e-06
-2.69364e-06
9.37826e-06
-2.87312e-06
-3.01092e-06
9.3255e-06
7.84481e-07
6.37525e-06
2.33183e-06
6.87589e-06
3.83702e-06
7.05159e-06
5.09642e-06
7.1764e-06
6.15827e-06
7.24722e-06
7.16846e-06
7.07455e-06
7.98094e-06
6.44201e-06
8.59518e-06
5.56169e-06
9.04053e-06
4.58475e-06
9.35031e-06
3.59565e-06
9.5557e-06
2.64226e-06
9.68334e-06
1.75206e-06
9.75488e-06
9.40343e-07
9.78734e-06
2.14611e-07
9.7937e-06
-4.23063e-07
9.78355e-06
-9.74651e-07
9.7637e-06
-1.44499e-06
9.73862e-06
-1.84085e-06
9.71078e-06
-2.17014e-06
9.68098e-06
-2.44107e-06
9.64856e-06
-2.66126e-06
9.61189e-06
-2.83652e-06
-2.968e-06
9.5689e-06
1.00154e-06
5.37333e-06
2.05459e-06
5.8226e-06
3.15318e-06
5.9529e-06
4.19264e-06
6.13676e-06
5.22778e-06
6.21201e-06
6.26132e-06
6.04102e-06
7.14803e-06
5.55535e-06
7.85814e-06
4.85165e-06
8.40546e-06
4.03748e-06
8.81603e-06
3.18508e-06
9.11697e-06
2.34129e-06
9.33247e-06
1.53649e-06
9.48271e-06
7.90048e-07
9.58374e-06
1.13546e-07
9.64811e-06
-4.8743e-07
9.68552e-06
-1.01203e-06
9.7034e-06
-1.46281e-06
9.70729e-06
-1.8447e-06
9.70109e-06
-2.16394e-06
9.68725e-06
-2.42725e-06
9.66683e-06
-2.6409e-06
9.63986e-06
-2.8096e-06
-2.93393e-06
9.60575e-06
1.01318e-06
4.35989e-06
1.8796e-06
4.95634e-06
2.7494e-06
5.08309e-06
3.68686e-06
5.19933e-06
4.66971e-06
5.2293e-06
5.63675e-06
5.07416e-06
6.50296e-06
4.6893e-06
7.22845e-06
4.12629e-06
7.81345e-06
3.45255e-06
8.2739e-06
2.72465e-06
8.63006e-06
1.98512e-06
8.90153e-06
1.265e-06
9.10521e-06
5.86354e-07
9.25481e-06
-3.60422e-08
9.36127e-06
-5.93855e-07
9.43349e-06
-1.08421e-06
9.47889e-06
-1.5082e-06
9.50367e-06
-1.86949e-06
9.51282e-06
-2.17313e-06
9.5101e-06
-2.42459e-06
9.498e-06
-2.62887e-06
9.47789e-06
-2.78953e-06
-2.9064e-06
9.45036e-06
8.9774e-07
3.46224e-06
1.75223e-06
4.10219e-06
2.5877e-06
4.24774e-06
3.45294e-06
4.33434e-06
4.34252e-06
4.34e-06
5.2136e-06
4.2033e-06
6.00801e-06
3.89506e-06
6.69495e-06
3.43946e-06
7.26851e-06
2.87904e-06
7.73661e-06
2.25657e-06
8.11273e-06
1.60899e-06
8.41122e-06
9.66504e-07
8.64478e-06
3.52813e-07
8.8236e-06
-2.1484e-07
8.95601e-06
-7.26257e-07
9.04945e-06
-1.17767e-06
9.11094e-06
-1.56973e-06
9.14709e-06
-1.9057e-06
9.16379e-06
-2.18992e-06
9.16599e-06
-2.42686e-06
9.15732e-06
-2.62026e-06
9.14024e-06
-2.77244e-06
-2.88228e-06
9.11618e-06
8.56847e-07
2.60571e-06
1.70948e-06
3.24981e-06
2.52828e-06
3.42916e-06
3.33758e-06
3.52535e-06
4.13715e-06
3.54067e-06
4.90434e-06
3.43625e-06
5.6076e-06
3.19188e-06
6.22736e-06
2.81973e-06
6.7579e-06
2.3485e-06
7.20311e-06
1.81136e-06
7.57167e-06
1.24044e-06
7.87336e-06
6.64837e-07
8.11651e-06
1.09695e-07
8.30703e-06
-4.05343e-07
8.44987e-06
-8.69113e-07
8.55065e-06
-1.2785e-06
8.616e-06
-1.63516e-06
8.65303e-06
-1.94282e-06
8.66864e-06
-2.20562e-06
8.66882e-06
-2.42708e-06
8.65819e-06
-2.60964e-06
8.63994e-06
-2.75414e-06
-2.85831e-06
8.61606e-06
8.55391e-07
1.75057e-06
1.71098e-06
2.39427e-06
2.51391e-06
2.62644e-06
3.27186e-06
2.76757e-06
3.98666e-06
2.82593e-06
4.65246e-06
2.77045e-06
5.25873e-06
2.58558e-06
5.79748e-06
2.28096e-06
6.26629e-06
1.87969e-06
6.66802e-06
1.40965e-06
7.00877e-06
8.99739e-07
7.29504e-06
3.78613e-07
7.53114e-06
-1.26366e-07
7.71794e-06
-5.92114e-07
7.85632e-06
-1.00751e-06
7.95029e-06
-1.37252e-06
8.00662e-06
-1.69156e-06
8.03351e-06
-1.96977e-06
8.03906e-06
-2.21122e-06
8.0303e-06
-2.41831e-06
8.01253e-06
-2.59183e-06
7.98932e-06
-2.73087e-06
-2.83167e-06
7.96275e-06
8.62833e-07
8.87752e-07
1.72725e-06
1.52982e-06
2.51855e-06
1.83523e-06
3.22914e-06
2.05696e-06
3.86253e-06
2.19246e-06
4.42876e-06
2.20413e-06
4.936e-06
2.07828e-06
5.38694e-06
1.83e-06
5.783e-06
1.48364e-06
6.12742e-06
1.06527e-06
6.42538e-06
6.01838e-07
6.6817e-06
1.22357e-07
6.89724e-06
-3.41863e-07
7.06642e-06
-7.61267e-07
7.1854e-06
-1.12649e-06
7.25762e-06
-1.44476e-06
7.29146e-06
-1.72542e-06
7.29711e-06
-1.97541e-06
7.28419e-06
-2.19827e-06
7.26051e-06
-2.39457e-06
7.23157e-06
-2.56284e-06
7.20076e-06
-2.70002e-06
-2.80066e-06
7.16976e-06
8.72693e-07
1.4939e-08
1.75601e-06
6.46559e-07
2.54333e-06
1.04789e-06
3.20887e-06
1.39132e-06
3.75858e-06
1.64265e-06
4.22185e-06
1.74079e-06
4.62759e-06
1.67251e-06
4.9872e-06
1.47039e-06
5.30403e-06
1.16683e-06
5.58131e-06
7.8801e-07
5.82448e-06
3.58706e-07
6.03852e-06
-9.16542e-08
6.2219e-06
-5.25236e-07
6.35979e-06
-8.99151e-07
6.44288e-06
-1.20958e-06
6.47697e-06
-1.47884e-06
6.47456e-06
-1.72297e-06
6.44891e-06
-1.9497e-06
6.41102e-06
-2.16032e-06
6.36875e-06
-2.35223e-06
6.32689e-06
-2.52094e-06
6.28787e-06
-2.66099e-06
-2.76519e-06
6.25235e-06
8.98571e-07
-8.8369e-07
1.81401e-06
-2.68686e-07
2.59911e-06
2.62797e-07
3.2144e-06
7.75995e-07
3.67117e-06
1.18589e-06
4.02345e-06
1.38853e-06
4.32659e-06
1.3694e-06
4.59581e-06
1.20119e-06
4.83123e-06
9.3142e-07
5.03407e-06
5.85147e-07
5.21089e-06
1.81848e-07
5.36991e-06
-2.50731e-07
5.50963e-06
-6.65017e-07
5.60037e-06
-9.89928e-07
5.62746e-06
-1.2367e-06
5.60535e-06
-1.45673e-06
5.55421e-06
-1.67177e-06
5.49058e-06
-1.88601e-06
5.42545e-06
-2.09512e-06
5.36499e-06
-2.2917e-06
5.31191e-06
-2.46786e-06
5.26676e-06
-2.61588e-06
-2.7272e-06
5.22868e-06
9.70621e-07
-1.8542e-06
1.90964e-06
-1.20742e-06
2.65831e-06
-4.85766e-07
3.20617e-06
2.28246e-07
3.56559e-06
8.26587e-07
3.80591e-06
1.14832e-06
4.01904e-06
1.15634e-06
4.21127e-06
1.00897e-06
4.37068e-06
7.71971e-07
4.49401e-06
4.61741e-07
4.59013e-06
8.56129e-08
4.67594e-06
-3.36664e-07
4.75835e-06
-7.47547e-07
4.77969e-06
-1.01136e-06
4.72484e-06
-1.18188e-06
4.62899e-06
-1.36087e-06
4.52237e-06
-1.56512e-06
4.42183e-06
-1.78541e-06
4.3345e-06
-2.00772e-06
4.26211e-06
-2.21928e-06
4.20379e-06
-2.40956e-06
4.15752e-06
-2.56967e-06
-2.69054e-06
4.12076e-06
1.04531e-06
-2.89928e-06
1.90752e-06
-2.06934e-06
2.54093e-06
-1.11898e-06
3.01803e-06
-2.48657e-07
3.32436e-06
5.20425e-07
3.49438e-06
9.78411e-07
3.67539e-06
9.75382e-07
3.83186e-06
8.52503e-07
3.93407e-06
6.69692e-07
3.97605e-06
4.19647e-07
3.97007e-06
9.1454e-08
3.94499e-06
-3.11722e-07
3.95009e-06
-7.52773e-07
3.86596e-06
-9.27319e-07
3.69788e-06
-1.01385e-06
3.5207e-06
-1.18371e-06
3.36744e-06
-1.41184e-06
3.24509e-06
-1.66303e-06
3.15079e-06
-1.91341e-06
3.07938e-06
-2.14787e-06
3.02571e-06
-2.35593e-06
2.98547e-06
-2.52949e-06
-2.66027e-06
2.95513e-06
7.96188e-07
-3.69522e-06
1.41159e-06
-2.68455e-06
1.91669e-06
-1.62391e-06
2.36597e-06
-6.97775e-07
2.74019e-06
1.4632e-07
2.98891e-06
7.29765e-07
3.27811e-06
6.86206e-07
3.47491e-06
6.55685e-07
3.55354e-06
5.90989e-07
3.51886e-06
4.54228e-07
3.38545e-06
2.24763e-07
3.1696e-06
-9.59729e-08
3.0281e-06
-6.11367e-07
2.77412e-06
-6.73404e-07
2.47324e-06
-7.13009e-07
2.24427e-06
-9.5476e-07
2.08459e-06
-1.25215e-06
1.97478e-06
-1.55321e-06
1.89894e-06
-1.83757e-06
1.84595e-06
-2.09489e-06
1.80842e-06
-2.31844e-06
1.78152e-06
-2.50264e-06
-2.64067e-06
1.76187e-06
-2.91147e-07
3.99314e-07
7.28158e-07
1.07082e-06
1.66509e-06
2.39731e-06
2.9365e-06
3.22859e-06
3.3147e-06
3.22344e-06
2.95337e-06
2.50063e-06
1.84475e-06
1.26361e-06
9.53751e-07
7.93933e-07
7.06378e-07
6.55564e-07
6.24669e-07
6.04935e-07
5.91749e-07
5.82633e-07
5.76162e-07
3.14758e-06
2.35822e-06
1.16599e-06
1.98159e-06
-7.26482e-07
1.89247e-06
1.9153e-06
-2.64179e-06
1.35961e-06
3.0906e-06
3.10461e-07
3.03076e-06
-7.77831e-07
2.98079e-06
2.91761e-06
-1.78013e-06
1.44176e-06
3.65291e-06
6.13101e-07
3.85941e-06
-3.19184e-07
3.91308e-06
3.85115e-06
-1.25272e-06
5.29729e-06
4.21576e-06
3.32325e-06
5.83339e-06
1.00367e-06
6.23257e-06
5.78952e-06
-9.34733e-07
1.18547e-05
3.641e-06
1.03261e-05
7.3621e-06
7.91082e-06
8.64789e-06
8.01031e-06
5.69016e-06
2.73192e-06
3.69343e-06
3.05719e-06
7.03676e-06
4.07498e-06
7.63014e-06
6.74554e-06
5.33985e-06
-4.125e-06
3.82525e-06
-2.47855e-06
5.39029e-06
2.4144e-07
4.91023e-06
4.12976e-06
2.85726e-06
-4.47379e-06
4.51086e-06
-2.82761e-06
3.74428e-06
-8.11006e-07
2.89367e-06
2.34212e-06
9.76725e-07
-4.01447e-06
3.97123e-06
-3.41621e-06
3.14619e-06
-2.96629e-06
2.44387e-06
2.06517e-06
-2.68922e-06
-7.44001e-06
3.47497e-06
-7.01847e-06
2.72461e-06
-6.68995e-06
2.11535e-06
1.75855e-06
-6.38337e-06
-1.06446e-05
2.8617e-06
-1.01603e-05
2.24045e-06
-9.77284e-06
1.72799e-06
1.44269e-06
-9.45693e-06
-1.31095e-05
2.17503e-06
-1.25778e-05
1.70877e-06
-1.21588e-05
1.30902e-06
1.06399e-06
-1.17801e-05
-1.45579e-05
1.4611e-06
-1.39774e-05
1.12832e-06
-1.35059e-05
8.37528e-07
6.23198e-07
-1.30652e-05
-1.48895e-05
7.61632e-07
-1.42807e-05
5.19487e-07
-1.37577e-05
3.14583e-07
1.60732e-07
-1.32953e-05
-1.42371e-05
1.30247e-07
-1.36689e-05
-4.8689e-08
-1.31621e-05
-1.92264e-07
-2.90008e-07
-1.27114e-05
-1.28227e-05
-3.97478e-07
-1.23394e-05
-5.31971e-07
-1.19016e-05
-6.30119e-07
-6.85164e-07
-1.15065e-05
-1.08769e-05
-8.13597e-07
-1.04936e-05
-9.15252e-07
-1.01435e-05
-9.80269e-07
-1.00381e-06
-9.82496e-06
-8.60759e-06
-1.12507e-06
-8.32119e-06
-1.20169e-06
-8.05916e-06
-1.24234e-06
-1.24342e-06
-7.81961e-06
-6.18693e-06
-1.34535e-06
-5.98587e-06
-1.40277e-06
-5.80253e-06
-1.42568e-06
-1.41149e-06
-5.63445e-06
-3.75103e-06
-1.49015e-06
-3.62077e-06
-1.533e-06
-3.50303e-06
-1.54337e-06
-1.51946e-06
-3.39499e-06
-1.40283e-06
-1.57523e-06
-1.32849e-06
-1.60725e-06
-1.26263e-06
-1.60914e-06
-1.57967e-06
-1.20233e-06
7.84153e-07
-1.61515e-06
8.16327e-07
-1.63932e-06
8.43077e-07
-1.63577e-06
-1.60373e-06
8.67209e-07
2.75935e-06
-1.62268e-06
2.7614e-06
-1.64127e-06
2.76022e-06
-1.63451e-06
-1.60192e-06
2.75845e-06
4.49093e-06
-1.60865e-06
4.47306e-06
-1.62334e-06
4.45349e-06
-1.61489e-06
-1.58304e-06
4.43462e-06
5.96335e-06
-1.58187e-06
5.93386e-06
-1.59384e-06
5.90365e-06
-1.5847e-06
-1.55426e-06
5.87485e-06
7.17308e-06
-1.54915e-06
7.13837e-06
-1.55918e-06
7.10348e-06
-1.54985e-06
-1.52105e-06
7.07024e-06
8.12491e-06
-1.51538e-06
8.08958e-06
-1.52392e-06
8.05427e-06
-1.51459e-06
-1.48733e-06
8.02052e-06
8.82883e-06
-1.48375e-06
8.79588e-06
-1.49103e-06
8.76292e-06
-1.48167e-06
-1.45565e-06
8.73121e-06
9.29772e-06
-1.45604e-06
9.26877e-06
-1.46212e-06
9.23964e-06
-1.45257e-06
-1.42742e-06
9.21139e-06
9.54563e-06
-1.4328e-06
9.52119e-06
-1.43769e-06
9.49638e-06
-1.42778e-06
-1.40315e-06
9.4721e-06
9.58669e-06
-1.41374e-06
9.56645e-06
-1.41745e-06
9.54572e-06
-1.40704e-06
-1.38265e-06
9.52523e-06
9.43459e-06
-1.39792e-06
9.4177e-06
-1.40053e-06
9.40028e-06
-1.38958e-06
-1.36528e-06
9.38295e-06
9.10242e-06
-1.38409e-06
9.08772e-06
-1.38578e-06
9.07259e-06
-1.3744e-06
-1.35021e-06
9.05755e-06
8.60296e-06
-1.37093e-06
8.58923e-06
-1.37201e-06
8.57532e-06
-1.36044e-06
-1.33654e-06
8.56168e-06
7.94917e-06
-1.35733e-06
7.93541e-06
-1.35824e-06
7.92184e-06
-1.34686e-06
-1.32356e-06
7.90886e-06
7.15504e-06
-1.34264e-06
7.14067e-06
-1.34389e-06
7.12695e-06
-1.33317e-06
-1.31087e-06
7.11422e-06
6.23651e-06
-1.32686e-06
6.22156e-06
-1.329e-06
6.20773e-06
-1.31939e-06
-1.29849e-06
6.1953e-06
5.2125e-06
-1.31076e-06
5.19767e-06
-1.31422e-06
5.18431e-06
-1.30609e-06
-1.28688e-06
5.17265e-06
4.10571e-06
-1.29578e-06
4.09222e-06
-1.30078e-06
4.08035e-06
-1.29427e-06
-1.27684e-06
4.07026e-06
2.94297e-06
-1.28367e-06
2.93226e-06
-1.29011e-06
2.92301e-06
-1.28505e-06
-1.26915e-06
2.91529e-06
1.75438e-06
-1.27621e-06
1.7479e-06
-1.28365e-06
1.74245e-06
-1.27961e-06
-1.26485e-06
1.73813e-06
5.73842e-07
5.71849e-07
5.70208e-07
5.69014e-07
-3.23052e-06
4.71547e-06
-5.33022e-06
4.31179e-06
-7.71476e-06
3.85941e-06
-9.77007e-06
3.38113e-06
-1.10755e-05
3.41454e-06
-1.20031e-05
4.79911e-06
-1.27024e-05
4.98742e-06
-1.24434e-05
3.16624e-06
-1.07123e-05
1.39395e-06
-8.55263e-06
5.08347e-07
-6.77165e-06
-5.06542e-07
-4.6973e-06
-1.24028e-06
-1.46312e-06
-1.3184e-06
2.02585e-06
-1.57967e-06
5.09236e-06
-3.29433e-06
6.56331e-06
-5.79661e-06
6.10033e-06
-7.60774e-06
4.31005e-06
-8.57038e-06
-7.26514e-06
-3.75622e-06
6.69154e-06
-6.39785e-06
6.95341e-06
-9.45027e-06
6.91182e-06
-1.24498e-05
6.38063e-06
-1.4047e-05
5.01172e-06
-1.37772e-05
4.52932e-06
-1.27491e-05
3.95934e-06
-1.13094e-05
1.72652e-06
-9.38821e-06
-5.27223e-07
-7.2021e-06
-1.67777e-06
-5.01277e-06
-2.69587e-06
-2.59324e-06
-3.65981e-06
3.97743e-07
-4.30937e-06
3.73955e-06
-4.92146e-06
6.38514e-06
-5.93991e-06
7.21965e-06
-6.63113e-06
5.78375e-06
-6.17182e-06
2.91744e-06
-5.70407e-06
-4.34771e-06
-3.48446e-06
8.92329e-06
-6.45264e-06
9.92161e-06
-9.96958e-06
1.04288e-05
-1.38896e-05
1.03007e-05
-1.56422e-05
6.76432e-06
-1.44516e-05
3.33875e-06
-1.21428e-05
1.65057e-06
-9.8118e-06
-6.04498e-07
-7.79597e-06
-2.54305e-06
-5.70727e-06
-3.76647e-06
-3.41142e-06
-4.99171e-06
-9.65062e-07
-6.10616e-06
1.92302e-06
-7.19746e-06
5.21311e-06
-8.21155e-06
7.53374e-06
-8.26054e-06
7.08591e-06
-6.18331e-06
3.46874e-06
-2.55465e-06
-1.03057e-06
-1.20475e-06
-5.37825e-06
-3.85489e-06
1.18434e-05
-6.36387e-06
1.24306e-05
-9.13372e-06
1.31986e-05
-1.16433e-05
1.28102e-05
-1.32078e-05
8.32882e-06
-1.2684e-05
2.81495e-06
-9.96911e-06
-1.0643e-06
-7.47166e-06
-3.10196e-06
-5.56995e-06
-4.44478e-06
-4.06573e-06
-5.27071e-06
-2.37833e-06
-6.67911e-06
-9.93847e-08
-8.38512e-06
2.84647e-06
-1.01433e-05
5.7786e-06
-1.11437e-05
7.2837e-06
-9.76565e-06
6.29579e-06
-5.19541e-06
3.05177e-06
6.89284e-07
-8.40615e-07
2.68762e-06
-6.21897e-06
3.98205e-06
1.35516e-05
3.43037e-06
1.29824e-05
2.74927e-06
1.38797e-05
1.88144e-06
1.3678e-05
3.38709e-06
6.8232e-06
5.92192e-06
2.80194e-07
1.0955e-05
-6.09734e-06
1.72893e-05
-9.43629e-06
2.17097e-05
-8.86515e-06
2.22875e-05
-5.84841e-06
1.83607e-05
-2.75231e-06
1.6199e-05
-6.22339e-06
1.64286e-05
-1.03729e-05
1.5322e-05
-1.00371e-05
1.23176e-05
-6.76121e-06
7.87293e-06
-7.50714e-07
2.7002e-06
5.86195e-06
-2.26747e-06
7.65513e-06
-8.48653e-06
6.9133e-06
1.19783e-05
8.44985e-06
1.14459e-05
9.3688e-06
1.29607e-05
1.06705e-05
1.23763e-05
1.28715e-05
4.62224e-06
1.47281e-05
-1.57626e-06
1.64348e-05
-7.80398e-06
1.84756e-05
-1.14771e-05
1.95721e-05
-9.96153e-06
1.97447e-05
-6.02098e-06
1.81998e-05
-1.20726e-06
1.54685e-05
-3.49212e-06
1.32242e-05
-8.12858e-06
1.2122e-05
-8.93491e-06
9.76079e-06
-4.40008e-06
5.61477e-06
3.39516e-06
1.02825e-06
1.04484e-05
-2.77897e-06
1.14622e-05
-1.12656e-05
6.11096e-06
8.72452e-06
8.60212e-06
8.95472e-06
1.08046e-05
1.07582e-05
1.41578e-05
9.02314e-06
1.66106e-05
2.16954e-06
1.76166e-05
-2.58218e-06
1.62761e-05
-6.46344e-06
1.41621e-05
-9.36299e-06
1.23392e-05
-8.13845e-06
1.10486e-05
-4.73028e-06
1.14513e-05
-1.60993e-06
1.05987e-05
-2.6395e-06
8.225e-06
-5.75476e-06
6.47779e-06
-7.18764e-06
4.77144e-06
-2.69375e-06
2.50924e-06
5.65732e-06
4.9017e-07
1.24674e-05
-6.4888e-07
1.26011e-05
-1.19145e-05
3.69772e-06
6.00352e-06
5.68636e-06
6.96607e-06
8.4458e-06
7.99896e-06
1.11373e-05
6.33194e-06
1.13756e-05
1.93136e-06
1.06631e-05
-1.86952e-06
9.20912e-06
-5.00923e-06
6.84186e-06
-6.99554e-06
4.7108e-06
-6.0073e-06
3.81981e-06
-3.83924e-06
4.50944e-06
-2.29953e-06
4.88194e-06
-3.01198e-06
4.11845e-06
-4.99122e-06
2.1095e-06
-5.17862e-06
1.89996e-07
-7.74209e-07
-4.90349e-07
6.33765e-06
3.73115e-07
1.1604e-05
3.06424e-06
9.91001e-06
-8.85025e-06
-1.39514e-06
4.70966e-06
1.02828e-07
5.4684e-06
2.20089e-06
5.90116e-06
3.98871e-06
4.54433e-06
4.44635e-06
1.47388e-06
3.98142e-06
-1.40438e-06
2.76611e-06
-3.79376e-06
7.18674e-07
-4.94803e-06
-1.08644e-06
-4.20214e-06
-1.61517e-06
-3.3104e-06
-7.95421e-07
-3.11914e-06
4.32382e-08
-3.85055e-06
-2.4367e-07
-4.70426e-06
-1.65515e-06
-3.76707e-06
-2.64194e-06
2.1268e-07
-2.01187e-06
5.70765e-06
9.69108e-07
8.623e-06
5.27233e-06
5.60681e-06
-3.5779e-06
-5.4776e-06
3.80395e-06
-4.14299e-06
4.134e-06
-2.41745e-06
4.17576e-06
-9.78987e-07
3.10595e-06
-5.27852e-07
1.02284e-06
-9.37003e-07
-9.95116e-07
-2.12896e-06
-2.60179e-06
-3.89813e-06
-3.17887e-06
-5.25006e-06
-2.8502e-06
-5.23823e-06
-3.32213e-06
-4.49703e-06
-3.86024e-06
-3.88955e-06
-4.45794e-06
-4.18012e-06
-4.41363e-06
-5.02144e-06
-2.92562e-06
-5.02914e-06
2.20504e-07
-3.42379e-06
4.10242e-06
-1.54336e-07
5.35359e-06
2.91082e-06
2.54172e-06
-6.67007e-07
-8.57985e-06
2.92696e-06
-7.3138e-06
2.86809e-06
-5.78192e-06
2.64399e-06
-4.58161e-06
1.90567e-06
-4.20264e-06
6.43887e-07
-4.54343e-06
-6.54339e-07
-5.47694e-06
-1.66826e-06
-6.6478e-06
-2.00794e-06
-7.2966e-06
-2.20133e-06
-7.31125e-06
-3.30742e-06
-7.00131e-06
-4.17012e-06
-6.92497e-06
-4.53418e-06
-7.57726e-06
-3.76121e-06
-8.65926e-06
-1.84349e-06
-8.5574e-06
1.18773e-07
-6.80662e-06
2.35176e-06
-4.50892e-06
3.05598e-06
-2.36026e-06
3.93188e-07
-3.02716e-06
-1.08084e-05
1.95536e-06
-9.56498e-06
1.62474e-06
-8.24766e-06
1.32669e-06
-7.24331e-06
9.01329e-07
-6.83784e-06
2.38415e-07
-6.96057e-06
-5.31682e-07
-7.37663e-06
-1.25222e-06
-7.81504e-06
-1.56952e-06
-8.03985e-06
-1.97652e-06
-8.48511e-06
-2.86215e-06
-8.91749e-06
-3.73769e-06
-9.59951e-06
-3.85208e-06
-1.068e-05
-2.68057e-06
-1.18343e-05
-6.89064e-07
-1.20058e-05
2.90425e-07
-1.05762e-05
9.22294e-07
-7.8589e-06
3.3877e-07
-4.44632e-06
-3.01922e-06
-7.47335e-06
-1.20362e-05
9.26346e-07
-1.09305e-05
5.18986e-07
-9.82012e-06
2.1624e-07
-8.90512e-06
-1.37314e-08
-8.43632e-06
-2.30487e-07
-8.32682e-06
-6.41273e-07
-8.42873e-06
-1.15037e-06
-8.52643e-06
-1.47188e-06
-8.70855e-06
-1.79444e-06
-9.21567e-06
-2.35502e-06
-1.01139e-05
-2.83939e-06
-1.12931e-05
-2.67278e-06
-1.23907e-05
-1.58283e-06
-1.29674e-05
-1.12211e-07
-1.28681e-05
1.912e-07
-1.13747e-05
-5.71029e-07
-8.4936e-06
-2.54222e-06
-4.55288e-06
-6.95973e-06
-1.20261e-05
-1.23397e-05
-2.92337e-08
-1.14199e-05
-4.00948e-07
-1.05239e-05
-6.79784e-07
-9.74275e-06
-7.94939e-07
-9.23343e-06
-7.39935e-07
-8.97957e-06
-8.95237e-07
-8.9505e-06
-1.17954e-06
-9.01129e-06
-1.4112e-06
-9.19248e-06
-1.61332e-06
-9.64254e-06
-1.9049e-06
-1.04116e-05
-2.07029e-06
-1.12952e-05
-1.78911e-06
-1.19036e-05
-9.74373e-07
-1.18964e-05
-1.1936e-07
-1.14458e-05
-2.59417e-07
-1.0217e-05
-1.79975e-06
-7.9877e-06
-4.77133e-06
-4.60651e-06
-1.03407e-05
-1.66325e-05
-1.18297e-05
-9.11027e-07
-1.10778e-05
-1.15292e-06
-1.04132e-05
-1.34453e-06
-9.83902e-06
-1.36928e-06
-9.36121e-06
-1.21793e-06
-9.05864e-06
-1.19798e-06
-8.93589e-06
-1.30246e-06
-8.94038e-06
-1.40684e-06
-9.05833e-06
-1.49542e-06
-9.37003e-06
-1.59316e-06
-9.85272e-06
-1.58759e-06
-1.03175e-05
-1.32434e-06
-1.04584e-05
-8.33534e-07
-1.00711e-05
-5.06684e-07
-9.29922e-06
-1.0313e-06
-8.30651e-06
-2.79238e-06
-6.90614e-06
-6.17154e-06
-4.58354e-06
-1.2663e-05
-2.12159e-05
-1.07232e-05
-1.69452e-06
-1.01015e-05
-1.77477e-06
-9.62077e-06
-1.82549e-06
-9.21292e-06
-1.77735e-06
-8.82327e-06
-1.60778e-06
-8.52803e-06
-1.49342e-06
-8.3636e-06
-1.46705e-06
-8.30265e-06
-1.46791e-06
-8.33442e-06
-1.46372e-06
-8.4731e-06
-1.45451e-06
-8.67581e-06
-1.38493e-06
-8.78935e-06
-1.21088e-06
-8.60787e-06
-1.01512e-06
-8.02697e-06
-1.08763e-06
-7.17536e-06
-1.88291e-06
-6.20827e-06
-3.75938e-06
-5.17327e-06
-7.20638e-06
-3.84628e-06
-1.39899e-05
-2.50621e-05
-9.18872e-06
-2.33091e-06
-8.69386e-06
-2.26982e-06
-8.31532e-06
-2.20418e-06
-8.00771e-06
-2.08513e-06
-7.71258e-06
-1.9031e-06
-7.46281e-06
-1.74339e-06
-7.29049e-06
-1.63953e-06
-7.18721e-06
-1.57133e-06
-7.13647e-06
-1.51456e-06
-7.12503e-06
-1.46604e-06
-7.10336e-06
-1.40669e-06
-6.96745e-06
-1.3469e-06
-6.58982e-06
-1.39283e-06
-5.91608e-06
-1.76141e-06
-5.03611e-06
-2.76287e-06
-4.0876e-06
-4.70783e-06
-3.18979e-06
-8.10411e-06
-2.49408e-06
-1.46855e-05
-2.75562e-05
-7.33536e-06
-2.81529e-06
-6.957e-06
-2.64823e-06
-6.66733e-06
-2.4939e-06
-6.42971e-06
-2.32283e-06
-6.20678e-06
-2.12621e-06
-6.0051e-06
-1.94522e-06
-5.8417e-06
-1.80308e-06
-5.71455e-06
-1.69862e-06
-5.60523e-06
-1.62398e-06
-5.48944e-06
-1.58196e-06
-5.3212e-06
-1.57503e-06
-5.0336e-06
-1.63458e-06
-4.55662e-06
-1.86988e-06
-3.86466e-06
-2.4534e-06
-3.02347e-06
-3.60405e-06
-2.14491e-06
-5.58637e-06
-1.36794e-06
-8.88105e-06
-1.17902e-06
-1.48744e-05
-2.87352e-05
-5.29024e-06
-3.1595e-06
-5.01705e-06
-2.92136e-06
-4.80423e-06
-2.70668e-06
-4.62739e-06
-2.49973e-06
-4.46092e-06
-2.29283e-06
-4.3017e-06
-2.10458e-06
-4.15438e-06
-1.95053e-06
-4.01682e-06
-1.83631e-06
-3.87397e-06
-1.76693e-06
-3.70161e-06
-1.75442e-06
-3.46188e-06
-1.81482e-06
-3.11019e-06
-1.98634e-06
-2.6112e-06
-2.36889e-06
-1.96228e-06
-3.10233e-06
-1.21775e-06
-4.34859e-06
-4.83054e-07
-6.32108e-06
5.64054e-08
-9.42053e-06
1.48561e-07
-1.49665e-05
-2.85867e-05
-3.17073e-06
-3.38365e-06
-2.98846e-06
-3.10353e-06
-2.84271e-06
-2.85238e-06
-2.7185e-06
-2.62401e-06
-2.59872e-06
-2.41273e-06
-2.47681e-06
-2.2266e-06
-2.35138e-06
-2.07608e-06
-2.21753e-06
-1.97026e-06
-2.06411e-06
-1.92041e-06
-1.87392e-06
-1.94467e-06
-1.61884e-06
-2.06992e-06
-1.26957e-06
-2.33563e-06
-8.08276e-07
-2.8302e-06
-2.48206e-07
-3.66242e-06
3.63286e-07
-4.96011e-06
9.39817e-07
-6.89765e-06
1.33515e-06
-9.8159e-06
1.14129e-06
-1.47727e-05
-2.74454e-05
-1.07514e-06
-3.51073e-06
-9.67897e-07
-3.21072e-06
-8.78862e-07
-2.94141e-06
-7.99643e-07
-2.70331e-06
-7.19282e-07
-2.49316e-06
-6.31179e-07
-2.31475e-06
-5.31507e-07
-2.17581e-06
-4.15123e-07
-2.08666e-06
-2.73511e-07
-2.06201e-06
-9.45551e-08
-2.12361e-06
1.37111e-07
-2.30157e-06
4.41447e-07
-2.63997e-06
8.21562e-07
-3.21032e-06
1.26104e-06
-4.10192e-06
1.71886e-06
-5.41797e-06
2.12411e-06
-7.30295e-06
2.34173e-06
-1.00336e-05
2.01404e-06
-1.44451e-05
-2.54314e-05
9.19812e-07
-3.56327e-06
9.68085e-07
-3.25897e-06
1.01119e-06
-2.98452e-06
1.05299e-06
-2.74514e-06
1.09992e-06
-2.54007e-06
1.15703e-06
-2.37183e-06
1.22812e-06
-2.24688e-06
1.3174e-06
-2.17586e-06
1.43036e-06
-2.17489e-06
1.5739e-06
-2.26711e-06
1.75635e-06
-2.484e-06
1.98503e-06
-2.86865e-06
2.25647e-06
-3.4818e-06
2.55245e-06
-4.39795e-06
2.83915e-06
-5.70473e-06
3.0616e-06
-7.52546e-06
3.1178e-06
-1.00898e-05
2.71446e-06
-1.40418e-05
-2.2717e-05
2.75713e-06
-3.56192e-06
2.76165e-06
-3.26346e-06
2.76948e-06
-2.99232e-06
2.78134e-06
-2.75696e-06
2.80023e-06
-2.55886e-06
2.8291e-06
-2.4006e-06
2.87039e-06
-2.28808e-06
2.92645e-06
-2.23181e-06
2.99964e-06
-2.248e-06
3.09225e-06
-2.35969e-06
3.20588e-06
-2.59765e-06
3.33934e-06
-3.00215e-06
3.48325e-06
-3.62576e-06
3.61711e-06
-4.53187e-06
3.70919e-06
-5.79687e-06
3.71046e-06
-7.52677e-06
3.53019e-06
-9.90963e-06
2.90723e-06
-1.34189e-05
-1.98099e-05
4.39744e-06
-3.5247e-06
4.37183e-06
-3.23782e-06
4.35426e-06
-2.97469e-06
4.34327e-06
-2.74589e-06
4.33921e-06
-2.55469e-06
4.34285e-06
-2.40412e-06
4.35469e-06
-2.29981e-06
4.37472e-06
-2.25175e-06
4.40215e-06
-2.27542e-06
4.435e-06
-2.39256e-06
4.46914e-06
-2.63185e-06
4.49665e-06
-3.02974e-06
4.50246e-06
-3.63163e-06
4.46225e-06
-4.49172e-06
4.34077e-06
-5.67544e-06
4.0849e-06
-7.27095e-06
3.59631e-06
-9.42113e-06
2.60487e-06
-1.24276e-05
-1.72051e-05
5.81654e-06
-3.46639e-06
5.77223e-06
-3.19351e-06
5.73782e-06
-2.94023e-06
5.71036e-06
-2.71836e-06
5.68819e-06
-2.53242e-06
5.66999e-06
-2.38583e-06
5.65416e-06
-2.28392e-06
5.63826e-06
-2.23584e-06
5.61847e-06
-2.25567e-06
5.58893e-06
-2.3631e-06
5.54074e-06
-2.58374e-06
5.46044e-06
-2.9495e-06
5.3278e-06
-3.49903e-06
5.11391e-06
-4.27786e-06
4.7791e-06
-5.34066e-06
4.26697e-06
-6.75887e-06
3.48566e-06
-8.63993e-06
2.24141e-06
-1.11836e-05
-1.49638e-05
7.00214e-06
-3.39833e-06
6.94813e-06
-3.13952e-06
6.90389e-06
-2.89596e-06
6.86549e-06
-2.67992e-06
6.82969e-06
-2.49659e-06
6.79339e-06
-2.34951e-06
6.75297e-06
-2.24353e-06
6.70369e-06
-2.18664e-06
6.63902e-06
-2.1911e-06
6.54979e-06
-2.27396e-06
6.4232e-06
-2.45721e-06
6.24144e-06
-2.76778e-06
5.98001e-06
-3.2376e-06
5.60601e-06
-3.90386e-06
5.07645e-06
-4.81113e-06
4.33518e-06
-6.01769e-06
3.3082e-06
-7.61309e-06
1.90075e-06
-9.77632e-06
-1.30632e-05
7.95077e-06
-3.32863e-06
7.89372e-06
-3.08251e-06
7.84508e-06
-2.84732e-06
7.80031e-06
-2.63515e-06
7.755e-06
-2.45131e-06
7.70456e-06
-2.29913e-06
7.64363e-06
-2.18269e-06
7.56549e-06
-2.10862e-06
7.46131e-06
-2.08704e-06
7.31933e-06
-2.13205e-06
7.12383e-06
-2.26173e-06
6.85392e-06
-2.49786e-06
6.48212e-06
-2.86578e-06
5.97288e-06
-3.39462e-06
5.28123e-06
-4.11952e-06
4.35195e-06
-5.08851e-06
3.12374e-06
-6.38505e-06
1.57239e-06
-8.22521e-06
-1.1491e-05
8.66513e-06
-3.2626e-06
8.6096e-06
-3.02702e-06
8.56053e-06
-2.79828e-06
8.51305e-06
-2.58772e-06
8.46194e-06
-2.40028e-06
8.40143e-06
-2.23873e-06
8.32477e-06
-2.10617e-06
8.22366e-06
-2.00763e-06
8.08755e-06
-1.95101e-06
7.90283e-06
-1.94736e-06
7.65196e-06
-2.01085e-06
7.31243e-06
-2.1583e-06
6.85553e-06
-2.40886e-06
6.24514e-06
-2.78425e-06
5.43669e-06
-3.31113e-06
4.37744e-06
-4.02939e-06
3.01336e-06
-5.02115e-06
1.33658e-06
-6.54866e-06
-1.01545e-05
9.15197e-06
-3.20322e-06
9.10075e-06
-2.97584e-06
9.05398e-06
-2.75155e-06
9.00665e-06
-2.54046e-06
8.95302e-06
-2.34674e-06
8.88646e-06
-2.17231e-06
8.79923e-06
-2.01907e-06
8.68186e-06
-1.89037e-06
8.52265e-06
-1.79185e-06
8.30698e-06
-1.7317e-06
8.01661e-06
-1.72047e-06
7.6289e-06
-1.77058e-06
7.11596e-06
-1.89592e-06
6.44384e-06
-2.11217e-06
5.57224e-06
-2.43962e-06
4.45622e-06
-2.9135e-06
3.05625e-06
-3.62134e-06
1.38503e-06
-4.87761e-06
-8.76949e-06
9.4205e-06
-3.15164e-06
9.375e-06
-2.93036e-06
9.33223e-06
-2.7088e-06
9.28722e-06
-2.49552e-06
9.23391e-06
-2.29353e-06
9.16517e-06
-2.10369e-06
9.07256e-06
-1.92655e-06
8.94589e-06
-1.76377e-06
8.77286e-06
-1.61884e-06
8.53852e-06
-1.49737e-06
8.22493e-06
-1.40688e-06
7.81063e-06
-1.35629e-06
7.2702e-06
-1.35554e-06
6.57398e-06
-1.41602e-06
5.68839e-06
-1.55412e-06
4.57847e-06
-1.80368e-06
3.2179e-06
-2.26089e-06
1.63567e-06
-3.29548e-06
-7.13382e-06
9.48129e-06
-3.10769e-06
9.4419e-06
-2.89095e-06
9.40407e-06
-2.67097e-06
9.36296e-06
-2.45446e-06
9.31243e-06
-2.24308e-06
9.24508e-06
-2.03642e-06
9.15208e-06
-1.83361e-06
9.02287e-06
-1.63461e-06
8.84496e-06
-1.44095e-06
8.60363e-06
-1.25608e-06
8.2819e-06
-1.08519e-06
7.86035e-06
-9.3481e-07
7.317e-06
-8.1227e-07
6.62714e-06
-7.26255e-07
5.76366e-06
-6.90723e-07
4.69791e-06
-7.38009e-07
3.40167e-06
-9.64694e-07
1.85781e-06
-1.75162e-06
-5.27597e-06
9.34565e-06
-3.07035e-06
9.31207e-06
-2.85732e-06
9.27956e-06
-2.63845e-06
9.24352e-06
-2.41844e-06
9.19786e-06
-2.19747e-06
9.13511e-06
-1.97373e-06
9.04632e-06
-1.74485e-06
8.92081e-06
-1.50914e-06
8.74616e-06
-1.26635e-06
8.50817e-06
-1.01816e-06
8.19114e-06
-7.68251e-07
7.77813e-06
-5.21903e-07
7.25093e-06
-2.85177e-07
6.5898e-06
-6.5223e-08
5.77335e-06
1.25666e-07
4.77705e-06
2.58258e-07
3.56659e-06
2.45783e-07
2.0553e-06
-2.40287e-07
-3.2206e-06
9.02544e-06
-3.03817e-06
8.997e-06
-2.82883e-06
8.96987e-06
-2.61132e-06
8.93973e-06
-2.38831e-06
8.90068e-06
-2.15844e-06
8.84537e-06
-1.91844e-06
8.7649e-06
-1.66441e-06
8.64865e-06
-1.39294e-06
8.48435e-06
-1.10212e-06
8.25833e-06
-7.92234e-07
7.95617e-06
-4.66219e-07
7.56344e-06
-1.29291e-07
7.06559e-06
2.12549e-07
6.44735e-06
5.52929e-07
5.69219e-06
8.80776e-07
4.78036e-06
1.1701e-06
3.67619e-06
1.34999e-06
2.25862e-06
1.17737e-06
-9.61916e-07
8.53325e-06
-3.00971e-06
8.50919e-06
-2.80475e-06
8.48736e-06
-2.58949e-06
8.46371e-06
-2.36467e-06
8.43269e-06
-2.12743e-06
8.38724e-06
-1.87301e-06
8.31869e-06
-1.59589e-06
8.21658e-06
-1.2909e-06
8.06871e-06
-9.54335e-07
7.86166e-06
-5.85302e-07
7.58197e-06
-1.86665e-07
7.21743e-06
2.3512e-07
6.75671e-06
6.73146e-07
6.18763e-06
1.12193e-06
5.49642e-06
1.57195e-06
4.66564e-06
2.00089e-06
3.66313e-06
2.35256e-06
2.38345e-06
2.45714e-06
1.42158e-06
7.88292e-06
-2.98376e-06
7.86259e-06
-2.78446e-06
7.84591e-06
-2.57283e-06
7.82916e-06
-2.34793e-06
7.80724e-06
-2.10552e-06
7.77364e-06
-1.83942e-06
7.72013e-06
-1.54242e-06
7.63648e-06
-1.20731e-06
7.51037e-06
-8.28322e-07
7.32811e-06
-4.03163e-07
7.07655e-06
6.47573e-08
6.74543e-06
5.66106e-07
6.32626e-06
1.09221e-06
5.808e-06
1.64012e-06
5.17576e-06
2.20416e-06
4.40802e-06
2.76864e-06
3.46481e-06
3.29582e-06
2.22998e-06
3.69204e-06
3.6516e-06
7.09012e-06
-2.9597e-06
7.07317e-06
-2.76757e-06
7.06148e-06
-2.56119e-06
7.05178e-06
-2.33825e-06
7.03964e-06
-2.09339e-06
7.01935e-06
-1.81916e-06
6.98349e-06
-1.5066e-06
6.92224e-06
-1.14613e-06
6.82294e-06
-7.29128e-07
6.67085e-06
-2.51192e-07
6.45222e-06
2.83258e-07
6.15889e-06
8.59311e-07
5.78569e-06
1.4653e-06
5.32147e-06
2.10428e-06
4.7476e-06
2.778e-06
4.03483e-06
3.48141e-06
3.13161e-06
4.19908e-06
1.91351e-06
4.9102e-06
5.56513e-06
6.17309e-06
-2.93755e-06
6.15944e-06
-2.754e-06
6.15255e-06
-2.55435e-06
6.14969e-06
-2.33543e-06
6.14739e-06
-2.09112e-06
6.14116e-06
-1.81297e-06
6.12489e-06
-1.49039e-06
6.08969e-06
-1.11101e-06
6.02254e-06
-6.62073e-07
5.90648e-06
-1.3525e-07
5.72591e-06
4.6371e-07
5.47568e-06
1.10943e-06
5.15569e-06
1.7852e-06
4.75434e-06
2.50557e-06
4.24894e-06
3.28337e-06
3.60406e-06
4.12629e-06
2.76508e-06
5.03807e-06
1.63562e-06
6.03971e-06
7.20076e-06
5.15304e-06
-2.918e-06
5.14281e-06
-2.74386e-06
5.14034e-06
-2.55193e-06
5.14358e-06
-2.33872e-06
5.15029e-06
-2.09786e-06
5.15772e-06
-1.82044e-06
5.1619e-06
-1.49464e-06
5.15596e-06
-1.10514e-06
5.12695e-06
-6.33163e-07
5.05427e-06
-6.26749e-08
4.91881e-06
5.99071e-07
4.71949e-06
1.30865e-06
4.46425e-06
2.04037e-06
4.14027e-06
2.8295e-06
3.72074e-06
3.70288e-06
3.16531e-06
4.68171e-06
2.41911e-06
5.78429e-06
1.40786e-06
7.05098e-06
8.60864e-06
4.05435e-06
-2.90215e-06
4.04767e-06
-2.73726e-06
4.04883e-06
-2.55316e-06
4.05665e-06
-2.34659e-06
4.07028e-06
-2.11154e-06
4.08918e-06
-1.8394e-06
4.11263e-06
-1.51815e-06
4.13777e-06
-1.13035e-06
4.15357e-06
-6.49049e-07
4.13454e-06
-4.37401e-08
4.05459e-06
6.78936e-07
3.91939e-06
1.44379e-06
3.7466e-06
2.21311e-06
3.51932e-06
3.05674e-06
3.20612e-06
4.01606e-06
2.76196e-06
5.12587e-06
2.1281e-06
6.41817e-06
1.23811e-06
7.94099e-06
9.84676e-06
2.90427e-06
-2.89118e-06
2.90092e-06
-2.73398e-06
2.90437e-06
-2.55667e-06
2.91429e-06
-2.35657e-06
2.93116e-06
-2.12847e-06
2.95677e-06
-1.86507e-06
2.99462e-06
-1.55606e-06
3.04898e-06
-1.18479e-06
3.11581e-06
-7.15942e-07
3.16617e-06
-9.41725e-08
3.16003e-06
6.85025e-07
3.11151e-06
1.49225e-06
3.04939e-06
2.2752e-06
2.94043e-06
3.16568e-06
2.75159e-06
4.2049e-06
2.43631e-06
5.44116e-06
1.92839e-06
6.92609e-06
1.15127e-06
8.71813e-06
1.0998e-05
1.73195e-06
-2.88505e-06
1.73108e-06
-2.73315e-06
1.7349e-06
-2.56054e-06
1.74358e-06
-2.36529e-06
1.75836e-06
-2.14329e-06
1.78258e-06
-1.88933e-06
1.82346e-06
-1.59698e-06
1.8941e-06
-1.25547e-06
2.01534e-06
-8.37233e-07
2.15805e-06
-2.36921e-07
2.27045e-06
5.726e-07
2.36983e-06
1.39284e-06
2.44811e-06
2.19691e-06
2.46943e-06
3.14435e-06
2.40745e-06
4.26688e-06
2.22483e-06
5.62379e-06
1.8551e-06
7.29583e-06
1.19277e-06
9.38048e-06
1.21908e-05
5.67195e-07
5.67475e-07
5.69393e-07
5.73172e-07
5.79705e-07
5.9145e-07
6.14345e-07
6.64584e-07
7.91609e-07
1.10749e-06
1.52637e-06
1.85305e-06
2.07512e-06
2.19284e-06
2.21917e-06
2.13495e-06
1.8296e-06
1.22209e-06
)
;

boundaryField
{
    leftWall
    {
        type            calculated;
        value           uniform 0;
    }
    rightWall
    {
        type            calculated;
        value           uniform 0;
    }
    lowerWall
    {
        type            calculated;
        value           uniform 0;
    }
    atmosphere
    {
        type            calculated;
        value           nonuniform List<scalar> 
46
(
-3.40392e-06
-3.37489e-06
-1.95265e-06
-1.04036e-06
-4.47905e-07
-2.4166e-09
1.47016e-07
3.63568e-07
5.04836e-07
5.45438e-07
4.9477e-07
3.56708e-07
4.44612e-08
-9.23052e-08
-4.03174e-07
-7.9495e-07
-1.1646e-06
-1.5024e-06
-1.80668e-06
-2.07517e-06
-2.30527e-06
-2.49354e-06
-2.63422e-06
-1.2739e-06
-1.28167e-06
-1.27798e-06
-1.26367e-06
-2.88326e-06
-2.73346e-06
-2.56249e-06
-2.36909e-06
-2.14985e-06
-1.9011e-06
-1.6199e-06
-1.30573e-06
-9.64276e-07
-5.52827e-07
1.53717e-07
1.06616e-06
1.97483e-06
3.02663e-06
4.24055e-06
5.70802e-06
7.60119e-06
9.98799e-06
1.34129e-05
)
;
    }
    defaultFaces
    {
        type            empty;
        value           nonuniform 0();
    }
}


// ************************************************************************* //
