/*--------------------------------*- C++ -*----------------------------------*\
| =========                 |                                                 |
| \\      /  F ield         | OpenFOAM: The Open Source CFD Toolbox           |
|  \\    /   O peration     | Version:  2.3.0                                 |
|   \\  /    A nd           | Web:      www.OpenFOAM.org                      |
|    \\/     M anipulation  |                                                 |
\*---------------------------------------------------------------------------*/
FoamFile
{
    version     2.0;
    format      ascii;
    class       volScalarField;
    location    "2.4e-05";
    object      k;
}
// * * * * * * * * * * * * * * * * * * * * * * * * * * * * * * * * * * * * * //

dimensions      [0 2 -2 0 0 0 0];

internalField   nonuniform List<scalar> 
7500
(
9.9983413e-06
9.9985465e-06
1.0006639e-05
1.0007806e-05
1.0008162e-05
1.0010874e-05
1.0013357e-05
1.0015497e-05
1.0020453e-05
1.0025216e-05
1.003488e-05
1.0042485e-05
1.0051399e-05
1.0056076e-05
1.0058033e-05
1.0057556e-05
1.0056513e-05
1.0056057e-05
1.0057177e-05
1.0060422e-05
1.00671e-05
1.0075296e-05
1.0089101e-05
1.0104927e-05
1.0114169e-05
1.0121271e-05
1.0123856e-05
1.0123554e-05
1.0123367e-05
1.0124261e-05
1.0126128e-05
1.0128643e-05
1.0131462e-05
1.0134983e-05
1.0136813e-05
1.0140229e-05
1.0142801e-05
1.0147494e-05
1.0150654e-05
1.0157237e-05
1.0161307e-05
1.0170181e-05
1.0181822e-05
1.0204972e-05
1.0224022e-05
1.0240035e-05
1.0254741e-05
1.0265605e-05
1.0275607e-05
1.0284092e-05
1.0294256e-05
1.0309569e-05
1.0320488e-05
1.0332762e-05
1.0350564e-05
1.0378621e-05
1.0409341e-05
1.0435674e-05
1.0469501e-05
1.050935e-05
1.0546924e-05
1.05824e-05
1.0629565e-05
1.0670723e-05
1.0739122e-05
1.0789805e-05
1.0886599e-05
1.0946289e-05
1.1059151e-05
1.1131543e-05
1.1269144e-05
1.1350693e-05
1.1511237e-05
1.1613018e-05
1.1892974e-05
9.9990187e-06
1.0000767e-05
1.0004698e-05
1.0005821e-05
1.0008018e-05
1.0012376e-05
1.001685e-05
1.0019823e-05
1.002598e-05
1.0028837e-05
1.0034303e-05
1.0037178e-05
1.0042234e-05
1.0046166e-05
1.0050898e-05
1.0056549e-05
1.0061852e-05
1.0070095e-05
1.0077994e-05
1.0091367e-05
1.0100141e-05
1.0114674e-05
1.0121045e-05
1.0129733e-05
1.0132986e-05
1.0135664e-05
1.0137816e-05
1.0139918e-05
1.0142368e-05
1.0144808e-05
1.0147214e-05
1.0149376e-05
1.0151502e-05
1.0153205e-05
1.015505e-05
1.0157239e-05
1.0160714e-05
1.0166241e-05
1.0175954e-05
1.0196022e-05
1.0221419e-05
1.0266025e-05
1.0323359e-05
1.0375346e-05
1.0468537e-05
1.0530127e-05
1.0635097e-05
1.0713592e-05
1.0802701e-05
1.0922963e-05
1.1015712e-05
1.1147538e-05
1.1307593e-05
1.1446322e-05
1.1679857e-05
1.1886693e-05
1.2215552e-05
1.2453766e-05
1.2868955e-05
1.3157174e-05
1.3657079e-05
1.4025927e-05
1.4640303e-05
1.5082409e-05
1.5820925e-05
1.6388621e-05
1.7380982e-05
1.803417e-05
1.9144912e-05
1.9906408e-05
2.1110308e-05
2.1894556e-05
2.325601e-05
2.418703e-05
2.6497447e-05
1.0000281e-05
1.0002723e-05
1.0008527e-05
1.0010764e-05
1.0015955e-05
1.0020844e-05
1.0030505e-05
1.0038571e-05
1.0055499e-05
1.006892e-05
1.0096988e-05
1.011996e-05
1.0164988e-05
1.0204912e-05
1.025797e-05
1.0321224e-05
1.0371497e-05
1.0440377e-05
1.048106e-05
1.0540836e-05
1.0571202e-05
1.0613139e-05
1.0633062e-05
1.065318e-05
1.0665127e-05
1.067311e-05
1.0676366e-05
1.0678804e-05
1.0683443e-05
1.0686642e-05
1.0695601e-05
1.070508e-05
1.0721219e-05
1.0742828e-05
1.0778679e-05
1.0829909e-05
1.090729e-05
1.1029112e-05
1.1191684e-05
1.1462973e-05
1.1754546e-05
1.2173344e-05
1.2799168e-05
1.3330162e-05
1.4239221e-05
1.4996772e-05
1.6277514e-05
1.7422125e-05
1.8545995e-05
2.0436883e-05
2.1916279e-05
2.3925008e-05
2.6457181e-05
2.8607019e-05
3.2188384e-05
3.5162478e-05
3.9873104e-05
4.3290358e-05
4.9032244e-05
5.29747e-05
5.9719094e-05
6.4662696e-05
7.2406997e-05
7.8798792e-05
8.8059045e-05
9.527004e-05
0.00010748836
0.00011566552
0.00012886699
0.00013821254
0.00015140685
0.00016048876
0.00017508332
0.00018560702
0.00021031477
1.0010542e-05
1.0017296e-05
1.0038259e-05
1.0050926e-05
1.008238e-05
1.0107359e-05
1.0166311e-05
1.0211044e-05
1.0314092e-05
1.0392283e-05
1.0566723e-05
1.0701019e-05
1.0963352e-05
1.1221459e-05
1.154598e-05
1.1917132e-05
1.2220605e-05
1.2586588e-05
1.2812932e-05
1.3088514e-05
1.3213163e-05
1.3374581e-05
1.3444322e-05
1.3508571e-05
1.3528179e-05
1.3551727e-05
1.3582621e-05
1.3632423e-05
1.3713108e-05
1.3830567e-05
1.403041e-05
1.4313593e-05
1.4776123e-05
1.5370086e-05
1.637403e-05
1.7518865e-05
1.9065596e-05
2.1592848e-05
2.4194477e-05
2.7735873e-05
3.2587755e-05
3.7425073e-05
4.5814697e-05
5.2721048e-05
6.4354411e-05
7.3879111e-05
8.9869186e-05
0.00010573665
0.00011960694
0.00014380929
0.00016309579
0.00018934314
0.00022071537
0.00024715413
0.00029221385
0.00032661799
0.00038223948
0.00042156544
0.00048658079
0.00053059075
0.00060564382
0.00065818307
0.00074027074
0.00080799469
0.00090470414
0.00097808653
0.001101633
0.001183902
0.0013157475
0.0014057167
0.0015291815
0.0016149735
0.0017477726
0.001844559
0.0020654971
1.0053193e-05
1.0082809e-05
1.0178505e-05
1.0245317e-05
1.0416531e-05
1.0548445e-05
1.0863408e-05
1.1082371e-05
1.1590228e-05
1.1938173e-05
1.2682702e-05
1.3286199e-05
1.4282117e-05
1.543338e-05
1.659886e-05
1.8062878e-05
1.9169079e-05
2.0546204e-05
2.1383228e-05
2.2370482e-05
2.2865117e-05
2.3415793e-05
2.3739439e-05
2.4122833e-05
2.4571482e-05
2.5174346e-05
2.6071022e-05
2.7357072e-05
2.9544623e-05
3.2265581e-05
3.7084421e-05
4.2290859e-05
5.1578713e-05
6.0857157e-05
7.765263e-05
9.3322246e-05
0.0001193154
0.00014886706
0.00018772409
0.00022432231
0.00029226465
0.00034744467
0.000439848
0.00051423796
0.00064780807
0.00074922391
0.0009177545
0.001082766
0.001221794
0.001470395
0.0016556143
0.0019294834
0.0022034177
0.0024581923
0.0028981935
0.0031997795
0.0036919369
0.0040353873
0.0046049483
0.0049782384
0.0056091972
0.0060292929
0.006705214
0.0072199976
0.0080031982
0.0085651929
0.0095187811
0.010143184
0.011152043
0.011801068
0.012700492
0.013312053
0.014244275
0.014914027
0.016423852
1.0178839e-05
1.0297977e-05
1.0686053e-05
1.0997282e-05
1.1740287e-05
1.2295508e-05
1.3522302e-05
1.4299453e-05
1.5956067e-05
1.708644e-05
1.8915808e-05
2.1150526e-05
2.3175402e-05
2.6462853e-05
2.8955982e-05
3.2879684e-05
3.5547302e-05
3.9340733e-05
4.1757604e-05
4.479275e-05
4.7045596e-05
4.9749755e-05
5.3399842e-05
5.7847949e-05
6.5660622e-05
7.5147433e-05
9.2595484e-05
0.00011194207
0.00014776286
0.00018408382
0.00025132167
0.00031515595
0.00043205303
0.00053736882
0.00073165547
0.00089726275
0.0012009907
0.0014457828
0.0018816435
0.0022292769
0.0028501174
0.0033313255
0.0041804448
0.0048064318
0.0059572363
0.0067754274
0.0081742878
0.0094235998
0.010516695
0.012493453
0.013801378
0.015950614
0.017591265
0.019671109
0.022710388
0.024677115
0.027922439
0.030291917
0.033947502
0.036291472
0.040239599
0.042758999
0.046921467
0.049787944
0.054513095
0.057731686
0.06321666
0.066774071
0.072469889
0.075968381
0.080884563
0.08413947
0.089041576
0.09248809
0.10017614
1.0596902e-05
1.127347e-05
1.3025003e-05
1.4220765e-05
1.6648876e-05
1.8289934e-05
2.1466238e-05
2.3167124e-05
2.6658771e-05
2.8858088e-05
3.2502241e-05
3.6090564e-05
3.9946987e-05
4.512825e-05
5.0714827e-05
5.719103e-05
6.5007581e-05
7.2370322e-05
8.3356515e-05
9.416634e-05
0.00011400464
0.00013715131
0.0001812419
0.00023249638
0.00033224748
0.00043938863
0.00064699806
0.0008508453
0.0012402676
0.0015959003
0.0022669466
0.0028478077
0.00392558
0.0048226812
0.0064924918
0.0078141507
0.010262132
0.012100133
0.015444549
0.017920658
0.022357507
0.025554762
0.031371731
0.03539194
0.042861926
0.047803386
0.056601469
0.063546036
0.070633895
0.081963502
0.089000737
0.10105358
0.109024
0.12174565
0.13640962
0.14620735
0.16271094
0.17502861
0.19221973
0.20347268
0.22200118
0.23356716
0.25267716
0.26535055
0.28647174
0.30056642
0.32417518
0.34018
0.36452925
0.37933594
0.4000434
0.41338082
0.43311184
0.44698436
0.47736441
1.1286407e-05
1.6835761e-05
1.9275546e-05
2.5212955e-05
2.7647026e-05
3.3286267e-05
3.6075637e-05
3.8969335e-05
4.4666471e-05
4.831056e-05
5.5809619e-05
6.0823224e-05
7.1028182e-05
7.9015096e-05
9.4801315e-05
0.00011035763
0.00014054945
0.00017742089
0.0002506765
0.00034421456
0.00053410877
0.00075539213
0.0012053919
0.0016803564
0.0026440698
0.0035704956
0.0054110709
0.007043558
0.010222244
0.012868061
0.017932364
0.021951085
0.029480009
0.035292165
0.04615468
0.054181354
0.069143147
0.079641373
0.09897895
0.11233355
0.13651795
0.15292187
0.18304478
0.20271681
0.2396406
0.26280486
0.30536681
0.33345675
0.37161736
0.41737819
0.44735054
0.49907333
0.53290285
0.59068362
0.63861926
0.68585256
0.74683144
0.80143085
0.85638963
0.91137759
0.97338492
1.021254
1.0916265
1.140774
1.217828
1.270019
1.3541019
1.4186043
1.5070915
1.5625435
1.6372181
1.685427
1.7562331
1.8078919
1.9186155
1.1273981e-05
2.002529e-05
2.3307195e-05
3.5556618e-05
3.9544106e-05
5.1965047e-05
5.7432007e-05
6.9744974e-05
8.1096907e-05
8.9485543e-05
0.00010447675
0.00011804984
0.0001442796
0.00017938433
0.00024824749
0.00035540357
0.00057437319
0.00088918731
0.0015500322
0.0023542785
0.0040448998
0.0058155439
0.009507992
0.012993774
0.020183751
0.026402673
0.03890935
0.049008397
0.068877496
0.084027187
0.11328149
0.13468598
0.17497883
0.20399272
0.25816509
0.29593361
0.36636972
0.41305605
0.49971831
0.55615139
0.65924
0.7259706
0.84860652
0.92579017
1.0702866
1.1581883
1.3204692
1.417466
1.5858081
1.712533
1.845625
2.0285434
2.150533
2.3584039
2.4899068
2.7143642
2.8791839
3.0979635
3.2752139
3.5118734
3.7019666
3.9281481
4.1682331
4.3829263
4.6263055
4.8517467
5.1531096
5.4156997
5.7418238
5.9612515
6.2594591
6.468497
6.7729884
7.0097677
7.4918948
1.0328083e-05
1.415043e-05
1.7815797e-05
2.6589e-05
3.8047646e-05
4.9133335e-05
6.9364015e-05
8.3379413e-05
0.0001147534
0.0001400232
0.00019203627
0.00026638936
0.00040943299
0.00067161485
0.0012191005
0.002091522
0.0039662884
0.0064026889
0.011657995
0.017314882
0.029400314
0.04066915
0.064456873
0.084571115
0.12634461
0.15891961
0.22474494
0.27337182
0.36927935
0.43711958
0.56820305
0.65829971
0.82689659
0.94255945
1.1574895
1.30203
1.5693621
1.7409997
2.0597234
2.2614183
2.6322061
2.8678131
3.2967235
3.5654707
4.0630343
4.3703275
4.9298269
5.2751748
5.8889301
6.2611276
6.8970946
7.3524647
7.8853681
8.589585
9.0967545
9.9796195
10.574823
11.516503
12.304692
13.325339
14.274371
15.345663
16.186159
17.258322
18.056813
19.290972
20.386755
21.592097
23.324664
24.573636
26.401012
27.699633
29.58653
30.942248
33.382528
1.342306e-05
2.7807979e-05
3.2611523e-05
4.1748043e-05
4.5701029e-05
5.0206179e-05
6.0242714e-05
8.2403268e-05
0.00013587291
0.00025556914
0.00051961819
0.0010640832
0.0021439022
0.0041793973
0.0086079509
0.014839533
0.02843218
0.043872399
0.077263864
0.10903619
0.17685861
0.23361013
0.35316896
0.44469573
0.63405608
0.76921314
1.0421152
1.2301934
1.5999765
1.8490816
2.3249962
2.6483622
3.2299409
3.6402408
4.3823487
4.8782576
5.7812809
6.3739361
7.4673894
8.1765415
9.4754229
10.311619
11.782889
12.752876
14.583505
15.786562
17.944625
19.313815
21.709698
23.193469
25.762038
27.404249
29.854078
32.673084
35.385017
40.546238
43.88689
48.555047
52.575627
59.17802
64.888415
68.127039
72.140886
77.762741
81.758063
89.939497
95.351655
105.90045
123.31196
131.41895
147.85513
154.4051
165.86586
172.70616
184.5879
1.2279297e-05
2.287642e-05
2.7633363e-05
3.7716946e-05
4.8274732e-05
7.3144533e-05
0.00013508659
0.00029402703
0.00067703741
0.0015551803
0.0034410171
0.0073373258
0.014704576
0.028534035
0.057508696
0.093575075
0.17085973
0.24963462
0.41624912
0.55923675
0.86015558
1.0902378
1.5677426
1.9066339
2.5982215
3.0666279
4.0113945
4.6427875
5.8777973
6.7084109
8.2721189
9.4779585
11.229335
12.975933
15.214128
17.047559
20.285562
22.540318
26.795063
29.555069
34.707615
37.882856
43.59701
47.862429
57.867519
62.925719
73.285674
78.59651
90.6598
96.669025
111.391
117.99859
131.4224
154.52068
172.88185
224.77277
230.12948
245.49769
274.85185
333.09455
341.41025
349.04167
376.3596
422.70898
433.39283
509.54727
526.50038
600.77711
586.9622
599.15968
648.6882
643.36459
656.99948
710.882
706.31858
1.1401013e-05
1.3672136e-05
1.7376365e-05
2.874101e-05
7.063855e-05
0.00021689935
0.00065153445
0.0018007148
0.0045181968
0.010642669
0.023223982
0.048742721
0.092146266
0.17690483
0.31966744
0.49840979
0.84023129
1.1802434
1.8327133
2.368948
3.4488727
4.2334938
5.8177093
6.9193374
9.126494
10.662038
13.76739
15.879605
19.962362
22.92279
28.799913
32.858314
39.959905
46.963303
52.934993
64.119211
76.779516
87.200477
109.2127
119.32995
146.07108
156.26972
192.635
216.17986
300.29148
295.13682
342.38207
366.79683
447.1832
466.90409
580.51015
567.96319
685.4228
697.76985
714.75849
956.01565
823.40794
946.85675
1118.5941
1055.8485
871.02542
855.16462
992.45199
866.07816
855.04209
981.47053
969.06085
759.05565
622.32614
652.25861
470.46858
491.83081
487.44535
478.32397
358.81306
1.1487748e-05
1.5610872e-05
2.9697681e-05
0.00010471383
0.00041215348
0.0014480966
0.0043967949
0.011777129
0.028380722
0.06542044
0.1369276
0.27204224
0.48852099
0.94418438
1.3966397
2.2968318
3.298353
4.8412312
6.6349308
8.6827182
11.88115
14.498423
19.370604
22.989608
30.339806
35.859264
47.298567
54.869831
70.557824
83.186524
110.44872
126.16245
161.63859
181.47448
214.52954
305.64031
338.5702
412.71858
528.46596
553.38821
700.3415
720.49481
869.46253
886.63519
1090.564
953.73219
1013.0114
1040.7997
1057.6576
1143.3756
1001.4255
923.97849
940.9219
782.65141
767.71638
706.99801
519.16929
689.65924
489.69197
322.61193
272.88067
339.58035
310.5503
171.52187
258.65775
192.25695
191.41186
80.726934
63.009636
58.512917
33.948425
41.96847
42.168325
33.592164
21.141637
1.0346029e-05
2.1876967e-05
0.00011629014
0.00064797707
0.0027585021
0.009359655
0.027041664
0.068567841
0.15616615
0.3580305
0.69980701
1.2353741
2.2538878
3.7397695
5.4161037
8.7567821
11.475969
17.118752
21.429905
29.624057
37.68438
49.013363
62.914238
77.768842
108.60909
130.61968
181.90656
208.60029
296.91942
357.73934
501.30609
555.00228
744.43189
802.96548
912.15819
1177.9513
1098.0725
1379.1609
1212.5805
1260.3101
1255.4387
1047.7731
1104.2309
948.92703
620.23388
550.23448
397.59528
350.35063
356.99976
345.04999
143.87457
219.78239
115.27676
94.946459
155.01115
68.676148
74.376036
156.11072
41.683131
16.416575
21.595897
61.040196
28.766329
19.522708
73.755146
36.65022
12.391142
9.2771783
9.3288526
7.5496115
6.074783
9.3419758
10.037384
8.9650152
5.8858471
9.8424111e-06
7.420177e-05
0.00073245146
0.0041363308
0.016823068
0.053347261
0.14475402
0.34642502
0.74034386
1.6704552
2.8874465
5.0095444
8.6913562
12.371764
19.427706
28.125163
37.588752
55.656484
69.921454
99.804356
128.6052
175.79932
224.3777
311.83893
464.81325
567.03403
799.37756
900.40837
1136.1933
1263.7122
1395.2018
1416.1959
1500.6883
1242.9002
1175.7002
1023.9279
805.22512
686.94607
319.77026
407.26209
205.07854
196.24583
219.9619
111.86845
46.13592
45.211685
41.993184
34.72463
39.247015
25.998739
14.90782
19.800013
17.058674
13.879755
35.816258
24.573856
30.687113
63.92484
12.086454
6.2377065
9.6500106
23.146278
13.038254
9.5223584
33.420916
12.440833
7.4336022
5.7665506
5.72768
5.0640335
4.5742349
5.6075992
5.7644804
5.686901
4.8487294
8.988597e-06
0.00048478837
0.0047042587
0.024328753
0.090726063
0.2658159
0.67449347
1.5258213
3.039229
6.4703771
10.296151
18.196333
27.092038
40.738155
65.306093
87.041686
130.42729
186.71893
243.80668
387.5314
517.22879
735.00738
945.66978
1260.609
1353.3298
1587.5415
1579.8494
1540.5277
1297.4312
1180.631
792.94027
783.80197
259.49168
308.72248
202.18025
124.37855
186.48204
70.348464
35.655787
40.471973
17.914075
32.655485
18.367422
21.150332
12.789233
10.65852
9.2362494
10.618958
11.015746
11.57451
11.519696
10.019813
7.7867755
6.7618085
17.546349
18.081182
29.052617
36.068225
9.5065848
6.0033303
7.1851344
14.69111
7.0068203
7.0533621
23.137202
9.6997002
6.4641962
5.3437866
6.2740956
5.3305902
5.0624849
5.0100525
5.3723295
5.6960851
5.0361684
1.6284554e-06
0.0031002667
0.027084215
0.12665563
0.42809769
1.1537307
2.747958
5.7318168
11.024102
21.574159
33.424282
57.606468
84.826012
142.8645
213.15817
301.9082
515.48756
710.19918
977.80479
1374.8219
1463.8586
1683.6619
1550.7144
1459.7932
1062.2057
870.68659
410.86874
511.55413
222.93197
179.84507
88.186336
84.450765
25.687135
38.973346
27.983923
21.642444
56.031418
10.617455
27.458788
16.460265
8.4765737
13.817704
7.2662554
16.453678
11.480669
9.1435361
5.3740003
6.205141
17.84779
12.740724
11.31221
11.087421
10.207498
6.6957101
10.946536
20.239144
33.542968
26.519888
6.9906947
6.2926395
6.6104785
11.150792
8.6489053
8.3105654
11.62452
8.1532286
6.2839677
5.4578346
5.1184147
4.7816582
4.5514276
4.0802904
4.6649634
5.9244579
5.5392429
1.4153749e-05
0.017703606
0.1373272
0.57767981
1.7650411
4.3863115
9.8647026
18.946151
37.390312
65.444369
105.63177
184.84696
290.5475
539.44515
793.68988
1237.2241
1523.1856
1686.8767
1748.9212
1548.2741
1124.49
874.86765
374.94471
253.91493
133.75953
104.65344
38.913308
81.771375
19.303337
23.689507
8.8446924
5.7113184
5.5904824
5.9020538
6.0442851
9.1663262
9.1198764
7.1049586
35.821009
14.146123
10.777465
9.9413363
11.363641
7.9729056
10.72013
10.708157
7.2683412
7.7810995
17.737187
13.424815
8.6183117
9.8300406
10.872693
7.2377135
8.9748522
18.036717
26.395367
20.302378
6.6747633
7.5081646
8.0853378
9.5259537
6.8570437
7.9724254
10.94742
8.5726493
6.2378399
5.3418103
4.6904252
5.2062719
5.1613961
4.525806
4.6670413
5.3747422
5.4833353
0.00058032698
0.093616284
0.62110016
2.3159373
6.3921199
14.775417
30.731073
59.951763
118.32833
202.55395
359.76024
684.15879
1151.943
1617.951
1884.5205
1888.6123
1422.9771
915.15199
542.92166
308.1443
208.93589
155.6744
36.495207
27.379255
13.768328
19.202071
7.1659941
9.6958364
4.7932672
6.7322442
1.5479291
1.4317132
2.0788258
4.5190146
2.9927993
6.527423
4.9696263
7.0742831
31.00523
15.112436
9.0916587
8.1124138
16.583719
7.7863965
11.584557
10.051148
6.4686866
7.2809216
7.6014114
13.107113
9.8231819
8.2094369
7.5365329
6.3535029
11.961337
13.571058
12.461438
15.796178
7.0579088
9.3371496
10.71734
6.7394641
8.5029696
6.5954012
9.168031
5.5966405
4.859426
4.9343011
5.2385601
7.2734964
6.7666206
5.1316284
5.2294088
5.8668696
5.8548946
0.0073094488
0.4459897
2.5026303
8.196305
20.634964
45.260735
92.676055
192.10031
381.42868
728.07785
1428.2327
1830.448
1997.4566
1691.7044
1038.9874
460.23963
204.50534
139.08357
61.751504
55.583725
56.87775
21.535732
7.5297362
4.6605399
4.266279
8.1402102
3.1050216
2.723422
3.3538847
8.1767396
1.3134965
1.2034493
2.1114917
4.5991279
3.412602
7.2209686
6.3809585
9.5836253
30.522616
12.160355
10.135528
6.3179396
7.3306263
7.1555972
15.808719
9.3479424
7.5855484
6.3145585
16.436743
15.231502
11.069837
8.7223871
10.438115
7.3664892
12.471392
10.383041
5.6482617
10.876395
6.6402279
9.5235894
12.454608
7.2089753
16.679362
7.8509122
6.4410134
4.9297189
4.5978269
4.9410067
6.3969771
8.7298529
10.861464
7.2372557
6.4874758
6.4938587
6.0206784
0.057717013
1.8995225
8.9377548
25.867572
61.118646
133.61432
286.46602
671.33699
1447.0104
1839.9006
2117.7134
1643.7047
665.23668
326.21427
140.97627
46.066671
22.861966
29.851806
8.4310918
10.198193
18.144309
28.10808
8.3456882
3.4421607
4.8318597
3.8684824
2.4882403
1.9056736
3.7302189
6.7519774
2.2450203
1.232685
3.6437615
2.4193247
3.9236332
5.9263357
6.6224587
11.949963
35.098052
11.656118
6.2198491
5.7851717
4.8786534
6.0490024
15.957823
9.139073
5.5500863
6.4662814
17.450354
7.5569867
15.164557
9.5178091
9.3563483
7.4830089
11.522614
9.6586528
7.8147883
6.1622265
5.9863831
8.3891791
50.782697
11.858756
17.34232
5.5991183
5.6587544
5.1394158
4.7281122
5.2642583
7.9665186
8.4262861
11.289702
8.9501857
7.6001176
6.6900004
5.8898334
0.36121169
7.2403664
28.554265
74.65409
174.08067
405.29217
999.71689
1819.9153
2298.1574
1683.6553
721.05641
313.76508
81.023169
55.088746
14.768395
3.6961628
3.3184763
8.7943369
3.322795
4.2039769
8.7542049
13.471846
3.2329036
2.8486248
2.6629694
3.146431
2.067371
1.9008953
4.1215984
5.1885397
3.2627583
1.3334182
4.2580755
2.0912086
2.8504019
4.4666944
2.2843512
6.4007576
9.4135951
7.6255348
4.5586849
4.5427775
3.7529454
5.7899959
9.6869426
6.4948066
7.1675769
5.387738
11.546847
5.7554793
5.9537181
8.1120432
8.0480473
7.3886504
10.698983
8.4829668
6.241443
5.7801201
7.3404185
9.3378824
27.063297
16.983173
7.1926795
9.9032686
7.4226802
5.7163172
4.9279975
5.2614375
6.0982938
6.7593926
9.773661
9.7126619
7.8982069
6.0347253
5.8600287
1.9241949
24.802271
83.238263
204.28433
510.20162
1396.9407
1957.3953
1823.9959
894.33032
368.23152
133.7738
32.774944
6.7790243
8.9812688
2.3734486
0.83809292
1.2471134
2.0262508
1.7417263
3.3790028
5.689451
7.8860951
3.630335
1.6920865
2.8722977
7.4634789
1.7230597
1.9793498
4.2497859
4.1002292
3.7224952
1.7535544
2.0071223
1.7353748
2.1526008
4.0098117
2.1961349
3.5461114
4.4510106
7.6015373
4.5841132
3.914809
4.1001076
5.2692538
9.6440585
5.1215795
6.190046
5.1725286
10.489723
5.3739333
4.4302667
7.3520801
8.7983967
6.7357888
8.1626865
7.0447828
6.5231034
6.9256598
7.4518296
15.71108
11.872571
14.4245
10.042882
11.443046
8.871447
6.2665721
4.9506387
4.8051737
5.9181439
6.8446329
8.1033741
7.8770086
6.2556928
5.6366395
5.8950118
8.9886932
77.391382
226.88974
562.49195
1670.2952
2203.6305
1408.2771
486.37203
177.28651
49.703592
14.522818
2.6205739
0.85580843
2.3710026
1.0001667
0.67125434
0.98827969
1.0001991
2.0006999
3.0305125
4.7268609
8.775802
3.5481453
1.7915801
3.3580903
9.868077
1.8387243
2.4985315
4.5382729
3.8397281
4.0496033
2.1958334
1.3342494
1.2919014
1.7092648
3.5085504
2.0201074
1.9577499
3.4087476
8.7327302
4.0536079
4.5306461
4.9435443
3.98847
9.3716232
4.7190303
5.5700138
4.9115771
6.1130328
4.4842338
4.9272512
5.6603888
5.9840293
5.5373787
6.9768039
6.4806959
5.5505736
9.1062034
7.4000232
18.684449
12.539244
11.112053
9.2803581
8.0261605
7.8753767
6.270455
4.6261227
4.4834073
6.2376801
6.8711348
6.0617623
5.2977393
5.3880377
5.5954419
6.1601831
37.695942
222.58856
604.21488
1686.8771
2290.0911
1146.1699
458.77189
111.41532
23.276877
6.0193613
1.551417
0.84910661
0.49504415
0.92913413
0.95407937
0.69223464
0.96376405
0.79067085
1.3115966
2.8979254
4.2962132
5.1615204
3.4062291
2.5866731
4.613114
7.3856697
3.3357482
3.1439958
4.8101524
3.2371664
3.0755056
2.1551651
1.3135035
1.2457615
1.4506086
2.7467657
1.8487196
1.901339
5.5038028
5.8160418
3.1975257
5.405901
4.2654682
4.2644522
3.2202428
4.0032031
5.1619214
4.9339857
4.9177345
4.1588756
6.3762278
5.7940599
5.1350449
6.395933
9.7349064
7.2788573
5.1141025
9.5467355
7.1106282
32.919128
16.875328
10.758606
7.7783864
8.5392212
5.4975897
5.4264194
4.2182866
4.1411105
5.6605859
4.9053853
4.8291943
4.9802735
5.4974225
6.43097
7.3789468
145.32688
600.30039
1688.4277
2219.2617
1093.6092
325.52788
101.45187
13.855004
2.2472283
1.0886885
0.51627885
0.82664119
0.48626499
0.54608147
1.0823855
0.72239287
0.98311547
0.78277929
1.1903921
2.8441745
3.275606
2.0545927
3.5876905
2.6988819
7.0286205
4.3608748
3.5697018
4.6093781
4.9161117
2.91227
2.335161
1.9715307
1.4097083
1.4007394
1.4431742
2.3535238
1.9060293
2.3520251
3.1114337
2.7493375
2.2559611
5.8214964
4.011673
3.4244293
2.7296053
2.9902569
4.5691506
4.7252183
4.4827557
4.0140224
4.6073726
6.6644448
5.0350773
5.1380958
9.0159212
8.289801
5.4521704
5.6450814
8.3997361
13.888343
13.3007
10.478687
6.3652268
5.9782732
5.2886039
4.5538504
3.6914071
4.0246118
5.1086493
4.662112
4.7885286
5.2076334
7.1286371
8.2430211
8.1216199
483.61023
1615.9735
2694.967
1359.0804
368.93249
60.150062
12.725259
1.5408687
0.37833093
0.34157763
0.45325602
0.86815635
0.51360495
0.50064734
1.1631804
0.77485404
0.97511289
0.89572844
1.2141891
2.6433376
2.4821206
1.8316673
3.1425083
2.7124227
5.9364092
3.5962995
4.7710346
21.860708
5.1853833
2.8973264
2.0747116
1.8417311
1.4629853
1.5376708
1.6531484
2.1120654
1.9910889
3.4258067
2.4443693
2.612149
2.2547318
2.664701
2.7581625
2.4996252
2.7749635
3.171802
4.6379593
4.8931512
4.5119165
4.1073557
3.6844437
7.1917262
5.3097785
5.1887475
7.8338932
7.4587616
4.8027882
4.6394783
5.4336643
9.1465779
13.388265
10.14888
6.2811234
6.0087162
5.5829555
3.0871302
2.8687831
3.6751811
5.7412432
4.9287839
5.2465724
6.5915672
9.8052068
9.0611374
8.2746913
1470.1359
3230.6078
2157.2281
551.33201
69.566877
7.4268418
1.5305195
0.50487324
0.25804874
0.20751695
0.44910129
0.85772014
0.52877312
0.61941221
1.2310185
0.78203009
0.95813703
1.3238925
1.2068717
2.3069177
1.770928
1.7794692
2.0968578
2.3370459
2.7370768
2.9822745
4.0874906
34.455055
5.4540373
4.5995525
2.2397352
1.9046918
1.639746
1.3698624
1.7238327
2.1066907
2.0742536
4.2195939
2.1011162
2.5508671
2.3109738
2.5015084
2.5809097
2.7985921
3.0851535
4.0066555
5.0651067
5.4510746
5.2119162
4.2602862
3.8159609
4.4163515
5.1572659
5.0043172
8.7058833
6.8372964
5.2698282
5.0368569
4.6715033
8.759554
15.159643
9.8575115
6.5283618
5.4173824
4.8994538
2.1632235
2.375664
3.6258716
6.8518487
6.108631
6.8952424
9.1381408
10.697346
9.2495582
8.1453575
4243.0129
3440.7355
795.79488
102.93793
7.4304877
1.0133439
0.4750689
0.45545085
0.29633253
0.18860534
0.46058843
0.94377585
0.54113787
0.86311466
1.3630355
0.78252938
0.91863208
1.6543019
1.1849453
2.0419582
1.4887095
1.6853658
2.2849223
1.6460699
1.4192271
2.4316451
3.3775146
18.09032
4.2882572
10.001019
3.2934596
2.2255451
1.7929473
1.3583398
1.4888713
2.1823127
2.0922507
4.5044762
2.2904228
2.0151999
2.3383434
2.5490244
2.3576731
2.7154407
3.1697041
5.4065213
5.6772041
5.4177352
5.9486042
4.028857
3.3573617
3.3066234
3.5683301
5.6790927
6.7141587
5.6939454
7.8289444
5.7654269
6.108731
10.174927
9.8855104
8.5659816
6.607481
5.3601089
4.8099922
1.9253682
2.0400768
3.8077892
7.8224226
7.6824113
8.2265073
9.8495876
10.759003
9.027976
7.6939117
8032.7244
1709.7233
138.98519
11.582306
0.95780364
0.40774808
0.38947314
0.49578559
0.42015373
0.19390942
0.4788105
1.0795026
0.55925759
1.0281082
1.5036463
0.84294214
0.84356916
1.5682707
1.1829566
1.7897864
1.4372868
1.7030535
2.572132
1.5211649
1.3128933
2.1111847
2.7836257
4.1934088
3.5533778
10.957552
4.2254085
2.4977355
1.9237414
1.4455521
1.4853843
2.0493274
2.188269
4.3777791
2.060021
2.0290953
3.1102831
1.8760947
1.8905492
4.9953528
4.0173683
6.5615922
6.5458752
8.2566369
6.7007071
3.9264001
2.6812007
3.1353852
3.0372945
6.2695938
5.164685
4.8826604
10.818463
5.0615243
12.222358
8.2905073
9.0242941
8.2600595
5.3967598
4.6529902
4.2838012
1.5696692
1.8638223
4.229291
8.374625
9.3028129
8.5838108
9.8474455
10.658483
7.9077812
7.5887049
1631.0376
307.48455
14.254677
1.3209267
0.51956777
0.36042533
0.38674777
0.53644236
0.62713361
0.21938612
0.49340785
1.1280709
0.57498692
1.0454988
1.7118758
0.89287602
0.80940468
1.0787778
1.2123418
1.7012379
1.5630624
1.7784944
2.6548165
1.7004362
1.5597997
1.9514242
2.414755
2.883106
3.4822008
6.7981115
4.4845966
2.9083998
2.0678661
1.4794421
1.6878115
1.7679283
2.3556699
5.4451154
2.2556864
2.0702528
3.1889656
1.6908188
1.6980637
3.9613815
4.0340853
6.2355455
5.4208293
8.9587677
6.9389311
4.0898832
2.6172766
3.7058878
3.0681082
4.8999924
4.446006
4.2446383
8.8246184
7.5978308
16.794362
6.4259717
8.0270013
8.1817144
4.6447325
3.8694826
2.6647233
1.4334216
1.7564926
5.2286587
8.721687
10.16571
8.1567154
9.9547678
9.4163599
6.4112029
7.0457853
118.45314
28.047679
1.4199601
0.54576644
0.51715998
0.35761501
0.39483878
0.63716641
0.97993001
0.250284
0.49840283
1.1450458
0.72424999
0.976484
1.946071
0.94550627
0.7852367
0.66600671
1.1517085
1.6127567
2.1158648
1.9054209
2.3920306
2.2859977
1.7421221
1.6162409
2.1394474
3.356433
3.2837342
1.9821058
3.4175622
3.3068232
2.1585168
1.6607887
1.9515451
1.7243796
2.5316837
8.8692753
2.1764614
2.6100513
2.2722944
1.6823832
1.6769118
5.8593423
3.3447067
5.1175506
3.1958517
4.3893451
6.3460151
4.6778874
2.6482086
3.1377017
2.8677806
3.5758733
3.8481108
4.0932641
6.2756247
9.2903223
11.284698
6.4314536
8.1652046
7.9846982
4.6225721
3.3882808
2.5906658
1.3602071
2.033451
7.4647804
9.4810321
10.481531
6.9253328
10.620874
8.6612487
6.1114579
6.4633558
4.8799332
2.096813
0.59558795
0.51009492
0.59734113
0.353666
0.41472658
0.76519043
1.2453658
0.30303049
0.49262402
1.1520474
1.591449
1.0249727
2.2741726
1.0278471
0.76819015
0.49065729
1.1043341
1.6726457
3.4385076
2.0887569
1.6351487
2.282827
1.8098337
1.4030875
1.6594884
3.134123
2.959016
2.7472421
4.7559202
3.9040162
2.1447949
1.7060766
3.0630638
1.8443493
2.4555842
13.077685
3.4219666
3.6834612
2.4697539
1.9038687
1.7617549
4.9880326
2.8134773
3.3492743
2.2504286
3.2607128
5.5493575
4.7211802
2.5740355
2.6674999
2.7782893
2.9948113
4.3499971
4.1618055
5.8921135
8.8943555
7.022616
6.8618149
9.027242
7.6795781
5.0017383
3.5568122
2.5007965
1.2144252
3.0594549
8.349671
9.5929334
9.4199789
6.5391079
11.179876
8.8373389
6.5755331
6.5385874
1.1625013
0.75273947
0.56953742
0.53854703
0.67197982
0.35045958
0.43906778
0.84907813
1.2889156
0.40765586
0.47665616
1.1825326
4.9217483
1.6821675
2.6918977
1.0964123
0.76397056
0.44493767
1.026412
1.7763144
4.2723759
2.4042322
1.4933149
1.3566335
1.5503143
1.3815251
1.7237045
2.4325731
2.5759798
2.1623101
5.0867366
4.503133
2.0615326
1.7328896
7.3008053
2.3961643
2.1415336
11.724693
6.246766
4.8351083
2.8947908
2.1294317
1.8972595
2.4047795
2.4882141
2.7296116
1.8785843
3.1249773
5.2301441
3.3554379
2.5318697
2.9143037
3.3288132
3.1978528
6.5547492
4.0460762
5.5127811
7.6666409
6.3287183
6.6662775
9.375201
7.9921889
5.3948871
4.3483089
2.5087201
1.0316484
4.0307212
8.6998064
9.066086
8.2325074
6.413728
9.6976366
9.0332445
7.8103881
5.7554497
1.0771139
0.7055597
0.58715636
0.5535936
0.71302815
0.34917196
0.46150048
0.87172226
1.2036117
0.6008128
0.47199142
1.3135379
9.6929932
3.4313712
3.126152
1.1259353
0.73513997
0.45573783
1.0117911
1.8628478
4.1761861
2.5881559
1.4630899
1.1256048
1.3761619
1.4179716
1.7156103
1.9243522
2.4533972
1.8480969
6.9483953
4.8848449
1.5485646
1.5432617
7.5909332
2.9732507
1.9490583
3.611601
6.1766385
4.9631
3.6741871
2.2528967
1.9358674
2.5759801
2.4070197
2.6414775
1.8140024
3.9461672
4.3385686
2.6788865
2.622041
3.3976071
3.7604521
5.5581368
6.3442497
4.1671688
5.8168382
6.9698195
6.107108
5.9989195
9.0111858
9.5332634
8.7966413
4.6915672
2.7604868
0.83011625
4.1487839
8.8494352
8.6228068
7.6859482
6.5807391
6.8429656
10.036616
8.1925844
3.800425
1.077182
0.74374333
0.6087605
0.55735508
0.72121117
0.35419938
0.4838043
0.86404836
1.1723689
1.0638014
0.48214866
1.3724637
9.6845367
6.0107738
3.3674645
1.0118182
0.71260625
0.52206961
0.99422419
1.857405
3.3392241
2.6717672
1.3762031
1.2058341
1.3062756
1.7480573
1.6554068
2.1781153
2.6445153
3.8108194
6.7664464
3.3759684
1.3498993
1.4626375
4.3015151
2.9893096
2.1698654
2.2705578
3.7714918
4.6759441
4.9140159
2.4216418
2.0260553
2.1529149
2.4556504
2.7112188
1.9461347
4.151869
4.0220688
2.6291138
2.3474915
5.2930056
3.719474
6.5415412
6.8223925
6.1550101
6.4957749
6.1405447
5.3856289
5.1783266
9.4733245
9.438197
9.9857742
4.6115099
2.0586098
0.76714039
4.2069342
9.1764125
8.3509897
7.733895
7.7145631
6.7921352
10.115273
8.0917652
2.9894878
1.06065
0.75996349
0.62633291
0.55685905
0.7170163
0.36947554
0.50369724
0.82576425
1.2805304
1.8368011
0.53437232
1.1259949
5.4052272
5.8313015
3.4298085
0.9253943
0.67486008
0.61180134
0.95763239
1.8324074
3.2235044
2.7377922
1.293969
1.2582404
1.2083135
2.1106792
1.9195581
2.5745264
2.6956601
8.2666888
2.6765738
1.7971944
1.332763
1.3463477
1.8828007
2.8800922
2.186134
2.2791715
3.2154343
4.6928688
4.2227909
2.3773529
2.2974271
2.1024495
2.6115634
2.6534139
2.4550383
3.2261444
4.341623
2.5712662
3.5658049
6.8642304
2.7941302
5.2115404
8.0846423
11.517141
6.2301694
5.3301284
4.4249263
4.6423676
9.5457752
12.958625
8.7188249
4.9624441
1.265671
0.7544212
5.0712431
9.1094842
7.8377986
8.5468291
8.6447462
7.5756277
10.789816
8.3665006
2.6153349
1.0605866
0.79704655
0.65290777
0.54972184
0.70706432
0.39953602
0.52023838
0.82022351
1.4245791
2.0542339
0.57175547
0.96519887
6.7649444
8.3303877
2.6940875
0.80136721
0.65598283
0.73589396
0.94871333
1.9781999
3.890303
2.7319362
1.269812
1.242554
1.0117384
1.9206996
1.903873
1.9164197
1.7142305
11.511966
2.1044444
1.6806482
1.5389192
1.3373874
1.4998253
2.6972985
2.3111954
2.1815077
3.0482118
3.6017778
3.4337664
2.379928
2.3912325
4.7342479
3.1253043
2.5913209
3.0166391
2.8145379
4.5901365
1.9271246
5.4526336
4.8657203
2.3133619
5.4461477
6.2475664
10.600204
5.5037435
5.0657672
4.0131235
5.0156747
8.3263976
14.97674
11.904717
4.8430802
0.53035595
0.69225217
5.354238
8.7806865
7.714522
8.7445016
8.597232
9.0330051
12.545326
9.3236498
1.8024499
1.0300608
0.80483741
0.65738962
0.54309332
0.7043318
0.43970581
0.53524018
0.83804674
1.4763574
1.8905686
0.55522972
0.94065525
3.8558327
13.990027
1.1563342
0.73187946
0.67720163
1.0911673
0.9577085
1.9191868
4.9503137
2.5020298
1.2713525
1.2537329
0.99565066
1.4675585
1.9038943
1.6961037
1.3809067
5.504108
1.9570254
1.7002804
1.9448924
1.4695317
1.5535266
2.7676529
2.4283156
2.1725637
3.5736765
4.5499732
3.7865867
2.5149592
2.1403795
3.8529999
3.0160486
2.9015107
3.5707816
3.4482089
4.2968529
1.721254
6.4629258
3.181906
2.2145262
4.3667209
4.8525415
8.7225168
4.5025412
5.1107317
3.9579131
3.4718074
5.5454945
11.272607
4.5852926
1.8631549
0.33945949
0.61230687
5.4171743
8.7366413
7.4234937
7.3643792
7.8088105
11.897015
12.927269
9.6000429
1.7688631
1.0229852
0.81873271
0.65167142
0.54319718
0.70960435
0.48712574
0.54987051
0.8800309
1.490302
2.0254561
0.5286261
1.0660559
3.3766982
9.7179633
0.85500527
0.7131172
0.85334393
3.1234893
1.4411771
4.6155217
6.0690726
2.1903998
1.1769181
1.4580851
1.1353169
1.2590536
1.4724649
1.9945405
1.2733903
1.5680127
1.4131282
1.6969524
2.404781
1.5846812
2.3005433
2.5533109
2.1343946
2.3225335
2.8690399
5.5330996
4.389429
2.7812281
1.5357391
3.6555258
3.0959161
3.1350358
3.8102602
4.3038139
3.2956758
1.5191741
4.2801993
2.6227985
2.4393096
4.3735274
4.3573187
7.1265078
3.8968152
5.2134905
3.6405122
2.8549501
3.3587193
4.6093216
2.9293312
1.0767085
0.30987995
0.57056409
5.4104023
8.9013175
7.1321458
4.6788631
6.8860915
14.835941
13.522114
8.6082025
1.9770112
0.97624243
0.80492095
0.61422491
0.55403616
0.73186521
0.53785164
0.5690346
0.91633209
1.404562
2.3365528
0.54651494
1.113596
3.3223593
3.6771891
0.8810456
0.72849924
1.5201267
5.6652422
5.7891725
15.321885
6.9020598
1.9077978
1.2319613
1.7569062
1.4048817
1.2709074
1.3518569
2.0613907
1.3041832
1.1689322
1.3278328
1.7304122
2.9041276
1.6581311
3.4872058
1.9038378
2.1131652
2.8367976
8.5950733
5.6201615
4.5551817
1.9049046
1.3610911
4.1596151
3.6596801
2.9691923
4.3121737
5.8717476
3.4287366
1.0712451
4.5137216
2.1408538
2.650996
5.7050387
3.446476
5.0666081
3.8900907
5.356461
3.5233998
2.8222073
3.0609612
3.3922695
2.9473542
0.88434745
0.33512975
0.36635445
4.9434226
9.1662776
7.2988064
4.1249664
6.5005264
16.977923
13.957142
7.782473
2.5578288
0.9617564
0.79575192
0.58010454
0.58637652
0.77551406
0.57767131
0.58329465
0.92028267
1.1971976
1.9962958
0.60610145
1.0432131
1.5321735
1.5744666
0.89113323
0.78907495
1.9605108
5.319963
8.2609875
11.572047
6.1585541
1.7588892
1.369901
2.0330875
1.9979158
1.4124875
1.4173939
1.9446314
1.3035627
1.1985364
1.3078361
1.6477773
3.3378832
1.8214638
4.0547483
1.8656123
2.6907171
3.7315189
14.426857
2.731493
2.5239883
1.3801146
1.3308056
2.5023169
3.6751878
2.9449525
4.0888658
6.3003487
4.6333033
0.88495504
4.2577749
2.376065
1.982571
5.6118145
2.9502478
4.1950821
4.2020881
5.3518985
3.7913646
3.0662889
3.060903
3.726014
2.9697687
1.1649901
0.33749692
0.31048851
3.9092225
9.2061632
7.8711126
4.1059419
6.3443383
20.443052
13.780004
7.1071176
4.3820809
0.91091241
0.76894714
0.57377075
0.64064558
0.82724828
0.6207326
0.60074043
0.91071059
1.1617207
1.5707195
0.65966909
0.99312549
1.1019269
0.92250045
0.89545369
0.79994579
2.0189072
5.7165448
12.035085
12.244621
4.4477555
1.5729032
1.5637927
2.3794508
3.5783264
2.292192
2.5262132
2.3050572
1.2795635
1.2841027
1.3041527
1.4640527
3.6444428
2.0281806
5.233283
2.0509696
3.031041
3.966679
8.5556752
2.2530463
1.5805873
1.2158258
1.3229625
2.4249116
4.6256086
2.9651544
2.9353241
3.8125794
2.2847465
0.80571258
2.5385916
2.1380715
1.6521974
3.8678131
2.805027
4.1427186
4.5496599
5.1538311
3.7579542
3.6967565
3.2525946
3.6366772
3.7631295
1.2722753
0.34727029
0.27368583
2.4749608
9.1937385
7.8171139
4.0551475
6.5329478
22.435564
9.1728876
5.9027975
6.1942331
0.8922103
0.7525521
0.59441651
0.70436023
0.88639039
0.65977258
0.61277531
0.89455302
1.1903642
1.5834986
0.7035291
0.98996007
0.94879444
0.86969745
1.1569888
0.78232761
2.0605447
5.2025448
6.1220963
5.3639292
3.6274031
1.425228
1.6721276
2.6036043
4.402454
6.8009775
2.9371139
3.0194566
1.6796159
1.1825704
1.3021071
1.4329162
4.5011221
2.8346519
4.2919985
2.7783884
2.6194157
3.4707547
6.6561419
2.3321095
1.2342534
1.0457984
1.3705437
3.6978072
5.246265
3.6026306
2.6854556
2.2684398
1.1391216
0.9054612
1.9384166
1.6352298
0.99368756
2.4338616
2.7161916
4.1389519
4.6031653
4.733273
3.5999995
4.5149757
3.5531166
4.0310758
3.3086433
1.0578622
0.33663351
0.25033702
1.1256639
7.1364569
6.2882368
3.7476825
5.9118409
11.557039
5.3475164
5.8589306
6.6656294
0.78375532
0.74857296
0.65734159
0.78167991
0.93101031
0.73025477
0.62466498
0.88246473
1.3258988
1.6052211
0.75467699
0.9914385
0.95216731
0.96902631
1.4280656
0.8901271
2.0207004
3.5450702
3.132736
5.8447824
3.1735329
1.35338
1.764956
2.8633729
4.3142152
4.9207418
2.9041298
4.331676
2.2465313
1.3610396
1.391283
1.4471539
6.3578633
4.8751294
4.3199253
6.4286048
2.3695432
2.940929
7.6666842
2.5592701
0.99067111
1.0537399
1.5907081
4.6531608
4.1240875
4.6667023
3.4828165
2.0989063
0.86980824
0.8872214
2.150798
1.2198763
0.80781537
1.6558462
2.6396459
4.0102228
4.5148668
4.4165302
4.1083769
6.5158485
4.3669667
4.3109689
2.9296751
0.86361232
0.27872368
0.24283188
0.8864223
4.3976797
5.4113039
3.6149853
3.8920322
8.1870796
4.9964818
5.7181122
7.1070845
0.72986562
0.57490118
0.73840011
0.87306117
0.96348872
0.7951479
0.62937418
0.91157091
1.5063086
1.4700754
0.75959175
1.02311
1.1112672
1.1156474
1.4607101
1.0204711
1.5854081
2.479633
3.0663127
3.0165427
2.2237385
1.3729553
2.0121326
3.1702792
4.5637641
7.4868134
3.1499883
5.6590293
2.4426868
1.8392546
1.5485963
1.5627254
7.4839056
4.2010835
4.4251607
6.8527858
2.237376
2.455402
4.7237811
2.269559
0.95267035
1.0498854
1.7547681
4.643478
1.8475491
4.4845093
3.934094
2.3318296
0.888202
0.86803915
1.9150361
0.84830766
0.6685645
1.3404978
2.4199563
3.832864
4.251077
4.211411
4.9568023
8.7459605
5.4322227
4.3632484
3.6523637
0.84716705
0.25316352
0.2291043
0.78702383
3.7780356
5.158995
3.4216097
2.9162684
8.2816092
5.0687808
5.2976903
7.0608765
0.58838828
0.52351042
0.77003619
0.91740655
0.97960775
0.86065077
0.63830223
0.98163834
1.6432182
1.4788448
0.79480482
1.0794161
1.2093057
1.1804854
1.3666579
1.2479229
1.3320101
1.9239555
2.409988
3.4041103
1.8684233
1.3350018
2.2554523
3.4311032
5.5145239
3.8057664
2.4393621
5.7749349
2.8911156
2.9521516
1.8627845
1.8990253
7.4926365
4.1905779
5.7779752
3.239693
2.5063877
1.9135816
2.9965945
2.1921204
0.9560614
0.8001707
1.8016449
1.7922002
1.2244685
5.0450892
4.3623256
2.5578758
1.103771
0.84713388
1.4305839
0.82451499
0.64345462
1.0894352
2.391856
3.5788148
4.0640988
4.2219262
7.3683466
9.6092745
6.6424856
4.524147
3.864057
0.93182146
0.24818785
0.22440204
0.75602422
3.727855
4.9874984
3.2885979
2.6863858
6.4613833
4.7460463
4.197456
5.4437648
0.54679186
0.48851133
0.78804454
0.98083308
1.0111113
0.84515836
0.66335897
1.0625392
1.8675232
1.7822589
1.3726047
1.187926
1.2609204
1.1967118
1.3498262
1.6826291
1.3648926
1.5715877
2.4788312
2.4313132
1.5285918
1.3126691
2.2333972
2.9540679
9.0511448
3.133169
1.7630488
3.528178
3.1362576
3.7325042
1.9450148
2.4244861
3.3439172
7.0074671
6.4654958
2.8158613
2.3671583
1.7590388
2.2774424
2.37176
1.1249349
0.79146635
1.8256018
1.2550503
0.95869943
4.2263487
2.9368327
1.7652788
1.1328197
0.8361249
1.3505938
0.83526932
0.65956611
1.017681
2.4885872
3.5560163
3.9342467
4.4135833
10.701904
10.329771
8.8383066
4.7237627
3.8564873
1.0792986
0.26935458
0.22518044
0.70605518
3.6431504
4.5137335
3.0419373
2.8749779
5.8637529
4.4564322
2.6628425
2.4731968
0.58488499
0.51928604
0.82711079
1.0719578
1.0787804
0.78377359
0.75628394
1.1790142
2.3153873
2.2524727
1.5562504
1.3458083
1.334084
1.4284901
1.3699073
1.8705483
1.1926822
1.5135483
2.4946337
1.8452483
1.4886594
1.3774606
2.1272326
2.0744198
9.2011755
2.1195432
1.59425
3.3812158
3.2386832
2.9880067
1.855887
2.7857702
2.0471772
8.3043969
5.8192253
2.7025875
2.341456
1.5797006
3.8593082
2.8272666
1.2598574
0.96014778
2.1694464
1.0569507
0.9147975
0.85401679
0.50898967
0.64389145
0.73257562
0.78912399
1.38411
0.9454332
0.70714621
1.0542
2.5680156
3.750359
3.8425916
4.7526779
14.036268
11.103993
10.566301
5.6488672
3.7961927
1.3408799
0.33341715
0.22328952
0.47698975
2.8204674
3.5889388
2.7974284
3.4860499
6.0292094
4.1502663
1.5542557
0.84695116
0.66551542
0.57119453
0.8658984
1.1785213
1.3155371
0.71466056
0.76600746
1.3467398
2.9789569
2.8970231
2.0560396
1.3607261
1.3249164
1.4028371
1.4338806
1.8175563
1.0579707
2.1468606
2.7371495
2.0015005
2.1224041
1.5185684
2.0743536
2.416704
6.3879597
2.7565224
1.4601911
4.4294963
3.1285724
1.7581393
2.095247
2.7890503
2.1197652
6.4078052
4.9097147
3.0865673
2.5078321
1.6728051
2.8581157
3.3240499
1.3090636
1.1082183
2.2612611
1.0739102
0.75310434
0.46447301
0.24720491
0.4088448
0.48278056
0.90589758
1.0698284
0.95538589
0.82852932
1.4811274
2.5131919
4.0738063
3.8367744
5.2143052
14.438815
10.952141
10.799816
6.601165
3.9406048
1.7693354
0.42206668
0.21386687
0.22931486
1.4524276
2.1788128
2.5417299
3.5820265
4.9486707
4.2376102
1.2308483
0.48908093
0.62076269
0.58099862
0.87060503
1.2071632
1.6806638
0.82424363
0.77325492
1.6053843
3.8141698
3.7394921
2.0967718
1.1366534
1.2239272
1.4287675
1.5283335
1.9278666
1.1309813
1.9557465
2.2639782
2.8989236
1.8964149
1.5806932
2.0519595
3.0143043
3.1154488
2.2734589
1.9733012
2.7826829
3.0491122
1.7152271
1.9311015
2.5657566
2.0659024
3.327146
5.5588482
3.0755826
2.5535358
1.7850983
1.4458644
2.4877496
1.1689023
0.82571719
2.5144167
1.3590352
0.67501704
0.32542997
0.17687077
0.32410854
0.41845135
1.0245153
0.92197338
1.0362112
0.87143652
1.7282109
2.1174366
3.9664217
3.9211032
6.4948036
7.8698049
8.9925049
10.01751
6.9376554
4.0448912
2.051324
0.55488202
0.20665163
0.14464023
0.49351262
1.0567303
1.5052013
3.0027502
4.7652465
4.4425119
1.4321948
0.20749785
0.71137787
0.54537869
0.79204199
1.2188893
1.7600799
1.357137
0.7754646
2.1361314
4.7078509
4.9751164
2.2175137
1.3920087
1.0582038
1.4447525
1.6836101
2.3062171
1.5601085
3.2366533
2.1791679
3.0079125
1.7654606
1.8720585
2.071954
3.7267544
3.0682795
2.0662916
1.9208725
1.7122632
3.2382909
1.8218029
1.881736
2.5415098
1.8057107
3.1877581
3.7194949
3.4110781
2.7391304
1.8090827
1.4439919
1.5757094
0.86132104
0.46870137
2.0813557
1.3670168
0.395304
0.29050233
0.160616
0.28591571
0.54180071
1.077885
1.1953281
1.19215
0.8071539
1.5940435
1.8766443
3.8017225
4.4068696
7.2589928
6.5761565
6.3199773
8.1984608
6.9859208
4.0817634
2.3901102
0.74856147
0.2362298
0.11749879
0.24731458
0.6369974
0.43991199
2.0204452
4.5220368
3.9782579
2.4374543
0.11803128
0.63607459
0.58083202
0.67577072
1.0936597
1.5918759
1.7529712
1.3214385
2.1787637
5.1210138
6.6265157
1.8974674
1.2603592
0.90686272
1.5732951
1.8499864
2.2262035
1.7129521
3.3322572
2.3215468
2.6190894
2.6612621
2.5792005
2.8246577
2.6050241
3.2041778
2.1259051
1.975048
2.4466321
2.9984686
2.2117986
2.9243057
2.6371634
1.7555448
2.7735274
2.1848489
4.1725313
2.9926815
1.7271671
1.6567139
1.8176407
0.59275834
0.41144555
2.5891945
1.0425776
0.28009344
0.29788178
0.16208922
0.30882836
0.72218797
1.1737857
1.2297771
1.1141652
0.88226494
1.343788
1.8954366
4.0442489
4.7361949
6.6750145
6.6536652
4.8334462
6.8135735
6.8633028
4.1468619
2.5003468
1.0032037
0.25363812
0.11297631
0.15604896
0.22956985
0.24799328
1.4759483
4.0750611
3.9811079
2.4074793
0.035433938
0.56956978
0.77415887
0.68567305
1.059828
1.6082948
1.973715
1.8763267
1.9881398
5.2266503
7.8461789
2.0504882
1.8647639
0.90846994
2.1152578
2.4415121
2.038396
1.939536
2.9157949
2.8407108
3.6446139
6.0066281
3.7293215
3.7941276
2.9878015
3.1177932
2.1367405
2.4568744
2.7286328
3.9850927
2.9289393
3.1161089
3.034604
1.9003496
2.1852455
2.2035019
5.1434211
2.6384016
1.6536976
0.84985037
1.034582
0.34393763
0.49903218
2.0521483
0.66451054
0.24145223
0.17122975
0.17722764
0.34512227
0.89378326
1.0919662
1.074032
1.0493803
1.4608698
1.3671657
2.0460604
3.9932228
5.8334386
6.6648999
6.3108934
4.2289246
5.8546528
6.7482605
4.0365069
2.5053845
1.0972141
0.30898423
0.1150005
0.093795741
0.11442834
0.24302161
1.3685938
3.7109702
4.3221343
1.2995464
0.020799806
0.72320559
0.83298987
0.75924855
1.3857181
1.7088031
1.4535927
1.6446569
2.1590432
5.3081116
9.0402105
5.2525714
3.3508287
1.0533578
2.5920448
3.4987614
2.264518
1.9608442
3.1246336
3.5419865
4.6971254
7.7600895
4.4614799
4.8829953
3.767651
3.7908033
2.5664466
3.874662
3.5459854
4.7301386
3.1613398
2.2981409
4.564312
2.0913379
2.9013275
2.2389179
2.8443514
1.9131897
1.4343403
0.82311275
0.49601072
0.3118607
0.62622255
1.5694854
0.88890154
0.29504053
0.1504909
0.17178483
0.30757183
1.1839671
1.9731494
1.0194494
0.83018235
1.5853683
1.51667
2.0240632
3.7996514
6.132444
11.486714
5.1992422
4.2068425
5.095615
5.0209504
3.9249887
2.8093069
1.1067897
0.32734296
0.11650648
0.068210917
0.066054514
0.25598841
0.89054561
2.9735702
3.0170865
1.0922971
0.039956832
0.84469721
0.81639301
0.86538078
1.5630039
2.6616853
3.0935921
1.6412546
3.1226069
5.6041931
10.081128
10.638752
5.1438048
2.5628049
3.0096939
3.7921935
2.386384
1.9958328
5.63546
3.8111103
5.2747983
5.2550534
3.7930781
7.1131706
4.1358013
4.193228
4.4081942
3.9550637
3.7018035
3.7228457
3.0689143
2.4357187
6.119514
3.1679016
2.9783377
2.1264537
2.4326478
1.737503
1.1363608
0.62461687
0.40831665
0.18332272
0.30372683
1.3134521
0.7835175
0.27445596
0.18391779
0.17867971
0.33292106
0.63724424
0.55218855
0.98395518
0.91219236
1.8090399
2.289265
1.8799829
4.0225054
6.3331933
10.722389
5.440497
4.5949235
4.8631275
4.165049
3.830054
3.0178822
1.1119119
0.3041805
0.10833086
0.05645427
0.040069234
0.12369826
0.5181612
2.4456702
2.7633773
0.63185953
0.036716228
0.67278091
1.0055194
1.4176182
2.1441164
3.3346137
2.1450834
1.9153115
3.2587087
5.6809708
7.9643547
5.819771
5.2901364
2.7106163
3.7362189
3.3844614
2.7740808
2.6581924
4.44315
4.1185078
5.2860231
7.1908804
3.7881858
7.2000107
3.6524203
3.7666607
4.7107341
3.1277859
4.16923
3.8119149
3.1244067
2.2046849
6.3070803
6.3967225
3.4715726
2.2016431
3.3976281
2.1210428
0.93382795
0.28063125
0.20146279
0.16885528
0.2868641
0.82362573
0.4733728
0.095465443
0.25635834
0.10657083
0.18947184
0.34689805
0.65211999
0.95095531
1.3418809
2.5591799
2.1470711
1.9635909
3.9755736
7.1786306
11.325907
5.8265394
4.5942413
4.0840048
4.049665
3.9263498
3.0900581
1.0806409
0.29179342
0.073161005
0.039842019
0.033218306
0.082192344
0.37337086
2.4156937
3.7325409
0.49182407
0.038040738
0.36107605
0.81507758
1.5137118
2.3001546
3.0488114
2.5680131
2.1797316
3.2813853
4.8829281
8.263754
5.0741177
5.3801899
2.9052571
7.0503408
4.4620767
3.8362437
2.5672043
2.7492677
4.8206818
3.6597876
8.5916737
4.326768
3.0416396
3.047282
3.566142
5.4567995
3.2254309
5.2750499
2.0722286
2.1959361
4.5212398
6.839617
7.6485607
4.3624577
2.245746
3.3661964
2.2255779
0.98021014
0.31394293
0.21631678
0.096021326
0.31280671
0.79939493
0.25657321
0.055046154
0.062704887
0.1094674
0.24629135
0.44063223
0.43499364
0.79548717
1.2142741
2.8307148
2.0784043
1.8478916
4.6578978
6.9030589
11.701279
5.7987186
4.63158
3.8719958
3.8399075
4.1629984
3.1056055
0.75066749
0.15150473
0.046195799
0.032343741
0.02427534
0.036410079
0.23521585
1.7887769
4.5440471
2.204076
0.25878854
0.2840795
0.67212843
1.4323856
3.0169354
3.7624689
2.6834521
4.2475756
5.2888662
2.8561654
7.6975395
5.1912392
3.6915336
6.0860697
11.226837
4.3806655
3.3480516
3.0389904
4.0366351
4.6094594
3.9435105
3.3119702
3.1205289
2.8116813
2.5152143
4.7009055
2.7635819
2.983824
3.1699608
1.4939044
1.8138297
3.896285
9.2489909
5.1116858
4.2001489
2.3612329
2.808526
2.1034255
0.79503896
0.18774131
0.24830293
0.096374288
0.28674601
0.46827031
0.18158929
0.056163436
0.046691451
0.075018541
0.12511748
0.24548976
0.34031346
0.7191248
1.3346544
2.1082226
2.0729142
1.7111594
4.6574468
6.3130033
6.677171
5.1480295
5.492861
4.1992741
3.8435767
4.2456791
2.4810676
0.32218168
0.099310886
0.040239843
0.027083995
0.015762246
0.018982879
0.061521344
0.5752781
3.2691934
4.8813903
1.9893763
0.13310688
0.61625827
1.7204741
2.5427262
3.0932046
3.0727894
4.6555505
4.976593
2.4193695
3.875164
5.4509869
5.8918972
5.597956
5.3815357
2.772416
4.6629045
4.1029748
4.080331
6.4278618
4.0876626
3.160884
2.7456656
3.1834739
2.4019021
3.3851521
2.5094835
2.6066183
4.8189582
1.6959973
1.5262688
4.24125
5.3933002
3.9502062
3.4213298
2.6776887
3.2267853
1.142553
0.51049039
0.22118025
0.15914279
0.060303617
0.23991637
0.47302944
0.12087589
0.019371349
0.03002308
0.056979765
0.097898925
0.21552498
0.26141384
0.72423425
2.0709964
1.4550459
1.7977388
1.4829877
3.4032322
5.5801446
5.6278264
4.8844401
5.6585703
4.6364026
4.0153406
4.2618869
1.7361174
0.33402405
0.1152071
0.039606012
0.025041153
0.013220951
0.01205833
0.04171043
0.26619473
2.0913238
4.4590472
2.3520562
0.092994152
0.52742761
1.6120326
2.4488305
2.6404328
3.2079302
3.8644486
3.1183591
2.3012647
3.5362518
3.6940663
5.9833957
4.6463818
7.4691005
2.8060827
2.6081037
3.4227763
2.7839125
5.1504219
4.4594766
3.9449235
3.1733526
3.1364602
1.3704688
1.6011611
2.7518762
2.6661622
4.0974423
1.712991
1.7272652
3.2708625
5.2892294
3.9994437
3.9640859
3.3339771
3.3871493
0.43919249
0.12645003
0.10594308
0.15503597
0.053176359
0.11423738
0.18016815
0.054505264
0.016508661
0.02971446
0.043723043
0.1423968
0.34576569
0.3282638
0.69101301
1.5514662
1.8699156
1.6064921
1.5808669
2.8465737
5.192851
4.7062398
4.5834796
4.7561494
4.4063045
4.1089125
4.0752757
2.0775692
0.4092457
0.092147373
0.029602489
0.017110378
0.0099080429
0.0087803868
0.019100466
0.086037487
0.73250509
2.3328303
1.0794592
0.038126073
0.22474729
1.1464657
2.2802909
2.5716514
3.2650782
4.8376921
1.1882219
2.2676274
3.6941188
3.5196551
5.252615
5.0361444
4.3777273
3.2930896
2.2811945
2.8801863
3.1120483
5.4246614
4.4213859
4.1058197
3.4185075
1.8257351
1.1938483
1.3556891
2.9983528
2.4806301
2.1743145
1.0881586
1.8698275
4.551996
6.7457023
3.5110186
4.1428076
3.6519829
2.8571015
0.58184569
0.052169339
0.08915812
0.080438834
0.019654698
0.072542001
0.070754104
0.016738676
0.010580128
0.024343683
0.033528547
0.10441711
0.35869545
0.45064904
0.5303056
3.1025467
1.624824
1.5827948
2.3380364
2.9172202
4.3867132
5.3075937
4.4959128
4.0806392
4.3175066
4.1427819
4.0511983
2.0988676
0.43451721
0.06359682
0.019425252
0.014408226
0.0087936278
0.0078744541
0.011492075
0.026620299
0.1769378
0.63849669
0.22564561
0.030936491
0.076607812
0.55552542
1.8963721
2.7052184
2.9867329
2.3858011
0.97331218
2.9108695
3.617847
3.3172412
3.9462425
4.7288132
4.2475329
3.1483734
2.8911809
2.8418185
2.5441098
2.8987607
4.4260605
3.4402054
2.0029246
1.5020954
1.7264277
1.2030817
2.257739
2.0237946
1.6321417
1.2184972
2.181925
4.250883
5.96354
3.454453
4.0970094
3.556881
4.5371271
1.1832781
0.10906842
0.082976943
0.017689063
0.013950149
0.023175251
0.090072559
0.01189454
0.010088839
0.0084474503
0.031033575
0.14927363
0.56502062
0.97064138
0.84968508
2.082912
2.1619414
1.8158132
2.1511199
4.5416585
4.2941037
7.1472444
4.4068182
3.9687488
4.2503713
4.3427151
4.1540896
2.0927514
0.26873753
0.040803469
0.017999419
0.013608441
0.007769717
0.0064622055
0.010379905
0.011825037
0.03993693
0.11516941
0.034117472
0.021372128
0.019841327
0.18313731
1.0301504
2.611221
2.5445115
1.0800761
0.93954211
4.0702249
3.5424374
2.9412664
3.4063509
3.8362901
4.3233791
2.4967374
2.6187223
2.7097881
2.9406983
3.2486021
3.5271106
3.8498902
2.3782451
2.1126837
2.5660845
1.558653
1.4175414
0.73586692
0.78300669
1.6639012
1.6508499
4.8889442
5.1489635
3.4690988
5.9677114
5.1216106
2.9205052
1.2923889
0.038748023
0.028256288
0.015098798
0.0055572025
0.0079270691
0.014612639
0.006588929
0.0057632097
0.005981836
0.0091465718
0.044935163
0.24155628
0.24407728
0.69377558
1.3026938
2.0977093
1.8516912
1.9708436
2.818118
4.3999024
5.4577867
4.1637215
3.9878085
4.2143118
5.2009129
4.5006463
1.7772696
0.22862603
0.03975417
0.016711087
0.0099701456
0.0063907652
0.0052453105
0.0070464872
0.0089920183
0.014215056
0.021025832
0.0035933466
0.02231247
0.0051897488
0.041890092
0.25839853
1.6439421
2.0866732
0.61557575
1.3914696
4.6969047
3.7758415
3.0360417
3.3003435
3.9223643
4.3115105
2.3848725
2.8537451
2.7004583
3.8257998
1.818326
2.3386096
2.4509276
2.0627808
1.7567742
2.9348877
2.9647545
1.6798504
0.48114701
0.4118456
1.0882846
2.1836168
5.4670955
6.4469992
3.6988547
4.6482144
2.0784554
2.3719413
0.37004362
0.12932897
0.030132538
0.0078327879
0.0037180958
0.007707108
0.0040503408
0.0036025951
0.0046872343
0.0054280657
0.013889996
0.060402295
0.29740644
0.71601732
1.6833601
2.6717321
1.5511531
1.925247
2.3187253
1.8353494
5.4352637
5.0825993
4.1429509
4.2735195
5.3358222
7.056801
4.7143833
0.97605231
0.069104117
0.021640801
0.012125134
0.0091600696
0.0058984934
0.0049579373
0.0062691906
0.0065513431
0.0090049192
0.0072272108
0.0013086298
0.01867083
0.0032882457
0.0080940568
0.050909888
0.52550357
1.0480627
0.41778419
2.447226
4.667662
5.2827901
4.1462156
3.7682595
6.5993428
4.7412728
3.5135596
3.7245153
3.4538047
5.1604676
2.1024975
1.5885877
1.6265205
3.960881
1.1515013
5.5801728
1.3278974
0.70145382
0.48268109
0.38057219
1.3924903
2.6031739
5.5784386
6.3920209
3.3452333
1.8128923
0.48812071
0.68156647
0.13607878
0.014411659
0.0089748614
0.0036364526
0.0038201022
0.0027220416
0.002290128
0.0025989712
0.0049649549
0.0034195246
0.011015325
0.021255313
0.0575797
0.52281366
0.98676486
1.2430617
2.360892
2.6693591
2.4022951
2.3249043
5.7788089
5.9831924
4.2274825
4.4832823
7.0263155
5.9223781
2.1526739
0.2096599
0.053152894
0.021477659
0.011605392
0.0071835193
0.0050692815
0.0041928901
0.0052079864
0.0056718271
0.0071770668
0.0047323639
0.0012023319
0.019016988
0.0021610699
0.0023112563
0.007353545
0.13653696
0.4046494
0.40346259
2.3105236
4.2261762
5.783527
4.9322007
3.3447195
7.7880033
4.2451245
2.9418034
3.274746
4.5732097
3.3575784
2.644406
2.3819022
1.3558826
0.52515922
0.24878175
1.087157
0.56361311
0.28891494
0.42005081
0.86056661
1.4636745
4.0581417
6.4817548
4.745376
3.8592377
3.7242746
1.4334029
0.72570374
0.27180449
0.025539331
0.0062814596
0.0037859372
0.0023621739
0.0022760184
0.0017230947
0.0018400553
0.0029177299
0.0037786747
0.0086659736
0.022338929
0.056919851
0.23504726
0.47756075
2.4600232
2.8593026
3.2259663
2.6630656
2.5274039
4.1325868
5.9729853
3.3391255
4.5092966
7.3016362
3.2381873
1.4125979
0.13902252
0.042923547
0.014363343
0.0078612711
0.0063085837
0.0042544454
0.003949661
0.00473797
0.0049455216
0.0063551452
0.004105754
0.0012344389
0.016085725
0.0021847337
0.0009002156
0.0015730443
0.027254864
0.12538887
0.52560871
1.8018398
1.8120161
4.3510565
4.6158454
5.1667665
6.4344232
4.7351102
3.13801
5.2675744
7.0957761
2.5436645
0.56452175
0.59762086
0.1478231
0.09045763
0.090010042
0.41937671
0.32744854
0.20266622
0.21362503
0.46549894
1.8930814
3.0816023
4.2007391
4.7424364
2.8876348
2.3052694
1.2377701
0.45803744
0.032245898
0.0054718572
0.0057432122
0.0026357926
0.0015716352
0.0011442865
0.0013025813
0.0014670518
0.0024952037
0.0021794917
0.0064848285
0.013151439
0.060964238
0.27616985
2.252696
7.551542
7.1445334
3.3325405
3.1624045
2.7064042
3.4394293
5.1249902
1.959512
3.5131821
5.7022283
2.789243
0.94640618
0.12832628
0.032583155
0.014889323
0.0076453954
0.005129174
0.0034822128
0.0034462919
0.004027951
0.0042902536
0.0055974799
0.0038370158
0.001280056
0.015795784
0.0021827968
0.00084276927
0.00064614978
0.0053633197
0.038561952
0.02731377
0.20480098
0.63376921
3.4853137
3.8092719
5.3128013
8.1063014
6.6632181
5.7204781
4.8842501
4.1815019
5.1421495
1.5981879
0.28196602
0.087697143
0.048750389
0.050497731
0.29480921
0.11549912
0.056500496
0.13775904
1.2565813
3.6396177
3.7522532
3.1786036
3.5610786
2.7120984
1.0447542
0.38096065
0.12165283
0.018653547
0.0069639242
0.0027458924
0.0021285336
0.0013729541
0.0010297735
0.0011789836
0.0013913095
0.0020484995
0.0021995525
0.0066633185
0.021005241
0.03423227
0.31228722
3.1995405
3.8755106
4.2386131
4.9826464
2.9772092
1.4834574
3.8141537
2.5037674
1.2202887
1.9874045
5.7318044
4.0317648
2.1156318
0.23693792
0.040040799
0.015908732
0.0050237003
0.0040021366
0.0030696136
0.0029764787
0.0034618268
0.003724125
0.0049221664
0.0036942396
0.0013423762
0.013737921
0.0019365634
0.00046794644
0.00043002478
0.0011442399
0.0082503266
0.010001542
0.18383743
0.81903044
3.2354832
6.3791358
7.8499874
6.8427371
5.8185779
1.9008203
1.0938188
1.8535634
1.1932232
0.11422832
0.27232137
0.12467248
0.040148942
0.07736754
0.2161623
0.028930955
0.031029078
0.16851195
0.064189863
0.85045261
0.5146639
3.5287662
2.8491294
3.3732539
2.6411736
1.7332975
0.25726365
0.048640339
0.011406704
0.004349015
0.0022031297
0.0008517459
0.00083445147
0.00081359503
0.00094108509
0.0012847559
0.0014088062
0.0027723587
0.016970618
0.056933565
0.064890861
1.2077312
2.0452326
2.8496627
1.7112514
2.1211171
2.2050327
1.0409394
1.1198218
1.1252157
1.4747109
1.8842663
1.844325
0.64273386
0.25986893
0.024189641
0.0058514639
0.0032321525
0.0034069156
0.0023130871
0.0023103162
0.0026074259
0.0028102716
0.0038498565
0.0033333012
0.0014990599
0.012483782
0.0021251604
0.0005526939
0.00037849264
0.00097730215
0.0024698735
0.0043806607
0.031241352
1.2414626
2.1740594
2.7679966
1.6290668
3.4308169
2.8795347
1.8821166
0.4795555
0.26639546
0.096758197
0.024869
0.051218973
0.033648976
0.0094390603
0.055483168
0.15892358
0.040892383
0.015774444
0.017553502
0.052280356
0.041861046
0.17908102
1.3240001
1.7857163
1.0116608
1.2579495
0.32309004
0.015217919
0.0051335434
0.0025300061
0.0012144607
0.00077797583
0.00065811258
0.00061842601
0.00073923477
0.00083295632
0.0011345995
0.0010713313
0.0018277056
0.0065797432
0.023156608
0.020935103
0.092898428
0.14691048
0.42956881
1.1078674
1.3099676
1.1687458
0.58103204
0.67195831
0.25025133
0.62204947
0.20299759
0.065470051
0.072234233
0.0076395334
0.0042148702
0.0034459839
0.0027810753
0.002062763
0.0015231438
0.0015280702
0.0016438502
0.0017740131
0.002564819
0.002543759
0.0016454234
0.0097454244
0.0015681106
0.00027201763
0.00021774037
0.00042193984
0.0010386013
0.0041339505
0.049797096
0.085716845
0.86433105
1.4880074
1.3359593
0.61749113
1.2700048
1.3042363
0.18357211
0.13301204
0.013598765
0.0085850028
0.031810012
0.013100194
0.0033938918
0.015123771
0.017759131
0.0045203566
0.0025946874
0.0093681054
0.0071983499
0.0084472929
0.03132421
0.59670255
0.51171059
1.3449445
0.27829112
0.028517723
0.0029296834
0.0023734515
0.0010695267
0.00072372076
0.00064004691
0.00049329999
0.00051343529
0.00050508249
0.00057505688
0.00068101378
0.00089095113
0.0010259976
0.0029200294
0.0076367084
0.0050666399
0.020930005
0.16127593
0.70984081
0.60825198
0.7700581
0.20549586
0.042143247
0.037940871
0.059808894
0.14912849
0.068857429
0.020970452
0.0068039681
0.0031947895
0.0027332321
0.0023080452
0.0015905856
0.0015033577
0.001149312
0.0011477904
0.0011853663
0.0012551801
0.0018770413
0.0020683225
0.0016405759
0.0088102545
0.0017316326
0.00035088662
0.00022666954
0.00039678629
0.00077751759
0.0013658802
0.022994307
0.070009847
0.12554071
0.16213258
0.10195117
0.38243836
0.11042304
0.20015739
0.053471601
0.016022796
0.0027706399
0.0056960851
0.0039370381
0.0057779451
0.0020323141
0.0054836409
0.0074745324
0.0019971178
0.0016346363
0.0016663164
0.004732741
0.0036421858
0.0065656586
0.076907518
0.23179956
0.039320469
0.01452785
0.0048483278
0.002043184
0.0010500588
0.00062172042
0.000547441
0.00040202013
0.0003761573
0.00037989517
0.00041560124
0.00046076568
0.00055690272
0.00060239378
0.00071354334
0.00098090738
0.0035381897
0.0066697756
0.0086072408
0.049393835
0.37349556
0.27508094
0.20259081
0.097846112
0.036758823
0.017836135
0.015170794
0.017098942
0.0078423374
0.0057599414
0.0024763686
0.0026250161
0.0015176817
0.0017155246
0.0011050353
0.0011081067
0.00081300643
0.00082001854
0.0008348382
0.00089875339
0.0013752355
0.001731558
0.0015730134
0.0073103499
0.0011572228
0.00015704761
0.00010086928
0.00016522394
0.00039578345
0.0012224973
0.0071210222
0.041680154
0.040161971
0.04669491
0.010699811
0.0234814
0.085328365
0.038243611
0.0039508359
0.0034951498
0.0026084835
0.0019309734
0.0033463141
0.0022937498
0.00094592984
0.0026987206
0.0019132777
0.00087227454
0.00083676677
0.0011800993
0.0012666001
0.0018632152
0.0011484221
0.0076859008
0.045364831
0.014638566
0.031554656
0.00094426142
0.00088716311
0.00061296336
0.00045493108
0.00036233381
0.00033146218
0.00031697732
0.00032143939
0.00033365886
0.00036964292
0.00042333857
0.00052373427
0.00058890187
0.00090740253
0.0014772722
0.0018178919
0.0036922493
0.018410908
0.085758223
0.14238407
0.024559851
0.02417226
0.026805808
0.018410748
0.0041576043
0.0020674666
0.0014992007
0.001911549
0.0022114804
0.0011933819
0.0011309059
0.00098003657
0.00080160245
0.00075883263
0.00060178477
0.00059893826
0.00060281049
0.00065869905
0.0010212467
0.0014880494
0.0014803456
0.0067853872
0.0013000171
0.0002126933
0.00010842309
0.0001386434
0.00029717777
0.00030666951
0.002028875
0.0032724158
0.020036893
0.0030255198
0.0044081611
0.0078067569
0.014394249
0.0044889583
0.0025696135
0.0023695534
0.00078047119
0.001430644
0.00080122552
0.0013765439
0.00068509242
0.0012306866
0.00099157429
0.00067816614
0.00054920859
0.00054436259
0.00084438395
0.001447623
0.00072194796
0.00376496
0.0043757559
0.037636731
0.00082184016
0.00051206395
0.00055419673
0.00040783344
0.00030411401
0.00028733482
0.00024401103
0.00023894655
0.00024224827
0.00025711617
0.00028371751
0.00031630966
0.00036331225
0.00041641037
0.00050261738
0.0010255779
0.0020721864
0.0021825606
0.011913663
0.013832187
0.064842475
0.015716937
0.031504139
0.00886382
0.0040112626
0.0025385934
0.00091074965
0.0010366482
0.00083487485
0.00080327584
0.0008709527
0.00066797319
0.00074464842
0.00056052539
0.0005622748
0.00044514707
0.00044190528
0.00044164697
0.00048903001
0.00076161359
0.0012961451
0.0013853093
0.005970316
0.00083905656
9.3550867e-05
5.383337e-05
8.2875801e-05
0.00020210354
0.00051643575
0.0016405681
0.0027163806
0.0019107021
0.0010548893
0.00060175222
0.0025881581
0.0093712628
0.00060731838
0.00050780601
0.00037742246
0.00057597845
0.00054177404
0.00068532804
0.00066948977
0.00040392077
0.00066996584
0.00050448442
0.0003956183
0.00037595653
0.00041501363
0.00038784733
0.00066565906
0.0005571997
0.001552162
0.0086282376
0.0013037729
0.0012369659
0.00035026601
0.00038195963
0.00025454314
0.0002454476
0.00020807251
0.00019968231
0.00019631993
0.00020025072
0.00020966594
0.00022901033
0.00025769061
0.0003037933
0.00035030021
0.00043776369
0.00053527673
0.00075733191
0.001310861
0.0031896665
0.038581649
0.014173833
0.02225439
0.0063797704
0.0052607819
0.0023620782
0.0010480382
0.00052377148
0.00070023191
0.00069936828
0.00072588459
0.00056340442
0.00051831027
0.00048537539
0.00041075227
0.00040230972
0.00033382152
0.00032844455
0.00032781629
0.00036671552
0.00057841457
0.0011253595
0.0013008401
0.0056310731
0.00090718616
0.0001096469
4.1117374e-05
4.3723961e-05
7.0374187e-05
7.496437e-05
0.00012183066
0.00047874182
0.00061264343
0.00082979739
0.00031303588
0.0012249233
0.0003977967
0.0003206679
0.00032377701
0.00044762325
0.00027127669
0.00040925045
0.00026108324
0.00043260208
0.0002519632
0.00040828104
0.00029052485
0.00029449395
0.00024752364
0.00027469339
0.000297084
0.00043107693
0.00029674404
0.00041592358
0.00086400104
0.002257821
0.00024833917
0.00026642121
0.0002264772
0.00020539038
0.00017560092
0.0001679247
0.00015717607
0.00015693279
0.00015976497
0.00016813267
0.00018376435
0.00020053887
0.0002333408
0.00026213235
0.00031742262
0.00045958323
0.00065528427
0.00074850381
0.0011086451
0.0025570735
0.018072992
0.0032765912
0.0033736634
0.0012369866
0.00093774451
0.00070126153
0.00037613382
0.00043888776
0.00035970117
0.00037599876
0.00038562518
0.00034689622
0.00035422859
0.00030110678
0.00029413442
0.00025244401
0.00024609199
0.000245732
0.00027697779
0.00044960107
0.00097101537
0.0012264298
0.0052104496
0.00061779702
5.6346066e-05
2.8123118e-05
4.1391062e-05
8.4461834e-05
0.00015677459
0.00028730819
0.00016036764
0.00015716977
0.00013156911
0.00013897886
0.00017667853
0.00092336846
9.2338156e-05
0.0002085225
0.00011100336
0.00017688537
0.00018240022
0.00020664295
0.00023716779
0.00017828212
0.0002362706
0.00019902749
0.0001967607
0.00018935195
0.00021074091
0.00019676513
0.00027523966
0.00029489416
0.00030455099
0.00075469443
0.00021515057
0.00021323137
0.00017487928
0.00017943305
0.00014693756
0.00014499457
0.00013325
0.00012978924
0.00012971353
0.00013242847
0.00013951092
0.00015168929
0.00016569535
0.00018977427
0.00021626138
0.00025235365
0.00030093598
0.00038333527
0.00060081035
0.0007496125
0.0025064122
0.0014624697
0.0024121829
0.00099324718
0.0011556629
0.00077999484
0.00054997274
0.00030953823
0.00036665134
0.00030544697
0.00030969036
0.00028256564
0.00025889939
0.00025433457
0.00022343674
0.00021660739
0.00019196092
0.00018564131
0.00018571551
0.00021085325
0.00035631041
0.00083431446
0.0011612576
0.0049735171
0.00060975979
5.2471563e-05
1.5983654e-05
1.582557e-05
2.0315029e-05
2.4868911e-05
4.1025319e-05
0.00011535374
0.00010721276
0.00017064074
0.0001049936
0.00023945475
8.3213518e-05
6.3080126e-05
0.00010139744
0.00011015396
0.00011236727
0.00013749997
0.00011467156
0.00016187851
0.00011910436
0.0001668897
0.00013511823
0.00015160106
0.00013879849
0.00016027534
0.0001554136
0.00019036957
0.00016906439
0.00017291422
0.00020533936
0.00029097475
0.0001487099
0.00015948062
0.00013332993
0.00012918468
0.00011867502
0.0001153538
0.00011270714
0.0001134638
0.00011619454
0.00012207041
0.0001317847
0.00014342571
0.00016210542
0.00018224572
0.00021534912
0.00026103452
0.00031301791
0.00037043431
0.000413242
0.00054113079
0.0017088711
0.00062287159
0.00065140234
0.00049679543
0.00042618632
0.000357146
0.00023011265
0.00025533158
0.000204915
0.00021530869
0.00020562059
0.00019295524
0.00018831975
0.00016839846
0.00016228405
0.00014672183
0.00014120595
0.00014148037
0.00016160354
0.00028381914
0.00071728291
0.0011041271
0.0051331412
0.00049392458
3.4770104e-05
1.414125e-05
1.88598e-05
3.0504449e-05
4.2327833e-05
5.791403e-05
4.1651195e-05
4.2400652e-05
4.287627e-05
4.225219e-05
5.0563983e-05
0.00012681955
4.4187644e-05
8.7220517e-05
5.5952725e-05
8.1586901e-05
8.5393029e-05
9.361021e-05
0.00011284331
9.9920506e-05
0.00012078443
0.0001131185
0.00012301114
0.00012143107
0.00013658188
0.00013565467
0.00016248042
0.00017203972
0.00016587685
0.00020603336
0.00013645444
0.0001278515
0.00012252972
0.00012056899
0.00011212945
0.0001097444
0.00010593127
0.00010473997
0.00010573357
0.00010848809
0.00011375798
0.00012223856
0.00013280629
0.00014806617
0.0001657232
0.00018868254
0.0002216623
0.00025692654
0.00034454187
0.00038141913
0.00051864205
0.00043527001
0.00053195162
0.00046253298
0.000489885
0.00038427062
0.00032080115
0.0002084232
0.00022160804
0.00017815456
0.00017842883
0.00016481963
0.00015373357
0.00014777728
0.00013358154
0.00012723239
0.000115989
0.00010991613
0.0001091837
0.00012486548
0.00022738156
0.00061586488
0.0010539905
0.0054977864
0.0005156967
3.2101803e-05
8.5832635e-06
8.6352731e-06
1.0620572e-05
1.4426397e-05
2.1089538e-05
4.1720276e-05
4.2300338e-05
6.3546649e-05
5.2203022e-05
7.3752987e-05
4.680181e-05
3.7410294e-05
5.322379e-05
5.108716e-05
6.6254845e-05
7.0214036e-05
7.3231352e-05
8.8256971e-05
8.1298792e-05
9.8795004e-05
9.1819338e-05
0.00010280785
0.00010248235
0.00011500543
0.00011580229
0.00012549035
0.00012316931
0.00012307497
0.00012719944
0.00013745298
0.00011736945
0.00011882599
0.00010826228
0.00010582903
0.00010116894
9.9424137e-05
9.8728286e-05
9.9797654e-05
0.00010263995
0.00010741135
0.00011509522
0.00012472001
0.0001383854
0.00015382075
0.00017558516
0.00020148459
0.00022769813
0.00026524196
0.0002887294
0.00033122853
0.00048053667
0.00035132472
0.00035427257
0.00031870991
0.00028368266
0.00024993723
0.00018349316
0.00019050287
0.00015439423
0.00015531163
0.0001428921
0.00013395106
0.00012737863
0.00011628002
0.00010982683
0.00010100703
9.4710194e-05
9.2945463e-05
0.00010348703
0.00018652156
0.00053010682
0.0010130431
0.0063710049
0.0004848998
2.6128896e-05
8.926023e-06
1.0732127e-05
1.4689429e-05
1.8171383e-05
2.2633024e-05
2.0156661e-05
2.1370809e-05
2.2785817e-05
2.3709596e-05
2.7036114e-05
4.1404089e-05
2.9529033e-05
4.2662019e-05
3.7461642e-05
4.8721668e-05
5.3612993e-05
5.8136334e-05
6.9669977e-05
6.8056602e-05
7.9789767e-05
7.9942694e-05
8.8872016e-05
9.0452727e-05
0.00010022769
0.00010205477
0.0001120014
0.00011618665
0.00011477387
0.00011918366
0.00010527975
0.00010067761
9.8080964e-05
9.5715673e-05
9.3240437e-05
9.1384402e-05
9.0313598e-05
9.0370406e-05
9.1528613e-05
9.4422173e-05
9.8760593e-05
0.00010529094
0.0001134042
0.00012488997
0.00013759145
0.00015336148
0.00017610451
0.00019598947
0.00023605482
0.00025324887
0.00028428165
0.00028417229
0.00029795368
0.00030012407
0.00029428068
0.00025187345
0.00022357448
0.0001681185
0.00016970147
0.00014059832
0.00013917198
0.00012839109
0.00012102164
0.00011504063
0.00010636499
0.00010048157
9.3325086e-05
8.7451878e-05
8.5496549e-05
9.3762158e-05
0.00016491274
0.00047184195
0.00098917231
0.0070262865
0.00050180487
2.3426413e-05
5.8919007e-06
6.1401906e-06
7.5361445e-06
1.0036437e-05
1.3185827e-05
2.1744053e-05
2.3700088e-05
3.2072908e-05
3.0712948e-05
3.5440996e-05
3.1938891e-05
2.6843425e-05
3.4934357e-05
3.0878882e-05
4.1656169e-05
4.1203618e-05
4.8006406e-05
5.2491368e-05
5.4923642e-05
6.1549506e-05
6.2993471e-05
6.9074008e-05
7.1761913e-05
7.7617681e-05
8.0199341e-05
8.4484531e-05
8.5866554e-05
8.6579341e-05
8.7675737e-05
8.8464264e-05
8.4572365e-05
8.3921101e-05
8.1043102e-05
7.9991745e-05
7.8741032e-05
7.8272179e-05
7.8657633e-05
7.9948174e-05
8.2719039e-05
8.6618632e-05
9.2071054e-05
9.8676977e-05
0.00010749325
0.00011776169
0.00013021918
0.00014594514
0.00016066548
0.00018079806
0.0001981971
0.00021548555
0.0002422572
0.00022573466
0.00022580788
0.00021173244
0.00019322525
0.00017601788
0.00014154924
0.00014065332
0.00011974216
0.00011793173
0.00010987061
0.00010458291
0.00010019227
9.4250032e-05
8.9874284e-05
8.4710061e-05
8.0034143e-05
7.8326902e-05
8.4963549e-05
0.00014583003
0.00041951332
0.00096429067
0.0075769887
0.00045489156
1.8831305e-05
5.6397624e-06
6.3995301e-06
7.8973757e-06
9.3682348e-06
1.0877054e-05
1.0719207e-05
1.1593897e-05
1.2362832e-05
1.333636e-05
1.502982e-05
1.9471025e-05
1.8690225e-05
2.3385957e-05
2.4598471e-05
2.9010603e-05
3.3634182e-05
3.6798055e-05
4.3589206e-05
4.4420231e-05
5.12848e-05
5.2711927e-05
5.8766106e-05
6.0695871e-05
6.6167525e-05
6.8161148e-05
7.2941068e-05
7.4595251e-05
7.5183452e-05
7.5573692e-05
7.3481729e-05
7.1775089e-05
7.1018348e-05
6.9415162e-05
6.8667747e-05
6.7909552e-05
6.7950751e-05
6.8372146e-05
6.958819e-05
7.2063511e-05
7.5283435e-05
7.988546e-05
8.5636929e-05
9.2753606e-05
0.00010137478
0.00011152058
0.00012420582
0.00013564139
0.00015430937
0.00016529467
0.00017789341
0.00018622638
0.00018566609
0.00018574542
0.00017692985
0.00015966274
0.00014559645
0.00012031821
0.00011717514
0.00010190662
9.9457301e-05
9.3364128e-05
8.943907e-05
8.6231711e-05
8.2267728e-05
7.9191163e-05
7.5722969e-05
7.238406e-05
7.1210436e-05
7.69469e-05
0.00012956364
0.00037427296
0.00093785205
0.0077369688
0.00042269566
1.4900417e-05
3.3242198e-06
3.280644e-06
3.7048731e-06
4.4952759e-06
5.6177201e-06
7.8023075e-06
9.4252745e-06
1.2235987e-05
1.2710758e-05
1.3935141e-05
1.4083021e-05
1.3354933e-05
1.6068251e-05
1.6434639e-05
1.9651179e-05
2.1061418e-05
2.4071498e-05
2.6563511e-05
2.9003027e-05
3.1829006e-05
3.4530767e-05
3.7213688e-05
3.9862718e-05
4.2603834e-05
4.4910161e-05
4.6475559e-05
4.8365989e-05
4.8886489e-05
4.9865479e-05
4.9827805e-05
4.930817e-05
4.9274681e-05
4.8712001e-05
4.868775e-05
4.8500907e-05
4.8865359e-05
4.9513112e-05
5.0623609e-05
5.2331582e-05
5.4560263e-05
5.7641769e-05
6.1353329e-05
6.6015646e-05
7.1502379e-05
7.7681826e-05
8.4937766e-05
9.2011973e-05
0.00010064483
0.00010772839
0.00011333779
0.00011879329
0.00011750321
0.00011653085
0.00011122461
0.00010385881
9.7557561e-05
8.5496787e-05
8.3165554e-05
7.4795579e-05
7.3071947e-05
6.931607e-05
6.6855678e-05
6.4789039e-05
6.2675066e-05
6.0893147e-05
5.9107192e-05
5.7306643e-05
5.6803771e-05
6.149066e-05
0.00010357243
0.00030846449
0.00088429567
0.0070726016
0.00028301435
7.6105024e-06
1.9381728e-06
2.1151948e-06
2.5040299e-06
2.8935483e-06
3.2398986e-06
3.5189143e-06
3.8190732e-06
4.2114475e-06
4.7363157e-06
5.3823438e-06
6.4450808e-06
7.054986e-06
8.2578769e-06
9.1148044e-06
1.022655e-05
1.1637446e-05
1.2801418e-05
1.4544998e-05
1.576425e-05
1.7540593e-05
1.895643e-05
2.0625796e-05
2.2026238e-05
2.3535181e-05
2.4821008e-05
2.5980372e-05
2.6913966e-05
2.7548866e-05
2.8023107e-05
2.8231832e-05
2.8275066e-05
2.8422734e-05
2.8368974e-05
2.8521562e-05
2.865394e-05
2.8991782e-05
2.9471962e-05
3.0204184e-05
3.118309e-05
3.244851e-05
3.4058956e-05
3.5999896e-05
3.8366421e-05
4.1099968e-05
4.4118739e-05
4.7590559e-05
5.1071904e-05
5.4809832e-05
5.8089068e-05
6.0787647e-05
6.2909701e-05
6.3051614e-05
6.2430225e-05
6.01565e-05
5.6615728e-05
5.3288304e-05
4.8045447e-05
4.6310188e-05
4.2593987e-05
4.1426695e-05
3.9782458e-05
3.8659155e-05
3.7792014e-05
3.7017974e-05
3.6407767e-05
3.5842587e-05
3.5275399e-05
3.5329291e-05
3.8738872e-05
6.9342583e-05
0.00023516778
0.00078762588
0.0065254402
0.00022835678
5.1950035e-06
1.124108e-06
1.1703396e-06
1.3431129e-06
1.5797023e-06
1.8860734e-06
2.2804448e-06
2.7007511e-06
3.170337e-06
3.5729661e-06
3.9387685e-06
4.3821709e-06
4.6211015e-06
5.325177e-06
5.6662636e-06
6.5623259e-06
7.1152356e-06
8.0993974e-06
8.858497e-06
9.8611268e-06
1.0789844e-05
1.1798337e-05
1.2791485e-05
1.3784396e-05
1.4711693e-05
1.5575896e-05
1.6370078e-05
1.7046003e-05
1.7599765e-05
1.8035126e-05
1.838487e-05
1.8636698e-05
1.88869e-05
1.9056902e-05
1.9325041e-05
1.9541511e-05
1.9885636e-05
2.0281262e-05
2.0827297e-05
2.1490228e-05
2.2290704e-05
2.3256668e-05
2.4407236e-05
2.5778867e-05
2.7284969e-05
2.8894271e-05
3.0666485e-05
3.2429001e-05
3.4113264e-05
3.5603031e-05
3.6753353e-05
3.7491948e-05
3.7485002e-05
3.6969866e-05
3.5857826e-05
3.4243194e-05
3.2543e-05
3.0331291e-05
2.8969171e-05
2.7087796e-05
2.6079462e-05
2.5183344e-05
2.4606386e-05
2.4180679e-05
2.3827536e-05
2.3597135e-05
2.3395693e-05
2.3161565e-05
2.3260511e-05
2.551192e-05
4.7375226e-05
0.00018151168
0.00070198946
0.0060393816
0.00017218861
3.238436e-06
7.2350835e-07
7.6900302e-07
8.7838115e-07
1.0003217e-06
1.135682e-06
1.2827807e-06
1.4493816e-06
1.6413887e-06
1.8639718e-06
2.124989e-06
2.4370252e-06
2.7626981e-06
3.1507145e-06
3.5596727e-06
4.0034814e-06
4.5056928e-06
5.0171819e-06
5.6047575e-06
6.1792195e-06
6.8042224e-06
7.4300601e-06
8.0564857e-06
8.6844555e-06
9.2675101e-06
9.8328557e-06
1.0322796e-05
1.0785742e-05
1.1155855e-05
1.1484737e-05
1.1752958e-05
1.1952285e-05
1.2167258e-05
1.2333157e-05
1.2542182e-05
1.2730963e-05
1.2991093e-05
1.3280124e-05
1.3618497e-05
1.4045528e-05
1.4520658e-05
1.5093641e-05
1.573958e-05
1.6486707e-05
1.7289723e-05
1.8187062e-05
1.9119712e-05
2.0029195e-05
2.093298e-05
2.1722365e-05
2.2325918e-05
2.2648328e-05
2.2673201e-05
2.2369931e-05
2.1762392e-05
2.0911213e-05
2.0051272e-05
1.892107e-05
1.8151548e-05
1.7289468e-05
1.6749659e-05
1.6274693e-05
1.595153e-05
1.5765238e-05
1.5667413e-05
1.5615119e-05
1.5576195e-05
1.5540459e-05
1.5656073e-05
1.7135108e-05
3.261859e-05
0.00014031955
0.00062528391
0.0055553271
0.00013724318
2.2143554e-06
4.6255861e-07
4.8962019e-07
5.5664975e-07
6.4166221e-07
7.4399699e-07
8.656756e-07
1.0027756e-06
1.1543432e-06
1.3147727e-06
1.4813551e-06
1.6764166e-06
1.8555312e-06
2.1049767e-06
2.3237982e-06
2.6280625e-06
2.9102895e-06
3.2587392e-06
3.6006115e-06
3.9811901e-06
4.3608927e-06
4.7616375e-06
5.1521416e-06
5.5468067e-06
5.9314142e-06
6.286497e-06
6.6300383e-06
6.9311432e-06
7.2160882e-06
7.4488481e-06
7.6653667e-06
7.8409594e-06
8.0165296e-06
8.1673144e-06
8.3313432e-06
8.4989781e-06
8.6622789e-06
8.8552022e-06
9.0859202e-06
9.337978e-06
9.6303882e-06
9.9603906e-06
1.0350442e-05
1.0752695e-05
1.1193478e-05
1.1661071e-05
1.2131032e-05
1.2604356e-05
1.3040519e-05
1.3406448e-05
1.3682397e-05
1.3835686e-05
1.3838601e-05
1.3696489e-05
1.3405959e-05
1.3011145e-05
1.2533639e-05
1.1978315e-05
1.1571524e-05
1.1145611e-05
1.0857734e-05
1.0641043e-05
1.0514043e-05
1.045781e-05
1.0469499e-05
1.0531281e-05
1.0601804e-05
1.067317e-05
1.0806092e-05
1.1777283e-05
2.259608e-05
0.00010826811
0.00055564313
0.0051068477
0.00010959968
1.5248173e-06
3.0787878e-07
3.2680619e-07
3.6827304e-07
4.1873989e-07
4.7832915e-07
5.4689569e-07
6.2557731e-07
7.1539156e-07
8.1721071e-07
9.323693e-07
1.0620445e-06
1.2052337e-06
1.3646562e-06
1.5391613e-06
1.7276648e-06
1.9337857e-06
2.1528818e-06
2.3858475e-06
2.6315315e-06
2.881889e-06
3.1414248e-06
3.4018835e-06
3.6544804e-06
3.908163e-06
4.1459e-06
4.3779458e-06
4.5850499e-06
4.7735625e-06
4.9460809e-06
5.0996453e-06
5.2471951e-06
5.3736004e-06
5.4953225e-06
5.6083136e-06
5.7257594e-06
5.8467218e-06
5.9813467e-06
6.119196e-06
6.2657348e-06
6.4379722e-06
6.6345515e-06
6.8380075e-06
7.0609759e-06
7.3017131e-06
7.5448548e-06
7.8035561e-06
8.0415072e-06
8.2604406e-06
8.4537353e-06
8.5876478e-06
8.6525813e-06
8.6385611e-06
8.5675313e-06
8.4190063e-06
8.2108655e-06
7.9570795e-06
7.7052585e-06
7.483428e-06
7.2889355e-06
7.1647562e-06
7.0802579e-06
7.074051e-06
7.1203776e-06
7.1828268e-06
7.2815397e-06
7.4046231e-06
7.5141782e-06
7.6420977e-06
8.276566e-06
1.573418e-05
8.3120454e-05
0.00049167962
0.0046863662
8.864709e-05
1.0779338e-06
2.0836374e-07
2.2175116e-07
2.5019942e-07
2.851544e-07
3.2730038e-07
3.7677061e-07
4.3382557e-07
4.9736007e-07
5.6930954e-07
6.4707852e-07
7.3543606e-07
8.3047668e-07
9.3698544e-07
1.0520912e-06
1.1799533e-06
1.3148388e-06
1.4619084e-06
1.6148586e-06
1.7779601e-06
1.9431176e-06
2.1142422e-06
2.2889451e-06
2.4598446e-06
2.6261666e-06
2.7882377e-06
2.9377336e-06
3.0822587e-06
3.2128564e-06
3.3371648e-06
3.445323e-06
3.5452707e-06
3.6377212e-06
3.7269822e-06
3.8085302e-06
3.8931734e-06
3.9741176e-06
4.0572315e-06
4.1430482e-06
4.2313641e-06
4.3322003e-06
4.4393791e-06
4.5488357e-06
4.6745591e-06
4.7912635e-06
4.9269885e-06
5.0558229e-06
5.1802332e-06
5.2903923e-06
5.3851641e-06
5.4494837e-06
5.4821767e-06
5.4792283e-06
5.4362022e-06
5.3650879e-06
5.263999e-06
5.1464316e-06
5.0374561e-06
4.9328306e-06
4.8542992e-06
4.8158155e-06
4.821009e-06
4.8600783e-06
4.9329278e-06
5.0422055e-06
5.1710797e-06
5.2944789e-06
5.4159571e-06
5.5490114e-06
5.9623565e-06
1.0988472e-05
6.3220956e-05
0.00043224532
0.0042965893
7.2689926e-05
7.801793e-07
1.4329286e-07
1.527653e-07
1.7224943e-07
1.960778e-07
2.2465521e-07
2.5826753e-07
2.9697071e-07
3.4126139e-07
3.9079592e-07
4.4677172e-07
5.0795037e-07
5.7665182e-07
6.5118251e-07
7.3234752e-07
8.207443e-07
9.1358616e-07
1.0141637e-06
1.1183148e-06
1.2287291e-06
1.3414374e-06
1.4562316e-06
1.5730101e-06
1.6881734e-06
1.8007448e-06
1.9100583e-06
2.0148801e-06
2.1127397e-06
2.2070125e-06
2.2899822e-06
2.3694091e-06
2.4407304e-06
2.5071598e-06
2.5652147e-06
2.6256678e-06
2.6751094e-06
2.7296654e-06
2.7791922e-06
2.8334477e-06
2.8852101e-06
2.9429836e-06
2.9992378e-06
3.0598132e-06
3.1208821e-06
3.1911368e-06
3.256177e-06
3.3215598e-06
3.3839378e-06
3.4398987e-06
3.4845103e-06
3.5188544e-06
3.5354252e-06
3.5344471e-06
3.5131585e-06
3.4760127e-06
3.4253792e-06
3.3837628e-06
3.3381459e-06
3.2981551e-06
3.2861976e-06
3.2987786e-06
3.3389174e-06
3.4080603e-06
3.4953595e-06
3.6132379e-06
3.7477066e-06
3.8810255e-06
4.0113179e-06
4.1367087e-06
4.4143479e-06
7.7112257e-06
4.7417259e-05
0.00037651275
0.003935283
5.9917403e-05
5.7098667e-07
9.8659046e-08
1.0568646e-07
1.1940569e-07
1.3640337e-07
1.5673047e-07
1.8060836e-07
2.0839561e-07
2.4026594e-07
2.7595465e-07
3.1595372e-07
3.600826e-07
4.0805389e-07
4.6113506e-07
5.1770585e-07
5.7951172e-07
6.4503585e-07
7.1483521e-07
7.8765405e-07
8.6271656e-07
9.4063091e-07
1.0200725e-06
1.098141e-06
1.1768603e-06
1.2534962e-06
1.3294833e-06
1.4008665e-06
1.4696613e-06
1.5317897e-06
1.592038e-06
1.6451583e-06
1.6954387e-06
1.740625e-06
1.780889e-06
1.8193518e-06
1.8529619e-06
1.8857754e-06
1.9156566e-06
1.9426662e-06
1.9720723e-06
2.0009449e-06
2.0296722e-06
2.0596033e-06
2.0910068e-06
2.1230603e-06
2.1544626e-06
2.186537e-06
2.2168328e-06
2.244632e-06
2.2675321e-06
2.2850205e-06
2.2948061e-06
2.2970961e-06
2.2913397e-06
2.279624e-06
2.265092e-06
2.2527182e-06
2.2392419e-06
2.2467496e-06
2.2657437e-06
2.2980414e-06
2.3589509e-06
2.4408651e-06
2.5438232e-06
2.6611862e-06
2.7879655e-06
2.918335e-06
3.0464355e-06
3.1637088e-06
3.3558842e-06
5.4470279e-06
3.4869042e-05
0.00032376365
0.0036007832
4.9836283e-05
4.2139261e-07
7.1828722e-08
7.7390427e-08
8.7352516e-08
9.969149e-08
1.1451107e-07
1.3190777e-07
1.521182e-07
1.7507071e-07
2.0104174e-07
2.2974616e-07
2.6169596e-07
2.9637411e-07
3.3417919e-07
3.748837e-07
4.183161e-07
4.6454174e-07
5.130342e-07
5.6391929e-07
6.1613024e-07
6.6955903e-07
7.2389554e-07
7.7815419e-07
8.3205883e-07
8.8459673e-07
9.3558848e-07
9.8478538e-07
1.0312977e-06
1.0745485e-06
1.1152953e-06
1.152201e-06
1.1857473e-06
1.2158919e-06
1.2437937e-06
1.2665284e-06
1.2882953e-06
1.3071332e-06
1.323613e-06
1.3386043e-06
1.352869e-06
1.3652876e-06
1.3776093e-06
1.3901713e-06
1.4033423e-06
1.4159718e-06
1.4289491e-06
1.4415736e-06
1.4550782e-06
1.4655495e-06
1.4754974e-06
1.4819492e-06
1.4858654e-06
1.4877151e-06
1.4875607e-06
1.4853646e-06
1.4857684e-06
1.4885829e-06
1.4995908e-06
1.5237985e-06
1.558446e-06
1.6121099e-06
1.6843784e-06
1.7744909e-06
1.8785663e-06
1.9974317e-06
2.1238886e-06
2.2503566e-06
2.3719937e-06
2.4837444e-06
2.6214147e-06
3.8874848e-06
2.4945859e-05
0.00027347225
0.0032931596
4.1353434e-05
3.4444666e-07
7.4930051e-08
8.0394814e-08
8.9334507e-08
1.002316e-07
1.1331241e-07
1.2869817e-07
1.4644373e-07
1.665414e-07
1.8905163e-07
2.1405701e-07
2.4138458e-07
2.714103e-07
3.0365464e-07
3.3849121e-07
3.7540011e-07
4.1429015e-07
4.5502332e-07
4.9761453e-07
5.4144046e-07
5.8615225e-07
6.311482e-07
6.7694648e-07
7.2206076e-07
7.6701432e-07
8.098588e-07
8.5133469e-07
8.9048226e-07
9.2842072e-07
9.6257653e-07
9.9509195e-07
1.0238193e-06
1.0500816e-06
1.0740318e-06
1.0943667e-06
1.1120209e-06
1.1273293e-06
1.1401603e-06
1.1513447e-06
1.1605907e-06
1.167914e-06
1.1752756e-06
1.1812305e-06
1.1870403e-06
1.1920375e-06
1.1961055e-06
1.2002453e-06
1.2025863e-06
1.2030457e-06
1.2021258e-06
1.1992613e-06
1.1943002e-06
1.1870234e-06
1.1801878e-06
1.1728296e-06
1.1655049e-06
1.1623425e-06
1.1688522e-06
1.1814881e-06
1.2038094e-06
1.2406345e-06
1.2923934e-06
1.3605319e-06
1.4443679e-06
1.5420998e-06
1.6489346e-06
1.7653452e-06
1.8814307e-06
1.9874447e-06
2.1008452e-06
2.8320486e-06
1.7176506e-05
0.00022518782
0.0029936294
3.5268184e-05
5.8727081e-07
3.9545413e-07
4.1050194e-07
4.2961033e-07
4.5182797e-07
4.770147e-07
5.0521698e-07
5.3638914e-07
5.7057864e-07
6.0766614e-07
6.4778764e-07
6.9069529e-07
7.3638858e-07
7.8500805e-07
8.3629655e-07
8.904172e-07
9.4698445e-07
1.0059243e-06
1.0671856e-06
1.13046e-06
1.1952215e-06
1.2612323e-06
1.3284536e-06
1.3959333e-06
1.4639367e-06
1.5314899e-06
1.5981426e-06
1.6624893e-06
1.7253382e-06
1.7854105e-06
1.8426017e-06
1.8967687e-06
1.9468983e-06
1.9928985e-06
2.0359681e-06
2.0740297e-06
2.1074995e-06
2.1363749e-06
2.1606224e-06
2.1807237e-06
2.1955013e-06
2.2056071e-06
2.2099931e-06
2.2082255e-06
2.1996341e-06
2.1843625e-06
2.1613214e-06
2.1293348e-06
2.0896652e-06
2.0416986e-06
1.9854251e-06
1.9211398e-06
1.8499891e-06
1.7741462e-06
1.6946961e-06
1.6149825e-06
1.5376144e-06
1.4670562e-06
1.4060352e-06
1.3597085e-06
1.3285851e-06
1.3163942e-06
1.324918e-06
1.3539727e-06
1.3996843e-06
1.4595429e-06
1.5324434e-06
1.6102644e-06
1.6841985e-06
1.7553053e-06
2.1185408e-06
1.1165551e-05
0.00017843842
0.0027682831
3.4254167e-05
5.0262698e-06
4.9692124e-06
5.0843162e-06
5.2164754e-06
5.364222e-06
5.5273391e-06
5.7045723e-06
5.8952495e-06
6.0980926e-06
6.3129936e-06
6.5387989e-06
6.7751863e-06
7.0220859e-06
7.2783374e-06
7.5441052e-06
7.8188903e-06
8.1030478e-06
8.3958809e-06
8.697268e-06
9.0067061e-06
9.322646e-06
9.6453582e-06
9.9735386e-06
1.0306388e-05
1.0642012e-05
1.0979127e-05
1.1314636e-05
1.1647732e-05
1.1973906e-05
1.2292888e-05
1.2601174e-05
1.2897613e-05
1.3180534e-05
1.3446407e-05
1.3695372e-05
1.3925284e-05
1.4133387e-05
1.4317279e-05
1.4475063e-05
1.4605694e-05
1.4705726e-05
1.4768762e-05
1.4792015e-05
1.4768764e-05
1.4693717e-05
1.4562974e-05
1.4371351e-05
1.4116049e-05
1.3794517e-05
1.3404296e-05
1.2945605e-05
1.2420442e-05
1.1833372e-05
1.1187414e-05
1.0492756e-05
9.7611458e-06
9.0033065e-06
8.2299352e-06
7.4553068e-06
6.6913879e-06
5.9518377e-06
5.2447309e-06
4.578679e-06
3.9667563e-06
3.4161586e-06
2.9357083e-06
2.528393e-06
2.1992459e-06
1.9477526e-06
1.7797648e-06
1.8021532e-06
6.792373e-06
0.00013280833
0.0027185962
8.0418322e-05
5.4566658e-05
5.5109315e-05
5.5886542e-05
5.6761723e-05
5.7728895e-05
5.8781274e-05
5.991359e-05
6.1118473e-05
6.2388264e-05
6.3718492e-05
6.5101711e-05
6.6532175e-05
6.8011564e-05
6.9531006e-05
7.1088081e-05
7.268212e-05
7.4310775e-05
7.5972438e-05
7.7663876e-05
7.9382368e-05
8.112109e-05
8.2881056e-05
8.4652951e-05
8.6439097e-05
8.8228306e-05
9.0008255e-05
9.1770864e-05
9.3503209e-05
9.5200984e-05
9.6847041e-05
9.843657e-05
9.9953998e-05
0.00010139955
0.00010276028
0.00010403106
0.00010519911
0.00010625304
0.00010718459
0.00010798655
0.00010864727
0.00010915096
0.00010947162
0.00010958759
0.00010947285
0.00010909468
0.00010843064
0.00010745862
0.00010614775
0.00010447848
0.00010243787
0.00010001089
9.7189499e-05
9.3972896e-05
9.0361857e-05
8.6375222e-05
8.2035371e-05
7.7371736e-05
7.2420075e-05
6.7226681e-05
6.183026e-05
5.6279335e-05
5.0629949e-05
4.4935172e-05
3.9258475e-05
3.3658934e-05
2.8211918e-05
2.2996527e-05
1.8096714e-05
1.3611684e-05
9.6076099e-06
6.3392486e-06
5.7926745e-06
8.899101e-05
0.0025062795
0.00043654817
0.00041875623
0.00042097609
0.00042359383
0.00042650893
0.00042969245
0.00043311824
0.00043676138
0.00044059352
0.00044458703
0.00044872169
0.00045297167
0.00045731974
0.00046175475
0.00046626157
0.00047082068
0.00047542983
0.00048008056
0.00048476976
0.00048947967
0.00049420592
0.00049892615
0.00050364615
0.00050834518
0.00051301667
0.0005176484
0.00052219997
0.00052666613
0.0005310039
0.0005352096
0.00053925491
0.0005431208
0.00054679194
0.00055025054
0.00055348748
0.00055648877
0.00055923462
0.00056169988
0.00056386221
0.00056571684
0.00056724585
0.00056840026
0.0005691429
0.00056940954
0.00056914819
0.00056828159
0.00056676079
0.00056451494
0.00056147135
0.00055756298
0.00055273472
0.0005469108
0.00054002233
0.00053201177
0.00052279702
0.00051233147
0.00050056303
0.00048743179
0.00047289681
0.00045691021
0.00043940526
0.00042029677
0.0003995478
0.00037706753
0.00035279307
0.00032662776
0.00029851857
0.00026840718
0.00023623792
0.00020202726
0.00016574473
0.00012727669
8.7690727e-05
8.3317156e-05
)
;

boundaryField
{
    axis
    {
        type            empty;
    }
    inlet
    {
        type            fixedValue;
        value           uniform 1e-05;
    }
    walls
    {
        type            fixedValue;
        value           uniform 1e-11;
    }
    atmosphere
    {
        type            inletOutlet;
        inletValue      uniform 0.001;
        value           nonuniform List<scalar> 
175
(
0.001
0.001
0.001
0.001
0.001
0.001
0.001
0.001
0.001
0.001
0.001
0.001
0.001
0.001
0.001
0.001
0.001
0.001
0.001
0.001
0.001
0.001
0.001
0.001
0.001
0.001
0.001
0.001
0.001
0.001
0.001
0.001
0.001
0.001
0.001
0.001
0.001
0.001
0.001
0.001
0.001
0.001
0.001
0.001
0.001
0.001
0.001
0.001
0.001
0.001
0.001
0.001
0.001
0.001
0.001
0.001
0.001
0.001
0.001
0.001
0.001
0.001
0.001
0.001
0.001
0.001
0.001
0.001
0.001
0.001
0.001
0.001
0.001
0.001
0.001
0.001
0.001
0.001
0.001
0.001
0.001
0.001
0.001
0.001
0.001
0.001
0.001
0.001
0.001
0.001
0.001
0.001
0.001
0.001
0.001
0.001
0.001
0.001
0.001
0.001
0.001
0.001
0.001
0.001
0.001
7.5887049
7.0457853
6.4633558
6.5385874
0.001
0.001
0.001
0.001
0.001
0.001
0.001
0.001
0.001
0.001
0.001
7.1070845
0.001
0.001
0.001
0.001
0.001
0.001
0.001
0.001
0.001
0.001
0.001
0.001
0.001
0.001
0.001
0.001
0.001
0.001
0.001
0.001
0.001
0.001
0.001
0.001
1.1892974e-05
2.6497447e-05
0.00021031477
0.0020654971
0.016423852
0.10017614
0.47736441
1.9186155
7.4918948
33.382528
184.5879
706.31858
358.81306
21.141637
5.8858471
4.8487294
5.0361684
5.5392429
5.4833353
5.8548946
6.0206784
5.8898334
5.8600287
5.8950118
6.1601831
7.3789468
8.1216199
8.2746913
8.1453575
7.6939117
)
;
    }
    front
    {
        type            wedge;
    }
    back
    {
        type            wedge;
    }
}


// ************************************************************************* //
