/*--------------------------------*- C++ -*----------------------------------*\
| =========                 |                                                 |
| \\      /  F ield         | OpenFOAM: The Open Source CFD Toolbox           |
|  \\    /   O peration     | Version:  2.3.0                                 |
|   \\  /    A nd           | Web:      www.OpenFOAM.org                      |
|    \\/     M anipulation  |                                                 |
\*---------------------------------------------------------------------------*/
FoamFile
{
    version     2.0;
    format      ascii;
    class       volScalarField;
    location    "2.4e-05";
    object      p;
}
// * * * * * * * * * * * * * * * * * * * * * * * * * * * * * * * * * * * * * //

dimensions      [1 -1 -2 0 0 0 0];

internalField   nonuniform List<scalar> 
7500
(
-2332.1274
-24802.808
-11390.877
-931.54091
11877.473
3053.3151
3114.3405
-3622.529
3117.0325
4431.0719
1852.2087
3765.3148
-2516.5179
7403.01
-1643.3581
7210.9769
-5235.608
6152.2081
-2354.3793
5800.6319
372.04401
1441.4226
4451.8156
-1961.0943
6237.6412
-3834.1507
8043.3385
-3329.6514
5382.1216
1496.531
3906.7123
3414.539
3026.9244
3671.3293
6288.2696
3537.685
3136.9611
9442.0814
-1461.5221
11410.386
-1319.9517
8372.1089
7159.6586
-3601.0311
13141.414
-4002.9582
8517.4509
6210.2578
-7150.5109
3524.4828
-1846.4506
14635.7
10276.94
6890.0993
10462.868
10561.646
24065.29
20123.742
30806.535
16450.211
6607.0943
21282.147
24785.282
36278.948
19760.988
17191.052
43315.506
43361.069
33534.806
38949.87
31017.916
10008.906
101.00743
989.12932
5953.6865
-2772.1356
-23469.999
-11581.699
-1459.8401
11400.22
3378.951
3061.8301
-3273.226
2741.0135
4694.429
1752.9236
3678.2132
-2233.6033
6892.0367
-1081.5688
6640.9161
-4695.7539
5550.1726
-1674.0805
5113.9255
1056.8737
794.0935
4678.9994
-1657.4592
5730.8209
-3102.9099
7113.2036
-2480.6904
4671.6367
1964.4609
3643.8644
3711.0575
2873.1877
3620.255
6209.841
3731.6033
3024.142
9427.1471
-1076.2011
10527.251
-82.72423
6850.6568
8206.3847
-3654.6599
12485.824
-2793.6036
7616.7904
5929.7856
-7702.6636
4918.4965
-2018.7465
13442.95
10980.434
6302.1092
11348.984
10859.251
22767.462
21665.605
29775.319
15014.495
9178.4028
22051.17
22532.944
35459.096
21894.687
17742.709
41680.056
43174.838
35024.176
38240.949
29644.586
11090.942
879.71198
842.04624
5817.4999
-4259.2828
-21761.411
-11329.98
-1479.7667
10488.108
3718.8083
2995.9166
-3020.2657
2736.9323
4423.766
2161.3103
3165.433
-1624.4093
6118.0298
-253.43712
5611.1403
-3393.6105
4128.3909
-439.06775
4212.7653
1618.9846
843.04428
3856.4109
-453.03048
4376.5223
-1661.3482
5698.3295
-1384.9998
3881.5097
2423.5285
3327.477
3943.3801
3087.3537
3208.0592
6358.3694
3672.38
3337.5924
8743.7133
6.5867178
8855.5032
1942.027
5430.2577
8130.4688
-2359.5659
10885.615
-985.10606
6814.2617
5197.6934
-7767.4793
5336.8344
-1183.725
12427.177
11081.552
6045.4486
11527.343
11631.36
21777.727
23365.243
27962.127
13135.076
12391.02
22998.235
20433.204
32897.201
24383.373
20282.237
39590.96
42036.049
37094.625
38057.015
27140.143
11996.216
2473.1892
1122.6143
5736.8814
-6464.9137
-19778.128
-10684.15
-1434.4083
9593.3412
3861.8868
2818.3765
-2562.3815
2599.6584
4414.8553
2284.9281
2832.435
-945.31194
5060.619
1063.279
3901.462
-1452.0612
2267.0865
1062.9946
3235.2459
2036.1468
1228.3863
2841.69
750.16159
2925.641
87.211979
3829.5705
238.88595
2668.8057
3021.7543
3179.1691
3767.3649
3685.5855
2747.9471
6335.0015
3783.5057
3721.3443
7655.8765
1496.458
7089.7934
3802.2985
4272.3018
7812.3522
-1080.6901
9476.6809
811.35492
6006.3622
4347.1176
-7604.5803
5553.8266
-107.51182
11368.821
10783.571
6061.5965
11708.67
12596.596
21075.586
24739.62
25300.002
12304.884
15558.143
23581.429
19308.868
28959.685
26498.158
24110.672
37866.421
40869.335
38662.939
37460.394
24599.1
12772.771
4577.6959
2120.7335
5608.1803
-8686.8779
-17839.63
-9928.3376
-1249.3066
8607.3361
3981.3625
2450.639
-1799.0541
2233.8183
4640.9726
2141.1391
2718.944
-306.74667
3879.6739
2582.4385
1970.3173
549.4899
517.87791
2510.8689
2153.6694
2698.6227
1261.2203
2183.2763
1796.5395
1520.0266
1756.949
1977.9731
1921.2414
1516.4624
3470.6614
3161.5709
3567.1398
4077.278
2583.6266
6111.3468
4096.0614
3963.3798
6611.5578
2691.9998
5988.6525
5078.7813
3222.0744
8117.0988
-635.93079
8707.115
2263.4779
4833.473
3706.321
-7356.1324
5774.0202
1260.0683
10107.32
10092.223
6317.3524
12006.58
13597.446
20840.733
25474.361
21543.643
13275.6
18644.18
22651.7
19276.808
25393.564
27757.791
27881.03
36508.755
40506.84
39641.603
35860.381
22932.559
13526.885
6388.6467
3775.4798
5677.4062
-10676.044
-16162.683
-9187.1282
-789.20005
7450.1116
4125.5201
2018.7791
-974.41751
1836.0943
4845.5904
2017.8299
2570.7108
405.8297
2743.0977
3824.859
500.88857
2010.3378
-708.00765
3555.5678
1296.2307
3333.5235
1107.8689
1825.7551
2582.6128
579.74069
2668.2191
841.3404
2999.3026
909.473
3723.747
2946.2247
3732.4192
4110.2711
2641.1663
5790.6539
4533.2949
4029.3126
5969.9837
3156.2176
5436.7313
6121.5021
2199.4501
8910.1715
-603.26594
8118.4272
3636.0855
3466.9981
2701.5194
-6190.5943
5136.4112
2895.9959
9409.4222
8656.5171
7008.4577
12110.332
14640.97
21419.765
25014.001
17367.249
16092.235
21520.759
20022.743
19383.49
23473.043
28635.622
30782.359
35409.891
40949.993
39946.449
33157.572
22333.234
14424.955
7970.5901
6019.7723
5774.4342
-12393.275
-14749.699
-8450.1413
-262.02251
6346.7029
4172.7285
1611.0799
-201.9671
1515.2003
5001.9507
2013.4533
2331.418
1059.1711
1930.0866
4485.9185
-230.34334
2752.2691
-1273.895
3959.5367
971.10842
3612.9942
994.81511
1839.1294
2696.706
578.73423
2584.318
422.34732
3576.5941
645.0114
3868.6335
2713.553
3895.0328
3995.0477
2987.3557
5435.7404
4881.2211
3973.4774
5760.1472
3088.7277
5315.5305
6382.8367
1945.495
9457.9207
-297.13808
7769.7952
4076.2064
2564.2601
1023.4892
-3883.6202
4084.1444
3955.9555
9224.4041
7056.7845
8089.0637
11965.715
16064.179
22129.274
22757.995
14298.294
20368.838
23442.994
16959.386
19441.435
22555.352
29154.938
32878.835
35354.115
42391.286
39054.247
29279.128
22717.554
15219.291
9405.263
8892.8467
5824.0573
-13826.854
-13610.488
-7681.219
161.07144
5438.8248
4129.9971
1218.3227
552.16545
1302.479
5084.0592
2044.1928
2238.3721
1347.8724
1553.4356
4673.4495
-493.0974
3072.1793
-1383.1685
3874.253
1035.9167
3615.8394
944.97937
2125.1074
2372.1309
1057.0221
1964.5698
477.16313
3698.0465
803.66507
3697.1377
2761.8719
3815.3537
3732.5335
3673.9302
5095.0694
5289.043
3503.4421
5781.1213
3052.6286
5467.9661
5617.2701
2653.2886
9599.8418
246.86862
8305.4254
3203.6699
1454.983
-274.1526
-1465.295
3403.4692
4880.748
8030.5397
6331.442
9061.1445
11937.533
18661.45
21270.631
19078.006
13849.802
23961.187
22930.297
14796.843
20501.777
22434.915
29002.021
34191.034
36571.65
44802.874
36723.621
25328.399
24191.559
15681.196
10538.22
11648.996
5714.5078
-15064.234
-12746.641
-6828.0629
501.89014
4626.3348
4122.1482
845.83866
1194.8515
1265.6934
5075.7262
1994.9157
2377.1795
1375.5519
1383.5541
4668.1728
-608.44414
3244.2036
-1237.3563
3517.1959
1336.0345
3257.2502
1267.6401
2220.9193
2232.9868
1404.6383
1088.9198
997.94557
3302.5111
1456.1947
3308.3446
2899.8986
3641.0529
3311.2283
4631.5092
4688.4743
5887.875
2805.0144
5512.7184
3623.9617
5314.6093
4794.2011
3659.749
9020.1163
1756.4146
9019.774
2089.7876
-556.95159
-779.34321
562.79695
2461.7939
6563.1969
5219.8492
6895.2688
9269.778
12758.755
23205.899
17430.796
15441.398
17523.363
25480.211
18903.355
12947.887
22190.255
22981.178
28896.547
35575.047
38818.08
47393.029
32843.056
22251.952
26352.469
16223.526
12476.9
13925.58
5147.0429
-16230.539
-12061.566
-5944.1005
826.35386
3835.9555
4125.4379
560.56422
1641.36
1381.5257
5019.3426
1918.8908
2538.0913
1469.4792
1183.2476
4632.2683
-686.74841
3309.8895
-904.53115
2987.8799
1901.7688
2366.0861
2079.2036
2128.5625
2278.4603
1628.8709
14.832236
1752.5758
2674.2669
2385.4238
2985.8035
2943.8809
3195.0552
3230.2296
5323.0111
4694.918
6344.1645
2026.3922
5380.963
4286.0144
4569.5118
4431.4166
4895.6866
7380.3462
4526.6714
9840.2162
561.9235
-2519.1203
-618.76132
1993.1769
1392.9868
7882.4907
1652.4703
8758.4195
8180.0494
15178.362
28576.782
10341.023
13577.231
24648.981
25605.903
12847.845
11635.456
23175.053
21395.438
28781.921
38048.231
41431.126
49074.019
29047.79
20615.583
27068.097
16931.441
15596.661
15603.974
5050.7394
-17428.408
-11460.883
-5109.2385
1141.894
3125.2248
4031.6483
397.91015
1980.8271
1546.3403
4882.145
1977.1693
2511.3087
1780.5544
878.3457
4577.9809
-619.62282
3146.1059
-409.96354
2394.4028
2608.3654
1196.6079
2897.8984
2350.5983
2338.6323
1559.9315
-772.69947
2256.9449
1959.3938
3595.2905
2745.4638
3035.9524
2007.3485
4119.6715
5057.0437
5288.7061
7286.2139
134.94506
6644.6603
4096.9738
3304.862
4925.9955
5665.5953
5671.9083
7005.5647
11738.042
-1556.0859
-3952.7645
496.78551
2085.153
1484.2522
7359.8343
-1285.5472
10074.818
5723.2668
20178.319
31264.023
2465.2845
14960.955
31016.231
24825.711
8088.6226
11737.986
23638.052
16979.786
27644.97
40521.765
42507.593
46991.247
27515.162
20893.974
24633.985
18512.438
17615.553
15161.297
5434.2159
-18697.404
-10848.541
-4333.515
1384.1661
2573.4085
3837.9711
303.12137
2331.0541
1714.6381
4628.9187
2168.8939
2332.8892
2189.5705
592.48959
4362.8291
-248.04432
2743.6857
83.866803
2019.6816
3032.035
233.36024
3403.1284
2750.7235
2865.0495
767.2369
-941.70541
2457.6391
891.72839
5099.0375
2746.881
2979.1176
366.8471
5640.6549
4154.3825
5725.8181
8890.6667
-2460.27
9059.9033
3117.987
1782.0844
5820.9315
5441.6283
4395.2266
8219.9042
13510.217
-2822.0404
-4570.6413
1097.2929
1398.0784
2644.9954
4248.4876
-1950.3498
8250.7579
4298.0943
24768.864
27424.914
880.16249
18980.483
33195.785
25272.947
7484.9469
11792.65
22440.319
15823.346
27936.205
40514.67
43004.606
43476.088
26957.061
21747.41
22035.429
19134.524
18713.575
14396.182
5027.8399
-19957.522
-10152.743
-3622.0838
1502.5722
2171.8017
3607.233
216.88109
2709.5478
1875.6375
4342.322
2380.794
2133.5032
2519.4133
467.48059
3887.0034
397.70538
2326.2416
320.01283
2107.898
2999.2558
-551.65419
3917.2757
2828.8855
3949.606
-453.03339
-783.62252
2528.1761
-592.27436
6333.6475
3516.7785
2057.5444
-652.31973
6688.1046
2642.6429
6106.661
8975.1336
-3662.7985
11451.713
765.34015
1298.3147
5573.3008
4572.6503
3600.8378
7761.5883
12298.184
-1106.772
-3060.157
585.16416
1290.75
2960.4034
3121.4011
-1370.7413
5605.1855
4502.4262
26324.396
23415.378
-565.31477
17610.228
33918.371
27535.106
8514.4223
13350.245
22138.59
15185.362
29424.994
40352.397
44276.311
46239.6
25616.892
22852.067
22495.357
17418.523
19004.239
14827.79
5144.5436
-21131.163
-9390.0845
-2978.551
1508.6017
1860.599
3361.3955
147.53055
3100.8361
1994.0022
4100.872
2577.0896
2000.7267
2709.0045
462.59919
3256.0579
1122.898
2059.9336
240.80212
2546.9296
2735.9795
-1347.7879
4438.7985
2705.0719
4836.2222
-1509.8682
-453.45316
2287.2449
-2226.4567
6407.8237
5107.28
124.57001
-761.85154
6754.997
819.13233
6102.5636
6585.8475
-2111.8906
12429.522
358.17402
1824.5442
5038.2977
4245.6294
3450.3944
7295.8457
9801.7954
-1266.2003
-1094.1323
1288.3661
1703.316
3549.083
4310.9559
-583.5636
6510.5342
5079.4372
28327.736
22554.701
-1397.0285
20982.02
33716.665
23526.852
7460.0877
16570.936
22266.958
13579.665
30627.748
39602.829
41493.272
45604.904
26798.778
21815.312
21610.3
19193.22
18868.205
14744.05
5229.9379
-22239.664
-8590.7359
-2408.2232
1464.9172
1613.4737
3084.391
102.28429
3542.763
2018.8409
3897.7338
2781.5968
1948.4779
2848.5658
454.71784
2550.9316
1867.4352
1818.5887
38.514582
2957.6097
2298.8836
-1940.2166
4635.2827
2308.1548
4960.659
-2201.8509
12.272079
1649.3405
-3841.4138
5316.0287
6233.5687
772.13966
-129.5742
6654.3415
711.87876
6020.0501
4195.7516
-1232.9053
13395.317
1089.0242
2474.7202
5997.9624
4623.1319
3695.2447
8488.7602
9100.7248
-1706.968
-335.87792
36.995565
1438.2187
2637.0923
2596.7802
-684.62767
4941.3148
3948.4806
28052.335
21237.098
-932.14002
15452.483
31986.795
22041.692
6555.4216
14473.707
22444.226
12706.936
27637.663
38427.863
40027.87
42218.897
25685.062
22569.798
20473.976
16958.007
19332.478
15030.655
5230.2172
-23267.843
-7762.3306
-1932.9191
1441.7079
1434.5328
2773.7079
46.513087
4063.1622
1953.7873
3666.5687
3035.0493
1857.7299
3062.9513
401.88044
1761.4364
2465.1617
1527.5043
-239.38438
3034.28
1379.4512
-2043.5338
4601.5178
1159.1878
4180.7468
-1476.4783
601.3959
1626.1199
-3960.2542
4550.2153
5877.5147
1721.7344
853.36735
7069.222
1594.0843
6839.7331
3702.1046
-871.75355
13200.233
-629.84106
2551.6694
4849.7391
4036.8579
3477.1894
7372.3421
9413.1929
-885.90928
-571.26127
316.86053
1506.0626
3527.4901
3057.3594
-131.02103
4171.1034
3255.6516
26531.189
19553.507
216.2187
14073.611
29012.105
18821.745
4228.1639
14490.537
24159.991
13701.14
26368.119
35982.334
38670.465
36779.784
24115.939
22106.446
19429.23
17961.608
19997.284
15511.585
5294.4979
-24151.833
-6951.2251
-1546.0731
1428.6384
1355.5456
2433.7053
-31.269293
4635.3941
1863.1814
3338.3201
3325.1486
1670.3065
3164.2482
360.98298
991.88171
2227.9269
1450.7758
-679.45877
2518.7191
309.24695
-992.41688
5288.1139
960.99229
3251.684
-840.44269
1376.8482
2055.0959
-3397.5877
5054.0906
5708.1714
1172.0489
825.13046
6254.9197
198.79276
6487.7817
3118.9021
-861.35302
13704.516
-175.93999
2451.5886
4851.883
4210.0993
3844.8323
7232.6142
8745.7923
-936.55736
-1114.4635
-618.41515
550.50425
2186.3052
2217.3676
1517.1471
956.96792
4978.4588
15842.201
15927.537
1271.9911
9920.8271
27421.212
17361.349
1792.751
13300.766
23919.815
15890.414
27398.847
35375.039
38553.352
32742.075
21875.611
22308.704
18793.502
17573.104
20808.267
16043.408
5397.55
-24927.743
-6208.4945
-1228.5617
1365.3531
1423.0976
2012.5456
-29.30651
5089.8896
1951.5572
2794.9363
3472.4774
1592.3183
2468.8273
435.8786
457.46461
889.06216
1734.3603
45.25114
2633.3166
-515.2368
-30.284593
6377.408
1709.9732
3190.7387
-1042.9458
1296.0434
1011.1861
-4780.8815
4940.9031
5652.7854
1482.069
1021.5038
6424.4614
985.88189
6300.2187
3150.1543
-689.88714
13002.796
-904.3694
2239.2597
4926.633
3248.9898
3704.3718
5295.5413
7742.5592
-203.14271
-1710.5093
-1362.1807
573.67395
544.00189
1649.9213
2116.2905
156.98775
1885.4927
5037.7682
15398.573
3934.2937
7078.7844
25147.804
16701.226
572.25815
11539.068
24220.763
15415.744
24950.03
34135.334
37767.825
30756.105
20335.258
21754.118
18588.3
17576.612
20265.125
15877.772
5289.359
-25664.744
-5526.7147
-1013.8001
1261.089
1594.7523
1474.3443
167.04886
5088.4155
2514.0939
1813.1607
3284.2706
1718.1888
937.89997
470.62156
1305.202
632.38014
1783.2294
847.30053
3403.8181
-712.09966
-649.94589
5700.1535
1056.1955
3048.4458
-924.37241
1468.475
1688.48
-3974.5424
5005.9531
5653.3676
942.04321
1040.3604
6231.9698
598.08654
6109.5767
3367.7062
326.09149
11166.688
-991.70954
2597.6484
4927.6107
3234.3157
3512.7748
3526.6244
6325.4867
-236.888
-2268.6951
-2158.3265
1407.8528
353.59757
1008.4142
2109.8857
-456.13391
-3553.6076
4161.927
23554.585
6866.7468
9248.9762
21526.214
17148.857
85.058739
13218.948
25076.921
13682.109
23975.471
36414.25
36697.464
28892.515
19867.98
20848.296
18405.419
18227.615
20123.203
15662.391
5159.5445
-26369.889
-4844.721
-970.26479
1207.7377
1696.4467
973.43018
421.75197
4459.633
3354.1202
603.54675
2651.5519
2497.7808
935.90401
354.97708
2337.8199
996.57832
1625.1521
372.44255
2762.5226
-1175.3058
-572.97217
6291.3698
1452.602
3128.953
-1033.4474
1249.728
1350.7841
-4383.8914
4968.8623
5697.3635
684.45939
732.44974
6122.1528
1144.101
6037.0709
3015.1622
775.62483
10475.369
-1293.1129
3861.041
4318.3205
2179.0524
3286.6472
1503.0644
4925.5392
-924.11915
-2471.9801
-3215.493
2216.6919
1433.0296
412.59902
2094.0476
-1097.6682
-6131.5472
4649.2478
22744.262
8359.3498
13165.711
20556.065
18311.161
983.69499
16259.485
23973.923
14589.465
24383.031
33502.118
34645.982
27113.434
20265.948
19749.837
16913.655
17838.319
20482.232
15449.155
4963.9241
-26989.591
-4093.3146
-1101.6978
1255.8543
1560.291
766.91574
374.617
3462.7563
3509.617
1335.6113
2274.6353
3424.9892
1574.7682
204.36156
1713.6338
515.43041
1521.1957
694.20384
3075.9099
-1156.9578
-901.52198
6030.7779
1220.7789
3065.2914
-961.99048
1237.4205
1773.8532
-4037.9971
4712.3348
5525.2387
479.97106
513.76265
5880.1686
1243.0158
5956.0156
2231.3013
697.95202
10253.977
-1315.5031
3720.0926
3429.0672
1583.3732
3738.5793
1066.6928
3692.2437
-1675.3451
-1626.3556
-3821.7574
2093.2144
2201.3356
-577.94123
1731.3106
-1418.45
-6277.5317
4981.7718
20006.707
8623.7005
17660.909
22282.934
19902.477
2610.3649
18811.58
23828.886
15547.018
24460.785
31349.036
32883.578
25712.737
20267.006
18799.283
16497.458
18000.108
20695.884
14856.732
4593.1935
-27462.73
-3247.1318
-1255.5358
1349.1367
1187.869
849.22607
6.733354
3030.3927
3497.2525
2481.6306
2361.8854
3057.5121
1192.6365
93.292045
1971.3754
573.73785
1500.588
420.89215
2927.5232
-1163.4623
-1256.9959
5754.7682
1174.8283
2921.7179
-1181.8193
956.31828
1429.9045
-4067.3656
4166.4332
5269.0955
233.00283
163.10444
5650.7842
1444.9129
5739.1115
1503.6064
-95.44503
9384.898
-1042.6003
3648.9319
1935.7087
1743.9697
4384.2524
66.418503
2966.6581
-1305.4516
-940.92544
-3902.451
1547.9084
2401.3436
-416.72462
871.97238
-2078.4795
-2741.0845
4065.4563
16725.341
8331.9552
19659.192
22571.414
18456.319
4330.0984
20790.577
24096.709
15930.842
25072.831
30551.926
31705.445
25641.398
19987.934
18425.782
16973.067
18783.06
21208.981
14266.029
4065.438
-27859.433
-2338.5596
-1105.5197
1404.4197
805.87978
777.093
730.12366
3177.0912
3589.1791
2158.7283
2179.4196
3044.3021
1311.2851
56.439806
1853.435
422.17973
1518.2023
467.17579
2985.0026
-1097.4524
-1186.4171
5332.9072
1142.5216
3086.5312
-1409.9206
847.73096
1726.4068
-3884.8254
3256.837
4858.3254
2.8566154
-95.90516
5349.0063
1285.5667
5312.6341
1087.9515
-358.57079
8802.5806
-1120.0522
3700.5413
1517.5094
2206.4546
4729.1934
591.46654
2844.2779
-900.66348
-280.30187
-4554.7906
741.74953
1279.7881
-1122.5187
621.62424
-4109.6721
-2756.6682
117.1058
11848.508
9628.8863
19275.14
22084.466
18692.546
4759.4138
18311.547
23657.236
16718.191
27038.732
29595.625
30567.168
26692.954
20148.712
18495.793
18721.705
19684.481
21645.191
13721.25
3509.7862
-28588.586
-1459.0355
-278.95274
1393.037
752.18334
766.07099
1795.0747
3012.6356
3202.2261
2141.0911
2246.0783
2970.2327
1256.0861
85.361959
1852.4258
350.96138
1579.2144
433.91824
2785.3076
-1236.7946
-944.52081
4876.323
1008.157
3201.5757
-1699.4837
564.11765
1666.1578
-3855.7971
2027.6791
4305.8709
-230.92245
-318.78525
4979.752
996.46212
4929.5622
861.37514
-1144.5128
8242.5088
-222.60605
3774.7295
527.69553
2580.6503
5295.3984
1838.9974
3344.5731
-657.68933
-268.51607
-5711.6422
-359.5231
937.91356
-1282.6115
636.86219
-4744.4135
-4555.4125
-668.11861
6751.0359
13200.446
19223.403
21104.558
18935.871
4625.3295
15700.908
24097.87
17345.63
28213.124
28186.691
28978.834
26956.682
20736.115
18527.937
19553.862
19398.631
21340.331
12842.722
2907.0148
-30370.036
-727.09775
1162.436
1399.6143
1031.2089
751.52809
1592.0865
3061.3916
3281.4784
2126.3747
2211.4191
2906.9105
1267.4216
138.66613
1784.3257
225.04794
1589.8461
477.24861
2763.6899
-1558.1929
-967.63612
4353.0952
722.27187
3190.7207
-1904.7087
293.99913
1700.3406
-3743.2622
476.41151
3768.536
-548.77007
-355.12886
4561.6796
542.71424
4473.4466
-273.8998
-1617.5538
7177.8418
-633.26494
3956.8551
343.73838
2955.4223
5795.6494
2204.2819
3750.0854
-527.39477
-597.09699
-6970.604
-636.13554
1218.6046
-1876.0199
949.07167
-3360.415
-3671.1619
3181.1478
5775.0336
15838.736
18942.447
20761.594
18752.068
3266.5997
12878.328
23975.681
17152.464
28867.524
27523.406
27653.963
27027.512
20767.505
18376.956
19757.739
18341.944
20596.042
11575.966
2185.0187
-32970.646
-424.49679
1999.1983
1629.0916
1090.1725
588.04373
1564.9587
3036.5303
3214.8124
2127.0559
2229.5546
2811.9004
1257.0921
186.09075
1675.4332
97.727786
1562.38
439.51063
2669.6213
-1896.0494
-1268.7372
3826.0633
736.65264
3277.0941
-1955.3141
133.18419
1544.1671
-3824.6436
-1526.3084
3224.505
-503.72693
-204.90165
4263.6507
97.015609
3931.4382
-564.04419
-1655.7888
6629.1391
-562.73972
4037.9254
245.1804
3328.6374
6160.1599
1826.2856
3618.571
-679.26397
-1227.0351
-7983.6454
-1971.7128
1513.3249
-2192.7551
1363.623
-2679.1598
-3254.3063
3914.3522
5607.6762
17389.42
18666.11
20111.053
18519.551
1279.2065
9588.7387
23211.684
16631.735
28528.633
26886.407
26657.524
26910.763
20243.35
18142.025
19718.262
17168.824
19955.798
10383.77
1499.5062
-32772.542
-1531.739
1460.4585
1990.342
1044.0751
556.28601
1520.9944
3021.5421
3198.3143
2130.5474
2221.4059
2708.6783
1251.2971
226.19378
1515.8124
-44.477346
1522.3423
431.98379
2645.799
-2183.0781
-1840.5554
3201.1722
926.06981
3314.6625
-1887.2967
151.76099
1203.9737
-3987.6337
-4034.7461
2586.6956
-450.63628
41.034949
4001.6038
-221.58249
3468.1485
-890.1582
-2010.0843
6228.9764
-390.64533
4056.4969
251.62524
3356.1268
6095.9151
1737.9683
3931.4964
-654.56619
-1671.9403
-8540.1036
-2929.4584
2018.2788
-2582.5996
1512.7188
-2576.0325
-2537.1975
3149.2614
5747.4114
18509.489
18341.614
19403.123
18014.4
99.308622
7274.3737
24055.032
16561.506
27608.434
26299.999
25933.98
26535.356
19101.352
17633.549
19452.795
16149.341
19254.722
9046.2433
726.0987
-23254.301
-4231.3133
941.606
2156.5482
1028.7037
558.3737
1535.891
3013.2568
3180.2408
2134.6343
2207.1429
2594.049
1235.795
255.36384
1333.4899
-189.62241
1482.4992
453.47348
2569.1756
-2474.2246
-2334.7554
2498.3291
1017.6171
3273.1974
-1760.1511
286.35853
719.1862
-4290.6097
-6110.3324
1920.3082
-273.43325
347.66814
3701.6746
-587.14002
3121.3216
-1232.8305
-2198.0219
5744.4094
-723.23428
4012.08
386.16123
3501.9946
5754.1667
1658.8062
4122.6977
-392.54171
-1720.356
-8740.8168
-3545.2292
2439.9294
-2835.458
1788.5271
-2914.6855
-1973.727
3340.5576
6091.7492
18164.728
18152.03
17713.226
17109.23
-1255.4862
4358.7527
23920.245
15979.359
26670.598
25481.619
24837.86
26419.417
18166.606
17188.107
18904.761
15202.783
18585.252
7886.7604
105.19256
-4923.0476
-5331.2096
861.47156
2064.0505
1016.4177
537.50283
1557.1343
3006.0074
3164.2323
2138.3791
2169.5909
2465.3709
1226.5906
279.97323
1157.5781
-333.43138
1398.9615
364.94975
2492.0799
-2673.8536
-2814.1223
1827.8304
1029.8513
3244.2532
-1649.9774
384.50572
366.054
-4152.6023
-6780.1398
1275.0094
17.746723
610.82859
3414.2196
-1092.826
2669.2719
-1034.3708
-2266.408
5453.9213
-386.95522
3945.1826
423.9245
3388.8549
5191.144
1606.7179
4219.4276
-423.44081
-1772.3803
-9190.0266
-4300.118
3369.3759
-2668.532
2008.6095
-2706.0949
-1844.702
3358.5233
6376.5999
18153.866
17782.177
17135.576
17187.488
-2362.7121
1320.1223
23085.49
15042.493
25616.25
24521.248
23667.579
25965.183
16822.947
16744.812
18243.509
14347.962
17991.022
6909.6216
-174.2534
-896.83409
-3801.8802
807.35931
2042.2594
999.15352
537.86434
1577.2363
2997.934
3148.2641
2140.7479
2122.2345
2321.7183
1212.0445
303.10721
1003.1219
-460.5997
1330.663
302.94263
2427.5063
-2840.8731
-3336.36
1340.9916
1176.0862
3201.5258
-1550.7048
395.39136
366.9286
-3569.2648
-6159.434
827.37047
392.09455
847.7959
3185.3867
-1730.5705
2118.9574
-1217.1298
-2024.7461
5016.0286
-622.95396
3898.8722
625.32503
3404.3145
3701.5701
1411.5049
4952.626
-440.14895
-2237.2911
-10425.389
-5238.789
4492.3459
-2921.063
1983.7964
-1969.1355
-1250.7901
2801.5135
6374.1276
18621.235
17556.919
17362.307
17807.163
-1841.0977
51.658586
21789.445
13390.161
24614.093
23624.143
22707.702
25294.222
15114.89
15887.625
17331.109
13367.968
17083.359
5647.6436
-352.24733
-10296.45
-2829.6006
882.25228
2035.3027
972.88127
539.49831
1595.0592
2988.5054
3131.5236
2142.3447
2071.462
2161.4537
1189.0918
327.84856
875.0604
-603.3371
1257.332
243.55847
2366.2639
-2970.8179
-3846.9919
977.38931
1361.3493
3169.5367
-1520.3857
302.9764
703.48397
-2583.9832
-4521.5945
626.49565
881.28419
1111.7074
3016.7739
-2207.034
1512.9365
-1440.1987
-1336.51
4971.2125
-304.22196
3870.9974
698.79926
3158.7526
2370.7419
1077.0129
5011.9664
-589.54854
-2599.8285
-11556.776
-7654.242
5376.1326
-3042.3717
1999.3595
-1692.0921
-733.36966
2495.4363
6049.5398
18214.005
17148.028
16563.015
18146.013
-767.1678
-658.00054
19754.135
11325.808
23704.084
22605.328
21722.572
24501.797
13715.024
15034.981
16243.788
12493.332
16224.095
4547.6053
-587.16242
-10099.545
-3037.7193
912.61887
2028.1601
941.2006
541.42664
1608.7258
2975.2155
3110.9845
2143.2147
2021.1037
1980.1383
1152.2626
355.73577
779.4408
-726.35726
1209.2658
160.44975
2299.9489
-3076.1921
-4326.2736
748.03527
1519.1778
3133.8209
-1562.9052
146.60948
1193.2201
-1815.5211
-2585.8721
705.42632
1422.2024
1478.1183
2899.374
-2403.4292
1157.0626
-1469.6551
-631.33548
4750.4322
-91.677129
3833.9688
746.74997
3232.1103
1339.0878
667.44952
4903.8688
-476.75051
-2663.4962
-12229.245
-8622.4554
5512.2702
-3193.004
2022.276
-2265.6773
-618.18096
2042.383
5291.6529
17972.337
16458.778
15264.026
17514.8
-1885.6728
-2967.1116
17890.956
9928.8081
23256.503
21333.9
21140.827
23744.561
12131.064
14115.063
15513.338
11399.208
15064.916
4005.0246
-367.27973
-9535.2558
-2777.0451
922.05092
2017.1977
903.24091
543.3066
1617.3477
2956.0434
3085.0317
2143.8008
1971.4504
1778.7139
1100.9652
384.83082
714.52544
-846.20099
1144.1017
75.370791
2213.751
-3152.6172
-4762.4311
632.09038
1676.5168
3063.674
-1702.6198
-107.72699
1548.4715
-1286.3045
-854.98002
917.98128
1751.3516
1893.9063
2728.9712
-2764.1864
811.41478
-1387.9555
132.70653
4509.8851
79.297364
3786.6562
754.87867
3326.0843
625.46986
297.84655
4764.7243
-290.8521
-2407.412
-12058.69
-7772.7942
5515.488
-3504.6555
2102.5378
-2561.2152
-424.2575
1269.2513
4125.6974
17882.411
16177.351
14245.134
16213.763
-2457.7765
-5088.3443
16341.712
8481.5086
22723.644
20316.931
20882.666
23287.277
11249.457
13102.285
14635.374
10290.711
13667.731
3232.7269
-4.4500446
-8803.7209
-2602.1376
908.67872
2002.5358
863.71747
544.41606
1617.9738
2926.8991
3051.0713
2144.8774
1922.9633
1568.1835
1036.3938
415.87564
676.01705
-946.49025
1089.1935
-34.390923
2110.6757
-3191.0388
-5146.1893
642.37998
1810.1251
2959.9601
-1885.1241
-385.07171
1775.1999
-773.90413
327.28811
1210.1256
1760.4944
2113.2998
2509.7549
-3306.932
225.54384
-1753.0733
635.96772
4284.8597
233.07129
3725.6176
863.76371
3433.6059
702.91942
-96.794291
4267.0172
-256.65916
-2513.3866
-11912.043
-6035.816
5970.5412
-3765.6991
2168.2201
-2723.4939
-153.94552
39.443369
2683.658
17321.29
15434.304
13132.752
14543.962
-3425.1154
-5115.3578
15552.225
7309.3821
22197.869
19433.681
20372.228
22875.47
10958.367
12968.954
13725.485
9467.0151
12462.673
3040.3066
47.411799
-8073.1102
-2368.4367
891.62949
1976.9928
807.3836
543.63841
1608.081
2881.7742
3004.4037
2146.9045
1874.0082
1381.1739
957.82131
440.01745
664.15381
-1033.7712
1039.3259
-126.85175
1990.3214
-3138.4731
-5390.2238
807.63569
1878.1322
2806.2105
-2082.7379
-627.68739
1978.4397
-421.76355
859.32686
1361.4814
1656.0799
2192.7405
2313.5013
-3501.7594
-239.26361
-2367.6532
880.13221
4057.6334
250.55124
3563.6882
881.78572
3647.1371
1125.4603
-250.4676
3681.7589
-387.61015
-2378.7222
-12069.65
-5131.7722
5960.1643
-3884.0373
2164.9641
-2921.9624
-145.04839
-448.57783
1968.224
16484.972
14838.629
11482.934
12608.065
-5302.6057
-3760.3126
16016.644
7707.3246
21528.288
18916.214
19777.295
21953.433
10915.637
12832.148
13503.283
9152.1679
10822.347
3433.2011
643.27524
-7325.2595
-2219.4914
866.6395
1953.9987
750.43418
539.18012
1584.2461
2814.3011
2937.4889
2145.8424
1818.3506
1300.3986
891.20421
465.55681
697.41768
-1084.6694
1002.2048
-225.54494
1818.601
-2927.2512
-5474.6297
1099.442
1838.8668
2613.6426
-2286.0659
-776.04627
2143.8192
-247.73831
1238.9202
1484.3867
1453.3368
2172.4293
2119.7289
-3333.4293
-318.29955
-2725.3617
1046.8647
3674.0534
133.6876
3631.174
899.83864
3565.2609
1345.7156
-292.31561
3255.0022
-681.6893
-2222.2927
-11191.611
-5027.5748
4618.7952
-3941.6198
2217.0526
-3036.9236
-214.71803
-795.84328
1950.8993
15317.337
14088.308
9837.1102
10751.98
-4290.274
-499.60244
17882.044
9217.7532
20796.497
18462.77
19008.797
20592.093
10936.15
12754.337
13433.308
8865.0923
8446.7167
3198.703
1434.2249
-6632.2988
-1987.6408
829.27242
1927.2636
685.7253
529.3646
1544.2835
2719.902
2845.4704
2135.0091
1748.6892
1367.6236
855.6095
510.033
819.2539
-1106.9297
974.62051
-322.47383
1665.8942
-2604.4193
-5434.2402
1417.8834
1729.9414
2397.7958
-2486.3774
-905.44287
2198.507
-80.638957
1450.8073
1502.8068
1131.529
2122.2443
1960.7915
-2866.6535
-142.64689
-2461.2419
1508.5012
3117.4817
-175.76827
3675.6364
953.87487
3492.965
1421.3489
-233.15715
2765.1073
-512.6401
-1864.7013
-11116.757
-4629.611
4293.868
-4030.028
2108.92
-2828.6841
-358.06092
-1544.3896
2129.7058
13659.552
12997.847
8362.9186
9200.3654
-2862.473
3609.9141
19655.174
10054.503
19875.566
17732.645
18321.739
19599.362
10690.087
12819.801
13216.23
8039.8634
6387.6964
3276.8297
1875.2125
-5950.4976
-1890.1002
786.81867
1894.9426
614.17896
512.66234
1487.624
2601.4636
2735.8847
2112.8178
1670.9178
1540.5563
843.3893
567.37701
1025.1684
-1087.6689
954.92493
-424.3784
1528.3779
-2163.1724
-5273.618
1650.1884
1586.6652
2187.4012
-2598.8863
-968.90771
2290.0625
-31.368625
1507.4538
1335.7303
736.4898
2074.3579
1829.8391
-2274.8465
-12.154088
-1266.191
2503.8352
2755.8378
-386.51609
3717.7162
1117.1273
3697.7002
1517.138
-264.05561
2781.6759
-410.84264
-1262.5215
-10664.347
-3252.0543
4200.6412
-3998.3857
1878.3214
-2269.9858
-393.50781
-2432.9857
2419.3677
11204.15
11316.308
8021.658
8210.5787
-2337.6514
5541.3684
20996.016
10723.651
18861.496
17104.567
17563.848
18455.22
10146.067
12578.521
12737.338
6833.2059
5060.9961
3730.5617
2174.8312
-5349.5959
-1654.0152
729.1461
1857.8413
536.42699
488.75708
1414.8135
2466.7665
2630.2468
2089.5291
1611.2332
1625.5237
799.05061
614.97824
1227.976
-1028.7453
942.00746
-533.50955
1395.3019
-1606.0202
-5132.1162
1759.0278
1416.2562
1982.2931
-2576.0011
-916.86892
2235.087
-163.39355
1526.8018
1119.2238
531.2825
2042.8197
1707.2517
-1844.8323
27.038341
255.58355
3391.028
2603.1262
-335.99278
3693.1456
1355.2444
3995.3676
1676.9998
-328.5412
2627.4125
-235.71312
-625.71716
-9827.4355
-1978.8645
3768.3233
-3457.8215
1635.969
-1946.4591
-175.7702
-2169.8022
2679.0182
9281.3243
9627.2488
7964.5242
7815.9334
795.36845
7369.3011
21476.222
12151.24
18072.372
16399.04
16742.569
17209.708
9415.6881
12138.263
12060.816
5928.6996
3765.2702
3665.6095
2267.8266
-4764.3768
-1618.7123
672.57246
1812.8897
454.93962
454.58908
1328.9409
2324.0896
2544.0952
2078.385
1586.154
1591.9173
705.23094
574.72899
1340.1972
-908.43485
927.59604
-622.92699
1309.0155
-1174.5805
-4919.0655
1907.8352
1237.801
1829.5829
-2477.4855
-801.52364
2072.145
-237.60602
1537.8982
1089.8389
579.64926
2026.6373
1601.4091
-1571.0875
-59.966765
1269.1141
4086.5383
2316.9072
-133.74609
3759.2034
1699.4584
4172.8408
2180.5848
122.1261
2470.2222
-65.564461
-269.83414
-8669.5674
-979.09105
3470.9934
-2525.3898
1602.6963
-2064.6578
-16.998104
-587.96979
2486.1154
8348.6686
8251.7745
6893.322
7035.0734
3460.7881
9788.5804
20397.888
12401.89
17193.117
15757.913
15954.303
15955.973
8644.8153
11517.837
11281.263
5549.5868
2335.1137
2910.7864
2097.0051
-4267.0196
-1378.2238
599.10513
1760.7727
369.3206
416.05294
1231.7813
2177.4044
2461.292
2065.8784
1566.2555
1569.0881
640.59929
457.94831
1370.9439
-760.90036
924.12926
-757.13362
1247.2511
-847.28635
-4727.7216
2044.7742
1127.2302
1691.1418
-2356.6168
-673.09491
2052.704
-179.04295
1519.7326
1195.4913
718.96715
2024.1091
1471.1593
-1367.0123
-24.709151
1812.5728
4304.097
1852.07
156.62861
3772.8155
1777.8838
4289.0983
2756.748
607.53285
2238.378
-270.85783
-25.605247
-7604.8546
513.27811
3422.6887
-2001.8087
1902.2746
-2410.5828
37.386028
8.5769657
2140.1559
7580.7148
7116.3332
5625.0845
6102.7592
5072.4452
9670.1331
19160.196
12325.396
16659.849
15321.531
15178.502
14476.844
8069.585
10834.827
10467.523
5290.5519
897.09103
1332.749
1565.0655
-3775.8233
-1388.6924
540.36976
1697.651
282.59189
373.50478
1128.3709
2030.99
2359.2451
2016.6087
1492.7185
1615.2125
658.13689
374.93605
1347.2959
-637.28275
914.79964
-822.8794
1283.7733
-488.04032
-4166.415
2132.8941
1021.2179
1558.596
-2201.4709
-532.51584
2150.5412
-94.72049
1446.7448
1218.8728
809.35316
2002.8678
1333.415
-1215.325
106.38619
2163.9461
4381.9162
1291.5981
-83.11728
3827.2323
1883.3622
4092.1091
2700.2861
900.13642
1935.2585
-529.29312
10.537261
-6821.0292
2366.0226
3713.3209
-1666.4995
2376.6915
-2396.1818
119.27713
111.02928
1718.2383
6560.8936
5703.5446
4468.8592
5417.427
6154.837
9807.0607
17791.417
12088.396
16013.668
14721.646
14402.271
13045.125
7621.8956
10279.65
9432.9502
5026.1623
-396.88276
-561.32242
724.62154
-3371.0502
-1146.5851
464.37079
1629.4029
196.53058
329.35437
1013.7942
1893.6364
2222.8537
1904.0277
1319.6799
1676.9647
715.07187
301.53514
1298.5742
-385.58998
877.22398
-902.74039
1485.775
-43.870991
-3382.5671
2183.4811
918.24188
1423.0297
-2089.6493
-389.67772
2323.5408
-44.92107
1339.9236
1207.0747
893.93444
1991.0428
1266.2128
-1066.0521
229.3852
2604.4024
4473.3519
1138.2278
-435.42833
3782.0263
1819.254
3932.9804
2678.3994
1049.1894
1702.7627
-793.28509
-115.16484
-6023.1088
3166.597
3351.0685
-1568.4394
2358.8035
-2071.6285
424.72854
104.23291
1345.7633
5289.801
3798.596
3649.7581
4680.8798
6642.8889
9136.1877
16533.335
11725.269
15374.533
14138.56
13644.005
11760.321
7121.5424
9695.1099
8266.5819
4579.5522
-1866.293
-2317.9682
-143.30338
-2975.8907
-1164.3862
429.16522
1548.0485
115.58396
288.44871
896.24746
1750.1137
2047.4499
1740.2839
1052.0276
1741.6819
778.97275
168.74543
1240.7613
-50.15542
831.88616
-1117.7191
1454.9609
79.923024
-2942.1297
2208.6578
825.71923
1316.7688
-2115.5092
-291.96924
2571.5992
60.991943
1199.9552
1229.5801
1039.0778
2001.7784
1264.3255
-928.05397
347.81671
2986.2679
4365.871
1449.6177
-100.06843
3573.5457
2004.9178
3803.1952
2654.6306
1121.0186
1579.988
-932.84594
4.7980593
-4940.2022
3217.989
2830.4024
-1194.0634
2297.1103
-1582.2543
818.62323
49.889026
937.77013
4115.1288
1611.9181
2131.0087
3835.4369
7004.1215
8578.5668
15454.803
11379.58
14688.997
13606.541
12954.022
10702.401
6970.2825
9388.2794
7578.3872
4165.8102
-3202.0908
-3615.7843
-744.7313
-2650.8652
-937.56101
369.5935
1473.9315
40.950894
256.06131
776.74216
1597.665
1852.2811
1553.2181
749.03639
1820.0164
837.8539
26.605007
1207.3268
319.34073
792.71834
-1245.6798
1126.5387
113.24372
-2595.5915
2191.488
716.87288
1218.2124
-1914.9939
-20.189225
2809.0164
249.33795
1096.3105
1264.2832
1208.5269
2014.535
1276.1803
-671.98757
380.14883
2921.7519
4213.2172
1799.1353
97.467664
2957.8065
1965.9627
3589.5267
2576.1519
1181.0395
1574.9756
-920.62433
93.664222
-4074.7461
3199.3745
2162.1577
-1166.5387
2208.1664
-1039.5561
1236.82
159.88397
622.59491
3240.7984
-1036.1146
679.26009
3131.651
6851.2946
7694.808
14296.957
10985.257
14018.873
12980.67
12299.868
10440.438
7368.3189
9458.2751
7656.468
3988.8479
-2765.3598
-3501.8034
-820.51191
-2330.9708
-931.93111
374.94803
1388.3514
-17.142654
237.18953
660.47246
1432.9994
1675.6771
1411.1303
531.93819
1876.3043
872.46764
-89.191308
1218.9877
752.53958
841.88069
-1255.5138
1036.2166
181.31719
-2271.4383
2141.6693
624.08532
1184.5392
-1403.4104
487.52169
2774.2253
447.08001
1046.9955
1296.0793
1328.9694
2022.0531
1365.962
-298.99795
230.49438
2630.0167
3983.9997
2016.4821
760.91214
2861.2558
1982.8423
3494.8338
2508.5696
1240.1711
1535.1859
-821.92619
272.53308
-3323.9025
3094.4006
1821.1156
-1008.6453
2182.0673
-602.23324
1560.6452
392.79412
743.51768
2729.8847
-3823.0291
-521.1209
2553.0196
6871.4826
6694.8291
13261.621
10625.102
13364.819
12462.528
11795.741
10467.954
7869.8488
9262.7797
7728.8242
4246.6624
-1174.8036
-2647.0412
-400.41389
-2059.4122
-755.13662
352.83398
1335.0756
-60.23843
242.43395
547.75527
1252.8162
1541.3817
1368.748
431.90165
1880.6876
884.04305
-177.65887
1240.6755
909.50191
913.98268
-1153.6848
814.32157
233.57818
-1949.9908
2108.7149
529.64955
1170.5446
-919.35453
995.04054
2573.743
539.34211
1048.7047
1333.0858
1420.5925
2033.1594
1687.9549
-327.50719
57.80687
2777.2794
3703.6505
2098.9437
1093.2145
2743.5439
2006.0514
3351.1475
2394.1638
1316.624
1511.3099
-500.82081
582.63492
-2473.3428
2764.449
1790.7922
-614.32688
2195.256
-284.12564
1903.6914
637.94423
1031.1603
2499.7746
-6354.6887
-1550.7872
2069.1037
6604.3212
5946.7857
12364.255
10231.385
12708.03
11971.651
11265.727
10373.231
8197.8637
9156.2155
7639.9081
4431.004
101.89662
-2168.3992
45.610027
-1785.3283
-707.55286
371.64747
1259.6364
-55.995205
273.43421
448.86834
1038.6252
1408.5892
1440.984
407.29696
1817.9235
879.39143
-257.24175
1271.1814
1172.5002
994.5385
-1293.8341
535.82032
283.07664
-1704.7034
2043.6226
427.61986
1133.3478
-696.37625
1206.7473
2479.0238
585.89557
1037.0943
1371.6324
1497.403
1966.3017
1817.9278
-645.54006
-123.35361
2987.0033
3248.1437
1970.8923
1012.2399
2724.3242
2022.2449
3277.6412
2397.818
1351.7607
1273.9471
-358.39994
508.10197
-1338.6521
2532.3108
1864.0256
-342.59643
2301.5306
-32.492003
2165.1755
835.05066
1239.3155
2220.4053
-8503.2345
-2064.4434
1922.1261
6058.3222
5268.8266
11562.883
9853.6217
12097.429
11534.364
10813.17
10263.031
8438.0489
9055.6978
7381.8468
4263.091
769.88991
-2027.3696
236.36221
-1519.1665
-593.06802
369.43205
1235.6134
-18.85452
333.27615
361.88562
802.51849
1248.2002
1473.9884
380.58377
1742.9329
835.75783
-350.00757
1306.6442
1304.0295
1154.7497
-1259.4476
385.76724
316.49599
-1527.7631
1948.7971
335.25346
1054.421
-490.03325
1298.5198
2372.1873
586.95229
937.75287
1399.0711
1549.5904
1716.9396
1792.9967
-792.29583
-398.59561
2857.7075
2923.3986
1867.0488
1138.181
2757.9813
2047.1556
3098.3765
2308.6587
1455.4189
1239.8349
-355.15425
571.17252
-1033.7851
2338.9018
2027.0597
-82.361307
2405.6165
242.51439
2454.5889
1043.7544
1542.1605
1803.9484
-9499.9395
-1868.3983
2116.8964
5290.2758
4804.3235
10907.244
9469.9943
11534.094
11108.382
10416.083
9989.488
8586.7479
8884.9793
7057.6569
4074.5967
1095.7565
-1829.6794
169.96686
-1308.7923
-526.57932
366.8872
1171.384
82.067041
408.20765
308.37089
581.99599
1093.9878
1307.9023
319.9288
1720.7507
774.31166
-446.70345
1354.7117
1310.1259
1274.5985
-970.58465
185.2352
302.31935
-1352.8742
1861.8532
246.68549
990.15051
-282.88765
1284.7935
2286.7581
568.04676
777.2806
1409.4013
1579.2574
1338.4668
1477.4345
-722.0931
-376.92787
2717.6011
2721.3964
1873.2335
1410.2028
2746.8918
2016.3289
3024.8411
2233.3302
1532.4298
1428.8095
-154.8814
846.15102
-652.88
2262.6229
1996.6047
266.60384
2471.65
568.78145
2750.876
1207.2605
1920.5387
1586.2217
-8819.8667
-1466.3116
2115.8061
4215.2843
4549.327
10290.381
9143.3531
10983.678
10687.779
10058.935
9652.7362
8472.9192
8689.9374
6963.9177
4154.1587
1364.0353
-1400.4309
33.249567
-1056.0407
-464.03672
375.35211
1179.3358
169.76028
439.14478
283.36911
415.38173
968.03781
1079.9041
263.2659
1766.0725
689.50733
-496.76455
1418.0105
1201.117
1267.8237
-890.72833
50.124412
280.89205
-1195.3332
1804.9757
170.72743
928.434
-127.05564
1254.506
2202.7524
605.96131
765.46894
1379.9926
1579.0608
1120.6493
1112.7722
-151.8835
55.484016
2176.3647
2511.4939
2015.1705
1589.022
2671.3446
2035.8403
2927.5905
2142.3551
1449.1991
1444.1119
224.6071
950.07116
-300.56963
2200.7388
1902.8383
556.1042
2523.9625
792.62532
3085.9331
1404.431
2276.0992
1319.0584
-7352.6047
-2237.2273
1610.5634
2877.4843
4491.3612
9757.371
8869.1768
10465.751
10349.469
9743.8953
9422.4364
8565.0128
8552.4963
6896.2681
4586.093
1997.5482
-825.4132
-82.066195
-917.52243
-395.46949
422.22547
1129.6387
280.30734
409.91833
303.29227
249.97091
847.7423
1163.3558
346.21187
1732.8054
608.12918
-508.37521
1493.38
1041.5416
1272.6742
-659.35487
102.73094
330.52099
-1041.7746
1776.8263
77.520392
852.72397
12.856921
1223.4821
2098.9283
767.81606
854.39111
1279.4164
1516.7822
1149.7756
810.07945
533.03742
776.49417
1919.914
2383.644
2132.3554
1644.6455
2534.6344
2026.0129
2655.3876
2042.983
1560.1552
1521.7757
286.90397
1097.7958
-21.706783
2165.4751
1783.1823
684.77051
2570.4117
1067.0379
3342.3924
1511.448
2704.3684
738.87539
-7027.1911
-4327.5171
794.72731
1418.5591
4506.9592
9250.5762
8609.0385
10032.01
9959.8166
9419.0659
9338.2175
8623.2095
8562.2348
6832.615
4639.9495
2726.5681
-420.30203
-151.9812
-678.44882
-307.34125
504.63282
1097.7068
312.23841
305.26016
302.6042
66.701348
654.52428
1319.6266
573.37692
1513.6159
529.93414
-488.48853
1578.8804
915.17056
1459.1445
-581.76278
153.66282
375.51969
-877.35638
1742.0316
-25.095951
806.64327
135.43005
1139.7219
2014.2046
839.40159
972.82582
1251.9128
1507.4946
1333.1276
560.16033
701.44207
1271.0694
1903.9011
2287.6959
2248.0016
1642.5595
2316.7027
2056.4316
2734.3353
1971.4354
1578.5555
1681.4998
551.58043
1243.7512
226.06694
2127.5099
2060.8866
1007.2597
2587.0581
1118.943
3438.391
1351.96
3022.1341
46.825573
-6834.9775
-7180.8455
-359.50373
112.85183
4460.3966
8452.7382
8360.6355
9571.8471
9620.8108
9109.5981
9274.5441
8496.3239
8280.6268
6675.6967
4596.7467
2864.8417
-422.1693
-159.15116
-552.60156
-188.10029
472.6902
993.27801
309.05363
65.482586
220.09984
-361.83222
364.1246
1208.998
570.2311
1525.4756
590.88096
-465.0825
1642.2316
277.59246
1225.2897
-423.9262
133.93023
389.94924
-675.00939
1710.0336
-21.686103
795.91509
233.58529
1037.172
1878.4728
811.26917
1001.6586
1212.1573
1506.8817
1402.3649
385.52888
524.81765
1379.071
1950.7593
2180.8297
2173.5253
1488.9305
2231.659
2099.3879
2707.5787
1955.8329
1571.1651
1716.4601
615.13269
1331.9177
433.35862
2107.7899
1836.1156
1074.0174
2561.9745
1301.9586
3597.1309
1251.1705
3662.0805
-890.80619
-6320.1087
-9119.5358
-1732.369
-653.69452
4505.089
7624.2894
8109.2659
9182.4616
9293.1126
8815.5809
8897.683
8243.797
7880.8732
6329.2483
4776.0584
2911.1066
-189.99149
-220.80925
-337.15252
-73.442584
482.73641
847.43815
241.26153
-73.630706
106.81389
-894.85293
155.33664
1113.6664
404.91735
1374.3086
602.65409
-392.55978
1666.6815
-109.24663
952.3275
-263.87205
-104.54494
419.25754
-504.07452
1661.0867
-44.65359
835.2381
291.12109
902.27192
1820.2406
827.85098
940.0063
1139.7564
1409.1561
1411.6965
364.65838
360.58304
1508.629
1815.1232
2071.5274
2089.565
1681.5328
2302.6897
1994.8761
2563.127
1962.021
1586.3722
1701.343
895.70023
1434.5543
634.94173
2124.3236
1902.6234
1145.4236
2757.1915
1367.0179
3951.8947
1101.2843
4514.5729
-2078.6056
-6630.0673
-10104.697
-2160.2589
-826.96236
4647.0281
7436.7667
7929.5815
8806.0869
8974.6253
8526.8335
8610.2025
7975.1171
7661.1634
6293.6426
4845.5335
3035.0293
200.42613
-196.05037
-181.05478
93.363826
551.56601
828.80825
181.16897
-246.44186
-15.529569
-1317.1831
100.87135
1165.0631
-12.256396
1397.9873
543.98489
-561.64276
1714.3763
-130.35727
684.32515
-416.09701
-641.6423
512.29105
-399.10952
1641.6835
-157.49937
620.72116
337.41145
817.02666
1774.2512
861.97699
895.44517
1119.9526
1241.4592
1366.2304
164.44606
598.45849
1783.752
1725.2638
1948.1359
2052.2869
1735.8197
2276.2138
2058.6136
2427.2152
1918.0757
1646.8313
1740.6763
984.76509
1503.2099
820.78198
2009.8179
2043.4674
1533.0432
2593.7415
1651.2322
4165.2195
988.53377
4921.3225
-3080.5553
-7902.7868
-11663.001
-1650.6387
-507.2412
4460.4018
6758.6501
7783.8124
8432.4126
8640.5718
8274.5503
8334.6908
7825.5265
7476.6919
6236.5366
4762.392
2848.0996
169.84982
-265.43789
54.41704
212.63668
656.79874
632.82994
93.797332
-259.15223
-194.04799
-1617.9214
168.84419
695.36543
25.446798
1326.4908
528.53116
-552.58612
1734.8389
-752.19605
309.61847
-468.31376
-1057.348
648.50052
-298.04272
1343.6594
-158.74863
539.41565
300.5947
822.79446
1690.9202
917.10101
900.61662
1111.0338
1040.9406
1299.7071
380.44712
846.20563
1646.0008
1637.5176
1817.8125
2018.188
1833.3198
2276.1793
1855.0402
2337.5207
1884.7096
1597.6139
1709.5893
1196.4054
1577.0575
978.36165
2102.9899
1974.4784
1589.7152
2775.3077
1797.6147
4352.9
1164.4514
5200.0268
-4016.7814
-9633.7297
-14426.916
-1008.4857
102.75827
4409.7574
5709.6733
7518.4301
8105.6953
8307.5641
8001.9434
8058.4729
7462.335
7064.8528
6016.8759
4762.1232
2683.4453
236.39649
-359.90676
188.62861
359.1994
562.74784
608.17011
44.259803
-401.38308
-271.55884
-1560.9163
-346.53625
-359.47055
467.77419
1269.9222
807.24952
-220.97643
1814.9504
-879.95586
279.42743
-311.82822
-735.64468
895.15819
-132.39152
908.71093
-248.83039
474.69731
224.82851
879.44188
1335.6679
951.91153
966.64801
860.64722
899.45526
1483.1081
905.81058
1074.0847
1181.2228
1576.1339
1722.5682
2022.0186
1774.2213
2142.6769
1962.683
2356.7911
1879.8342
1697.4037
1775.9732
1200.2519
1628.0169
1119.3088
1941.0959
1918.4331
1620.5884
2696.8438
1987.0852
4619.3455
1162.2085
5688.1758
-6108.1658
-11988.233
-16412.93
-426.30737
524.27821
4517.7296
5396.9635
7071.9827
7696.028
8013.8782
7737.0857
7808.4661
7313.4096
6927.3905
5779.5279
4757.9599
3230.0618
915.32931
-451.48171
402.43682
553.4977
677.98409
443.92735
20.226146
-361.45866
-466.57164
-1787.6174
-1116.7543
-926.29083
1319.789
597.57302
1082.9846
117.0836
1885.4663
-846.43877
431.1791
-105.57862
-475.86169
783.62519
-338.59213
1019.2071
49.465966
777.14278
-89.758281
488.92842
1135.4297
772.18713
1004.0777
916.10248
1285.8043
1453.53
632.43295
1270.2313
1141.3942
1555.4734
1529.9575
1857.2322
1771.3866
2176.96
1808.6805
2270.4223
1921.7399
1657.3648
1607.7542
1406.3684
1665.1377
1246.5796
2137.4069
1888.4842
1784.1688
2828.5146
2114.996
4734.0013
1164.8421
5768.7182
-7563.168
-12851.523
-15286.151
550.96194
1143.3581
4709.1296
5564.1666
6766.6071
7277.2353
7637.6152
7451.6641
7502.8704
7041.3238
6640.9656
5729.0768
4668.6719
3353.8058
1245.5754
-485.08582
411.75324
552.37953
606.88421
140.99707
-119.9614
-695.14159
-679.76884
-1192.1786
-988.98702
-1069.2681
1080.2895
515.83797
1117.9297
233.67732
1957.769
-444.71245
793.55046
291.7905
-33.923129
907.35539
24.318787
1392.1267
303.27673
1246.0167
133.75279
178.53679
1377.0655
951.76367
1025.2357
1062.0889
1417.1802
824.27715
182.35062
1175.704
1469.4261
1617.64
1534.4839
1664.7649
1839.2984
2140.5583
1897.2386
2143.4994
1884.9794
1729.5157
1781.2285
1384.3331
1682.8408
1418.2531
2044.8388
1980.1131
1890.5795
2674.1447
2117.6862
4518.6292
1234.3821
5345.9298
-6379.8779
-10897.102
-11259.147
1916.3062
1849.6488
4576.122
5731.4067
6616.6894
7037.1511
7374.8489
7188.8565
7234.6501
6692.5664
6344.5275
5444.3745
4449.3504
3306.021
1333.3832
-414.21787
650.55659
771.38574
733.58867
189.55662
-77.86328
-760.65812
-1216.1283
-898.05562
-458.88179
-1811.8661
803.95664
185.91716
865.88249
133.13319
1953.936
72.003417
1355.4681
767.99467
433.79557
412.06034
2.0944734
1267.1176
242.78845
1315.7495
688.95501
360.34869
1282.0246
1025.2027
846.23446
1034.3868
1055.3408
539.92861
396.14954
1018.0598
1274.2205
1515.2352
1654.8558
1719.7627
1688.622
2087.8849
1742.1219
2128.428
1866.119
1679.6554
1719.7642
1529.103
1762.0486
1510.4638
2079.322
1875.1265
1735.671
2740.3023
2207.4359
4437.8767
1440.6801
4805.9193
-4459.2688
-8483.6588
-7419.6696
2632.171
2830.7885
4546.1599
5709.5051
6449.4706
6798.343
7093.0461
6907.1673
6984.6135
6568.0246
6172.569
5216.7444
4273.2333
3082.7146
1489.1114
-332.1127
518.81699
610.43863
699.81897
363.08994
234.53621
-1533.5589
-2132.3098
-1408.0178
79.798104
-2677.9032
-1403.6389
-544.76061
271.14
-292.91858
1920.4672
-295.84653
858.85997
117.49032
-297.78299
1100.1363
-23.983679
995.86848
455.73514
1175.064
751.56772
488.33952
1009.178
924.13145
862.11757
1127.2663
653.01799
879.36815
1323.6192
1268.7285
1067.9291
1551.8185
1545.7234
1792.2482
1738.7323
2036.2006
1837.9462
2057.4072
1863.5545
1679.7765
1769.3886
1535.4697
1734.7092
1690.5745
1995.2879
1985.1643
2013.9086
2568.0523
1837.2542
4207.6641
1704.6528
4550.6061
-2992.2589
-6451.7318
-4141.5545
2814.1621
3115.4696
4396.0205
5530.5012
6280.3003
6557.2866
6885.1113
6713.213
6646.3514
6182.5787
5847.0216
5051.8463
4154.0711
2965.1148
1540.379
-248.84689
665.29297
743.63284
641.13616
259.82434
92.52039
-1951.772
-2523.1266
-1970.6341
225.6057
-2911.719
-2269.6072
-1230.5828
622.91753
-286.21275
1508.566
-126.12253
1392.6329
418.88278
455.57934
427.24816
256.81945
1160.2017
568.56759
1410.1023
977.79091
568.45019
833.33562
993.52753
1173.4861
1215.901
467.21843
948.66039
979.44183
1391.2789
1501.3076
1397.6065
1642.2428
1767.3711
1629.5159
2031.1601
1707.6141
2024.2532
1770.6619
1710.3101
1775.9556
1645.0596
1819.5089
1714.1831
2120.7907
1956.065
2200.5082
2683.951
2079.5932
4057.8389
2012.0571
3700.1757
-2023.6977
-4599.2602
-1378.5235
3025.65
3166.3195
4295.0983
5450.7372
6101.3316
6322.7053
6536.4271
6461.5374
6458.959
6000.2232
5645.3287
4797.9057
3890.8919
2765.9145
1543.6576
-181.89593
545.51897
581.25092
582.06892
363.50274
227.66459
-1780.3684
-2203.7305
-1314.5369
368.86604
-2962.9851
-1439.9603
-588.38691
839.22591
-119.94295
1727.2365
157.13319
582.8798
427.71437
-441.72819
1087.1542
404.46368
835.88004
592.9203
842.11682
784.91119
719.28216
1084.1275
1093.655
863.3395
1269.2718
470.58653
594.53873
1021.4849
1147.073
1376.9572
1465.4645
1523.6095
1737.3433
1649.5766
1940.6047
1774.8032
1906.2704
1813.8772
1763.6042
1738.0576
1673.0794
1761.4836
1863.8395
2024.7507
1904.3411
2288.9495
2515.8043
2271.8458
3801.4476
2397.8907
2911.5427
-1562.3365
-2892.6396
614.17508
2954.2527
3107.6319
4215.2395
5308.2409
6043.0912
6269.3767
6357.3529
6208.2232
6123.4631
5722.8964
5372.3321
4592.7502
3799.9732
2637.4715
1528.2565
-126.44288
608.04017
626.89047
538.3561
372.08008
4.9167448
-1038.9851
-1826.0813
-687.75827
231.37612
-1290.3523
-640.9568
-162.28117
412.91882
-151.20951
1168.4796
68.13826
911.82453
720.61636
349.87904
54.564328
416.36071
971.29054
557.41222
1390.4799
916.36697
578.53406
608.01325
1105.2571
1140.8866
1421.5485
767.74615
1000.0086
1001.005
1705.4728
1459.9716
1396.999
1582.0947
1730.0332
1584.1249
1942.867
1678.4867
1931.0657
1761.0796
1734.9948
1779.5792
1729.2244
1879.3999
1818.0483
2090.5642
2208.2777
2406.883
2404.6455
2195.6523
3788.823
2436.4252
2714.0601
-72.212228
-1603.2387
1505.0862
2789.7978
2975.167
4114.3222
5166.679
5744.696
5881.4886
6093.0167
6026.8117
5951.3196
5486.7937
5145.9201
4380.8709
3557.6854
2488.1345
1497.6473
-80.399641
515.40906
516.67853
466.76289
322.67628
-68.499205
-914.70172
-1411.8754
-249.4007
388.62167
-523.55701
928.46707
-34.361174
115.46586
-447.87081
1813.4676
-4.7228426
268.86371
189.66588
-218.11215
1034.6212
508.69597
708.52651
506.30344
624.16659
759.51055
851.05409
1116.9076
762.43892
639.71264
1328.3583
744.53889
759.96151
540.50573
1243.2396
1471.5157
1383.6487
1456.2007
1627.8003
1488.2205
1894.2163
1715.5269
1821.0783
1749.0122
1768.6101
1714.5748
1739.9907
1775.6939
2002.7827
1839.331
1881.5217
2557.31
2379.1423
2104.1965
3745.031
2438.1402
3071.9014
2127.3402
-646.36898
3068.8911
3118.7283
2986.3786
3973.9286
5000.3234
5750.4042
5878.7477
5825.5186
5722.0493
5648.8877
5250.0819
4901.5683
4173.5627
3428.5813
2360.4317
1455.2255
-41.140364
545.8511
531.77094
454.9568
327.98562
-64.105197
-417.16225
-864.93539
-42.72626
-615.92574
-252.22857
1130.3331
961.27651
190.23991
-202.46934
1595.125
390.28631
312.23701
589.11206
556.70867
142.76284
294.36985
941.05393
482.93527
1435.5943
690.44431
402.94168
781.49708
1258.4458
1223.9093
1440.3902
684.94266
1014.6299
571.88146
1242.6334
1552.4193
1244.4536
1374.764
1816.6866
1624.3111
1794.5535
1641.304
1846.3618
1754.4871
1738.4718
1808.9977
1775.767
1946.0912
1736.9481
1971.535
2387.186
2615.4222
2372.9814
2241.7555
3649.1471
2512.7512
3483.1938
3878.5751
1480.1246
4140.8293
3380.2548
3198.3193
4079.7795
4828.3944
5334.8142
5452.2079
5614.168
5585.8573
5443.886
5022.7311
4676.6367
3977.8024
3242.8061
2240.9705
1406.3331
-8.1227272
464.86449
444.51213
398.53872
252.02366
42.590457
-190.07812
-397.13419
261.88681
-337.41611
-244.03164
1631.1718
871.2735
-504.86853
-450.11382
1355.9493
-88.851916
-491.09488
330.58403
-125.99167
1316.6671
877.70316
960.33568
566.5788
702.34965
734.18419
868.41939
1327.7934
563.39901
614.96568
1222.1262
586.32592
578.23229
1139.687
1325.5522
1294.7045
1179.8795
1421.7548
1714.3914
1476.2441
1794.352
1623.242
1775.8814
1671.2125
1739.2354
1685.1085
1772.2847
1773.6755
2068.4612
1817.0202
2327.4896
2492.9966
1793.2393
1753.1332
3685.3526
2662.3821
3601.0743
4632.2437
2206.8707
4930.4084
3880.7484
3348.3532
4070.6785
4571.7816
5274.6721
5390.983
5325.4119
5255.3016
5191.7322
4799.6831
4453.1086
3787.9673
3084.1067
2131.0921
1351.9779
20.222899
493.14685
475.14294
424.83917
350.69289
215.989
250.30231
90.699683
166.25732
-650.81156
-810.64575
1016.7648
-219.07477
-412.61727
416.96008
2155.9668
635.16121
307.0407
-293.61022
461.49864
379.11625
454.4274
704.18591
452.63987
622.22956
701.24243
303.94877
1133.0781
1161.3721
1024.0012
1477.4336
66.445567
950.99768
352.37305
810.36355
1561.8948
1233.9641
1486.0358
1657.4329
1583.9625
1680.9576
1613.4768
1753.1366
1726.031
1729.1849
1826.4336
1763.0832
1973.5579
1699.4843
2042.2463
2419.8083
2790.5992
2521.7799
2199.3408
3423.8517
2882.3671
3696.459
4653.1414
3498.6501
5238.1293
4398.1415
3577.9833
4251.2276
4507.2157
4869.5836
5176.0742
5176.1133
5128.7893
4966.9172
4586.6825
4240.2037
3607.6475
2926.8036
2030.1238
1294.7565
44.597868
416.74142
393.41724
362.4103
250.5935
193.14881
-26.851096
-34.140609
326.12123
232.07101
-790.28914
449.87823
-761.34149
-1402.6501
-444.02566
2278.665
-288.47811
-2650.5532
57.727752
1190.0068
1337.2068
837.28099
928.65244
724.05081
864.48582
878.58303
901.07551
870.47741
799.97411
576.2097
1098.5687
90.621961
1396.1053
434.81671
1202.7084
1256.0698
1120.4343
1367.986
1608.6096
1485.3592
1701.3136
1549.8189
1714.3077
1600.8209
1700.6473
1653.8538
1790.2507
1779.7394
2045.2565
2056.9766
2467.9235
2436.9905
1340.2846
2146.5408
3618.0279
2916.5589
3496.1279
4631.6279
3540.169
4404.9218
4343.803
3929.2368
4055.0626
4245.5063
4612.1772
4952.2137
4885.2504
4807.8872
4739.9339
4377.9641
4033.3206
3434.6343
2776.643
1936.7745
1232.5587
65.941131
458.34834
451.0708
419.52273
413.37192
332.69913
478.31633
381.92124
500.12714
-334.55715
1011.494
1321.8386
-2155.0142
-1262.6518
733.27375
1090.1391
-1113.7308
-720.75326
349.45935
391.2082
352.70574
424.30216
604.42925
400.01161
773.9132
632.6712
657.16666
931.65874
837.10411
1369.7926
-14.973753
102.57705
1567.7392
-366.00806
147.56544
1535.0781
1525.3874
1361.8663
1662.398
1537.2637
1613.7573
1580.2671
1658.6493
1699.0243
1685.4601
1851.1496
1706.2121
2024.9271
1652.4043
2076.1352
2310.6628
2223.0335
2075.8052
2681.501
3259.8784
2716.7469
3858.7983
4501.5441
4046.075
4962.6307
3959.2239
3996.2552
4099.3241
4226.5964
4531.1417
4775.2542
4767.0712
4636.3825
4458.8439
4095.7625
3751.7454
3195.0468
2567.9144
1808.4948
1142.2637
92.848405
375.02906
362.85862
329.12534
280.98913
218.60322
125.25905
69.653377
-174.06955
-159.39073
399.55665
-569.97284
874.30125
-274.16216
-1481.2762
-624.59863
187.42441
266.77897
493.60949
778.98514
1043.7974
788.46653
824.44707
800.83188
728.27152
733.11913
837.55868
1085.2643
798.11277
1151.4062
327.81792
616.32259
1151.9606
-749.41266
476.72421
1206.6267
1087.7405
1113.0039
1349.0301
1431.6117
1568.0678
1467.0284
1617.2821
1515.1531
1644.7703
1588.7094
1795.2518
1744.2902
1964.5816
2122.2769
2234.4271
2452.4476
2011.7251
2949.7916
2848.4427
2558.3234
3467.1948
4252.8657
4037.0937
3830.9167
3688.801
3809.9204
3698.4258
4030.288
4337.6256
4428.8263
4283.0087
4241.5451
4077.1472
3763.8448
3417.6222
2916.3247
2327.5238
1660.0573
1024.432
121.39908
430.33243
430.84226
410.19406
422.83027
383.03524
437.31033
391.2185
423.49968
539.50733
57.624691
2150.8706
-682.52559
-2753.8147
-465.08969
577.83743
64.04907
-121.90547
585.91535
255.98122
468.54186
321.0795
663.63488
405.23197
936.86796
602.43466
702.42599
728.08317
797.39003
683.37961
634.0628
1462.0609
-413.68892
-148.40241
2220.6784
1352.1512
1492.216
1308.9944
1593.7535
1411.5661
1538.7361
1493.4536
1560.8983
1613.7309
1612.611
1789.2674
1628.0318
1983.255
1667.6343
2156.051
2081.952
2365.8146
2346.6657
2539.5124
1622.2142
2616.2545
4022.4659
3698.2901
3565.6019
3939.8048
3753.0403
3537.8571
3666.0032
3924.2684
3994.061
4064.3705
4083.2087
3923.2663
3770.8803
3458.3444
3120.8046
2662.3613
2116.5506
1523.9128
917.64941
142.99706
351.06583
348.7114
318.34985
313.46148
260.23169
298.36454
214.10628
588.24265
302.73144
253.55077
70.413891
-640.60291
143.79056
793.90969
890.67809
52.843312
261.72405
559.43657
698.80258
821.47482
760.98978
749.63034
796.6943
721.10676
830.89588
777.72095
1027.0366
766.2006
1128.0205
823.13587
1302.5961
401.60066
252.85972
350.41601
1028.3604
1007.39
1055.7517
1202.6091
1295.2376
1414.278
1390.5925
1513.1989
1459.9215
1573.6584
1550.9694
1731.8975
1698.9551
1921.1263
2023.4134
2152.7958
2245.9629
2411.1488
2304.2619
1705.602
2280.5501
3653.7032
3807.9673
3690.6564
3698.3129
3632.9425
3581.6504
3585.0881
3722.8215
3811.6044
3852.9196
3724.2789
3643.2374
3462.044
3183.2066
2851.7561
2433.3309
1928.3021
1395.5446
825.10091
158.30642
410.07517
415.03312
398.31246
421.38303
384.91612
435.99121
353.67656
410.81097
195.80246
56.574701
768.43126
93.677743
-529.85049
-600.00734
303.27149
305.08648
304.24513
519.85833
282.12807
538.90429
298.00148
680.96912
372.94954
818.99607
512.56053
713.66245
594.75751
716.17644
588.66863
660.88047
556.36248
517.58154
881.17303
1528.4451
1102.2775
1410.9099
1219.0271
1463.8481
1307.3837
1447.9784
1396.9721
1468.1255
1517.6629
1534.8039
1694.9898
1565.8565
1900.2164
1634.8955
2077.6995
1913.6264
2373.2459
2174.3967
2854.7314
2026.3564
2204.9517
2863.6801
3149.0756
3150.4096
3366.7413
3269.7333
3247.4383
3318.2894
3451.6455
3508.844
3510.7473
3501.4852
3361.2159
3193.3776
2929.1531
2611.6124
2226.4383
1760.2972
1277.7642
744.27757
168.20329
332.01414
334.12494
309.99436
320.43411
286.5257
320.19745
302.88447
390.03505
394.11762
421.73526
768.53497
278.04726
328.06258
548.97294
804.47592
245.06527
461.48732
494.76294
651.73868
660.53623
728.35976
657.25675
776.00186
680.99089
835.78231
727.19692
951.34095
742.4069
1030.9622
807.82453
1044.5081
737.78107
593.00168
994.99446
902.55958
989.40656
1007.2152
1125.4676
1194.6248
1298.6708
1317.9766
1413.1417
1407.2346
1495.5701
1507.7088
1645.4993
1637.905
1852.8829
1898.2312
2060.3357
2096.2121
2175.4883
1907.9547
2216.3681
2805.2885
3107.3727
3121.4605
3288.9859
3330.0181
3359.602
3286.5469
3344.7465
3323.7001
3356.2659
3332.728
3242.698
3118.255
2943.9516
2698.4591
2395.3278
2039.45
1610.1664
1170.0937
675.08715
171.04118
393.28707
399.9679
386.59917
414.45349
376.77871
439.47205
348.09256
455.9759
274.16542
284.22856
361.85403
107.03461
-61.797501
37.256659
378.06119
354.01053
356.49295
473.19679
311.39676
558.19539
298.59112
667.20986
352.40617
748.95947
453.47631
686.62086
532.50924
671.30174
605.60815
653.40171
780.27361
590.97242
827.80942
1181.564
1042.4869
1275.1221
1141.3731
1324.6195
1220.9494
1339.7935
1303.2833
1377.0544
1416.1094
1454.5503
1584.6027
1504.9381
1792.6839
1566.9387
1963.3871
1724.8098
2237.0563
1933.1768
2456.99
2318.6561
2234.3508
2867.0022
2714.6823
2810.5512
2907.576
2903.3261
2935.6252
2974.0705
3054.2763
3090.7539
3065.2822
3016.8307
2888.0472
2718.2406
2487.0036
2200.417
1870.1871
1475.9199
1072.0833
616.86373
167.4565
312.70672
315.39344
296.32529
308.46052
285.33235
312.06958
295.25491
339.29835
360.51514
427.61998
534.50986
407.0971
394.81999
419.04644
635.59874
320.39978
515.51369
431.88908
606.41539
541.76794
678.55137
585.60661
731.83884
623.48345
793.92881
684.52125
870.97063
725.02569
927.65683
788.68668
912.93381
805.10706
753.3043
972.05457
860.49632
969.80218
970.09372
1072.4978
1122.688
1213.7889
1247.9189
1324.8275
1349.4371
1413.7135
1457.9199
1541.9844
1571.6279
1749.2021
1779.726
1954.6518
1959.525
2058.9597
2100.4825
2097.5399
2439.9615
2745.0523
2778.6844
2961.8221
2951.2907
3026.8827
2944.7021
3013.0481
2935.5606
2944.1089
2879.6074
2808.8338
2679.289
2512.401
2293.9691
2024.2945
1716.8385
1355.4839
982.98806
566.34182
160.90256
377.86255
384.4082
376.75162
398.84636
369.48481
421.08289
356.29859
421.405
354.54105
348.69353
320.34126
238.99518
238.29085
228.89825
383.45078
373.78368
370.20783
471.55068
327.7827
553.87056
307.23661
636.37144
346.85837
681.32721
426.66222
646.56748
505.47417
640.03836
595.95779
650.5058
733.54554
684.89689
824.69198
1004.3867
978.74051
1128.1913
1066.3508
1192.943
1136.4835
1229.1312
1217.0861
1285.5363
1319.2603
1372.4934
1468.8851
1443.0597
1669.644
1500.1315
1838.3771
1614.5972
2068.6293
1803.0826
2242.9535
2198.5641
2181.8012
2546.7567
2411.4734
2541.9421
2570.0283
2621.6062
2651.0832
2680.8921
2718.4893
2733.2171
2681.2333
2614.546
2486.3255
2324.528
2117.6187
1864.7733
1577.9389
1246.9139
902.18275
521.67733
152.71179
291.743
291.87438
281.14129
291.13095
273.3394
294.16708
276.57718
313.37844
312.91869
359.0925
377.56487
345.34378
346.05384
330.43077
484.14239
325.81874
485.5453
393.20453
552.96626
474.45138
617.95409
531.49917
675.37156
577.09706
728.8576
643.164
785.39189
693.29846
829.69009
753.80565
829.02479
803.01521
779.71292
897.64557
839.55733
936.69294
938.69791
1025.9437
1064.2231
1143.111
1175.0642
1240.6565
1276.7276
1330.8175
1390.8996
1436.8839
1500.175
1618.1819
1652.1484
1799.3286
1827.5367
1913.4286
1967.576
2000.5769
2223.4781
2441.6646
2479.1385
2634.5553
2599.6452
2680.4931
2599.93
2658.8719
2577.5888
2575.9486
2503.8569
2435.4067
2308.7724
2152.5706
1956.5661
1719.8563
1452.1454
1148.4479
829.0418
481.67332
143.79174
363.03996
363.87274
362.65395
376.11116
360.54862
394.91482
359.81094
398.8642
369.48922
371.08707
360.03475
332.9691
355.93086
337.17496
402.30966
395.10709
373.15716
467.94466
331.70953
538.73079
316.86883
596.74555
349.81415
619.90031
418.21013
606.2531
495.12357
613.44212
581.14795
641.13905
687.80717
704.91858
789.08828
881.20116
906.1153
999.62523
984.95449
1071.5999
1054.1259
1124.653
1138.3091
1198.8894
1236.0873
1288.6289
1357.9829
1375.3179
1541.3787
1438.1301
1760.5281
1504.9605
1947.8284
1702.8181
2082.4327
2022.3372
2063.2681
2250.0424
2183.5425
2310.7144
2313.6727
2387.9537
2395.6828
2424.9804
2414.5128
2410.6517
2337.9508
2268.8416
2145.0369
1994.9126
1809.3258
1587.8714
1338.1606
1058.7272
762.92604
445.46012
134.73856
273.26785
273.65579
266.76443
272.70749
260.32037
274.57292
260.30095
286.30296
278.57005
307.79014
310.45392
302.68008
319.62516
298.81224
385.03914
315.62275
432.51708
367.92957
494.03336
433.16908
551.59214
491.78616
605.37473
542.12497
652.06336
601.28087
697.55673
649.71026
738.42976
704.4626
758.56135
761.01548
765.46651
841.26562
819.13131
895.44053
905.73121
977.29001
1007.6918
1073.3944
1099.8809
1156.8793
1195.0997
1246.2362
1307.8442
1338.7788
1420.826
1478.7709
1533.3707
1614.1703
1668.5198
1737.9846
1816.4802
1862.9732
2022.403
2171.3127
2199.3721
2318.5417
2280.0444
2348.1017
2285.7197
2325.3337
2269.1047
2260.189
2183.8759
2114.1608
1993.9323
1850.1085
1674.5383
1467.3994
1234.6811
976.79597
703.09867
412.40118
125.90635
341.04494
341.15814
343.94428
349.6734
346.7948
366.65996
352.2632
375.67282
363.36131
367.8949
364.12737
354.4001
371.46091
362.36295
389.16263
399.50007
369.32632
454.07147
334.5374
509.96939
324.64786
552.6095
354.89763
563.96783
416.73995
567.72463
490.7132
587.16337
567.8511
624.18304
656.93936
691.8817
743.53887
804.715
832.17085
895.56185
904.86111
966.80273
977.39112
1035.0947
1062.2854
1115.5568
1154.0598
1203.5737
1261.9274
1292.921
1406.4307
1376.284
1619.2095
1435.9677
1807.2213
1607.9506
1901.8273
1842.0488
1907.9732
2009.9347
1991.6311
2102.6318
2096.4781
2171.2984
2147.5266
2177.4982
2130.2307
2117.2741
2040.3613
1970.2779
1854.3198
1716.8872
1550.9764
1357.2691
1140.4514
901.97758
648.77448
382.03534
117.49719
258.01284
257.34786
253.76706
255.688
248.96
256.83801
247.96336
263.46205
257.55619
273.91636
276.7853
274.65596
297.16433
281.60615
340.58461
305.44788
380.19305
350.503
435.89206
405.98266
485.43108
461.32655
533.60748
511.07307
574.62442
558.51184
614.43118
600.59038
655.6442
648.65526
691.75909
705.62671
726.25533
774.89516
787.63187
844.37596
863.27179
919.66387
942.67989
995.65653
1024.7308
1074.665
1112.9896
1160.7881
1215.1499
1248.1101
1336.3019
1350.6569
1437.9622
1448.482
1555.5113
1571.8108
1683.4783
1719.5629
1828.1698
1927.8956
1944.4983
2033.1859
2003.2728
2060.1699
2024.3599
2048.6387
1999.602
1982.8434
1906.6387
1836.3498
1725.1773
1594.129
1437.5347
1256.4033
1054.415
833.59061
599.30008
354.03152
109.57034
316.37784
316.4451
320.23428
323.30258
327.24944
337.63082
335.1724
348.86196
345.80238
350.24898
351.55888
348.99458
360.90896
359.44326
369.89631
388.51818
363.93474
429.79083
332.8295
473.35747
327.36082
506.40819
356.52542
512.18795
412.57274
529.66203
481.92033
557.33281
549.50931
599.97795
626.50115
661.95683
700.41974
743.77854
766.74926
814.15606
834.64546
884.23942
908.72608
957.15566
987.30039
1034.1735
1071.9815
1117.9718
1168.5735
1202.5253
1285.4278
1295.8744
1459.9182
1359.7081
1631.8713
1499.1862
1711.8453
1668.1171
1737.6942
1804.9321
1811.6629
1900.2881
1885.897
1940.0024
1906.4538
1925.6588
1876.2089
1856.2005
1781.8757
1711.5707
1605.5376
1480.8252
1333.214
1163.8591
975.69857
771.01742
554.16316
328.20902
102.1824
206.95961
205.15768
201.1672
199.25791
193.9471
194.34452
189.95291
195.92339
195.03951
204.43237
213.09538
212.18384
239.97661
225.60347
284.66376
250.20469
339.54523
289.89061
410.40558
341.44466
473.19858
399.52692
525.96593
455.13856
555.83816
507.33895
579.07894
549.87611
608.86952
595.92047
632.74723
645.34199
668.11152
701.15463
724.89093
764.64873
788.74597
830.96103
857.63786
900.2393
931.10811
973.78356
1010.3631
1053.5239
1098.7338
1133.5449
1202.5065
1220.0448
1290.2314
1288.1301
1372.9828
1401.4137
1480.9902
1529.1831
1601.2147
1667.526
1680.962
1743.3528
1727.2
1769.8074
1738.0299
1749.6619
1701.2876
1676.6503
1606.5133
1536.4687
1438.4356
1323.1399
1188.5309
1035.7673
867.02407
684.64558
491.97939
292.22014
91.752195
288.1665
289.1465
293.22631
296.93469
303.29476
309.41964
315.20206
322.26591
326.7499
331.29685
334.78322
337.81667
341.59763
346.204
342.69515
363.8667
336.86323
386.96773
327.31686
410.45911
325.18799
428.99131
347.23802
439.53974
392.76976
466.44619
451.64449
498.10656
512.6024
538.66098
564.04098
589.68741
615.76358
644.85008
669.67967
702.57467
727.85272
763.19061
790.38624
827.10434
857.31305
895.10006
929.36377
968.44127
1008.071
1042.9275
1100.7542
1121.4743
1199.0553
1182.3064
1313.8328
1285.5892
1385.4932
1393.7188
1442.9093
1488.507
1500.9165
1547.0732
1535.2143
1564.5836
1536.6431
1539.3542
1495.2314
1465.6237
1402.759
1334.3645
1246.5007
1143.2679
1024.4191
891.01408
744.68531
587.53547
422.18532
251.37298
79.632877
195.02492
193.35804
191.11473
188.98199
186.72677
185.55668
184.7447
185.9447
187.80852
191.4128
200.40833
199.37462
220.38565
216.38404
248.14912
239.50285
281.22311
271.52566
315.76054
309.84547
354.08448
350.16401
388.29054
391.87238
417.45493
425.53136
443.0816
460.0967
480.07546
497.98968
519.96251
542.0224
565.18524
590.49715
614.27807
642.42134
667.11523
697.49023
723.79434
755.78041
784.40104
817.84279
849.39667
884.30334
919.31958
953.27672
999.69422
1023.2151
1081.7855
1079.7519
1163.1701
1167.8468
1230.5911
1253.8786
1290.2435
1324.728
1336.8222
1368.8953
1360.3495
1378.7726
1354.9145
1350.1454
1311.3628
1278.4197
1222.7448
1158.278
1079.6256
987.85416
883.34541
767.01893
640.23402
504.75632
362.69963
216.3307
69.058054
224.09245
225.11729
227.8052
231.32675
235.99083
240.96486
246.26358
251.63603
256.63195
261.39307
265.81455
269.8254
274.21929
277.79386
282.14416
286.68624
288.64124
300.86624
297.77643
316.97886
315.88859
332.6617
341.07956
355.05141
371.80174
386.77723
402.66343
419.29497
436.88928
454.64241
473.96839
494.06219
514.95723
537.3416
559.38133
583.90635
607.09248
633.5012
658.16273
686.17606
712.70512
742.18172
770.86671
801.77104
832.71355
864.41537
901.17532
926.43634
970.6261
980.13088
1037.938
1054.1006
1096.015
1121.0547
1148.1719
1173.4882
1185.1914
1206.0941
1200.152
1210.0002
1190.1237
1179.3406
1146.2115
1111.6165
1062.296
1003.3773
933.23847
852.19268
760.7184
659.61615
550.00386
433.36211
311.42316
186.00426
59.749852
179.32713
178.05061
176.49284
174.96876
173.69526
172.95935
172.87232
173.76687
175.64916
178.8065
183.82059
186.28904
200.14213
197.72831
222.80287
214.8602
241.14871
240.80004
264.7369
267.20689
286.32825
294.90437
309.8943
321.50649
336.29116
349.44585
364.17585
379.20893
394.9723
411.3364
428.58634
446.63973
465.38328
485.18221
505.20539
526.7144
547.96222
571.05786
593.65728
618.19522
642.31631
668.19784
693.96091
721.10201
748.45768
776.63393
806.23082
831.63964
864.88453
882.01034
920.26596
942.37621
971.38062
994.22669
1015.3734
1033.8723
1044.6049
1057.4105
1053.8451
1055.918
1040.2355
1025.5846
997.23175
963.23944
919.2813
866.4122
804.33014
733.23805
653.57097
566.02424
471.55473
371.36855
266.89289
159.58713
51.549901
168.96025
169.43964
171.01015
173.47087
176.64071
180.267
184.17276
188.22442
192.29519
196.34828
200.35221
204.25766
208.58662
211.91448
217.80028
219.84324
227.37909
230.58406
242.54482
244.7176
257.4459
265.13155
278.48507
288.12254
301.30019
313.0706
326.12241
339.61534
353.69952
368.3886
383.75548
399.80366
416.4912
433.95508
451.86753
470.73081
489.8248
510.01961
530.31908
551.76716
573.32954
595.94206
618.76316
642.39764
666.31175
690.71366
715.37895
738.9774
764.58209
784.60319
811.34693
833.01289
855.02701
874.0499
890.77375
904.58587
913.55939
920.82224
918.70446
916.00012
903.15443
886.80899
861.89523
830.41262
791.22217
744.42096
689.97743
628.08354
559.14993
483.77282
402.74263
317.05183
227.8792
136.39001
44.264308
149.24002
149.06437
149.15234
149.40502
149.79691
150.37317
151.2389
152.55295
154.46745
157.1092
160.53819
164.68431
170.30244
174.73147
183.73892
186.63602
198.52651
200.29552
214.93911
214.28109
229.88332
235.15572
247.02676
255.43989
266.64795
277.30141
288.71044
300.621
313.05533
326.0319
339.57564
353.6966
368.3828
383.67447
399.46854
415.92351
432.79022
450.36088
468.28087
486.9114
505.87016
525.46599
545.38117
565.78172
586.43279
607.31803
628.22615
648.81589
669.52685
688.66805
709.24922
727.76191
745.29772
760.71339
773.89444
784.42701
791.30882
795.04052
793.30856
788.35331
777.11909
761.03184
738.77431
710.54383
675.98349
635.06906
587.8395
534.46831
475.32021
410.90377
341.87752
269.05664
193.39651
115.85468
37.755634
130.31593
130.16153
130.30896
130.76459
131.60712
132.91678
134.70027
136.90765
139.46641
142.32271
145.44059
148.82304
152.544
156.45723
161.36886
165.45332
172.61324
176.27651
186.28008
187.62453
200.90356
205.95559
215.50043
223.2936
232.56867
241.99187
251.89032
262.24528
273.06133
284.34829
296.11698
308.37404
321.11881
334.35709
348.06208
362.27279
376.91116
392.05551
407.59296
423.6134
439.99214
456.7955
473.89879
491.30585
508.89862
526.59545
544.24093
561.67532
578.83342
595.34676
612.06595
627.3303
641.37312
653.67299
663.97032
672.06442
676.98462
678.82866
676.80495
671.18602
660.92234
646.15622
626.44785
601.67264
571.66631
536.40633
495.94551
450.47333
400.28306
345.80185
287.5741
226.2735
162.65882
97.51586
31.895497
111.65215
111.52447
111.68791
112.13229
112.8938
113.99212
115.42674
117.18271
119.24039
121.59477
124.25198
127.22314
130.52
134.11721
138.15664
142.35386
147.39958
152.01071
158.37533
162.27458
171.40475
176.90949
184.32275
191.42518
199.14997
207.22186
215.67748
224.52165
233.76
243.3979
253.44214
263.89513
274.75869
286.03071
297.70544
309.78483
322.2455
335.09639
348.30243
361.86925
375.74983
389.93216
404.35762
418.98446
433.73035
448.50971
463.2029
477.67875
491.78296
505.2252
519.40758
531.59621
542.72431
552.36608
560.14438
566.72471
569.95064
570.65826
568.33754
562.79198
553.55306
540.5015
523.4027
502.12011
476.5603
446.71399
412.63737
374.49565
332.54085
287.12334
238.69183
187.77925
135.00804
80.992327
26.578365
93.266362
93.172655
93.323558
93.724361
94.381085
95.305754
96.496226
97.951672
99.666298
101.6369
103.86584
106.35653
109.12053
112.15719
115.50054
119.1158
123.10839
127.28753
131.96426
136.51807
142.6719
147.94649
153.83996
159.91569
166.33199
173.06413
180.11682
187.4934
195.19643
203.23057
211.6002
220.30603
229.34922
238.72757
248.43738
258.47392
268.82897
279.49157
290.4461
301.68012
313.16358
324.87176
336.76214
348.78812
360.88433
372.97553
384.969
396.76015
408.23773
419.28886
429.93311
440.12218
448.86276
456.3819
462.42032
466.90255
469.22623
469.3421
466.97733
461.89886
453.85293
442.70331
428.27736
410.47314
389.23101
364.55107
336.4935
305.19276
270.85853
233.76496
194.28253
152.82717
109.89778
65.968111
21.712822
75.212058
75.13646
75.263983
75.59633
76.131746
76.878301
77.839148
79.010365
80.389725
81.978299
83.778753
85.796411
88.032668
90.496796
93.194677
96.130932
99.321626
102.74813
106.4584
110.391
114.87345
119.31821
124.02485
128.9551
134.13087
139.56029
145.24861
151.19728
157.40861
163.88625
170.62981
177.64322
184.92546
192.47552
200.28703
208.35464
216.67798
225.24436
234.03607
243.03874
252.23315
261.59623
271.08875
280.66954
290.28803
299.88256
309.37934
318.70066
327.7572
336.46053
344.7328
352.41596
359.18409
364.91674
369.45353
372.62686
374.1737
373.9571
371.75894
367.39069
360.69583
351.54565
339.82393
325.45219
308.39864
288.65864
266.28786
241.39792
214.15421
184.77187
153.53835
120.77601
86.864791
52.177913
17.220529
57.190034
57.131695
57.240298
57.497459
57.916395
58.496603
59.233186
60.132061
61.192651
62.416006
63.802318
65.354559
67.077206
68.975977
71.054647
73.317715
75.77319
78.414228
81.262775
84.316409
87.656455
91.088985
94.699314
98.488011
102.46835
106.64149
111.00543
115.56943
120.33604
125.30745
130.48286
135.86285
141.44552
147.23106
153.21721
159.39923
165.76302
172.30887
179.02892
185.90769
192.92521
200.05653
207.27905
214.55756
221.85249
229.11413
236.2893
243.31638
250.12332
256.64257
262.78784
268.42948
273.41112
277.5974
280.85835
283.05605
284.04052
283.68711
281.82768
278.32484
273.0779
265.98114
256.95602
245.94376
232.9341
217.92237
200.9545
182.11046
161.51316
139.33208
115.77239
91.074999
65.520222
39.382075
13.026786
40.29298
40.245748
40.323665
40.500579
40.792395
41.193733
41.710529
42.338706
43.081479
43.939035
44.912585
46.005626
47.21934
48.554778
50.019413
51.614033
53.340171
55.204356
57.207967
59.345904
61.717451
64.123086
66.664339
69.339647
72.147775
75.092195
78.177286
81.401896
84.768038
88.275094
91.928292
95.724274
99.665074
103.74623
107.96742
112.32562
116.81697
121.43275
126.16242
130.99705
135.92519
140.93209
145.99531
151.09157
156.18978
161.26121
166.2639
171.15047
175.881
180.38482
184.59182
188.42931
191.80179
194.61459
196.77702
198.1923
198.75699
198.39113
196.98093
194.42115
190.64635
185.5965
179.21819
171.46949
162.33572
151.82256
139.95989
126.80789
112.44966
97.000797
80.600191
63.41224
45.628202
27.437029
9.0974592
22.961518
22.868524
22.91264
22.997508
23.165109
23.394771
23.690768
24.052715
24.481182
24.976565
25.540527
26.173648
26.878088
27.657875
28.511079
29.442565
30.452343
31.542089
32.711725
33.965296
35.351758
36.762269
38.252749
39.822196
41.472923
43.20485
45.018043
46.914449
48.897546
50.966044
53.119118
55.358643
57.681924
60.090747
62.581668
65.151054
67.796278
70.514016
73.301928
76.150568
79.053942
82.000682
84.976978
87.972273
90.966545
93.937283
96.865014
99.725599
102.48113
105.10774
107.56469
109.80066
111.76487
113.40005
114.65331
115.46686
115.78758
115.56389
114.72841
113.23141
111.03226
108.0883
104.36678
99.858404
94.544875
88.431045
81.533157
73.88575
65.535996
56.547645
47.003792
36.996
26.633982
16.031169
5.327745
6.301789
6.261309
6.2775839
6.2889893
6.3404598
6.4010934
6.4869623
6.5922426
6.7185563
6.86702
7.0366968
7.2296265
7.4457819
7.6836626
7.94766
8.2359535
8.5495049
8.8902837
9.257059
9.6512512
10.07941
10.527922
11.001105
11.500074
12.025376
12.577591
13.158007
13.7662
14.400926
15.064383
15.755991
16.47661
17.224803
18.001312
18.803912
19.635417
20.49187
21.372905
22.273534
23.19516
24.131508
25.082094
26.043366
27.008912
27.974471
28.936688
29.885014
30.810919
31.708782
32.561782
33.356516
34.07433
34.712817
35.246816
35.664194
35.940091
36.066914
36.020639
35.784468
35.340261
34.673205
33.779085
32.643028
31.258076
29.622133
27.735181
25.601561
23.228822
20.631451
17.828126
14.841229
11.699764
8.4360708
5.083995
1.6923459
)
;

boundaryField
{
    axis
    {
        type            empty;
    }
    inlet
    {
        type            calculated;
        value           nonuniform List<scalar> 
30
(
-2332.1274
-2772.1356
-4259.2828
-6464.9137
-8686.8779
-10676.044
-12393.275
-13826.854
-15064.234
-16230.539
-17428.408
-18697.404
-19957.522
-21131.163
-22239.664
-23267.843
-24151.833
-24927.743
-25664.744
-26369.889
-26989.591
-27462.73
-27859.433
-28588.586
-30370.036
-32970.646
-32772.542
-23254.301
-4923.0476
-896.83409
)
;
    }
    walls
    {
        type            calculated;
        value           nonuniform List<scalar> 
70
(
-10296.45
-10099.545
-9535.2558
-8803.7209
-8073.1102
-7325.2595
-6632.2988
-5950.4976
-5349.5959
-4764.3768
-4267.0196
-3775.8233
-3371.0502
-2975.8907
-2650.8652
-2330.9708
-2059.4122
-1785.3283
-1519.1665
-1308.7923
-1056.0407
-917.52243
-678.44882
-552.60156
-337.15252
-181.05478
54.41704
188.62861
402.43682
411.75324
650.55659
518.81699
665.29297
545.51897
608.04017
515.40906
545.8511
464.86449
493.14685
416.74142
458.34834
375.02906
430.33243
351.06583
410.07517
332.01414
393.28707
312.70672
377.86255
291.743
363.03996
273.26785
341.04494
258.01284
316.37784
206.95961
288.1665
195.02492
224.09245
179.32713
168.96025
149.24002
130.31593
111.65215
93.266362
75.212058
57.190034
40.29298
22.961518
6.301789
)
;
    }
    atmosphere
    {
        type            calculated;
        value           nonuniform List<scalar> 
175
(
-1.2073206
-1.3797564
-1.3892528
-1.4018832
-1.4150869
-1.4303079
-1.4467127
-1.4641878
-1.4821987
-1.5003611
-1.5182429
-1.5354784
-1.5516417
-1.5666251
-1.5800015
-1.5918054
-1.6018057
-1.6100138
-1.6163626
-1.6208831
-1.6235471
-1.6243185
-1.6232086
-1.6200976
-1.6150036
-1.607789
-1.5983811
-1.5866825
-1.5727591
-1.556469
-1.5379252
-1.5173021
-1.4945861
-1.4703261
-1.4445375
-1.4178851
-1.3905459
-1.3631756
-1.3361958
-1.3101008
-1.2853103
-1.2623365
-1.241423
-1.223043
-1.207286
-1.1942989
-1.1840481
-1.1764298
-1.1710718
-1.1675916
-1.1654026
-1.1636544
-1.1615037
-1.1577863
-1.1513681
-1.1409436
-1.1252653
-1.1030593
-1.0730543
-1.0341918
-0.98581387
-0.9275238
-0.85941014
-0.78231886
-0.69746031
-0.60669923
-0.51250826
-0.41774875
-0.32572694
-0.2397702
-0.16331067
-0.099255635
-0.050109028
-0.017429167
-0.0017335207
-7.7780565
-5.6389679
-4.08931
-2.9690812
-2.1490107
-1.5455968
-1.0987209
-0.76729299
-0.52141295
-0.34038385
-0.20915569
-0.1165381
-0.054697916
-0.018515908
-0.0014208732
-130.58476
-107.89857
-88.715558
-72.906597
-59.981004
-49.501024
-40.981934
-34.05144
-28.390445
-23.745193
-19.915851
-16.747097
-14.112944
-11.921213
-10.083747
0
0
0
0
-689.29567
-1562.4154
-1681.2104
-1338.3338
-1673.5681
-2515.5002
-2412.1811
-2537.2858
-2208.9915
-531.05564
-10.997931
0
-68.211274
-732.78691
-1499.3344
-2242.6887
-1886.732
-945.85318
-2103.5485
-3602.1742
-4690.0674
-4078.0474
-1852.0105
-841.38662
-349.18564
-57.672872
-68.063179
-163.91547
-220.68208
-228.71266
-219.35986
-206.52925
-192.08428
-177.75286
-163.45847
-149.9199
0
0
0
0
0
0
0
0
0
0
0
0
0
0
0
0
0
0
0
0
0
0
0
0
0
0
0
0
0
0
)
;
    }
    front
    {
        type            wedge;
    }
    back
    {
        type            wedge;
    }
}


// ************************************************************************* //
