/*--------------------------------*- C++ -*----------------------------------*\
| =========                 |                                                 |
| \\      /  F ield         | OpenFOAM: The Open Source CFD Toolbox           |
|  \\    /   O peration     | Version:  2.3.0                                 |
|   \\  /    A nd           | Web:      www.OpenFOAM.org                      |
|    \\/     M anipulation  |                                                 |
\*---------------------------------------------------------------------------*/
FoamFile
{
    version     2.0;
    format      ascii;
    class       volScalarField;
    location    "1.2e-05";
    object      p_rgh;
}
// * * * * * * * * * * * * * * * * * * * * * * * * * * * * * * * * * * * * * //

dimensions      [1 -1 -2 0 0 0 0];

internalField   nonuniform List<scalar> 
7500
(
-7317.716
-7170.0348
3954.6433
3062.9276
-6544.4245
2022.8536
33865.703
-12564.815
6251.2862
10828.272
4874.2172
23340.587
-12025.149
20723.877
-1565.9592
26561.409
-12314.506
17184.694
22245.966
-12719.559
34720.14
-4112.6809
20205.256
20160.618
2142.0049
15481.856
24452.308
10367.097
17019.498
31238.864
18018.074
68581.948
8936.409
5598.6016
56820.963
39869.878
-30386.842
71854.92
48030.629
9536.4951
96915.265
62946.906
9628.378
17630.892
47909.845
92730.654
133332.41
-32423.039
-43582.233
90140.234
24613.237
-4096.0898
110999.81
19884.171
351.88611
64671.749
56007.573
-38913.803
-24323.29
63497.096
-65921.05
-27470.859
56846.215
-26018.531
21285.355
28283.058
943.72183
77930.118
-4890.3073
-30105.577
40970.611
-12053.792
-27993.889
34419.477
32583.16
-7266.4392
-6841.7775
3506.6944
2991.8809
-5922.1354
2231.4482
32616.127
-12085.015
7269.4329
9497.1453
5749.0904
23961.502
-13146.646
21052.234
-906.47626
25157.954
-10163.577
15722.607
21789.962
-10045.161
31525.726
-1760.2192
19306.564
18837.818
5091.6075
13312.744
24381.132
10953.409
16469.195
33884.751
14929.896
67596.137
13127.756
3183.0012
56857.887
37410.096
-25583.035
70635.912
44591.192
14453.197
94101.512
62265.179
11568.222
15664.542
51208.3
93155.32
127339.78
-27215.128
-42308.841
82740.262
27869.537
-407.09278
105423.99
23706.454
2637.683
59702.746
55733.503
-35004.594
-25300.473
62102.118
-62788.101
-26239.038
53585.968
-27824.725
21564.23
28924.681
2536.2748
79740.316
-7933.2965
-33617.828
43865.469
-13409.967
-24891.004
37108.22
29475.806
-7608.2585
-6575.0742
3768.7725
3161.9708
-5925.0295
2103.7847
32547.206
-12894.539
7729.9708
10617.111
4710.3056
23733.849
-11273.629
19115.509
387.53935
23505.03
-8678.4941
16219.349
18829.507
-6316.2624
28380.368
403.30354
18337.014
16943.865
8535.3961
10855.373
24633.429
11712.475
14293.91
38743.454
12580.802
63059.511
20255.49
-129.82093
57138.011
33052.842
-18845.538
70566.526
35565.09
22859.839
91482.717
59359.901
16548.687
12591.294
54629.261
96689.772
114056.24
-21865.65
-31964.953
71339.352
27472.574
8557.4867
95158.696
26547.714
10304.908
55578.099
50157.232
-27650.549
-23268.085
53877.605
-58340.708
-23936.69
49659.579
-28577.383
21392.518
29583.82
4141.6482
81255.648
-9714.0141
-38137.112
45794.724
-16100.027
-20958.654
44233.566
27072.613
-8564.8304
-5962.2155
4674.8997
2344.0825
-5112.374
2226.3743
31205.708
-12533.804
7491.4614
11469.489
4958.5998
22259.451
-9921.3788
18168.49
2002.6256
20106.935
-5256.5188
15611.916
15318.156
-2.1526516
22088.078
4951.4161
18222.596
12057.194
14419.581
7361.5995
23144.402
15475.693
9973.9874
44049.735
11842.783
56111.856
29447.326
-3372.1844
56664.948
26751.789
-8814.3947
69805.691
24309.556
34639.401
87110.341
55277.272
22144.086
9011.475
59886.844
100933.26
97141.358
-14677.67
-18760.545
56414.089
27467.424
20350.441
80056.218
31509.706
19871.434
48638.372
45712.787
-21972.185
-21563.147
43463.845
-51858.156
-21266.669
45422.64
-29190.89
22568.084
30906.877
3105.154
81788.469
-11928.374
-42012.368
50377.433
-16666.076
-20409.426
48293.223
25706.173
-9447.8887
-5503.304
5493.1833
1741.0848
-4386.9796
2743.7289
29164.582
-11696.023
7371.5525
11481.919
5914.7204
21519.665
-9672.0399
16555.294
5547.1343
15418.811
-1773.3093
15988.055
10925.94
6383.3643
16485.023
8988.0114
18285.889
7880.6935
19641.953
4303.2444
20984.23
18968.757
7327.1345
46860.577
11814.82
50010.866
36402.843
-3105.383
54087.012
18891.23
5038.9165
66863.825
14046.856
46570.399
82821.734
52019.182
25379.218
6627.7333
67987.345
99599.024
80194.587
-1859.3655
-6895.5704
40122.896
28272.64
32392.434
63627.022
37864.811
31470.656
38804.274
40732.859
-14706.807
-21710.802
30667.538
-42499.662
-19006.994
41343.736
-28777.087
22286.073
34068.362
3270.1945
79756.675
-13639.736
-43134.09
49233.911
-16844.724
-18224.022
51626.153
24133.814
-10352.82
-4920.7042
6108.5873
1647.1919
-3825.529
2871.4073
27425.291
-11100.005
7260.4847
11877.07
6042.1401
21290.124
-8581.1039
13955.207
8351.384
12473.695
755.21581
15012.622
9435.5843
10552.122
11600.717
13486.948
16514.472
5948.174
23640.834
1691.6675
19850.18
20024.839
7254.7817
48205.679
9925.3888
47837.116
38940.418
-1712.3029
51894.334
11264.22
19769.376
59289.307
9489.7712
56714.439
76361.862
52570.375
26747.526
4556.3748
78909.946
95781.872
61074.089
13476.727
3447.7159
23344.847
32865.193
43165.355
45549.02
47083.644
43131.917
29396.049
34910.721
-8653.4518
-20794.967
15323.675
-32742.483
-15402.145
35741.9
-25114.523
19277.339
34499.584
9514.9515
73866.693
-16752.509
-37398.789
45262.291
-21464.367
-14959.825
54727.459
23385.884
-11241.302
-4320.0355
7022.3389
1084.9053
-3042.2789
3249.0087
24835.829
-9619.6309
6568.9034
13044.212
5820.5665
19988.74
-6227.0198
11813.002
9628.3953
9875.1736
4381.3599
12594.04
8622.5924
14646.286
7517.8415
16805.084
15020.895
5167.5437
25557.75
776.70847
18564.154
20086.64
9441.1743
46472.804
9415.7308
46620.543
39686.223
394.56074
47347.692
7830.5283
33016.001
47497.921
10104.291
65314.186
69579.163
53934.436
25344.342
7842.0969
86034.018
90620.466
48688.494
23817.659
13313.807
9493.691
33655.02
53230.21
33129.566
54157.605
51327.78
25083.505
31693.279
-6813.4298
-19414.612
1995.0474
-28676.582
-10949.475
29046.952
-19623.804
18794.161
32169.795
17119.102
68746.426
-20967.273
-31671.103
40600.23
-23582.912
-12284.595
53312.333
23768.582
-12155.187
-3744.0924
8173.2912
477.21931
-2549.9253
4213.7428
21732.197
-7807.8039
5612.104
14195.423
6326.9355
17715.175
-4022.3836
10165.894
11135.62
7612.055
6237.8379
12076.982
7697.0425
15840.142
7446.5465
18007.409
12834.635
7226.0099
24160.533
1115.7418
18054.666
18410.993
14955.529
40287.07
12350.945
45932.059
36016.951
6427.7065
39410.804
8468.8606
43946.507
34080.726
14338.043
70394.152
64301.531
56063.774
21195.9
15597.72
90397.852
78898.614
45714.596
32371.386
16794.084
3943.7116
32496.298
55878.33
29421.508
60841.513
51319.652
25218.13
34030.871
-8378.1363
-21186.143
-3269.6027
-27649.565
-12898.794
23788.235
-15586.36
15592.277
36638.228
26474.197
58177.347
-17421.409
-25979.793
29805.612
-20037.236
-10495.507
46950.963
23497.085
-13039.196
-3543.6851
9500.3799
316.15209
-2542.0116
5162.847
18885.296
-6067.1566
4676.6397
14896.976
7344.6172
15747.409
-2540.816
8640.0299
12092.775
7561.5474
6063.7743
10882.905
9983.8148
13729.676
8513.2886
20037.92
9574.9087
9847.0364
22602.409
1163.076
17550.75
17189.747
20276.213
33695.928
17687.832
45072.04
30000.92
13034.064
31838.161
11225.446
50076.001
24185.258
20053.324
71066.962
62675.529
52992.712
22275.586
27197.751
86900.019
68972.703
45264.089
39066.26
16679.661
3146.9094
32047.304
52725.992
30302.123
68685.909
47713.485
26839.013
36817.578
-9769.9854
-25455.3
-6888.0647
-20676.494
-17849.332
14697.492
-10909.602
2758.3326
42372.655
47560.742
39333.349
-8626.9335
-12974.958
10206.954
-16359.044
-2893.8054
37782.595
21043.374
-13768.092
-3338.3521
10402.401
636.20958
-2477.5033
5395.6086
16415.324
-4374.8287
4046.9809
15484.118
7634.0424
14884.065
-1574.965
7540.3393
12194.147
7523.1143
7230.5704
8476.5271
11959.012
13143.672
8529.6244
20749.829
9253.6834
10391.585
20121.645
3558.9894
14833.592
18581.668
22954.518
26802.459
28825.424
39547.435
26410.272
17330.212
26590.658
16548.026
47449.657
18793.381
29210.291
67435.379
64733.959
45048.564
22156.739
47548.88
74533.783
62064.54
50132.027
40812.731
15004.508
4318.7022
31779.475
46772.503
34883.691
72605.063
45230.521
34184.093
37662.037
-13126.416
-28618.902
-9882.1195
-16474.324
-18558.468
8355.5834
-5246.737
-14275.116
36292.877
70718.478
21556.908
47.423495
10582.377
-6467.223
-24066.432
4586.2342
33982.437
17437.115
-14478.884
-3116.7467
10979.934
816.10314
-1946.4543
5328.8721
13930.19
-2777.4992
3577.9904
16707.357
6814.8446
14554.103
-295.46032
6020.0487
13172.038
6424.7243
7672.3662
8805.6327
11465.427
12827.49
11042.371
17886.718
10935.87
11737.053
14853.666
6927.3077
12837.724
20049.291
25070.937
19626.465
43285.955
30506.23
25235.734
19254.694
23078.216
25743.576
38155.513
15953.497
37226.083
68337.43
62660.18
37494.252
21659.087
65438.235
63050.244
56853.644
56813.139
39892.818
14141.894
4516.4512
32169.749
42088.871
40171.779
69627.509
43674.595
45257.552
37125.45
-12964.804
-30384.657
-14904.638
-13345.143
-21537.16
2114.5168
3246.4659
-21499.73
28207.479
78718.396
15830.951
-2729.0913
21679.38
-2116.7921
-24810.753
3783.9423
32153.888
17539.576
-15085.223
-2875.9143
11470.428
745.199
-1358.7858
5564.0517
11374.205
-1323.3917
2915.5838
18491.621
6090.2159
13268.247
2113.799
4110.5721
13826.231
6885.5476
5957.0709
9721.8107
12547.916
10460.2
14447.089
15593.41
11819.398
12542.688
11637.666
6780.8406
13912.843
21146.701
22806.712
19089.573
55839.661
18112.349
27163.982
19346.448
20624.472
36066.812
26616.355
17224.349
39125.988
73387.107
60578.769
27908.59
25910.678
75551.518
57271.19
54179.744
62972.655
35341.965
16391.255
4641.7873
27868.328
43144.987
44706.678
61806.618
44210.945
50319.515
35935.902
-11790.132
-30269.827
-14107.488
-13276.536
-20871.965
823.11763
1760.4032
-17898.203
27668.535
73463.276
14372.964
-2195.6703
16618.47
-2473.7521
-14980.033
6314.4995
29802.409
17623.194
-15715.916
-2717.7216
12010.181
752.41232
-1019.6465
5928.4359
8935.1424
293.73905
2115.3339
19817.441
6719.4875
10692.299
4247.1386
4041.7246
12535.903
7896.529
5897.376
8051.5963
14256.629
10473.022
14602.112
14100.935
15381.014
9117.7757
11455.173
6256.8168
13963.289
25764.597
13172.436
25122.864
67057.52
4697.0534
28724.962
19906.65
17081.017
44555.405
16356.949
17935.205
42575.536
72734.585
59986.339
22090.202
30027.138
74595.575
58817.374
56221.281
63595.641
34942.985
15865.026
5146.4891
25163.999
46392.085
47180.609
58553.924
43239.688
49395.578
35975.746
-11400.9
-31424.681
-13221.565
-13146.594
-20348.032
3478.3568
-1928.0346
-21389.876
34993.745
78463.933
13789.203
-594.38705
19396.137
-8120.2847
-23097.415
7063.5474
29306.667
16022.43
-16239.535
-2612.1957
12387.225
1103.2436
-784.63058
6064.2008
6449.5832
2082.444
1968.4385
19887.638
8102.018
9026.8878
4111.2323
5465.0667
11975.661
6420.0714
8049.9001
6862.3737
12767.088
13756.876
14888.268
9464.3724
21226.841
6304.196
8331.8585
9492.5145
11276.431
30863.396
2275.1403
33321.324
73235.969
-2271.397
27862.864
20076.728
14829.099
46312.912
16115.04
19003.095
43549.198
73616.989
55371.118
22404.518
33033.182
70305.445
56037.509
58034.345
64443.596
35457.772
15789.418
4983.1605
26524.851
41529.134
48983.338
60983.647
44313.504
50964.372
30847.717
-11002.666
-27617.971
-14850.135
-14133.247
-21747.707
-1457.9493
83.49218
-19444.851
28656.575
75682.612
11287.6
875.7351
20148.266
-4575.2906
-18968.347
8190.4147
29268.324
16239.848
-16656.83
-2461.0868
12413.312
1669.2523
-264.16942
5997.7038
3830.9765
3433.7818
2951.4698
19564.72
7967.9543
9609.8272
3676.6551
4845.1081
13593.435
4423.9784
8674.2333
7926.9579
10032.902
15571.687
17883.142
5457.8326
22186.807
8562.6192
2635.9943
12033.421
11008.791
30294.707
-2102.5698
38428.319
73409.365
-2574.1426
27820.906
19055.06
15713.233
43559.97
16135.714
20798.224
44495.52
75554.037
57368.324
18056.519
33056.848
76018.273
54842.357
58851.775
64656.275
33631.495
17040.081
6001.4353
25639.28
46406.482
46593.374
51508.236
43467.333
53070.633
29512.016
-10523.886
-24109.711
-16775.263
-14454.628
-23323.894
-9546.6317
3025.6638
-18633.223
24656.911
68769.434
6537.5333
2662.0399
21152.329
-14227.859
-22612.851
9503.8944
28230.946
15760.294
-16920.344
-2203.8034
12096.211
2210.2761
527.53338
5987.24
1389.9094
4088.5851
4088.531
20644.885
5852.3625
9571.9909
6314.0904
2489.5897
13760.436
4879.8928
7773.5966
7871.7422
9163.5066
15291.199
18677.894
6909.0735
19015.632
8949.7742
2707.9396
12813.499
11198.744
29985.966
-4916.9255
40481.888
74716.169
-2952.4426
29517.571
18231.655
16839.886
42317.506
12690.512
22358.115
45114.056
72482.556
57226.597
22723.16
28992.929
68533.207
55214.221
57110.883
63676.745
34163.867
16931.162
7255.1877
18982.522
41952.689
55381.648
45747.379
42102.638
52997.496
25637.472
-10223.341
-21551.262
-16312.649
-17886.755
-29031.647
-15465.615
3165.1146
-20703.423
8944.634
53317.843
-3019.3675
5072.6996
21751.243
-19077.324
-24836.066
13284.846
28368.513
14301.025
-17076.243
-1845.4058
11615.212
2565.7899
1417.7067
5957.2375
-631.02397
4911.0001
4031.0724
22916.492
4663.8183
6283.3046
9905.9726
2784.9543
10829.594
5358.062
8863.1305
5259.2652
8633.1674
14855.711
19719.47
7266.2253
19215.153
7057.9616
2449.7611
14424.987
11976.636
30348.171
-5846.8228
40798.768
75438.283
-3715.1694
29652.04
18437.851
13769.897
40956.029
16074.146
20714.863
44125.067
71520.12
50925.827
17336.834
28933.625
65865.695
54456.655
58977.32
62832.281
32543.153
15062.642
6244.145
15450.335
38609.812
50297.048
43082.69
41963.021
53218.559
21278.302
-10685.758
-19849.786
-16254.183
-15790.49
-36989.429
-23323.785
985.12279
-20687.697
-9088.3027
31641.561
-19109.25
8175.8878
27407.948
-28825.224
-32931.209
9696.5274
30268.236
14290.294
-17174.704
-1454.9428
11137.511
2727.5464
2353.9366
5616.7695
-2690.2549
6747.6584
3657.8103
23472.919
6298.3147
2592.3701
9281.04
6242.297
8058.8277
3631.8715
9652.5206
5641.8217
8704.4225
14302.848
20438.47
8173.7756
19628.314
7620.8969
2150.6235
14337.708
11212.778
28614.077
-5413.8584
40424.686
68224.124
-3770.9803
29130.062
19071.928
14531.133
39610.277
10784.233
21760.033
42173.967
69972.842
44177.107
10996.363
27299.333
66921.058
54408.874
59950.04
61598.321
30512.266
11593.347
2972.8193
7171.2191
37328.607
58777.9
41717.522
41006.941
51012.951
19163.901
-11215.135
-19363.332
-15777.946
-16833.62
-38826.855
-27179.9
-6443.0514
-18544.24
-1859.8533
22539.725
-29271.163
7660.4463
31950.519
-22303.93
-32436.226
6353.115
31483.322
13641.059
-17277.847
-1076.952
10694.575
2830.5658
3366.8042
5054.8444
-5415.0098
8436.9649
5961.1721
20422.92
8038.7953
2259.0911
5384.2205
7698.9498
8436.3689
3454.5594
9817.1274
6092.0002
9642.6763
14264.871
20155.992
8141.0256
18200.465
7272.4779
2435.9922
13757.538
12236.881
28775.177
-4529.4631
39749.503
57522.171
-6605.2277
28464.801
18663.831
14899.14
40923.916
4590.8969
18262.983
41851.732
67630.266
39108.74
9530.468
25876.975
68028.281
52744.866
59532.974
60849.455
27554.095
8698.0904
287.29519
-4310.6582
33058.749
57520.106
34874.54
39755.351
48438.468
14376.094
-12695.942
-20762.822
-16351.038
-20909.044
-37944.007
-27672.012
-995.83085
-238.3403
10605.025
15603.387
-34187.94
15557.758
30238.747
-38897.733
-41039.727
16965.316
34271.125
14140.638
-17407.67
-712.89373
10226.965
3057.6563
4335.5989
4856.3584
-8532.8027
7285.585
11616.529
16412.477
7071.2541
3137.6616
5209.098
7899.0018
9211.7467
3783.7944
9833.8474
5290.2086
9022.0433
14188.304
19761.036
8972.7857
18464.978
6240.0876
1631.7562
13653.553
11809.186
26929.72
-5634.4314
38297.815
51497.753
-5690.2363
28664.725
18951.463
15464.192
42156.17
-1962.8043
13332.8
39952.888
65381.872
38762.815
11941.317
22278.853
73535.432
51883.548
60068.548
62248.101
25683.64
7229.0693
-294.96102
-9696.991
23899.389
51853.737
29928.286
38476.025
47648.642
11674.75
-12420.645
-21923.801
-19291.376
-26230.539
-36175.715
-29020.919
226.52628
6187.3968
17031.901
6569.1094
-39461.364
22300.597
26814.629
-58469.434
-59065.271
25113.237
34793.006
13821.927
-17515.432
-315.75773
9643.4111
3561.4408
5020.7487
5418.3253
-10635.238
2754.5707
16064.782
16750.635
6655.5971
4077.4968
5870.9992
7811.7863
8845.7366
3026.0474
9992.2706
5455.5087
9288.3062
14266.385
19114.665
9282.771
18455.272
5389.6709
325.77224
13588.039
13019.105
26644.177
-4614.6528
36818.373
47517.702
-5584.7096
27784.289
19677.273
16337.459
43633.154
-9615.0648
8487.2099
37080.849
62512.805
40119.895
13151.005
23322.466
78062.25
50010.191
59875.531
61682.303
22419.789
4944.6915
-183.55351
-13285.341
17705.332
50084.59
25544.389
37522.601
48419.033
8165.2537
-6159.3751
-20856.17
-22239.181
-28427.66
-36939.691
-33138.664
-2471.2582
1246.2714
19747.3
761.37409
-47613.624
26632.611
29644.314
-69784.697
-37014.179
44070.513
49523.987
14760.538
-17506.927
98.85568
8972.5556
4242.7336
5487.1
6164.4936
-10733.275
222.21722
16705.788
17918.096
6783.8036
3698.9023
5486.5724
7580.2817
8895.9768
3209.8236
10158.892
4865.6608
8873.3877
14009.081
18644.197
10011.459
18280.423
4884.8663
177.14824
12780
12469.758
26658.651
-3445.8156
33107.818
44893.071
-4858.1298
26894.687
17608.97
16880.852
44666.126
-8881.9374
-6912.935
30696.097
55497.162
41348.482
15581.785
23390.9
76514.612
49256.941
60416.14
59942.179
17941.377
3085.6407
-497.36209
-16899.336
15170.992
48253.605
21486.575
38371.657
55287.447
1521.0897
-10092.303
-21956.964
-26662.177
-31606.847
-40040.063
-38933.132
-5912.3392
4544.2545
24024.314
-7348.7341
-58098.065
32384.385
19036.927
-89333.716
-24753.038
52808.598
50255.646
14412.918
-17415.019
523.21315
8372.1953
4772.3367
6129.1258
6062.7159
-9821.8599
5.7823102
17086.944
17574.796
6590.9883
3827.2325
5748.5037
7407.1163
8506.3908
2888.1296
10282.388
4532.5505
8516.0323
13760.079
18035.392
10323.82
17476.157
5034.1924
605.36743
11981.42
12984.808
25899.105
-2920.3658
28409.922
41729.09
-4090.6241
26700.041
17532.041
17037.845
45092.621
-4805.9241
-9799.5957
27857.425
41006.307
44531.524
20016.814
22308.431
73639.168
48650.757
60783.741
59478.539
14396.21
1044.9676
-93.468126
-21449.594
12655.503
44734.8
13108.005
32389.084
54785.684
981.93726
-16308.594
-19958.25
-29869.39
-35819.494
-46440.441
-47460.404
-7473.422
6867.349
27754.478
-13796.827
-65085.986
44469.283
14029.803
-102380.07
-34277.436
49814.498
49374.907
14718.739
-17601.275
1005.9664
8052.4274
4897.0089
6732.5335
6137.1599
-8753.9488
-261.08718
16759.327
17686.858
6461.9937
3878.1473
5608.418
7039.0596
8181.5705
3256.6092
10321.335
4313.3921
8147.8382
13537.802
17410.658
10451.319
16692.39
5963.36
1476.3726
11350.907
12636.1
24631.008
-2866.3528
24348.168
38794.007
-2307.3996
27696.788
19980.323
17964.091
43870.167
839.87529
-4487.7972
27934.086
35774.09
46795.673
29982.784
20771.994
61590.177
46201.215
59947.97
56678.39
10279.307
248.55364
-618.18818
-33663.857
14693.57
57244.448
10050.001
31048.657
53530.54
1328.677
-12449.024
-16131.055
-34550.102
-39588.866
-48904.99
-53755.934
-11660.771
12683.515
28539.359
-6703.6009
-60568.213
54412.923
15683.318
-99088.406
-25305.56
51748.811
51843.96
15030.826
-18768.001
1698.0331
8060.3688
4833.7899
7030.9384
6270.7405
-8936.5753
-264.9753
16712.265
17474.418
6238.8569
3898.7348
5642.2435
6546.0904
7877.7808
3259.7965
10289.179
4263.5497
7793.5945
13275.38
17066.425
10539.926
15919.164
6507.4589
2180.3248
10782.3
11940.358
23775.922
-1124.663
23047.365
35960.876
-1915.5915
28146.857
20789.062
16939.707
40708.79
5424.5919
-28.098427
27793.464
36619.177
46990.692
27275.471
16449.618
43764.371
43658.434
58413.37
52103.084
3979.5534
-1129.2829
-1138.0625
-50407.431
20675
70509.832
7818.6004
28993.382
53116.254
1110.3434
-6877.5408
-15382.035
-39101.035
-39486.705
-46717.759
-53944.383
-15908.963
18127.648
27430.864
1985.9334
-37036.311
51087.16
14404.73
-86660.589
-5716.2323
53640.982
49712.726
14298.133
-20781.146
2659.8678
7744.7759
5129.2212
6962.1292
6035.3346
-8787.2396
-366.62838
16476.923
16875.098
6061.4819
3888.8665
5465.7811
5973.326
7697.183
3933.2277
10078.808
4085.9086
7321.6159
12945.615
17078.006
10537.267
14907.483
6886.5907
1582.945
9642.9028
11294.204
23383.758
153.457
23563.77
33374.903
-2858.0846
27456.644
21879.806
17084.667
35516.178
5303.5079
4598.9838
28405.615
39197.49
46068.526
16321.935
7268.7361
24589.482
40779.74
57999.907
50146.804
-1312.3819
-2543.0262
-2077.1994
-62683.744
26630.935
81781.261
323.31805
26224.273
52691.876
3099.9705
-2757.1596
-17289.107
-41915.987
-40210.866
-43737.812
-51990.291
-18243.034
12799.282
23315.679
8041.8078
-21620.074
36496.97
10097.896
-69266.708
-1560.0988
53167.404
47444.787
14613.283
-20328.265
2974.8604
6716.1527
5544.8553
6832.7529
5873.3653
-8753.9866
-546.78024
16054.646
16246.149
5921.4873
3976.4255
5397.1461
5403.916
7586.2192
4333.6706
9895.463
4041.1386
6863.7051
12563.612
17032.817
10133.404
12571.008
7127.6512
208.26322
8170.0663
10323.27
23166.563
1269.2981
24236.948
31224.047
-2579.4486
26817.789
21602.121
16454.614
31941.944
2178.3865
4820.3721
28744.004
44236.426
42253.011
-1364.2017
2523.0518
11677.571
37519.346
58444.15
49223.85
-1855.3861
-2658.8101
-6590.348
-71416.885
32500.529
96314.813
-12832.045
14116.879
53510.245
4155.1299
-296.19119
-20706.97
-47453.59
-43467.096
-44231.414
-50501.849
-20919.887
7997.9418
14965.4
13143.676
-17127.754
17956.342
2964.7516
-62180.464
-3144.7906
54136.886
43355.094
12942.476
-11342.635
1502.6635
6042.5624
5763.7972
6796.3313
5727.1938
-8595.3026
-528.85097
15533.808
15720.628
5778.1433
3985.5351
5290.4059
4870.6873
7540.357
4701.3605
9761.1891
4339.0345
6373.9605
11805.308
17052.291
9467.7759
10788.249
7083.2896
-1666.5493
7667.9276
9497.7565
22606.775
2333.9695
24306.338
28486.417
-2810.6581
26396.908
20757.141
16237.353
24658.995
5525.7235
28632.655
25223.815
46933.67
35663.163
-15472.592
1113.0602
11742.512
36408.013
57849.523
45800.08
-1618.7297
-951.25076
-14893.497
-83363.181
35325.015
96777.647
-16041.809
6994.2312
48160.607
-216.65582
-831.61737
-22680.347
-50064.154
-45831.126
-47090.688
-50827.884
-25182.381
5231.1955
17520.777
17964
-18404.183
12444.693
9865.4624
-57450.124
-22377.006
49194.84
37545.218
11567.319
5535.3514
841.54442
5889.0662
5754.7166
6797.1587
5611.9493
-8412.7256
-400.47468
15010.264
15285.395
5665.3583
3981.752
5174.8675
4418.5744
7398.4787
4953.7996
9645.8702
4749.7954
5881.9313
10993.856
17114.086
8449.9498
8737.4562
6930.0106
-4021.2673
7851.6326
9500.0461
21800.242
3407.2434
23707.134
26132.315
-2814.3459
25674.998
20040.152
15126.049
19849.097
20725.558
34335.486
23358.993
48229.296
30871.592
-19948.213
3593.3407
17035.406
39382.246
55621.817
39111.458
-3209.2228
-4461.7315
-16991.872
-82884.187
31669.152
82459.402
-9575.8302
8676.7314
38746.762
-659.16161
-221.07281
-18947.414
-50086.093
-48813.27
-50137.981
-58430.239
-29847.623
3039.0906
13691.71
19025.741
-10165.483
32709.71
19993.166
-51260.793
-17732.309
46236.255
28977.532
8645.8286
8458.4529
2474.0111
5733.1286
5788.3888
6812.7122
5522.617
-8333.7358
-317.41893
14495.812
14898.879
5588.9904
4026.5372
5078.2545
4032.316
7307.5059
5042.673
9531.1396
5010.6868
5483.6214
10416.976
17076.888
6992.155
7112.1421
6653.2315
-6330.8194
7345.3375
10232.6
21567.815
4646.5408
22693.905
24437.766
-1902.5602
25021.432
19023.604
14182.724
17743.754
17151.458
33168.274
22054.987
47122.28
24367.802
-18277.216
8890.7953
21963.51
39131.708
53844.001
31166.411
-4581.921
-7604.5202
-16851.67
-75232.321
29183.77
65097.536
-10488.584
5641.8286
32437.649
-510.93714
-148.08428
-13625.418
-48163.792
-52400.29
-54186.712
-61272.585
-33926.239
-68.762649
13210.058
17486.326
2304.2497
65897.77
23300.98
-42187.884
-15694.789
26629.389
21407.866
6775.8702
-994.98577
3472.3053
5723.1371
5808.107
6881.0623
5436.4412
-8293.3251
-243.56483
14008.335
14522.109
5501.9464
4078.8831
4972.5341
3577.1677
7090.576
5066.0704
9415.342
5243.1873
5211.5259
9978.0044
16909.076
5198.4134
5756.2467
6429.962
-7501.3008
7685.8693
11239.814
20163.06
5545.2163
21451.48
23062.261
204.44994
24581.957
16341.415
12379.289
15499.002
16056.889
35380.527
23359.8
46150.633
17642.754
-16081.354
14147.911
26681.537
37685.609
51770.175
30485.438
-2936.3301
-7109.586
-24616.225
-57259.45
29799.012
41975.395
-16868.782
1486.7457
29667.112
-947.75813
-192.80296
-15149.12
-49693.423
-57545.041
-59885.838
-64453.371
-39493.453
-3675.0487
14513.331
23293.536
16936.095
65293.289
23878.389
-28857.112
-9516.7455
18311.067
14345.48
4243.1764
-1100.4179
3303.0796
5722.7833
5816.8401
6956.1607
5343.9433
-8301.7593
-240.67927
13517.096
14141.927
5425.2636
4134.0904
4840.5212
3072.2048
6651.1923
4970.9854
9057.9799
5449.3129
4929.1489
9601.2442
16761.165
3034.2203
4378.6079
5867.2422
-6649.0348
9390.2048
13016.859
18735.086
6126.6713
20838.568
21667.29
1829.4902
23524.991
12395.621
11478.914
12986.809
14777.871
36811.98
23346.07
46347.287
12876.423
-13805.793
21366.931
30035.952
36988.742
47479.551
28262.086
-479.34879
-4658.2234
-23628.479
-46705.588
24976.016
20641.913
-24065.265
-3547.6699
30581.413
-263.59421
1195.4915
-19487.568
-53594.752
-59888.968
-67070.748
-73325.223
-48326.1
-7226.8637
14510.011
28693.115
25573.626
56149.028
29468.461
-26009.094
-3335.4638
19013.582
14149.602
5100.1172
-919.32376
3454.9136
5740.5603
5829.267
7025.231
5231.9746
-8354.9677
-301.34278
13042.616
13748.605
5312.6129
4215.0469
4707.0429
2636.2791
6011.0176
4559.552
8479.7797
5706.0444
4617.9927
9247.3297
16414.791
378.19004
2924.0691
5210.5005
-3736.1113
11074.744
15432.826
17979.109
6490.8586
20872.146
19861.318
2244.7441
22333.973
7311.1881
9421.4531
10410.456
13305.45
36437.007
24009.2
47122.825
6239.2747
-12329.792
26395.913
31677.083
36769.408
42278.708
27362.628
192.24669
65.361214
-17926.577
-45502.33
27731.172
23311.063
-25992.404
-1151.9272
30818.576
343.32942
3901.4769
-20141.119
-55461.138
-62119.771
-76037.689
-81842.234
-58951.827
-9409.6088
20722.353
35873.976
26969.571
43725.151
35113.729
-9082.6413
3296.8345
9929.2506
5258.2124
3296.2349
-561.61197
3544.0663
5757.5711
5846.7218
7090.6309
5098.0662
-8443.8359
-438.22258
12562.176
13340.86
5159.0675
4317.7453
4584.042
2369.0486
5307.2563
3865.088
7555.4833
5948.3262
4131.3621
8695.9815
16138.989
-2542.504
1325.5419
4448.07
-32.550706
12171.549
17065.449
17998.684
6878.901
21198.294
16927.387
1925.3631
21050.271
1947.4816
7649.0706
7589.0467
11088.404
38054.056
23256.376
48865.233
-830.08597
-13183.549
30154.734
34064.079
37406.301
39657.923
29889.782
1699.0379
4184.1233
-12302.489
-46387.166
34979.628
40988.542
-15060.467
15912.829
32034.797
-256.88253
5954.5423
-19647.509
-55392.81
-65597.413
-86146.924
-93331.57
-66797.608
-10424.78
26983.59
42321.47
34188.872
43653.782
39375.565
-1305.3452
4064.5973
3327.564
1095.4726
-1159.3867
-194.80877
3692.8251
5776.9826
5870.0876
7150.6389
4938.5209
-8559.6266
-647.27907
12082.791
12923.065
4946.0674
4435.5931
4502.8474
2222.5034
4707.8413
3005.4126
6256.8513
6040.812
3786.3876
8270.1569
15945.659
-5238.2249
-229.78213
3298.9939
2135.2746
12985.381
17659.046
17970.231
7469.2718
20112.385
12663.139
-1374.1902
19363.427
-2824.8202
6003.8559
6071.346
12508.206
39144.902
19103.66
49534.029
-1734.6368
-12674.996
35884.594
38222.55
37694.316
38313.534
29104.285
3406.7561
6665.7568
-6954.2128
-44711.395
37221.028
51293.779
-4255.3497
36677.831
29922.786
-3323.0982
5578.4423
-21342.596
-56011.815
-69928.976
-95457.251
-104505.19
-75054.11
-10537.099
32144.219
45372.439
36458.374
50133.008
39891.318
-1347.7133
6753.6625
2904.2904
-1393.4357
-2543.2769
224.09089
3775.9602
5793.8242
5897.1873
7206.0152
4755.2444
-8693.1455
-922.48339
11591.779
12493.099
4697.8953
4553.3837
4464.7499
2211.4569
4084.8841
2105.4604
4809.5836
6270.5522
3835.6317
7905.5564
15854.75
-7159.7752
-1912.315
2378.0784
3399.3623
13116.012
17070.835
17461.015
8307.9675
18452.053
9304.8854
-1826.4153
18064.354
-5684.1246
4569.2125
3756.9391
13205.041
40103.229
16638.809
42106.269
268.57761
-13285.795
42879.057
38870.596
36884.408
36992.359
27773.875
5193.4116
8093.7863
-5726.805
-36449.599
24322.497
59288.883
651.46834
42075.253
24552.572
-11636.421
1517.7433
-27506.446
-57601.487
-75233.489
-105381.11
-120432.24
-84598.647
-12054.811
35076.731
55179.291
44089.357
47885.885
41951.216
3570.4286
10020.511
-1175.6881
-9449.2626
-7249.1298
619.98043
3941.0177
5809.9898
5926.7109
7253.2914
4548.113
-8843.1943
-1244.4616
11114.971
12030.781
4439.9381
4650.422
4453.331
2350.1694
3336.4938
1178.602
3607.2442
6788.9264
4348.3714
7567.0067
15842.388
-7838.7787
-3353.1456
1692.7241
4236.7569
13050.597
16367.559
16417.278
9119.6746
17409.884
7662.2965
-1292.2414
17549.449
-6892.8537
3181.4235
2740.8706
13906.537
39029.363
16940.526
35384.602
-2084.2832
-18422.419
45349.84
37720.195
36522.981
35196.737
27878.073
5738.6525
8953.7333
-5207.135
-34981.535
18647.26
61883.637
3129.8989
41404.097
22518.264
-18661.305
-838.37847
-36272.029
-62722.707
-81547.739
-117618.44
-142070.62
-97685.4
-15919.748
39071.903
56025.237
45477.972
47647.497
42714.172
19787.998
9970.8807
-10307.643
-13849.849
-8963.2908
1054.1868
3991.733
5821.1112
5958.0312
7295.4147
4320.8286
-9000.6594
-1603.0607
10629.701
11566.612
4216.0185
4721.8817
4448.2595
2509.0971
2561.011
304.02083
2760.5897
7425.507
5091.3721
7317.3608
15862.214
-6984.2891
-3929.8802
1018.6318
4862.0086
12999.822
15298.04
15032.885
9961.593
16733.974
7469.3523
-610.45951
16388.446
-7515.8754
1700.9911
2368.9195
13852.174
38575.641
17119.149
32942.622
-1457.0828
-15837.67
46197.096
37430.238
36863.16
33472.799
25988.803
7694.7222
11157.336
-4690.8801
-33554.774
17825.537
58984.853
4802.2097
44611.878
21527.897
-27028.088
-2334.0407
-45257.657
-69336.657
-89083.296
-130857.84
-161295.9
-109654.38
-20694.56
39530.717
59646.212
47746.183
48744.95
44131.141
17590.882
9586.9182
-10154.87
-17211.116
-7280.8493
1454.6458
4186.0986
5824.5748
5990.2795
7332.6125
4072.8583
-9171.6403
-1982.9449
10127.128
11103.873
4052.2727
4781.9657
4432.8476
2655.5271
1960.1786
-465.94887
2240.7698
7948.4011
5850.9802
7169.7421
15948.497
-5457.5942
-4201.3814
1112.5651
5883.7992
12908.213
14606.388
14547.663
10902.489
16811.639
8949.8898
-90.280687
15630.028
-7742.1826
978.44059
1425.3075
14106.696
37688.795
17032.531
29698.856
-1575.8293
-5178.9939
49397.82
35207.948
36198.608
32061.731
23822.265
8849.5039
10771.124
-2459.1377
-30225.159
20307.018
57035.479
6339.5344
44607.111
21905.983
-27339.236
-7611.1495
-54007.392
-74848.858
-97490.229
-144010.72
-174264.75
-118012.74
-25245.118
37953.03
60806.555
50504.252
48147.265
45805.81
25221.073
6260.0376
-22406.524
-22036.23
-6896.6007
1890.5453
4174.7092
5865.2178
6019.2264
7367.8557
3809.6636
-9340.3913
-2364.9818
9633.1499
10650.256
3961.7738
4892.0265
4460.3491
2906.874
1702.0125
-1047.6344
2023.9022
8325.1161
6552.8825
7085.1495
15752.108
-3994.5814
-3451.2729
1781.7718
6260.986
12848.987
14306.321
14699.293
11613.205
17263.687
10985.323
-126.52123
15593.524
-7328.0173
613.74991
-615.77778
15129.533
36870.253
16482.687
25959.913
-3265.1377
4292.3743
45049.99
33299.664
35631.44
31474.972
22857.151
9388.7802
12400.488
1429.283
-26713.781
25997.709
53715.859
8260.6956
42655.419
22746.325
-20167.524
-11131.425
-55227.063
-78177.475
-107438.18
-157645.09
-182022.02
-123258.63
-29567.546
34717.06
60126.879
49700.754
47564.706
47636.579
29364.591
781.99887
-32633.851
-27402.489
-6521.0329
2278.625
4438.263
5776.0126
6048.6808
7391.3294
3539.6183
-9485.7476
-2724.3961
9166.6364
10214.35
3989.1501
5068.4552
4618.2221
3261.3116
1738.7952
-1333.7878
2166.206
8825.9529
7116.0173
6980.9123
15326.864
-2603.9185
-2773.2812
2524.9552
6770.1255
12969.408
14562.105
14892.831
12070.722
17627.727
13042.733
90.15747
16173.214
-6635.167
330.85088
-1240.59
14723.214
35530.633
16388.045
22440.369
-3300.0385
11992.75
47957.576
32370.59
34779.504
31546.834
22184.786
11183.046
14061.686
6620.0768
-21553.634
30553.061
52602.686
11178.577
40429.207
21254.665
-11465.27
-11583.891
-53674.745
-80329.175
-116615.85
-170603.48
-188744.04
-128195.73
-36028.957
30205.702
57135.554
47948.815
44649.647
49808.052
32845.737
-3593.8032
-46359.33
-35445.694
-6229.4888
2744.5571
4290.3167
5942.1886
6065.3547
7400.5971
3258.7439
-9574.38
-3022.1473
8751.943
9757.9416
4196.5659
5229.3521
4875.2406
3691.6404
1995.876
-1348.884
2650.4119
9034.2871
7424.8018
6895.4081
14510.39
-1014.0507
-1958.5761
3675.4856
7589.5015
12881.029
14491.28
15100.487
12484.313
17757.018
14725.201
1080.0598
16970.45
-5034.5256
1283.7526
-990.11221
15175.298
34420.939
16152.235
20719.752
-629.35679
15696.268
45474.308
31433.397
33576.852
30528.023
21553.085
13560.908
15199.932
9222.3123
-16251.466
34568.416
50227.707
12904.55
37341.763
19725.94
-1283.4333
-12030.2
-58865.969
-82396.339
-125157.58
-182871.98
-197323.57
-133349.05
-43552.363
25299.199
55870.973
47829.773
43246.285
52163.803
35926.958
-12959.16
-62960.548
-43985.159
-5971.2715
3119.0285
4752.1201
5699.4342
6076.177
7394.8265
2992.6791
-9575.4511
-3236.6034
8359.9984
9289.8818
4586.3536
5428.8422
5208.594
4118.543
2466.2425
-1101.9367
3266.1551
8987.2756
7470.004
6773.785
13299.943
936.14437
-134.10195
5620.5808
8582.347
12924.047
14215.893
15079.084
12794.49
17661.005
15504.128
1279.8342
17846.49
-1156.6191
3471.8687
-392.0924
14537.985
32805.285
15358.649
21616.017
3279.1331
17423.959
43364.768
29979.614
32182.994
29137.697
21459.515
14367.198
14941.193
10697.678
-11024.88
36538.901
47658.302
14627.976
34093.147
19536.547
6648.8438
-10140.448
-60124.764
-86047.851
-136562.25
-195306.13
-206746.18
-137316.44
-47692.455
20919.798
53748.469
45527.481
40372.103
53944.127
35731.938
-21191.856
-78735.257
-52733.054
-5670.9866
3585.0752
4355.9515
6017.1271
6061.1861
7363.3348
2714.8736
-9462.9183
-3373.0893
7978.3283
8830.3238
5035.296
5621.7506
5605.4206
4574.5988
3102.5638
-878.95352
3707.2707
8725.6118
7402.1477
6722.0063
11877.219
2621.105
1076.9321
9542.0418
10319.851
12804.793
13836.193
14825.209
12988.297
17182.082
15791.542
3000.5682
18936.175
3082.2748
5266.3591
1005.0104
13947.757
31556.104
14522.668
23546.282
6998.6982
16024.903
40270.731
28596.26
31056.441
27898.116
20946.204
14970.354
15145.817
11936.594
-6662.0521
36912.37
44431.198
16444.376
33373.472
18920.925
11219.46
-9261.4963
-58164.898
-91593.725
-149200.8
-207194.86
-209908.16
-137970.81
-50558.996
13014.969
47297.113
30580.635
27987.795
54578.974
32487.559
-29893.088
-93067.22
-58341.98
-5558.1727
3958.1103
5126.2269
5668.1982
6045.6116
7296.2268
2479.8746
-9218.7334
-3405.9268
7601.2671
8402.5518
5265.2717
5665.841
5981.9259
5021.3061
3858.3871
-581.97517
3970.9929
8203.8547
7069.3801
6639.4433
10597.009
3522.9818
2455.8353
13181.011
10742.456
12652.316
13606.724
14642.684
13063.201
16569.064
15568.935
3706.3573
19513.269
7365.7015
11019.299
3357.8446
12375.65
29657.747
13932.806
24784.615
8847.4785
14100.749
37201.4
27230.713
30339.926
27186.734
21001.162
15528.64
15089.562
13083.536
-2112.1686
36521.889
40941.883
18136.011
33366.004
19899.58
13191.31
-11486.678
-59161.659
-94987.139
-158949.29
-220470.58
-207994.61
-133435.24
-49807.002
7510.1865
41550.801
11905.379
12549.936
49695.764
24861.632
-36611.75
-100846.34
-60020.592
-5110.7276
4415.4066
4442.9796
6096.3758
5995.2253
7171.1347
2290.6138
-8801.078
-3375.7704
7228.8246
8023.2132
5260.6491
5583.0202
6081.9895
5268.7807
4600.4841
-197.53214
4172.1986
7449.6278
6627.3464
6503.6651
9627.1332
3929.9878
3482.0971
14872.489
10644.552
12635.998
13560.177
14467.911
13117.533
16158.936
15270.38
4168.0875
20057.056
11520.476
12320.774
9170.0494
12623.015
28297.273
13939.527
25439.238
9539.3732
10416.514
33383.147
26432.8
29584.811
26641.589
21197.967
15950.298
15667.792
14192.465
2096.7382
37156.811
37720.299
19339.095
33293.25
20466.64
13282.556
-13478.885
-63133.916
-96443.065
-166744.42
-237632.2
-212151.95
-130256.67
-45825.16
7190.1874
42173.589
9971.3197
19633.147
41035.237
18520.571
-39156.091
-100874.31
-54044.373
-3426.5912
4720.4097
5454.3212
5607.4975
5951.3573
6982.2818
2114.9671
-8294.7516
-3165.8992
6882.1377
7648.4351
5156.5331
5663.3097
6080.1744
5394.3837
5293.8544
371.71908
4391.0789
6738.7953
6338.0823
6452.0416
9307.3804
4235.9738
4293.2846
14866.495
10330.082
12645.102
13553.674
14129.117
13188.935
15402.397
14990.358
5191.5897
20117.261
14064.523
12793.353
10189.582
13050.576
26952.003
13572.302
24944.125
8667.7787
8358.8436
32358.152
26478.802
28871.397
25875.426
20779.459
16359.54
16373.564
15078.885
5352.6228
35698.94
34853.283
20777.657
32970.83
18705.476
12935.874
-20376.864
-70370.739
-96869.621
-172466.41
-252175.35
-217715.79
-134518.49
-45454.907
2888.1924
47658.792
19111.283
32237.638
32133.721
20777.072
-37871.421
-96158.848
-70396.041
-8160.0124
5164.5693
4551.6689
6221.8527
5892.9365
6717.6596
2068.0501
-7112.4639
-2744.8213
6572.8738
7222.9652
4974.9772
5880.0362
6041.7951
5442.1704
5849.1783
1654.78
4704.4767
5978.028
6280.6553
6619.3406
10257.37
4715.554
5036.6759
14014.66
9938.0704
12567.79
13317.765
13646.521
13227.918
14416.984
14880.976
6949.1697
18417.522
14317.064
14057.393
11379.794
12882.997
25044.522
12714.473
23923.473
7484.2911
7380.4409
32183.36
26284.546
28080.11
25151.388
20289.143
16702.403
16548.414
15478.298
8057.9892
34337.277
33154.74
21685.642
32135.152
17472.045
11956.618
-24499.721
-79279.572
-97783.55
-178036.8
-260595.56
-220636.43
-135859.23
-42267.467
1360.9493
46807.497
20136.094
24548.575
27220.878
30055.774
-38105.77
-91842.009
-56491.093
-3287.7015
5355.5399
5820.2327
5621.5033
5889.2967
6510.2251
2147.4769
-5967.124
-2375.9529
6291.0383
6733.7315
4678.3956
5932.2064
5923.3467
5384.0868
5959.147
1845.4506
5150.9673
6185.231
6279.6681
6768.0001
10187.878
5002.4828
5658.0073
13222.872
9501.8273
12353.891
13086.928
13067.598
13265.498
13906.583
15055.472
7958.631
16682.48
15198.442
13566.999
10929.514
12947.399
25130.962
12329.814
22324.871
7481.3247
7152.7751
29937.146
26177.632
27406.074
24871.131
20655.278
17018.684
16992.399
15789.87
10256.244
32957.951
30713.052
22497.99
30885.713
17617.884
11403.915
-25378.728
-86156.656
-97254.651
-181411.38
-262474.93
-223363.57
-132126.57
-36551.088
4659.3581
34905.072
16940.054
20587.199
25096.07
16770.083
-41957.909
-90032.458
-71189.396
-11129.146
5711.6911
4726.4816
6259.4567
5893.2444
6354.738
2348.9069
-5004.5957
-1227.6498
5967.519
6258.1518
4341.2752
5940.5403
5794.1214
5271.7953
5761.5645
1538.3413
5401.407
6512.1347
5949.433
6851.5512
9273.8401
4935.1048
6137.9442
12356.148
9021.9392
12122.028
12922.766
12814.649
13381.93
13804.672
14769.25
8681.9622
17829.698
15763.181
13366.759
11190.655
12792.252
22690.599
13344.329
21644.004
8197.8421
12342.933
25835.436
25870.353
27395.347
24429.56
20426.231
17117.432
17112.039
16171.061
12287.916
31563.626
28913.526
23220.095
29956.997
18290.034
10488.933
-25579.045
-88871.995
-94535.383
-177486.93
-255063.41
-219351.41
-126060.91
-36416.457
2292.7874
23726.042
14946.381
22546.317
22499.243
446.23923
-50505.054
-95402.476
-97928.393
-2599.4171
5865.1032
6026.1584
5648.0001
5829.9234
6019.1493
2890.5115
-3037.342
-371.04544
5734.0853
5903.0865
4113.2126
6077.4916
5797.6862
5219.5662
5717.6903
1344.1723
5382.1512
7022.5516
6094.6374
7039.2842
8807.1748
5024.7569
6511.1671
11871.936
8700.1756
11878.568
12875.754
13022.65
13327.948
14061.044
14428.226
9091.9932
17969.947
15892.241
13311.055
11867.195
13404.778
23409.945
14922.193
22105.925
9289.7383
18984.965
25965.386
25104.774
26436.983
23604.815
20109.648
17344.448
17414.99
16246.751
13981.589
30367.751
27617.682
23558.005
28283.837
17847.011
9316.1265
-26988.213
-89699.863
-92479.211
-171026.29
-240004.54
-206304.85
-115148.41
-32440.07
2555.0374
20262.406
14331.551
20189.156
18585.521
-8273.5269
-57383.204
-99203.368
-71175.202
-1985.2995
5937.6951
5040.0836
6232.9819
5797.8896
5819.1456
3396.6569
-2244.6731
595.76599
5873.6426
5622.4959
4091.6109
6255.1696
5832.3327
5143.1214
5526.733
1721.3164
6591.7444
7506.6878
6421.8799
7073.1325
8713.0153
5563.5296
6940.2995
11809.816
8624.0606
11694.58
12805.021
12697.306
12884.11
13890.632
14109.739
9568.5199
18622.72
16184.943
13776.512
12344.103
13769.562
22219.425
15745.886
21765.734
10506.85
19064.96
25068.384
24397.088
25263.134
22814.165
19964.177
17469.373
17576.245
16350.61
15264.61
29052.561
26266.144
23514.101
27022.56
17787.899
9067.797
-31769.939
-90811.813
-91554.709
-162724.33
-227512.27
-193587.12
-100402.24
-20454.587
3246.2249
18833.518
12803.613
17256.357
15450.785
-12235.229
-60412.691
-101821.18
-63723.891
-2248.2477
5984.6715
6043.4456
5622.4103
5626.1068
5381.8106
3716.3456
-950.03776
1925.813
5838.6027
5430.6534
4321.6144
6395.827
5872.3826
5003.4874
5325.7537
2613.5573
7439.9587
7110.8985
6444.4669
6704.3273
8658.5841
5951.0941
6609.2129
11467.141
9076.6856
11647.812
12356.026
12154.166
12790.822
13795.797
13762.056
10242.7
17695.407
16248.743
13827.145
12799.653
14121.612
21662.559
16240.85
21562.557
11749.163
18120.801
23970.994
22812.154
23972.299
22412.302
19881.737
17614.413
17649.543
16731.769
16423.967
28048.432
25234.325
23535.499
26168.985
18431.271
9291.5364
-35910.899
-94017.706
-91926.504
-147018.24
-208025.33
-181620.96
-89666.632
-14023.697
-1564.8606
15805.547
10205.716
15024.446
11979.904
-13098.404
-58725.861
-89668.712
-58630.151
-2197.9186
5811.0058
4984.1014
6078.5833
5589.8323
5412.533
3893.9757
309.54578
2366.3749
5676.0669
5416.0526
4839.3972
6522.8736
5987.7784
4998.0974
5298.977
3372.2706
7239.8343
7011.389
6705.5947
6910.6833
8736.3606
5958.7238
6832.4509
11307.425
9469.5099
11566.911
11938.905
11966.835
13107.445
13754.391
13476.481
10796.512
17152.537
16201.939
13785.555
13179.809
14284.872
21162.696
16533.664
21298.932
13611.612
19530.527
23444.003
23060.579
24279.69
21636.313
19312.292
17744.852
17636.788
16486.662
17209.54
25802.575
23911.372
23488.106
24706.167
17803.673
9005.0455
-36452.138
-97848.857
-94060.834
-129708.14
-175828.64
-164175.71
-80442.351
-13900.695
-5609.1218
12023.981
9046.1626
12581.114
8787.5677
-13377.421
-53198.547
-76958.384
-51134.731
-1810.9059
5826.099
5901.9854
5681.1132
5237.3685
4470.3123
4004.135
1690.6436
3196.7943
5500.0013
5490.2553
5094.9137
6493.3268
5732.811
4784.1521
4983.0307
4183.1475
7479.6729
6076.6874
6539.8553
6879.2409
9074.9459
5874.8572
7016.2087
12359.882
9735.4953
11527.424
11586.803
12337.335
13709.719
13494.2
13095.014
11423.256
16763.151
15286.902
13651.504
13491.61
14506.797
20488.989
16501.133
20576.754
14683.002
20296.384
22571.819
21841.383
21969.585
21069.575
19449.382
17545.097
17913.854
16850.414
17787.261
24976.902
22859.506
22992.646
23211.518
17605.208
8789.0215
-31760.914
-95430.393
-95288.994
-124107.57
-156585.42
-141659.71
-67015.299
-11710.402
-6266.3766
11687.612
7843.298
10120.386
6157.03
-13582.698
-46741.878
-63702.964
-42047.942
-1457.6044
5526.7784
4836.1255
5845.7706
5168.1923
4824.2807
4147.2874
2270.7524
3490.1836
4306.6685
5196.724
4950.2064
6339.5865
5296.5726
4689.0353
5200.0629
4641.8615
7634.346
6520.584
6441.7413
6802.9019
9143.341
6066.5794
6760.7226
11780.02
9992.2927
11444.108
11335.775
12277.071
13258.273
13140.784
12900.969
11734.802
14605.023
14966.977
13618.86
13688.323
14612.649
19097.911
16000.12
20028.309
14957.892
19888.675
21726.293
21189.405
22601.184
20418.832
19017.793
17858.666
17815.986
16485.027
18159.652
23899.033
23021.406
22536.732
22365.587
18621.55
9748.4682
-23376.115
-85841.103
-94333.385
-117148.27
-141905.49
-127436.71
-57090.177
-13097.099
-7958.0611
7429.244
5109.4932
7832.9405
3814.4456
-13674.308
-40555.187
-52435.313
-34460.811
-1296.1319
5988.1167
5767.8243
5674.4481
4926.5894
4252
4269.473
3602.0237
3982.1498
3985.0115
4854.2285
4878.8787
5878.3383
5018.2964
4610.4499
4684.8908
4686.2073
7981.6607
6004.9542
6486.5992
7109.3198
9155.2254
5948.8899
7139.663
11670.003
10232.38
11178.22
11078.311
11790.95
12968.361
12779.974
12972.346
11730.44
13611.143
14925.969
13316.545
12734.979
14410.776
18851.217
16646.569
19641.372
15554.396
19619.599
20884.652
20561.615
21031.67
19860.939
19000.28
17401.694
18021.399
16514.723
18509.185
22947.516
21007.067
21966.292
21522.708
18416.473
10860.53
-14561.89
-76658.809
-90213.095
-104125.04
-123139.29
-120358.11
-53987.766
-14729.916
-10848.957
5645.2947
4009.8089
5970.55
1909.6128
-13657.569
-35083.171
-43431.155
-28531.158
-1340.2202
5307.417
4771.6691
5598.1349
5038.7959
4393.4585
3973.4615
3016.451
3716.8719
4478.1272
5062.6955
4899.2707
6228.892
5443.9915
4284.1268
5410.7285
5243.976
7431.8893
6518.3919
6300.1203
6719.3327
8786.7788
5733.8864
7474.2579
11035.018
9567.6657
11228.006
10761.057
11314.497
12753.767
12857.849
12860.54
11791.37
13256.171
14766.125
13492.941
13303.757
14426.301
17927.867
16394.665
19362.209
16273.503
19572.778
20268.601
20148.712
20911.085
19200.562
18283.708
17788.17
17559.996
16250.665
18354.503
21022.149
21174.532
20977.672
20584.09
18380.883
12134.606
-3513.0606
-65163.288
-84207.453
-85969.851
-101104.98
-106271.11
-54183.23
-12850.075
-11709.238
4568.2769
1931.1177
3999.7786
192.98085
-13416.232
-30415.406
-36264.993
-23874.813
-1511.8585
5889.0974
5604.869
5566.708
4208.3739
4110.1354
4854.4835
4104.4428
4298.5117
4481.5277
4973.2455
4634.5084
5680.7069
4685.587
4515.4779
3994.8592
4705.3048
7145.917
5138.0262
6471.8531
7110.4242
7229.6688
5119.6053
7652.6886
10801.059
9731.2749
10511.747
10331.828
11453.061
11892.678
12204.4
12442.402
12872.155
13617.122
13949.904
13811.743
13509.544
14638.977
17370.091
16485.906
18873.443
16105.55
19500.766
19306.187
19457.187
19944.265
18939.069
18409.706
17290.902
17419.195
16151.37
18794.032
21011.276
19541.031
19790.122
19760.035
18033.046
12864.283
7050.3175
-50071.997
-76619.288
-72403.812
-88741.591
-93886.703
-60205.332
-13446.618
-13307.343
2412.4589
367.06983
2381.259
-1235.8094
-13092.098
-26475.976
-30525.751
-20141.952
-1715.2249
5049.8858
4756.6703
5344.0568
4185.687
3909.2732
4658.0175
3232.6911
3541.4741
4682.6571
4655.2056
4112.6107
6152.6106
3996.3992
4658.4963
5297.9706
4650.1334
6933.9022
6562.3887
5248.2453
5611.8379
6984.6601
5244.6359
7648.1087
10430.581
9300.2767
10118.274
9888.0934
11663.053
12690.04
11372.445
11982.9
12446.793
12988.386
13570.335
14080.455
13481.447
14894.617
16812.616
16055.952
18315.906
16117.351
18389.491
18959.028
19307.592
19329.82
18166.719
17482.515
17551.172
17041.168
16128.162
18636.812
19695.811
20175.019
19713.577
18733.12
17812.788
11431.818
15970.847
-40735.435
-70818.175
-65514.472
-78030.762
-80136.878
-66527.198
-14769.958
-14130.615
1246.2939
-1080.1326
926.75732
-2452.2341
-12654.049
-23149.142
-25880.975
-17111.281
-1898.8291
5591.7412
5270.3394
5331.8286
4680.4821
4796.3151
3231.5594
2822.2795
2648.0431
3862.4199
4054.7891
4768.8123
6370.1014
3480.4734
3015.5042
5561.7514
5299.3802
6906.1713
5017.3344
4677.0632
5807.4255
7525.7371
6303.0345
7295.7098
10065.553
10838.501
9727.0293
9402.0444
11177.639
12527.003
12011.017
11988.64
12547.006
12115.705
13324.816
13859.943
13277.06
14341.851
16151.668
15809.623
17850.924
15999.329
18667.776
18244.761
18491.434
18663.864
18005.099
17657.727
16788.283
16055.288
15860.171
18342.575
18989.726
17882.598
18207.98
17223.71
16889.649
9544.2179
17419.624
-36635.654
-67010.124
-53714.589
-45190.436
-63285.64
-58916.028
-15645.629
-14805.06
-102.27213
-2369.5287
-321.93154
-3457.4735
-12149.132
-20336.729
-22091.2
-14626.426
-2040.4445
4953.9759
4646.0273
5133.0152
4146.6778
4769.9542
3672.6857
3288.4327
3488.9733
4310.593
3437.6463
3373.8513
6516.7017
4279.2589
4322.9371
5299.0792
4001.7491
6519.3086
5631.0377
4438.9579
7399.1434
8660.9369
7228.0128
8731.6739
9874.6399
9197.2742
9899.1316
9700.6791
11291.327
12210.492
10418.512
12414.737
11930.437
10578.357
12733.634
13827.331
13278.165
13914.711
15863.508
15609.441
17463.414
15813.627
17742.329
17686.917
18070.743
17916.018
17257.627
16654.411
16968.955
16424.644
16369.21
17913.766
17828.029
17939.832
16975.049
16134.59
15315.02
7012.2068
13129.371
-35247.66
-64955.248
-44094.162
-24659.07
-51765.802
-47309.929
-16104.926
-14910.743
-1323.6748
-3485.8578
-1403.3717
-4282.7372
-11593.937
-17951.707
-18974.774
-12573.966
-2133.1912
5213.7278
4977.6983
5072.4723
4512.4877
4702.8451
4255.0629
3019.4814
2658.3555
2582.6163
2578.1993
5330.6457
5662.9653
4088.0672
3421.2461
4150.8314
5497.1523
6863.9212
4027.5434
4603.7065
6413.1769
8721.5155
6734.1307
8122.2097
10100.596
9376.0479
9287.8227
9800.0836
11187.842
12108.319
11268.686
11409.919
13128.741
10816.523
13081.824
13804.95
13093.468
14151.617
15594.209
15074.542
16714.21
15604.805
17502.269
17215.555
17534.384
17516.515
17011.5
16767.153
16051.902
14901.388
15965.417
17991.564
17414.603
17479.696
16137.854
15762.643
14549.187
4727.2012
8097.9728
-33973.502
-52159.366
-44003.007
-22133.151
-46251.663
-40321.5
-16045.668
-15066.118
-2399.4098
-4420.3767
-2327.1502
-4942.206
-11012.761
-15921.61
-16393.884
-10869.856
-2177.6779
4744.0115
4491.0752
4825.7613
4103.0696
4621.2291
3442.5868
2824.4006
2346.7161
1500.5585
1242.6465
2437.9844
4150.1409
4321.3087
3662.0442
3276.6129
4107.1031
5157.7184
6491.9964
4135.4106
6731.6291
8607.2761
6550.5309
8790.7568
9074.79
8664.8566
9509.8113
10242.216
10765.189
11693.804
9566.8157
10594.192
12838.391
10293.247
12077.794
13812.56
12514.781
13710.835
15246.809
15124.386
16389.43
15299.687
16934.045
16538.319
16945.899
16624.183
16419.963
15846.94
16055.422
16079.515
15899.023
16488.458
16964.723
15554.406
13528.77
12985.604
12284.722
3979.1795
3145.5515
-34385.783
-48902.589
-42803.124
-19980.084
-41874.677
-35307.357
-15721.711
-14756.741
-3386.3817
-5179.2441
-3118.5557
-5457.0897
-10424
-14185.946
-14244.406
-9450.4369
-2178.2479
4885.9494
4711.3096
4773.118
4349.798
4491.261
3959.6356
3564.1556
1695.4119
2144.1009
-1636.8653
2074.2382
4231.1616
5289.2894
6298.5948
3924.9642
2696.0411
6777.8395
4906.4617
5737.8804
6018.21
6873.8352
6495.3658
8424.6968
9407.9083
9446.4892
9270.756
9926.5597
10662.314
11790.871
10229.561
10541.213
12992.924
10524.635
11568.737
13606.156
12635.029
13555.407
14692.95
14397.446
15623.896
15056.63
16394.447
16144.776
16502.309
16398.838
16023.295
15781.313
15405.34
14296.17
15410.841
16850.95
15692.122
15812.936
13500.323
12717.975
11728.249
3982.9519
799.11745
-32366.203
-44784.394
-41055.666
-21887.628
-37105.281
-31635.764
-15265.311
-14469.881
-4288.9199
-5756.1635
-3795.9254
-5841.986
-9842.6165
-12694.876
-12444.572
-8265.2825
-2141.065
4502.1721
4316.7225
4521.1178
4019.2145
4384.3512
3513.4521
3343.2673
539.01633
5848.103
-4376.2569
-4874.842
5281.1232
3187.7414
2887.4991
5936.0253
4047.2474
5300.055
4991.693
6251.2215
7800.5866
8589.8458
6946.1225
8957.6962
8689.1906
7597.0474
9407.4072
10383.043
10507.358
10270.522
8890.0856
10821.448
12650.21
10217.758
11311.953
12934.589
12163.712
13601.563
14331.536
14522.824
15219.901
14677.05
15866.502
15500.424
15881.37
15528.666
15520.365
15079.059
15069.68
15377.503
15068.307
15864.11
16035.575
15025.621
11465.921
11810.368
9882.9512
3584.2388
-3830.867
-28260.401
-40055.227
-37698.119
-22003.769
-32988.678
-28594.745
-14733.487
-13970.866
-5181.272
-6138.978
-4363.4385
-6112.6574
-9279.122
-11408.287
-10929.582
-7273.1255
-2073.694
4574.58
4458.8375
4477.3745
4191.611
4254.9873
3753.8616
3840.0954
2004.3307
6353.1269
-1476.2538
-3140.3227
2609.8966
4440.0623
7713.6724
1877.0536
-350.41002
6051.2741
5534.7033
6261.258
5678.5166
6652.7711
6972.5084
7856.7222
8634.5912
8351.6022
9112.374
9876.7706
10055.994
11034.382
7632.391
10197.197
12333.149
9447.2645
10780.488
13111.113
12625.23
13121.269
13744.342
13789.034
14611.082
14355.022
15274.576
15061.99
15393.347
15229.911
15047.37
14763.799
14637.062
13908.111
14507.454
15269.719
13354.478
14590.009
9791.6981
8458.5131
8073.9445
3805.2076
-11204.756
-25716.296
-34360.275
-32770.439
-21583.064
-29278.631
-25931.059
-14157.108
-13511.616
-5820.6311
-6420.4676
-4833.4149
-6283.9073
-8740.598
-10293.333
-9648.9224
-6439.4083
-1984.2205
4254.2852
4133.2143
4223.5496
3938.4707
4092.6414
3656.5229
3301.921
3232.7552
1468.5064
-1513.262
3186.2714
9470.3558
1713.5119
558.23964
2286.8671
1476.3111
6059.613
6540.0344
6763.4983
6657.3429
8257.0423
6822.7784
8486.8913
8419.423
8368.2952
9250.3095
9582.9389
11327.389
10690.801
6436.2673
9042.0967
11914.019
8887.7308
11795.294
12111.763
11686.734
12787.122
13355.929
13683.425
14101.056
13955.38
14731.007
14508.206
14819.296
14556.603
14544.823
14237.712
14160.935
14226.438
14116.997
14456.712
14933.021
14010.273
8371.6549
9398.6046
9366.4675
3182.7931
-16202.957
-23262.27
-27352.304
-29826.773
-20476.22
-25968.304
-23558.991
-13559.784
-13022.594
-6307.4761
-6603.3548
-5213.1421
-6369.8665
-8231.2124
-9322.928
-8562.3083
-5735.1089
-1880.3742
4285.3498
4213.5974
4205.2812
4053.882
4010.2943
3829.538
3599.9405
2711.1078
1476.8621
4384.8387
1022.3446
-2026.6759
-3469.8894
6272.3685
7904.7014
4901.5871
3882.8349
5358.4785
5811.3769
6071.0061
6545.7529
7071.6599
7288.9927
7841.4198
7775.6709
8869.1949
9019.2004
9307.2836
8643.8833
8362.7818
12422.694
8285.1462
7790.5891
12333.279
12425.787
12501.81
12481.909
12922.347
13158.358
13567.715
13560.29
14150.792
14011.373
14275.285
14080.237
14039.416
13779.285
13703.291
13415.293
13494.648
13930.24
12281.524
15008.76
8179.394
6040.9973
5841.2853
1809.3383
-15510.12
-19204.814
-21720.097
-26808.757
-19100.869
-23058.433
-21423.206
-12958.619
-12497.746
-6675.5744
-6699.6686
-5507.1341
-6383.8498
-7752.5596
-8474.9213
-7637.0448
-5135.5024
-1769.0165
4002.3866
3941.0464
3945.5884
3842.5265
3834.9655
3704.4016
3771.3814
3733.9607
6705.5479
2854.8274
-1135.5151
3153.677
1733.3073
7855.1816
3858.6039
3901.3937
6134.4133
5565.0994
6791.1482
5999.759
7698.178
6518.2955
8298.057
7915.5558
8106.8999
8886.7177
9065.8134
10338.488
10535.215
9254.886
10024.577
6398.2753
7633.1807
12150.957
10975.359
11187.158
11939.358
12423.881
12746.918
13056.33
13132.316
13588.136
13496.042
13714.59
13534.226
13518.766
13280.644
13193.69
13043.524
12987.396
13013.815
13437.8
10181.749
6472.0347
7914.595
8174.4771
2009.5564
-11731.611
-14939.616
-17881.005
-22292.083
-17784.941
-20491.14
-19488.063
-12371.114
-11939.481
-6944.7347
-6726.9216
-5716.4939
-6338.5488
-7304.8772
-7731.5255
-6846.9405
-4622.202
-1655.8495
4023.2307
3977.4155
3979.4053
3885.1593
3882.7021
3722.9237
3807.8744
2764.5467
3981.5965
-2103.1031
-1508.6722
2915.2053
2748.618
2561.2857
5377.5947
4579.7912
4441.0706
5485.249
5167.9296
6135.4174
5634.1502
6929.1508
6465.312
7615.3254
6995.5328
8116.0797
8106.8738
8334.1669
7608.0613
8337.4711
8414.3216
8008.9166
10888.346
11657.679
11569.509
11865.376
11718.191
12003.771
12222.248
12466.478
12611.844
12917.813
12893.499
13050.302
12908.535
12882.281
12675.476
12573.296
12370.05
12210.505
12505.368
10284.785
13844.534
9433.2954
5013.6091
2415.3916
376.185
-7649.3565
-10845.05
-13535.396
-17244.795
-16077.584
-17547.682
-17117.259
-11591.967
-11133.758
-7191.5529
-6693.593
-5893.0149
-6207.3103
-6709.8878
-6788.4241
-5856.6972
-3962.3684
-1484.7563
3742.8744
3718.0997
3679.5478
3656.7829
3606.2885
3588.6251
3595.8009
3676.2735
2844.8766
2356.6564
3908.4134
4929.9014
3623.5844
6259.2066
5037.0835
4427.9735
6058.441
4992.823
6629.8634
5584.4454
7304.6897
6028.7653
7808.1205
7413.9638
7850.3887
8194.4884
8421.5494
9104.2347
9606.4185
8864.6254
9999.3885
8561.4473
8147.4679
10523.411
9961.5684
10497.879
10968.55
11349.103
11619.772
11834.955
12000.75
12198.661
12221.929
12312.276
12204.625
12158.139
11973.834
11839.361
11630.767
11420.217
11213.24
10495.194
8430.0873
6812.0862
6421.0945
4671.8587
465.43775
-5153.0243
-8369.62
-10389.446
-14308.775
-14042.341
-14857.01
-14653.106
-10694.823
-10116.438
-7261.5372
-6553.4162
-5895.1177
-5930.3373
-6041.7616
-5829.7467
-4891.2374
-3301.9392
-1284.0772
3775.1599
3744.0546
3782.0484
3708.7577
3750.1903
3680.6277
3739.7382
3805.1103
2935.1726
3126.5142
2699.6482
2869.728
3662.0611
3881.8647
4693.9702
4600.1685
4596.4991
5419.4058
4884.261
6043.1681
5278.3367
6627.388
5993.6034
7094.6579
6620.6068
7489.3229
7485.9818
7739.0969
7538.9983
7858.627
8103.912
8181.9832
9679.7801
10048.828
10273.142
10538.234
10611.955
10842.251
11057.199
11244.118
11399.061
11535.017
11579.926
11619.055
11537.76
11465.017
11295.567
11130.256
10896.593
10616.034
10321.354
9263.602
9481.0547
6884.3645
4899.3407
2807.2817
104.08422
-3878.9663
-6742.3499
-8606.9021
-12113.129
-12203.863
-12768.718
-12597.115
-9865.4276
-9152.3867
-7136.5641
-6345.452
-5756.9257
-5596.0711
-5454.636
-5063.8284
-4151.4684
-2789.1868
-1112.0153
3506.8568
3490.6679
3439.4562
3417.9311
3335.7626
3325.8514
3180.9505
2974.2397
2558.9026
2894.7234
3281.6183
3927.2084
3466.2283
4562.0048
4586.8039
4294.3507
5494.3454
4615.8412
6116.8968
5151.9376
6644.7774
5729.4821
7068.197
6787.0296
7255.3384
7424.0997
7637.4917
8059.1155
8419.3777
8259.1515
8920.0144
8463.7087
8596.4823
9406.7408
9419.2167
9780.9406
10067.678
10310.847
10513.003
10680.865
10816.473
10919.016
10961.92
10969.208
10899.85
10804.719
10640.072
10447.575
10186.662
9857.7901
9419.5233
8569.7886
7695.6356
6114.6434
4634.3699
2600.2608
10.011084
-3132.3203
-5653.9064
-7407.6748
-10373.55
-10605.987
-11088.73
-10886.712
-9074.1243
-8282.4818
-6862.3606
-6083.7913
-5529.7025
-5237.5349
-4937.4377
-4443.1952
-3572.5702
-2384.1026
-966.43958
3578.3109
3530.4242
3583.594
3542.0009
3646.1685
3610.3734
3679.5837
3767.06
3436.886
3916.6065
3555.5528
3648.0495
3991.7923
4229.6437
4440.9222
4638.9227
4521.2826
5226.5871
4733.0351
5754.7452
5109.147
6203.535
5718.3898
6538.1538
6348.2918
6951.3869
7063.4409
7284.62
7339.375
7512.4659
7759.3839
7918.8736
8548.7308
8945.5005
9154.756
9405.876
9612.023
9817.3039
9995.41
10143.536
10259.125
10338.815
10370.538
10358.388
10288.596
10177.699
10008.478
9793.9258
9507.4018
9138.7854
8636.3475
7841.1377
7048.9929
5550.7165
4023.9863
2180.3045
-57.322751
-2609.5908
-4826.9708
-6448.6473
-8897.5356
-9241.7123
-9683.499
-9476.9743
-8296.4494
-7528.3332
-6492.0868
-5777.7899
-5247.265
-4873.4954
-4479.0176
-3931.6894
-3110.6371
-2060.0975
-844.00803
3235.1344
3230.9343
3177.0915
3185.612
3106.1981
3083.9147
2950.3698
2853.3157
2702.3475
2952.7885
3085.8796
3428.7925
3356.6546
3829.2944
4132.8805
4003.7074
4920.8699
4347.3369
5502.128
4842.2348
5956.5863
5437.0557
6318.6596
6243.4583
6560.9475
6741.4049
6920.3283
7187.5632
7437.9303
7563.2132
7942.971
7916.3935
8217.3464
8518.478
8727.8734
8956.2697
9158.0783
9342.3964
9500.5717
9630.2047
9727.4983
9788.7568
9807.2605
9781.0826
9704.6111
9581.8729
9403.7033
9171.4741
8864.0047
8466.7134
7929.5888
7176.3327
6321.06
5015.352
3589.7296
1891.4202
-86.863957
-2227.3713
-4161.3072
-5669.4703
-7648.6304
-8081.2459
-8476.3718
-8317.1951
-7539.8424
-6868.7176
-6075.2244
-5440.9557
-4933.9265
-4515.8023
-4070.3769
-3502.9085
-2734.4871
-1797.1804
-740.98917
3332.5144
3311.9136
3366.3215
3329.2408
3436.7884
3411.5002
3517.7566
3569.6274
3560.4024
3797.8003
3714.0981
3800.0943
3980.9017
4125.361
4246.2131
4466.7999
4441.1974
4906.0984
4644.3364
5335.3042
5009.2529
5697.5501
5527.5001
6003.3223
6077.6371
6423.6675
6618.8257
6830.3913
6993.1234
7153.6522
7363.7844
7541.7572
7865.9523
8125.2182
8336.3343
8540.447
8723.9663
8888.1596
9027.797
9139.92
9220.6746
9266.0027
9271.5587
9233.6576
9148.5725
9015.5875
8827.6902
8581.401
8258.4612
7842.5953
7294.0509
6572.3914
5708.3181
4531.5297
3199.3264
1654.8915
-88.864787
-1916.8981
-3607.3574
-5003.2535
-6588.9135
-7086.2225
-7441.7269
-7344.1223
-6825.4368
-6272.3729
-5643.5365
-5087.131
-4606.9547
-4171.209
-3704.1364
-3138.0551
-2422.5246
-1580.9582
-653.96854
3089.2273
3073.7073
3045.1276
3028.8965
2974.1267
2947.3955
2866.9609
2829.8023
2786.0216
2907.9445
3011.9294
3205.2893
3279.8513
3523.2949
3834.8273
3815.8009
4377.3056
4178.2101
4888.8426
4633.9378
5285.0203
5174.2995
5626.0115
5758.3365
5951.4358
6166.5212
6356.9915
6552.2995
6732.396
6909.5396
7129.2346
7284.1992
7534.7386
7757.8722
7955.6574
8140.1998
8306.5111
8452.8988
8575.6413
8671.6766
8737.229
8768.6363
8762.0519
8713.6072
8619.8942
8477.7416
8281.2897
8024.0702
7690.6974
7265.2863
6717.0432
6021.5379
5172.8187
4099.2709
2868.1362
1466.7441
-74.517033
-1658.462
-3139.5166
-4413.7474
-5692.3583
-6225.8742
-6553.4266
-6514.1779
-6165.4443
-5723.1077
-5214.7951
-4728.3879
-4278.4486
-3843.4369
-3374.2552
-2823.3336
-2159.5682
-1400.657
-580.00083
3084.0732
3075.0521
3109.3558
3099.3104
3181.4325
3182.3054
3284.7703
3334.0543
3413.9594
3537.5654
3586.2864
3666.5759
3782.6245
3893.423
3998.9263
4165.2527
4236.5709
4510.5048
4519.0897
4862.3447
4873.396
5182.0357
5295.5033
5522.9942
5704.9317
5910.5998
6097.5238
6281.331
6456.8157
6632.0608
6821.2768
6993.7922
7208.5946
7407.2333
7588.9432
7755.9928
7905.7118
8035.7582
8142.9687
8224.31
8276.1332
8295.1176
8277.3939
8219.4424
8117.7839
7967.7997
7764.2395
7499.5559
7160.4144
6732.1491
6191.4654
5520.9956
4706.6107
3717.1658
2584.5238
1317.1913
-49.098544
-1435.235
-2739.0868
-3886.0533
-4935.6549
-5477.1125
-5786.1284
-5796.082
-5562.6821
-5214.7329
-4798.9508
-4373.9653
-3956.5346
-3534.2877
-3075.7348
-2548.6325
-1934.7813
-1248.239
-516.65062
2951.904
2938.9548
2922.9056
2905.5354
2879.8626
2857.8489
2823.7057
2812.9455
2814.4519
2881.0484
2968.8727
3097.4419
3212.3872
3390.2953
3616.787
3705.3567
4036.3796
4053.6023
4391.0151
4449.9554
4735.9804
4895.3379
5103.2361
5298.7347
5480.1683
5667.3994
5846.072
6020.6995
6190.6232
6360.289
6534.8129
6705.2043
6892.309
7070.4545
7235.6076
7386.5501
7520.8465
7635.9133
7728.8925
7796.7876
7836.2851
7844.0883
7816.5207
7750.1319
7641.2361
7485.131
7276.2337
7007.0737
6666.2584
6240.622
5712.7419
5068.6456
4295.9467
3381.0575
2342.5863
1197.6715
-17.571168
-1239.2445
-2391.6203
-3413.9711
-4296.578
-4822.8566
-5119.2025
-5167.8746
-5015.3907
-4744.4609
-4401.8795
-4030.4287
-3646.4453
-3244.3825
-2804.6303
-2306.457
-1740.2349
-1117.7468
-461.98896
2865.3474
2859.7574
2866.5051
2874.6346
2919.2292
2944.3976
3018.7158
3075.8611
3159.3659
3250.3293
3327.5898
3408.0005
3499.6354
3594.8986
3696.0131
3813.9083
3934.1733
4099.5436
4233.1276
4416.7591
4560.2342
4735.0193
4905.8722
5084.7563
5258.1905
5432.62
5602.1799
5768.1043
5930.7004
6092.5478
6255.5294
6417.6176
6584.9151
6745.5561
6895.1163
7031.1399
7151.1579
7252.5184
7332.5427
7388.2778
7416.6009
7414.3802
7378.184
7304.4599
7189.4527
7028.6779
6816.4189
6545.603
6206.5097
5787.8163
5276.1953
4660.7251
3932.4347
3086.1007
2135.8507
1101.6511
17.322492
-1065.0934
-2086.2978
-2994.1843
-3753.5916
-4250.6776
-4536.682
-4614.0898
-4519.8121
-4310.5
-4026.9071
-3702.1073
-3351.3502
-2973.6587
-2557.7425
-2091.1614
-1570.0405
-1004.7209
-414.47025
2775.003
2770.2274
2771.4873
2772.3809
2772.4357
2769.8902
2767.1507
2776.1155
2798.4216
2850.5486
2925.8589
3026.3601
3142.0588
3285.1631
3444.0042
3584.4473
3765.9389
3893.1
4067.2601
4214.219
4382.1287
4546.3778
4710.7051
4877.2957
5041.5518
5205.0417
5365.3826
5522.6396
5677.2068
5830.464
5983.2068
6134.7877
6286.3237
6431.6338
6566.8159
6689.1019
6795.9499
6884.7673
6952.9926
6997.7612
7016.0938
7004.9935
6961.2954
6881.369
6761.4842
6597.3865
6383.6685
6113.7451
5779.2311
5370.7127
4877.91
4292.7535
3609.3024
2827.0066
1958.4793
1023.7671
53.471411
-909.3678
-1816.4985
-2622.7001
-3288.1726
-3750.23
-4025.832
-4123.3838
-4071.6096
-3911.1697
-3675.6986
-3391.6446
-3072.9812
-2721.7394
-2332.4262
-1898.4738
-1419.8084
-905.83157
-372.8439
2685.4647
2681.1509
2682.2948
2687.2609
2700.7582
2722.9875
2767.1768
2821.0235
2889.3395
2964.596
3040.0462
3118.0297
3201.534
3290.9486
3389.5706
3501.9027
3634.4485
3767.5524
3913.9328
4059.7704
4211.1647
4365.0459
4519.6443
4675.5085
4830.2941
4983.9314
5135.2189
5283.8683
5430.0876
5574.4827
5717.351
5858.1826
5996.3114
6128.0598
6250.1448
6359.8182
6454.5882
6531.998
6589.5139
6624.4056
6633.8678
6615.0029
6564.7914
6479.7846
6356.3262
6190.3063
5976.8486
5709.9559
5382.3597
4986.4496
4514.4336
3960.4476
3321.1527
2598.8416
1805.4617
959.91982
89.464751
-769.78039
-1577.6806
-2295.1562
-2885.967
-3312.0965
-3576.2837
-3687.0691
-3666.4939
-3544.6851
-3348.7938
-3100.4008
-2812.1568
-2488.0185
-2126.4716
-1725.0693
-1286.1922
-818.55094
-336.14857
2596.4713
2592.5697
2594.0715
2600.7105
2614.2174
2634.0229
2659.0716
2688.9871
2726.6666
2778.5128
2846.5133
2931.3796
3029.9061
3140.9862
3257.3859
3374.7584
3500.1634
3627.6814
3763.3179
3901.0939
4042.9932
4187.2405
4332.6204
4478.7717
4624.3373
4768.7489
4911.2584
5051.4028
5189.1613
5324.7553
5458.0404
5588.4652
5714.7366
5834.3126
5944.4841
6042.643
6126.4304
6193.455
6241.3002
6267.3909
6269.0282
6243.4309
6187.7242
6098.6946
5972.8162
5806.2875
5594.5604
5332.4025
5013.7049
4632.2249
4182.1962
3659.6457
3063.308
2397.164
1672.5708
906.87952
124.21008
-644.78645
-1366.3089
-2006.9503
-2535.9375
-2927.7069
-3179.4988
-3298.161
-3300.457
-3209.1542
-3046.024
-2828.8472
-2569.0436
-2271.7228
-1938.0231
-1568.3258
-1166.603
-740.94096
-303.60123
2507.9467
2504.4327
2506.3989
2513.9111
2527.806
2548.1664
2575.4769
2611.6602
2660.1053
2719.7978
2787.204
2861.5766
2944.6935
3038.656
3142.1847
3251.8295
3368.3545
3488.9762
3615.3752
3745.0089
3877.9409
4013.1754
4149.6417
4286.7432
4423.4791
4559.1314
4693.0997
4824.9241
4954.346
5081.2601
5205.3528
5325.843
5441.4328
5550.0526
5649.3701
5737.0471
5810.8369
5868.488
5907.6218
5925.8648
5920.6467
5889.3266
5829.1536
5737.114
5609.9012
5444.0351
5235.3604
4979.3827
4671.1008
4305.2104
3877.7918
3386.4687
2831.4746
2217.685
1555.8805
861.74317
156.56328
-533.46719
-1179.6843
-1753.7429
-2230.1034
-2589.9049
-2828.571
-2950.9996
-2969.8902
-2902.6453
-2766.7297
-2576.9033
-2343.4095
-2071.9962
-1765.5043
-1426.1916
-1059.0045
-671.51583
-274.58624
2375.2739
2372.2686
2374.8191
2383.0565
2397.3478
2418.0192
2445.6004
2480.9911
2524.9475
2577.5533
2638.823
2708.8432
2787.2065
2873.5532
2967.0793
3066.6242
3171.8345
3281.6189
3395.8273
3513.4217
3633.8112
3756.3087
3880.001
4004.2032
4128.2095
4251.3178
4372.8599
4492.4355
4609.6264
4723.8847
4834.7146
4941.1825
5042.0756
5135.718
5220.1867
5293.5118
5353.6512
5398.5395
5425.9743
5433.7703
5419.6066
5381.0936
5315.6388
5220.5074
5092.9089
4929.6889
4727.4367
4482.6161
4191.8184
3850.0986
3457.3735
3012.1014
2516.3216
1975.619
1399.754
802.13518
200.2286
-385.32008
-932.39088
-1419.2794
-1827.1262
-2142.562
-2360.8416
-2484.2644
-2520.8569
-2482.1085
-2380.3462
-2226.6195
-2029.5594
-1795.2371
-1528.0545
-1232.0521
-912.94939
-577.72126
-235.4719
2200.2924
2197.8038
2200.7191
2209.1537
2223.3169
2243.4917
2270.0427
2303.4086
2343.9283
2391.7529
2446.8749
2509.1948
2578.4639
2654.3823
2736.3393
2823.7338
2916.0013
3012.4733
3112.6484
3215.8644
3321.5213
3428.9293
3537.4353
3646.3781
3755.0907
3862.9997
3969.4141
4073.84
4175.7434
4274.5025
4369.4148
4459.5802
4543.8581
4620.8224
4688.9336
4746.5201
4791.8154
4823.0013
4838.2401
4835.5068
4812.7577
4767.9288
4698.7832
4603.0468
4478.3658
4322.2311
4132.0732
3905.4339
3640.061
3333.2915
2985.57
2597.4879
2171.8579
1714.1193
1232.5625
738.11845
244.28661
-233.49596
-678.99656
-1076.7401
-1413.551
-1679.9377
-1871.3715
-1988.534
-2035.984
-2020.6742
-1950.6431
-1833.6948
-1676.7108
-1485.2406
-1264.2487
-1018.5259
-753.7175
-476.11682
-193.14065
2025.8106
2023.6724
2026.6903
2034.8988
2048.4441
2067.5124
2092.3032
2123.0394
2159.894
2202.9318
2252.1556
2307.4397
2368.5802
2435.3081
2507.1679
2583.7297
2664.5083
2748.9718
2836.6521
2926.9663
3019.3735
3113.2892
3208.1178
3303.2856
3398.1987
3492.2891
3584.946
3675.5693
3763.593
3848.3967
3929.2133
4005.1812
4075.2283
4138.1743
4192.7073
4237.3828
4270.7148
4291.1417
4296.9508
4286.4803
4257.9846
4209.6421
4139.6318
4046.0626
3927.0163
3780.5508
3604.8253
3398.1834
3159.1371
2886.7828
2581.9007
2246.0472
1882.2187
1495.4393
1092.5487
682.35197
275.31373
-116.93743
-482.44475
-809.94985
-1089.7231
-1314.8211
-1481.5368
-1589.3397
-1640.6692
-1639.9083
-1592.3904
-1503.7402
-1379.3322
-1224.0975
-1042.765
-840.07085
-621.27728
-391.96287
-158.24657
1851.991
1850.1171
1853.0258
1860.7352
1873.3226
1890.877
1913.5295
1941.3863
1974.5094
2012.918
2056.6018
2105.4062
2159.1753
2217.6535
2280.5301
2347.4122
2417.93
2491.6183
2568.068
2646.7734
2727.2489
2809.0455
2891.5435
2974.2442
3056.6593
3138.1857
3218.3028
3296.4466
3372.0269
3444.3589
3512.7502
3576.3633
3634.2926
3685.5061
3728.8177
3763.014
3786.7953
3798.8219
3797.6873
3781.9342
3750.0689
3700.5639
3631.9274
3542.6537
3431.2144
3296.1489
3136.1798
2950.3322
2736.7333
2497.4213
2232.349
1943.432
1633.587
1307.2508
970.10657
629.19205
292.64098
-30.72041
-331.98028
-602.73306
-835.83435
-1025.9857
-1170.0542
-1267.1743
-1318.4622
-1326.5306
-1295.0385
-1228.1545
-1130.0524
-1004.9338
-857.08368
-690.81764
-510.80502
-321.91953
-129.28064
1678.826
1677.1538
1679.8405
1686.8885
1698.3263
1714.2024
1734.5673
1759.4741
1788.9286
1822.9199
1861.3896
1904.2313
1951.2695
2002.3051
2057.0688
2115.2437
2176.5182
2240.5118
2306.8503
2375.096
2444.8317
2515.6421
2586.9963
2658.4756
2729.6156
2799.8461
2868.6867
2935.5779
2999.9582
3061.2396
3118.7179
3171.6813
3219.2564
3260.56
3294.607
3320.3455
3336.6524
3342.3648
3336.3147
3317.2634
3283.9659
3235.1893
3169.7074
3086.312
2983.8637
2861.2742
2717.4973
2551.6251
2363.7051
2155.0966
1926.3813
1679.2986
1416.5443
1141.8617
859.97824
576.48837
297.73671
30.479745
-218.52001
-442.9181
-637.3622
-797.68082
-921.37346
-1007.3577
-1056.0731
-1069.1902
-1049.1205
-998.89954
-921.88599
-821.60467
-701.69467
-565.96772
-418.48933
-263.46113
-105.14452
1506.5694
1505.0663
1507.4787
1513.7863
1523.9886
1538.1113
1556.1588
1578.1425
1604.0402
1633.821
1667.4182
1704.7254
1745.5857
1789.8227
1837.2191
1887.5077
1940.4119
1995.6285
2052.7985
2111.5824
2171.6093
2232.4799
2293.7863
2355.1201
2416.0323
2476.0716
2534.7288
2591.547
2646.001
2697.5142
2745.4737
2789.2155
2828.0064
2861.0503
2887.5043
2906.4737
2917.0183
2918.1393
2908.8529
2888.1393
2854.9817
2808.375
2747.3535
2670.9951
2578.4821
2469.0709
2341.876
2194.0416
2030.7412
1850.8874
1655.2298
1445.3093
1223.6023
993.25822
758.15532
522.7705
292.05498
71.204175
-134.59351
-320.55814
-482.54777
-617.30043
-722.68178
-797.72956
-842.50691
-858.0046
-845.92965
-808.54198
-748.43179
-668.45302
-571.71262
-461.49248
-341.22582
-214.54017
-84.988142
1335.5827
1334.2358
1336.3389
1341.8766
1350.8265
1363.1893
1378.9533
1398.0975
1420.5927
1446.3944
1475.4359
1507.6001
1542.7712
1580.7799
1621.4367
1664.5304
1709.8093
1757.0307
1805.8898
1856.0851
1907.2922
1959.1612
2011.3555
2063.4836
2115.1575
2165.9831
2215.5147
2263.3308
2308.9496
2351.8499
2391.5008
2427.3046
2458.6295
2484.7929
2505.0707
2518.7087
2524.9102
2522.8496
2511.7041
2490.6381
2458.8232
2415.4595
2359.7995
2291.1988
2209.1577
2113.5839
2005.485
1868.0684
1730.7702
1577.9912
1412.1921
1235.2714
1049.4344
857.3476
662.15687
467.42949
277.07512
95.095304
-74.535131
-228.15662
-362.52288
-475.11162
-564.16226
-628.78063
-668.86843
-684.9752
-678.30978
-650.62673
-603.92203
-540.49386
-462.92897
-373.97728
-276.51852
-173.55758
-68.130213
1166.2157
1165.0238
1166.8229
1171.5953
1179.3096
1189.9498
1203.4935
1219.9152
1239.1767
1261.2284
1285.9988
1313.387
1343.2841
1375.5526
1410.0157
1446.515
1484.8305
1524.7416
1566.0129
1608.3675
1651.5394
1695.2164
1739.1164
1782.9011
1826.2291
1868.7333
1910.0534
1949.8063
1987.5618
2022.8676
2055.2583
2084.2255
2109.2228
2129.6624
2144.9458
2154.4386
2157.4665
2153.3717
2141.4625
2121.0629
2091.5107
2052.1716
2002.4579
1941.8693
1869.9878
1786.4687
1690.7525
1579.9947
1460.8784
1331.338
1192.0503
1044.3471
889.98335
731.12838
570.30822
410.35586
254.30274
105.28606
-33.660301
-159.67584
-270.28478
-363.51111
-437.89915
-492.6618
-527.63652
-543.16122
-540.09391
-519.69083
-483.55835
-433.57063
-371.82014
-300.54111
-222.16784
-139.16154
-54.034674
998.88619
997.84242
999.35223
1003.3681
1009.8795
1018.8603
1030.2798
1044.1113
1060.3108
1078.8253
1099.5874
1122.5157
1147.5099
1174.4545
1203.2163
1233.6336
1265.5411
1298.7443
1333.0448
1368.2093
1404.0169
1440.2248
1476.5547
1512.7299
1548.471
1583.4581
1617.3759
1649.8836
1680.6294
1709.2241
1735.2751
1758.3356
1777.9585
1793.6487
1804.9139
1811.2266
1812.0427
1806.8182
1795.0023
1776.0541
1749.4463
1714.6777
1671.3009
1618.9253
1557.2202
1485.9179
1404.761
1313.2537
1213.4823
1105.6192
990.34164
868.72716
742.18294
612.46187
481.54965
351.66571
225.17159
104.47436
-8.080041
-110.26323
-200.19253
-276.32488
-337.49152
-383.0316
-412.74194
-426.83611
-425.93978
-410.97549
-383.19958
-344.1087
-295.37569
-238.82478
-176.4241
-110.22243
-42.239413
833.97834
833.10106
834.32407
837.62997
842.98689
850.37633
859.76321
871.12303
884.41795
899.59778
916.60042
935.35118
955.77588
977.76528
1001.219
1025.9988
1051.9676
1078.9738
1106.8426
1135.3892
1164.4281
1193.756
1223.1446
1252.3615
1281.1696
1309.3124
1336.5244
1362.5212
1386.9929
1409.6308
1430.1053
1448.0475
1463.0888
1474.8356
1482.8789
1486.7914
1486.1525
1480.5178
1469.4545
1452.538
1429.359
1399.54
1362.7436
1318.6738
1267.0978
1207.8534
1140.8679
1066.1565
984.69112
896.93357
803.55266
705.43386
603.72054
499.77788
395.17558
291.61909
190.9165
94.917243
5.4212421
-75.919222
-147.65855
-208.52955
-257.69137
-294.58827
-319.0255
-331.1293
-331.3393
-320.35803
-299.15639
-268.92374
-230.95637
-186.71745
-137.7726
-85.793428
-32.366623
671.88884
671.17233
672.12883
674.74965
678.99909
684.86456
692.32237
701.3392
711.87888
723.89944
737.3537
752.18284
768.3148
785.67599
804.16621
823.68774
844.1267
865.36714
887.26719
909.68154
932.44905
955.41319
978.39994
1001.2153
1023.6594
1045.5366
1066.6276
1086.7075
1105.5309
1122.8495
1138.3838
1151.8558
1162.969
1171.4159
1176.8721
1179.0068
1177.4918
1171.9912
1162.1704
1147.7055
1128.2942
1103.6597
1073.5582
1037.7792
996.16678
948.60273
894.99775
835.75877
771.34442
702.21901
628.90997
552.12979
472.78518
391.92428
310.74495
230.54555
152.66939
78.504665
9.3900598
-53.42952
-108.86032
-155.98908
-194.15194
-222.92009
-242.11023
-251.82928
-252.38673
-244.29902
-228.29728
-205.29578
-176.29073
-142.42213
-104.91906
-65.058195
-24.097905
513.04449
512.48281
513.19349
515.15327
518.35148
522.76942
528.37377
535.15203
543.0732
552.10382
562.20096
573.31935
585.40555
598.40071
612.2317
626.82289
642.08673
657.92496
674.24307
690.92291
707.84413
724.88682
741.91462
758.78357
775.34668
791.44563
806.90539
821.56538
835.23999
847.73604
858.84614
868.35937
876.05077
881.69077
885.04354
885.86537
883.9075
878.92952
870.6913
858.96265
843.52761
824.19412
800.8042
773.23169
741.38772
705.14557
663.89069
619.19487
570.8136
519.01935
464.23825
407.02349
348.05984
288.13161
228.10051
168.9114
111.56091
57.019063
6.2341201
-39.887845
-80.537526
-115.10079
-143.08948
-164.20224
-178.26431
-185.34141
-185.66606
-179.64053
-167.79956
-150.78389
-129.35366
-104.34716
-76.672716
-47.290355
-17.14606
358.20984
357.78682
358.25071
359.57289
361.73861
364.7372
368.55852
373.176
378.57297
384.72598
391.60657
399.18317
407.40813
416.23506
425.62951
435.53094
445.874
456.5992
467.62972
478.88205
490.28092
501.73562
513.15413
524.43717
535.47245
546.15557
556.37492
566.00212
574.9128
582.97034
590.0433
595.97953
600.63188
603.83637
605.43833
605.27496
603.18299
598.99956
592.56511
583.73546
572.3665
558.34466
541.58982
522.05512
499.81513
475.22463
443.87405
413.70539
380.53618
344.97459
307.43216
268.34301
228.18386
187.49551
146.85936
106.90641
68.290818
31.667601
-2.3406193
-33.152017
-60.236572
-83.165305
-101.61696
-115.41472
-124.44145
-128.73343
-128.45236
-123.87932
-115.38461
-103.40059
-88.460736
-71.137708
-52.055643
-31.883402
-11.271038
204.9684
204.64277
204.87194
205.58105
206.7709
208.43206
210.55191
213.11662
216.1134
219.52611
223.34041
227.53209
232.07868
236.96004
242.13886
247.58885
253.27086
259.14275
265.16209
271.28821
277.46704
283.64472
289.76863
295.78024
301.62024
307.22342
312.52242
317.44778
321.92987
325.88944
329.24733
331.9273
333.83984
334.90619
335.03127
334.12919
332.11247
328.89423
324.39407
318.53071
311.25075
302.49791
292.22205
280.41986
267.06597
252.07379
234.75623
216.81051
197.619
177.26515
155.94558
133.89116
111.35984
88.651509
66.104308
44.061206
22.87952
2.9141205
-15.482251
-31.982077
-46.316059
-58.2748
-67.689141
-74.41591
-78.451919
-79.827942
-78.644956
-75.054541
-69.284199
-61.607941
-52.316527
-41.76703
-30.323322
-18.361059
-6.2816483
58.389695
58.166294
58.179608
58.30143
58.556139
58.931184
59.421666
60.023093
60.730399
61.538585
62.440604
63.429585
64.496641
65.631539
66.824983
68.064864
69.338345
70.632203
71.931368
73.220063
74.480744
75.698271
76.855164
77.931128
78.908373
79.767365
80.489395
81.054472
81.442246
81.633993
81.608699
81.346403
80.826109
80.029516
78.93636
77.531784
75.796829
73.718572
71.285056
68.488182
65.318071
61.776453
57.867234
53.598224
48.975398
43.98863
38.586884
33.039187
27.327312
21.469465
15.511576
9.5233735
3.5970719
-2.1948272
-7.7657692
-13.027933
-17.886208
-22.264726
-26.075997
-29.251399
-31.738331
-33.481069
-34.464896
-34.680162
-34.137554
-32.866366
-30.917805
-28.363384
-25.280586
-21.768074
-17.936371
-13.903084
-9.7923181
-5.7273926
-1.8367803
)
;

boundaryField
{
    axis
    {
        type            empty;
    }
    inlet
    {
        type            zeroGradient;
    }
    walls
    {
        type            zeroGradient;
    }
    atmosphere
    {
        type            totalPressure;
        rho             rho;
        psi             none;
        gamma           1;
        p0              uniform 0;
        value           nonuniform List<scalar> 
175
(
-10.560355
-10.958605
-11.067038
-11.22488
-11.432481
-11.690935
-12.000102
-12.361019
-12.774152
-13.240512
-13.761219
-14.337445
-14.970173
-15.662046
-16.413435
-17.227438
-18.105011
-19.048358
-20.0588
-21.138603
-22.288321
-23.508581
-24.800267
-26.162086
-27.593576
-29.092041
-30.654769
-32.277063
-33.954746
-35.680216
-37.445261
-39.242379
-41.057711
-42.8826
-44.698634
-46.493235
-48.245848
-49.938408
-51.548648
-53.053029
-54.427133
-55.646695
-56.681093
-57.508385
-58.097832
-58.426128
-58.468231
-58.206691
-57.623431
-56.712095
-55.469495
-53.898957
-52.012526
-49.826534
-47.370265
-44.672823
-41.774958
-38.715377
-35.540239
-32.295228
-29.024742
-25.771655
-22.576211
-19.481048
-16.519817
-13.725802
-11.129096
-8.7565894
-6.6324291
-4.7769698
-3.2090846
-1.9423139
-0.98796144
-0.35256376
-0.038094902
-67.498672
-54.177184
-43.315669
-34.389657
-27.019272
-20.933202
-15.914941
-11.803642
-8.4672057
-5.8027231
-3.7242305
-2.161028
-1.0580309
-0.36183546
-0.03600585
-435.47216
-382.55594
-335.21972
-293.66992
-257.69237
-226.68957
-199.95594
-176.8956
-156.92443
-139.57154
-124.41379
-111.11874
-99.39292
-89.009304
-79.768186
0
-1548.1329
0
-2079.1058
-224.24318
0
0
-658.74532
-594.6284
0
0
0
0
0
0
0
0
0
0
0
0
0
0
0
0
-4.0670039
-74.299865
-187.92056
-306.76456
-409.30883
-487.69305
-541.31141
-572.65414
-585.58619
-584.63519
-573.38716
-554.9061
-531.65257
-505.54606
-477.9967
0
0
0
0
0
0
0
0
0
0
0
0
0
0
0
0
0
0
0
0
0
0
0
0
0
0
0
0
0
0
)
;
    }
    front
    {
        type            wedge;
    }
    back
    {
        type            wedge;
    }
}


// ************************************************************************* //
