/*--------------------------------*- C++ -*----------------------------------*\
| =========                 |                                                 |
| \\      /  F ield         | OpenFOAM: The Open Source CFD Toolbox           |
|  \\    /   O peration     | Version:  2.3.0                                 |
|   \\  /    A nd           | Web:      www.OpenFOAM.org                      |
|    \\/     M anipulation  |                                                 |
\*---------------------------------------------------------------------------*/
FoamFile
{
    version     2.0;
    format      ascii;
    class       volVectorField;
    location    "2";
    object      U;
}
// * * * * * * * * * * * * * * * * * * * * * * * * * * * * * * * * * * * * * //

dimensions      [0 1 -1 0 0 0 0];

internalField   nonuniform List<vector> 
2268
(
(0.030819 -0.0198316 0)
(0.0562008 -0.0122771 0)
(0.026235 -0.00711123 0)
(0.0834649 -0.00943941 0)
(0.16186 0.0334301 0)
(0.00919656 0.0304245 0)
(-0.0911924 0.00188152 0)
(-0.0646389 0.0041598 0)
(-0.0680621 -0.00791353 0)
(-0.0290469 -0.00791447 0)
(-0.0230407 -0.00126934 0)
(-0.023078 -0.000334949 0)
(-0.00893108 -0.00334447 0)
(0.00969187 -0.00343023 0)
(0.0136715 0.00112413 0)
(-0.0187553 0.0113788 0)
(-0.0831417 0.0160905 0)
(-0.129356 0.00724602 0)
(-0.139285 -0.00264979 0)
(-0.136814 -0.00504386 0)
(-0.125727 -0.00799116 0)
(-0.0869241 -0.015204 0)
(-0.0303015 -0.0163068 0)
(-0.00029728 -0.0325761 0)
(-0.030192 0.0263103 0)
(-0.0992811 -0.00210557 0)
(0.000498144 -0.0927817 0)
(0.180277 0.0296955 0)
(0.0682759 0.0905082 0)
(-0.127568 0.0217816 0)
(-0.0735993 0.00280745 0)
(-0.056747 -0.0211908 0)
(-0.0348958 -0.0121276 0)
(-0.0378198 -0.000525357 0)
(-0.0320397 -0.00398215 0)
(-0.0159704 -0.0129173 0)
(0.00147428 -0.00697775 0)
(0.00159382 0.0146643 0)
(-0.037533 0.0321899 0)
(-0.0851797 0.0342721 0)
(-0.0883831 0.0172934 0)
(-0.0806411 0.00164695 0)
(-0.106146 -0.000877419 0)
(-0.10958 -0.012224 0)
(-0.0824772 -0.0355724 0)
(-0.0279133 -0.0434991 0)
(-0.0551382 0.0020646 0)
(-0.123622 0.0534057 0)
(-0.111302 -0.0414643 0)
(-0.0394924 -0.152075 0)
(0.101782 0.0209904 0)
(0.0694678 0.150894 0)
(-0.142085 0.0465332 0)
(-0.0616304 -0.00988721 0)
(-0.0430129 -0.037123 0)
(-0.026953 -0.0155696 0)
(-0.0246708 -0.00175172 0)
(-0.010425 -0.00911268 0)
(0.0149723 -0.0203849 0)
(0.020618 -0.0129505 0)
(0.0172906 0.0194774 0)
(0.0112328 0.0464284 0)
(-0.00665616 0.0459063 0)
(-0.00414654 0.0165042 0)
(-0.0247816 0.00253719 0)
(-0.0757962 0.011368 0)
(-0.0987179 -0.008956 0)
(-0.0888952 -0.0483236 0)
(-0.0328161 -0.0681117 0)
(-0.0753024 0.045774 0)
(-0.146826 0.0694121 0)
(-0.108822 -0.0724187 0)
(-0.0893238 -0.181439 0)
(-0.011379 -0.00359767 0)
(0.0340787 0.206314 0)
(-0.144193 0.0618373 0)
(-0.0559497 -0.0242273 0)
(-0.0288678 -0.0513148 0)
(-0.00622165 -0.0201004 0)
(0.00831189 -0.00798477 0)
(0.0402529 -0.0192047 0)
(0.078311 -0.0254642 0)
(0.0778101 -0.00770334 0)
(0.0388116 0.0215179 0)
(0.0397017 0.0424622 0)
(0.0486897 0.0453313 0)
(0.0503011 0.0298547 0)
(-0.0170294 0.0291359 0)
(-0.0765064 0.0330484 0)
(-0.100244 -0.0015356 0)
(-0.0925537 -0.0655782 0)
(-0.0385281 -0.105264 0)
(-0.0628928 0.0918228 0)
(-0.129074 0.0835742 0)
(-0.103799 -0.0874877 0)
(-0.127871 -0.200043 0)
(-0.0779763 -0.0262799 0)
(0.0182456 0.238236 0)
(-0.114419 0.0644347 0)
(-0.0373414 -0.0447848 0)
(-0.012627 -0.0709044 0)
(0.021587 -0.0315447 0)
(0.0516901 -0.0237978 0)
(0.103351 -0.0383841 0)
(0.140519 -0.037238 0)
(0.139566 0.000529972 0)
(0.084705 0.0391103 0)
(0.0469676 0.0417058 0)
(0.0421867 0.0391459 0)
(0.0394073 0.0453046 0)
(-0.0354364 0.0573051 0)
(-0.0800584 0.0489353 0)
(-0.0792515 -0.00257413 0)
(-0.0501929 -0.0853001 0)
(-0.0100296 -0.144528 0)
(-0.0252997 0.125031 0)
(-0.0893564 0.102735 0)
(-0.0722582 -0.0768334 0)
(-0.138871 -0.202667 0)
(-0.138373 -0.0696887 0)
(0.0472833 0.240532 0)
(-0.0451954 0.0759456 0)
(0.0160965 -0.0640936 0)
(0.016118 -0.0882514 0)
(0.0511443 -0.049736 0)
(0.103379 -0.0452297 0)
(0.165069 -0.057788 0)
(0.191671 -0.0452033 0)
(0.172034 0.011333 0)
(0.119882 0.0659569 0)
(0.0563632 0.0623816 0)
(0.0138523 0.0525515 0)
(-0.00122533 0.0686046 0)
(-0.0473934 0.0770811 0)
(-0.0559976 0.0478796 0)
(0.00217325 -0.0185833 0)
(0.0487583 -0.0846991 0)
(0.0574522 -0.142178 0)
(0.0242125 0.14048 0)
(-0.0389733 0.12306 0)
(-0.0160204 -0.0568828 0)
(-0.110703 -0.181165 0)
(-0.175213 -0.114261 0)
(0.0767289 0.193611 0)
(0.0513291 0.093113 0)
(0.0906798 -0.059627 0)
(0.0759463 -0.0986027 0)
(0.0905299 -0.0719163 0)
(0.156231 -0.0737195 0)
(0.214541 -0.0727113 0)
(0.215147 -0.0425112 0)
(0.169543 0.0282759 0)
(0.125658 0.0912943 0)
(0.0607381 0.0877223 0)
(-0.0115042 0.0687291 0)
(-0.0353822 0.0756749 0)
(-0.0383999 0.0783575 0)
(-0.00342357 0.0287734 0)
(0.118109 -0.0496164 0)
(0.151849 -0.0768909 0)
(0.123829 -0.0872754 0)
(0.0493173 0.130626 0)
(0.0192317 0.133527 0)
(0.0367454 -0.0383683 0)
(-0.0518203 -0.135542 0)
(-0.174609 -0.12938 0)
(0.0244589 0.10724 0)
(0.113898 0.0846787 0)
(0.154403 -0.0480646 0)
(0.139948 -0.0958643 0)
(0.146778 -0.0908709 0)
(0.199891 -0.107473 0)
(0.240132 -0.085325 0)
(0.200309 -0.02628 0)
(0.134232 0.0578225 0)
(0.109706 0.121965 0)
(0.0654749 0.128071 0)
(0.00415265 0.107045 0)
(-0.015484 0.0891117 0)
(-0.0176061 0.0614715 0)
(0.0904054 -0.0281938 0)
(0.135397 -0.0787269 0)
(0.167447 -0.0691074 0)
(0.141819 -0.00756252 0)
(0.0354165 -0.0270644 0)
(0.0665616 0.00720396 0)
(-0.222415 0.0549748 0)
(-0.41815 0.0237428 0)
(-0.387359 -0.0221225 0)
(-0.324456 -0.0194921 0)
(-0.325955 0.00128442 0)
(-0.375024 0.0144568 0)
(-0.439753 0.0114448 0)
(-0.436044 -0.00693726 0)
(-0.346506 -0.0229942 0)
(-0.226823 -0.0217665 0)
(-0.126752 -0.00204035 0)
(-0.107011 0.0121746 0)
(-0.173867 0.00151439 0)
(-0.207844 -0.000599943 0)
(-0.213865 -0.00404316 0)
(-0.16501 -0.0169384 0)
(-0.0561255 -0.0289443 0)
(0.00281103 -0.0199114 0)
(-0.092255 0.0887301 0)
(-0.363368 0.133369 0)
(-0.345944 0.0491567 0)
(-0.140741 -0.0272195 0)
(-0.178921 -0.0107036 0)
(-0.295043 0.0217348 0)
(-0.393514 0.0398295 0)
(-0.432253 0.0195691 0)
(-0.396967 -0.0304071 0)
(-0.317862 -0.0725915 0)
(-0.221021 -0.0796585 0)
(-0.132682 -0.0467254 0)
(-0.0519064 0.0133658 0)
(-0.0793799 0.0370751 0)
(-0.126378 0.0162075 0)
(-0.154073 -0.0182418 0)
(-0.142503 -0.0490471 0)
(-0.0356995 -0.0811002 0)
(-0.0420233 0.0275084 0)
(-0.184464 0.151487 0)
(-0.315136 0.151095 0)
(-0.119838 -0.0130463 0)
(0.105317 -0.0878951 0)
(0.141739 0.031393 0)
(-0.0308592 0.102321 0)
(-0.267604 0.0732041 0)
(-0.328032 0.0219589 0)
(-0.298329 -0.05015 0)
(-0.225654 -0.109952 0)
(-0.159768 -0.113456 0)
(-0.110934 -0.0752006 0)
(-0.06316 -0.0156924 0)
(0.011299 0.0355951 0)
(0.0259969 0.0392933 0)
(0.00734712 0.00813092 0)
(-0.0786825 -0.0517094 0)
(-0.0141534 -0.115912 0)
(-0.0554428 0.0809615 0)
(-0.183395 0.183577 0)
(-0.194611 0.121049 0)
(0.112821 -0.11388 0)
(0.251613 -0.158756 0)
(0.303657 0.0209769 0)
(0.225195 0.181903 0)
(-0.030947 0.160735 0)
(-0.181524 0.0381351 0)
(-0.172387 -0.0742025 0)
(-0.1126 -0.139478 0)
(-0.0968819 -0.134747 0)
(-0.0743348 -0.0922217 0)
(-0.0364422 -0.0395277 0)
(0.0117871 -0.00233736 0)
(0.0717416 0.0220039 0)
(0.0987199 0.0249381 0)
(0.0260033 -0.0205488 0)
(0.016472 -0.11835 0)
(-0.0441896 0.126493 0)
(-0.130246 0.190063 0)
(-0.0595817 0.0543938 0)
(0.250277 -0.203802 0)
(0.251332 -0.197028 0)
(0.256507 0.0226327 0)
(0.303992 0.211637 0)
(0.169945 0.231867 0)
(0.0194411 0.0972059 0)
(-0.0132784 -0.0599299 0)
(-0.0173782 -0.136809 0)
(-0.0728144 -0.130711 0)
(-0.0699652 -0.0978989 0)
(-0.0274489 -0.0515099 0)
(0.00779281 -0.0181128 0)
(0.0503745 -0.00128284 0)
(0.10197 0.0205918 0)
(0.0683293 -0.00629149 0)
(0.0433947 -0.0988767 0)
(-0.0210934 0.156958 0)
(-0.0635658 0.182937 0)
(0.0680696 -0.026209 0)
(0.238319 -0.233906 0)
(0.0457334 -0.155324 0)
(-0.025861 0.0277462 0)
(0.198416 0.232874 0)
(0.226654 0.264779 0)
(0.142801 0.137097 0)
(0.0856494 -0.0339968 0)
(0.00609929 -0.106363 0)
(-0.106698 -0.107094 0)
(-0.100484 -0.102045 0)
(-0.0511143 -0.0679558 0)
(0.00504199 -0.031633 0)
(0.0298266 -0.0165919 0)
(0.0753638 0.0122672 0)
(0.0757132 0.00634861 0)
(0.0538906 -0.0761555 0)
(-0.0188904 0.162558 0)
(-0.0247916 0.154977 0)
(0.150803 -0.0823237 0)
(0.0834059 -0.175849 0)
(-0.24088 -0.0735464 0)
(-0.239831 -0.0106995 0)
(-0.0439637 0.172166 0)
(0.138849 0.262542 0)
(0.120733 0.149919 0)
(0.0673142 -0.000202596 0)
(-0.0749486 -0.0583725 0)
(-0.173535 -0.0868353 0)
(-0.153145 -0.118242 0)
(-0.10589 -0.0968846 0)
(-0.0276009 -0.0545142 0)
(0.0166969 -0.0286442 0)
(0.0504214 0.0010392 0)
(0.0668668 0.00867658 0)
(0.0513637 -0.0522588 0)
(-0.0312698 0.195595 0)
(-0.0109461 0.119395 0)
(0.141184 -0.083212 0)
(-0.159412 -0.0548178 0)
(-0.384397 -0.0412054 0)
(-0.386337 -0.0532368 0)
(-0.27994 0.073019 0)
(-0.0728107 0.198345 0)
(-0.0228022 0.141854 0)
(-0.107223 0.0468641 0)
(-0.221452 -0.00950246 0)
(-0.228605 -0.0894672 0)
(-0.224539 -0.132637 0)
(-0.190215 -0.123744 0)
(-0.10505 -0.0849407 0)
(-0.0257401 -0.0488247 0)
(0.0275814 -0.00673355 0)
(0.0526703 0.00609099 0)
(0.0430945 -0.0292414 0)
(0.0423815 0.101931 0)
(0.0690681 0.138287 0)
(0.0851921 0.027864 0)
(0.0401275 -0.0604789 0)
(-0.0994513 -0.105976 0)
(-0.073816 -0.0416813 0)
(0.0977133 -0.0127102 0)
(0.168219 -0.0814437 0)
(0.186347 -0.103023 0)
(0.208434 -0.117346 0)
(0.216671 -0.130745 0)
(0.205775 -0.0808642 0)
(0.13607 0.019694 0)
(0.0565051 0.0887893 0)
(0.043651 0.116637 0)
(0.0303357 0.113871 0)
(0.00157718 0.0860667 0)
(-0.0347536 0.0667269 0)
(-0.0466992 0.0353321 0)
(-0.0647411 -0.0122215 0)
(-0.114038 -0.108327 0)
(-0.0454184 -0.0969284 0)
(-0.00678319 0.0184071 0)
(0.0213149 0.0142005 0)
(0.0793961 0.0426195 0)
(0.120998 -0.00167145 0)
(0.111144 -0.0159772 0)
(0.0686804 -0.029752 0)
(0.0554229 -0.0811086 0)
(0.136256 -0.123952 0)
(0.187815 -0.137358 0)
(0.186483 -0.121794 0)
(0.188704 -0.124555 0)
(0.145785 -0.0952271 0)
(0.0314478 0.0260878 0)
(-0.0339971 0.101848 0)
(-0.0450676 0.124098 0)
(-0.0734929 0.131808 0)
(-0.18349 0.147523 0)
(-0.333227 0.154892 0)
(-0.438594 0.122612 0)
(-0.520129 0.0387846 0)
(-0.573296 -0.0719004 0)
(-0.628688 -0.149216 0)
(-0.650173 -0.116837 0)
(-0.48752 0.0298969 0)
(-0.0343481 0.00708898 0)
(-0.00918507 0.0100523 0)
(-0.146062 0.0214672 0)
(-0.151796 0.0119749 0)
(-0.0626157 -0.025143 0)
(-0.02937 -0.0770676 0)
(-0.0203504 -0.125603 0)
(-0.0424589 -0.097869 0)
(-0.152513 -0.0713371 0)
(-0.227312 -0.0566657 0)
(-0.116697 0.054135 0)
(-0.0796696 0.107075 0)
(-0.155255 0.157573 0)
(-0.155537 0.227962 0)
(-0.050493 0.298833 0)
(-0.00853612 0.395199 0)
(-0.100739 0.366193 0)
(-0.202698 0.295927 0)
(-0.392063 0.21789 0)
(-0.583834 0.148795 0)
(-0.943227 -0.0293728 0)
(-1.06147 -0.23657 0)
(-0.893071 -0.225649 0)
(-0.257851 0.125104 0)
(-0.494954 0.1869 0)
(-0.461277 0.087888 0)
(-0.476068 -0.101057 0)
(-0.773942 -0.08306 0)
(-0.984032 -0.121006 0)
(-1.03481 -0.108398 0)
(-0.889055 0.0055737 0)
(-0.99758 0.0478019 0)
(-1.69809 -0.124156 0)
(-1.74801 -0.142184 0)
(-1.46414 0.114036 0)
(-1.24535 0.0917327 0)
(-0.963127 -0.159088 0)
(-0.540326 -0.13293 0)
(0.00360323 0.23665 0)
(0.276771 0.373688 0)
(0.468935 0.481323 0)
(0.494087 0.55098 0)
(0.192806 0.476344 0)
(-0.125448 0.319406 0)
(-0.64743 -0.128806 0)
(-0.739113 -0.353966 0)
(-0.172294 0.464059 0)
(-0.32029 0.279488 0)
(-0.406646 0.169813 0)
(-0.644311 0.279695 0)
(-0.771182 0.305602 0)
(-0.893645 -0.0649231 0)
(-1.23149 -0.167999 0)
(-1.53566 0.179929 0)
(-1.66042 0.529794 0)
(-1.85825 0.185477 0)
(-1.93677 -0.141208 0)
(-1.79279 -0.215016 0)
(-1.27308 -0.413377 0)
(-0.902157 -0.577993 0)
(-0.663376 -0.526855 0)
(-0.374403 -0.357758 0)
(-0.000112238 -0.16198 0)
(0.251352 0.0537257 0)
(0.623045 0.547588 0)
(0.590502 0.781683 0)
(0.508032 0.774647 0)
(0.0797459 0.536876 0)
(-0.436698 -0.120124 0)
(-0.111948 0.685963 0)
(-0.247403 0.47066 0)
(-0.405116 0.349486 0)
(-0.567373 0.374831 0)
(-0.672252 0.414448 0)
(-0.909552 0.317374 0)
(-1.264 0.312628 0)
(-1.47095 0.400534 0)
(-1.4961 0.455933 0)
(-1.46043 0.190179 0)
(-1.36763 -0.151194 0)
(-1.08623 -0.511558 0)
(-0.784063 -0.779473 0)
(-0.654273 -0.78163 0)
(-0.573748 -0.671752 0)
(-0.421299 -0.563684 0)
(-0.227699 -0.425432 0)
(-0.0849875 -0.218202 0)
(0.139433 0.268732 0)
(0.367383 0.590814 0)
(0.490084 0.685361 0)
(0.431982 0.93645 0)
(-0.353684 0.513103 0)
(-0.0592121 0.820141 0)
(-0.163016 0.628882 0)
(-0.33875 0.494982 0)
(-0.403625 0.47943 0)
(-0.460134 0.541128 0)
(-0.670993 0.527241 0)
(-0.943805 0.531105 0)
(-1.09694 0.510536 0)
(-1.08304 0.347323 0)
(-0.977114 0.0291607 0)
(-0.851362 -0.326986 0)
(-0.692721 -0.688187 0)
(-0.598523 -0.889373 0)
(-0.585837 -0.845497 0)
(-0.545536 -0.767149 0)
(-0.443006 -0.712375 0)
(-0.318915 -0.572665 0)
(-0.172711 -0.283737 0)
(-0.071925 0.0218725 0)
(0.114425 0.268963 0)
(0.183961 0.516859 0)
(0.29522 1.22319 0)
(-0.446183 0.964183 0)
(0.0157544 0.884436 0)
(-0.00641651 0.779489 0)
(-0.163162 0.586213 0)
(-0.243287 0.528548 0)
(-0.203784 0.625556 0)
(-0.285052 0.730827 0)
(-0.497298 0.689413 0)
(-0.63942 0.586001 0)
(-0.665591 0.326448 0)
(-0.617742 -0.0527283 0)
(-0.555653 -0.42169 0)
(-0.520748 -0.749181 0)
(-0.545416 -0.882439 0)
(-0.593222 -0.845312 0)
(-0.569218 -0.821076 0)
(-0.520103 -0.792866 0)
(-0.440681 -0.660114 0)
(-0.257955 -0.407704 0)
(-0.0389548 0.0608918 0)
(-0.110748 0.302873 0)
(-0.198532 0.733273 0)
(-0.224206 1.62118 0)
(-0.687056 1.30026 0)
(0.0952076 0.786882 0)
(0.173903 0.875875 0)
(0.131445 0.714096 0)
(-0.0222727 0.592893 0)
(-0.0303604 0.585038 0)
(0.0308651 0.778027 0)
(-0.00580112 0.878226 0)
(-0.183164 0.69302 0)
(-0.285405 0.3773 0)
(-0.33169 -0.0298157 0)
(-0.353468 -0.417259 0)
(-0.416391 -0.710378 0)
(-0.505002 -0.807148 0)
(-0.601602 -0.825962 0)
(-0.581087 -0.850998 0)
(-0.531533 -0.826955 0)
(-0.528115 -0.758681 0)
(-0.535214 -0.584407 0)
(-0.467285 -0.112038 0)
(-0.536474 0.439918 0)
(-0.641619 1.02929 0)
(-0.833626 1.80616 0)
(-0.853029 1.20052 0)
(0.105916 0.577196 0)
(0.275648 0.782755 0)
(0.395129 0.784102 0)
(0.295787 0.726541 0)
(0.185929 0.606674 0)
(0.189003 0.664604 0)
(0.313055 0.908852 0)
(0.253067 0.861876 0)
(0.0904551 0.539302 0)
(-0.0580431 0.088839 0)
(-0.169851 -0.32526 0)
(-0.31479 -0.605189 0)
(-0.437206 -0.683771 0)
(-0.58739 -0.778977 0)
(-0.566396 -0.885637 0)
(-0.52919 -0.833789 0)
(-0.580435 -0.669382 0)
(-0.735463 -0.473265 0)
(-0.902364 -0.032031 0)
(-1.01761 0.59566 0)
(-1.08572 1.21991 0)
(-1.10196 1.65226 0)
(-0.81964 0.94511 0)
(0.062108 0.390089 0)
(0.254482 0.542795 0)
(0.479575 0.68136 0)
(0.551833 0.801466 0)
(0.469896 0.745351 0)
(0.360199 0.632763 0)
(0.423766 0.779815 0)
(0.508627 0.911132 0)
(0.408595 0.731694 0)
(0.200324 0.303145 0)
(0.0121768 -0.154696 0)
(-0.200797 -0.457177 0)
(-0.356127 -0.532645 0)
(-0.533249 -0.683575 0)
(-0.525253 -0.937149 0)
(-0.527979 -0.814001 0)
(-0.547544 -0.571746 0)
(-0.71414 -0.307387 0)
(-0.983847 0.102387 0)
(-1.14752 0.689996 0)
(-1.15413 1.20987 0)
(-0.97783 1.32471 0)
(-0.636303 0.678807 0)
(0.0785162 0.31458 0)
(0.224858 0.314146 0)
(0.437552 0.487009 0)
(0.612679 0.730473 0)
(0.663471 0.839746 0)
(0.568265 0.726903 0)
(0.503332 0.697335 0)
(0.574384 0.866544 0)
(0.558068 0.850147 0)
(0.373336 0.507627 0)
(0.166015 0.0697682 0)
(-0.0305367 -0.271983 0)
(-0.253972 -0.375019 0)
(-0.407611 -0.574425 0)
(-0.403261 -0.942208 0)
(-0.456971 -0.798233 0)
(-0.442171 -0.497468 0)
(-0.55354 -0.0837935 0)
(-0.809989 0.291901 0)
(-0.926196 0.717995 0)
(-0.890175 1.06886 0)
(-0.663523 1.01897 0)
(-0.411103 0.508242 0)
(0.130482 0.105267 0)
(0.274074 0.0984466 0)
(0.408789 0.286821 0)
(0.552351 0.55567 0)
(0.662297 0.782213 0)
(0.663061 0.801972 0)
(0.543993 0.71964 0)
(0.534234 0.863943 0)
(0.531584 0.924557 0)
(0.411572 0.651292 0)
(0.257611 0.25936 0)
(0.208009 -0.0681442 0)
(-0.0978578 -0.215472 0)
(-0.180345 -0.496405 0)
(-0.211069 -0.898449 0)
(-0.311059 -0.771444 0)
(-0.337366 -0.490549 0)
(-0.334566 0.0491469 0)
(-0.494521 0.487001 0)
(-0.596004 0.733572 0)
(-0.530958 0.934329 0)
(-0.352303 0.829095 0)
(-0.232435 0.468701 0)
(0.103747 -0.1186 0)
(0.17273 -0.0234472 0)
(0.291338 0.207734 0)
(0.393026 0.455594 0)
(0.490838 0.714704 0)
(0.549759 0.830478 0)
(0.418503 0.793653 0)
(0.390441 0.917488 0)
(0.364711 0.970648 0)
(0.327622 0.716725 0)
(0.298475 0.365498 0)
(0.356244 0.075363 0)
(0.1462 -0.00534605 0)
(0.102244 -0.427823 0)
(-0.0376329 -0.780601 0)
(-0.155245 -0.696209 0)
(-0.272475 -0.440469 0)
(-0.314796 0.0394281 0)
(-0.253745 0.514428 0)
(-0.334428 0.772166 0)
(-0.297984 0.810373 0)
(-0.171013 0.722634 0)
(-0.133211 0.482383 0)
(0.00607732 -0.176973 0)
(-0.00983071 -0.0458213 0)
(0.00292479 0.17179 0)
(0.0779743 0.408859 0)
(0.160695 0.676552 0)
(0.238018 0.84988 0)
(0.123623 0.873445 0)
(0.123646 0.987249 0)
(0.10048 0.965002 0)
(0.214363 0.667247 0)
(0.329869 0.326812 0)
(0.412001 0.0713364 0)
(0.297872 -0.012033 0)
(0.283266 -0.290215 0)
(0.0315206 -0.55747 0)
(-0.0509001 -0.591179 0)
(-0.215752 -0.282984 0)
(-0.342968 0.0622927 0)
(-0.162759 0.503202 0)
(-0.0866262 0.819597 0)
(-0.0903306 0.754864 0)
(-0.0282847 0.67004 0)
(0.00137426 0.50288 0)
(-0.0837756 -0.105109 0)
(-0.191468 0.0101523 0)
(-0.246156 0.14641 0)
(-0.233948 0.349072 0)
(-0.194845 0.633294 0)
(-0.165701 0.861886 0)
(-0.228236 0.940296 0)
(-0.177062 0.977832 0)
(-0.0896718 0.829534 0)
(0.137345 0.471602 0)
(0.250486 0.210723 0)
(0.293811 0.0477577 0)
(0.260982 0.101609 0)
(0.262277 -0.0765018 0)
(0.0301489 -0.400934 0)
(0.00636591 -0.472664 0)
(-0.209727 -0.124889 0)
(-0.323635 -0.0154388 0)
(-0.189954 0.309937 0)
(0.0572005 0.697937 0)
(0.169049 0.736905 0)
(0.208152 0.666511 0)
(0.229138 0.536006 0)
(-0.103635 0.0267688 0)
(-0.20428 0.125076 0)
(-0.272337 0.194308 0)
(-0.336471 0.360637 0)
(-0.390096 0.629974 0)
(-0.421623 0.859519 0)
(-0.445208 0.926409 0)
(-0.358967 0.851708 0)
(-0.201262 0.600843 0)
(-0.0391818 0.297601 0)
(-0.0267759 0.235196 0)
(-0.172125 0.152852 0)
(-0.0758006 0.0284476 0)
(-0.0240172 -0.164572 0)
(0.0633721 -0.387631 0)
(0.0359083 -0.339833 0)
(-0.118574 0.0299011 0)
(-0.104388 0.0495541 0)
(-0.187573 0.121851 0)
(-0.0103139 0.409059 0)
(0.235033 0.599892 0)
(0.354312 0.635904 0)
(0.376262 0.556726 0)
(-0.0882518 0.137767 0)
(-0.0928556 0.18983 0)
(-0.0988174 0.218759 0)
(-0.25635 0.425807 0)
(-0.386484 0.704604 0)
(-0.506369 0.898542 0)
(-0.567537 0.909189 0)
(-0.513376 0.737042 0)
(-0.420042 0.480113 0)
(-0.406908 0.311384 0)
(-0.267914 0.196531 0)
(-0.176232 0.0713708 0)
(-0.0331145 -0.048007 0)
(0.109592 -0.216524 0)
(0.212229 -0.368572 0)
(0.158497 -0.291373 0)
(0.162113 -0.078017 0)
(0.235375 0.113601 0)
(0.243408 0.234961 0)
(0.188697 0.288934 0)
(0.225281 0.387329 0)
(0.343211 0.509102 0)
(0.40221 0.520243 0)
(-0.0548168 0.194972 0)
(0.0205032 0.197372 0)
(-0.0503798 0.321164 0)
(-0.205223 0.614175 0)
(-0.431577 0.88002 0)
(-0.6077 1.0296 0)
(-0.690716 0.965075 0)
(-0.635318 0.663541 0)
(-0.517457 0.376458 0)
(-0.335556 0.167964 0)
(-0.136153 0.0496436 0)
(0.0517692 -0.0690217 0)
(0.230948 -0.207334 0)
(0.312713 -0.358244 0)
(0.327231 -0.387615 0)
(0.33608 -0.316057 0)
(0.381057 -0.167608 0)
(0.47076 -0.00502957 0)
(0.572259 0.17755 0)
(0.623584 0.320607 0)
(0.608805 0.402727 0)
(0.591785 0.472482 0)
(0.597215 0.499831 0)
(-0.000864943 0.176469 0)
(0.0795644 0.165005 0)
(-0.126076 0.445201 0)
(-0.292634 0.857871 0)
(-0.585744 1.11049 0)
(-0.725019 1.16079 0)
(-0.711069 0.89872 0)
(-0.588165 0.528931 0)
(-0.359968 0.178467 0)
(-0.0976691 -0.0673152 0)
(0.10212 -0.180828 0)
(0.182995 -0.266313 0)
(0.234554 -0.329203 0)
(0.266163 -0.378257 0)
(0.280991 -0.386665 0)
(0.31063 -0.339748 0)
(0.385541 -0.238821 0)
(0.505 -0.100315 0)
(0.655028 0.0647258 0)
(0.810138 0.242369 0)
(0.925022 0.392496 0)
(0.977896 0.494977 0)
(0.995187 0.537179 0)
(0.0270414 0.159052 0)
(-0.110765 0.283593 0)
(-0.295036 0.68199 0)
(-0.4835 1.12948 0)
(-0.712017 1.28082 0)
(-0.727667 1.15105 0)
(-0.611126 0.78766 0)
(-0.406718 0.355405 0)
(-0.14852 -0.0185788 0)
(0.0145392 -0.294267 0)
(0.00868513 -0.265162 0)
(0.0582128 -0.283184 0)
(0.080035 -0.324167 0)
(0.0935389 -0.371695 0)
(0.12022 -0.404041 0)
(0.176336 -0.398913 0)
(0.272523 -0.346503 0)
(0.408398 -0.247449 0)
(0.572422 -0.103944 0)
(0.755552 0.0703768 0)
(0.938871 0.247104 0)
(1.09572 0.398434 0)
(1.20168 0.4926 0)
(-0.0809259 0.262231 0)
(-0.348308 0.494679 0)
(-0.464241 0.905063 0)
(-0.589219 1.29981 0)
(-0.658607 1.33062 0)
(-0.561443 1.059 0)
(-0.390917 0.630154 0)
(-0.181809 0.1699 0)
(-0.0346562 -0.264871 0)
(-0.0867333 -0.270182 0)
(-0.0996614 -0.259163 0)
(-0.116945 -0.275452 0)
(-0.113439 -0.332363 0)
(-0.0783012 -0.406253 0)
(-0.0211604 -0.463339 0)
(0.0537126 -0.489282 0)
(0.153615 -0.474267 0)
(0.284303 -0.407986 0)
(0.443185 -0.285403 0)
(0.618907 -0.119912 0)
(0.797203 0.060131 0)
(0.97103 0.229957 0)
(1.12012 0.36331 0)
(-0.22903 0.483647 0)
(-0.510208 0.709012 0)
(-0.599216 1.01462 0)
(-0.550427 1.30243 0)
(-0.458019 1.25797 0)
(-0.301544 0.918427 0)
(-0.176026 0.468053 0)
(-0.0493315 -0.0262089 0)
(-0.0335532 -0.174711 0)
(-0.122933 -0.204823 0)
(-0.225839 -0.195081 0)
(-0.266152 -0.252555 0)
(-0.236378 -0.363557 0)
(-0.175688 -0.465789 0)
(-0.109527 -0.53623 0)
(-0.0413999 -0.57794 0)
(0.0390972 -0.587586 0)
(0.142877 -0.549198 0)
(0.275927 -0.44879 0)
(0.434694 -0.292893 0)
(0.602229 -0.107667 0)
(0.763225 0.074284 0)
(0.910188 0.226444 0)
(-0.320139 0.909449 0)
(-0.571762 0.881758 0)
(-0.626599 1.01639 0)
(-0.477687 1.10017 0)
(-0.28117 1.03596 0)
(-0.108749 0.796338 0)
(-0.0686676 0.341463 0)
(0.00388109 -0.0159047 0)
(-0.0849063 -0.116051 0)
(-0.241729 -0.0865765 0)
(-0.350443 -0.122135 0)
(-0.34766 -0.269214 0)
(-0.286707 -0.426948 0)
(-0.212835 -0.536037 0)
(-0.150977 -0.599963 0)
(-0.101817 -0.642578 0)
(-0.0523698 -0.665934 0)
(0.0115693 -0.651816 0)
(0.102543 -0.578723 0)
(0.227077 -0.444924 0)
(0.377501 -0.270986 0)
(0.538391 -0.0851183 0)
(0.689367 0.0801761 0)
(-0.254035 1.31385 0)
(-0.525893 1.03007 0)
(-0.599109 0.960093 0)
(-0.489531 0.903241 0)
(-0.310705 0.864525 0)
(-0.202564 0.69796 0)
(-0.099996 0.263232 0)
(-0.0733109 0.0235555 0)
(-0.201691 0.0335087 0)
(-0.360548 0.0365047 0)
(-0.409098 -0.105407 0)
(-0.36343 -0.322365 0)
(-0.278426 -0.50658 0)
(-0.19765 -0.605408 0)
(-0.142199 -0.646373 0)
(-0.114446 -0.67609 0)
(-0.0996996 -0.703521 0)
(-0.0777868 -0.70628 0)
(-0.0365029 -0.661923 0)
(0.0395821 -0.559647 0)
(0.152214 -0.412812 0)
(0.294674 -0.242792 0)
(0.452843 -0.0711758 0)
(0.000176956 1.63219 0)
(-0.277224 1.29391 0)
(-0.457367 0.997657 0)
(-0.474273 0.805031 0)
(-0.454489 0.740224 0)
(-0.309663 0.536761 0)
(-0.140222 0.189721 0)
(-0.160827 0.103603 0)
(-0.29455 0.167351 0)
(-0.405413 0.105597 0)
(-0.395335 -0.124672 0)
(-0.323067 -0.398544 0)
(-0.22007 -0.601167 0)
(-0.1458 -0.673686 0)
(-0.0970321 -0.679783 0)
(-0.0854274 -0.679754 0)
(-0.0994532 -0.703139 0)
(-0.112853 -0.715383 0)
(-0.116558 -0.693657 0)
(-0.0942378 -0.62482 0)
(-0.0357666 -0.512765 0)
(0.0566505 -0.376128 0)
(0.180313 -0.231421 0)
(0.276176 1.5339 0)
(0.147806 1.59469 0)
(-0.0592767 1.22885 0)
(-0.206735 0.901348 0)
(-0.332907 0.678356 0)
(-0.225883 0.396743 0)
(-0.11719 0.155498 0)
(-0.181303 0.188549 0)
(-0.318731 0.271496 0)
(-0.371912 0.132549 0)
(-0.330675 -0.167592 0)
(-0.23518 -0.496018 0)
(-0.142495 -0.68848 0)
(-0.0829293 -0.73235 0)
(-0.03989 -0.709696 0)
(-0.0371793 -0.664571 0)
(-0.0658603 -0.676311 0)
(-0.101101 -0.690953 0)
(-0.134048 -0.680352 0)
(-0.156688 -0.636497 0)
(-0.153521 -0.556101 0)
(-0.121412 -0.449308 0)
(-0.0616577 -0.329648 0)
(0.321181 1.08695 0)
(0.520451 1.64327 0)
(0.412022 1.47606 0)
(0.225855 1.13311 0)
(0.050373 0.777257 0)
(0.00479383 0.38529 0)
(-0.00771344 0.180309 0)
(-0.144653 0.289348 0)
(-0.276432 0.351146 0)
(-0.283075 0.131595 0)
(-0.228551 -0.228067 0)
(-0.127469 -0.591452 0)
(-0.0711379 -0.755549 0)
(-0.0226632 -0.780552 0)
(0.0133846 -0.734345 0)
(0.012523 -0.646258 0)
(-0.0146545 -0.63818 0)
(-0.0594204 -0.65143 0)
(-0.103193 -0.640651 0)
(-0.149258 -0.606887 0)
(-0.18556 -0.54826 0)
(-0.202172 -0.465774 0)
(-0.195065 -0.370044 0)
(0.134569 0.58662 0)
(0.605881 1.45542 0)
(0.664868 1.56281 0)
(0.51283 1.29487 0)
(0.340082 0.899935 0)
(0.227291 0.480925 0)
(0.115747 0.286603 0)
(-0.0845199 0.413368 0)
(-0.193181 0.408417 0)
(-0.166974 0.107371 0)
(-0.109037 -0.285595 0)
(-0.0205256 -0.66184 0)
(0.0045061 -0.80235 0)
(0.0395634 -0.816059 0)
(0.0618312 -0.749576 0)
(0.0612071 -0.63746 0)
(0.0465195 -0.600079 0)
(0.00135499 -0.608097 0)
(-0.0461564 -0.595446 0)
(-0.0950455 -0.560503 0)
(-0.14571 -0.511135 0)
(-0.186144 -0.446251 0)
(-0.20848 -0.370574 0)
(-0.0105155 0.282357 0)
(0.418883 1.21488 0)
(0.602638 1.54954 0)
(0.539551 1.37796 0)
(0.41672 1.00594 0)
(0.318971 0.610464 0)
(0.176833 0.447585 0)
(-0.0312264 0.545324 0)
(-0.0978721 0.440879 0)
(-0.0512859 0.0755097 0)
(0.0190056 -0.347599 0)
(0.0881502 -0.703278 0)
(0.0985722 -0.831724 0)
(0.109988 -0.831014 0)
(0.116122 -0.756215 0)
(0.120896 -0.640037 0)
(0.119644 -0.571048 0)
(0.0791366 -0.560045 0)
(0.0223732 -0.549195 0)
(-0.0262841 -0.514356 0)
(-0.0751687 -0.467712 0)
(-0.118968 -0.413676 0)
(-0.149662 -0.350872 0)
(-0.0602698 0.147575 0)
(0.150018 1.01641 0)
(0.326356 1.46882 0)
(0.346858 1.40955 0)
(0.329876 1.07853 0)
(0.298669 0.726728 0)
(0.168586 0.613483 0)
(0.0076997 0.652003 0)
(0.00153972 0.435625 0)
(0.0707016 0.0162041 0)
(0.148379 -0.409872 0)
(0.202769 -0.730365 0)
(0.202846 -0.842361 0)
(0.194089 -0.830908 0)
(0.195744 -0.761356 0)
(0.206883 -0.65058 0)
(0.209439 -0.551596 0)
(0.172258 -0.506266 0)
(0.101834 -0.491638 0)
(0.040667 -0.464836 0)
(-0.00911759 -0.423535 0)
(-0.0520707 -0.376634 0)
(-0.0824853 -0.32534 0)
(-0.0766029 0.154758 0)
(-0.0588903 0.91209 0)
(0.0581639 1.36904 0)
(0.137191 1.35043 0)
(0.215891 1.06143 0)
(0.233092 0.798653 0)
(0.133442 0.737751 0)
(0.0475201 0.699089 0)
(0.099653 0.393339 0)
(0.193477 -0.0488742 0)
(0.27482 -0.471795 0)
(0.320131 -0.75221 0)
(0.309547 -0.840706 0)
(0.297846 -0.829246 0)
(0.30919 -0.769296 0)
(0.319911 -0.659435 0)
(0.313719 -0.532017 0)
(0.270595 -0.446278 0)
(0.188125 -0.417269 0)
(0.106802 -0.402089 0)
(0.0473184 -0.373769 0)
(0.000365761 -0.33691 0)
(-0.0327732 -0.296488 0)
(-0.0642037 0.23 0)
(-0.135261 0.909005 0)
(-0.0893706 1.27335 0)
(0.0322845 1.23047 0)
(0.144846 0.990586 0)
(0.170666 0.833394 0)
(0.109559 0.799796 0)
(0.104604 0.67517 0)
(0.19744 0.315739 0)
(0.311669 -0.139208 0)
(0.394562 -0.529614 0)
(0.428129 -0.764348 0)
(0.414774 -0.837658 0)
(0.415907 -0.833977 0)
(0.43269 -0.780433 0)
(0.437614 -0.660283 0)
(0.41609 -0.501404 0)
(0.358148 -0.376285 0)
(0.263822 -0.327978 0)
(0.16632 -0.323707 0)
(0.0955401 -0.315157 0)
(0.0440645 -0.29295 0)
(0.00684264 -0.265771 0)
(-0.0429087 0.312285 0)
(-0.107448 0.950452 0)
(-0.109523 1.19633 0)
(0.0288191 1.10074 0)
(0.115216 0.923076 0)
(0.13132 0.844458 0)
(0.116371 0.799146 0)
(0.175576 0.599729 0)
(0.294979 0.215595 0)
(0.421499 -0.236863 0)
(0.496087 -0.586426 0)
(0.515484 -0.77655 0)
(0.508293 -0.839807 0)
(0.521154 -0.84616 0)
(0.539743 -0.789505 0)
(0.533404 -0.648255 0)
(0.49163 -0.454612 0)
(0.415254 -0.29339 0)
(0.309751 -0.227445 0)
(0.203801 -0.234027 0)
(0.127457 -0.249725 0)
(0.074736 -0.245192 0)
(0.0359466 -0.231218 0)
(-0.0244407 0.36803 0)
(-0.0380012 0.983668 0)
(-0.0479365 1.13917 0)
(0.0703418 1.00638 0)
(0.109656 0.882234 0)
(0.119682 0.834819 0)
(0.150481 0.746367 0)
(0.248651 0.490653 0)
(0.385904 0.0881539 0)
(0.506064 -0.332255 0)
(0.561936 -0.626747 0)
(0.569688 -0.781376 0)
(0.569379 -0.848809 0)
(0.591783 -0.864344 0)
(0.609081 -0.791867 0)
(0.584619 -0.615907 0)
(0.516539 -0.385934 0)
(0.421509 -0.197687 0)
(0.310239 -0.12246 0)
(0.207188 -0.142798 0)
(0.136716 -0.183876 0)
(0.0883913 -0.198316 0)
(0.0518573 -0.196589 0)
(0.0005088 0.380525 0)
(0.0241724 0.975748 0)
(0.0408833 1.09348 0)
(0.116604 0.958214 0)
(0.119641 0.863724 0)
(0.133205 0.804365 0)
(0.195706 0.662056 0)
(0.311769 0.36681 0)
(0.452421 -0.0401477 0)
(0.550788 -0.40819 0)
(0.584303 -0.65299 0)
(0.579359 -0.783825 0)
(0.583257 -0.864471 0)
(0.609663 -0.886413 0)
(0.613563 -0.782546 0)
(0.56206 -0.55829 0)
(0.46749 -0.294015 0)
(0.360766 -0.0939472 0)
(0.255756 -0.0230197 0)
(0.172711 -0.0633629 0)
(0.122609 -0.127373 0)
(0.0853959 -0.15739 0)
(0.0549982 -0.165476 0)
(0.037691 0.34361 0)
(0.0716047 0.930239 0)
(0.116699 1.05545 0)
(0.153216 0.942886 0)
(0.138206 0.854678 0)
(0.159655 0.759088 0)
(0.235964 0.563532 0)
(0.35838 0.234686 0)
(0.48278 -0.149861 0)
(0.549511 -0.459224 0)
(0.554724 -0.658821 0)
(0.534187 -0.780075 0)
(0.538815 -0.885684 0)
(0.545955 -0.902805 0)
(0.510673 -0.749618 0)
(0.427627 -0.473597 0)
(0.323311 -0.187237 0)
(0.227157 0.00325813 0)
(0.148617 0.0513875 0)
(0.10787 -0.0125463 0)
(0.0907505 -0.0907425 0)
(0.069086 -0.127613 0)
(0.0479068 -0.141175 0)
(0.0657479 0.273067 0)
(0.116022 0.863595 0)
(0.170369 1.0256 0)
(0.178797 0.947564 0)
(0.157519 0.850187 0)
(0.182764 0.707743 0)
(0.260889 0.458453 0)
(0.378027 0.107563 0)
(0.473371 -0.229738 0)
(0.497364 -0.47773 0)
(0.470363 -0.637857 0)
(0.432204 -0.76656 0)
(0.424503 -0.896617 0)
(0.36404 -0.876075 0)
(0.268343 -0.664308 0)
(0.170822 -0.361757 0)
(0.093136 -0.0862272 0)
(0.0403617 0.0665741 0)
(0.0215398 0.0733321 0)
(0.041097 -0.00735634 0)
(0.0531087 -0.0793713 0)
(0.0458499 -0.111075 0)
(0.0349313 -0.125497 0)
(0.0535741 0.177718 0)
(0.150082 0.789037 0)
(0.20959 1.01015 0)
(0.202835 0.963216 0)
(0.174686 0.845032 0)
(0.188076 0.661512 0)
(0.261476 0.363217 0)
(0.364783 0.0167839 0)
(0.418277 -0.264855 0)
(0.392715 -0.452236 0)
(0.344994 -0.588973 0)
(0.283529 -0.732873 0)
(0.242794 -0.846259 0)
(0.0678237 -0.745578 0)
(-0.0650008 -0.514319 0)
(-0.128656 -0.24997 0)
(-0.145196 -0.0282573 0)
(-0.119657 0.066133 0)
(-0.0578635 0.0361119 0)
(0.00227866 -0.0393318 0)
(0.021619 -0.0847957 0)
(0.0235246 -0.105371 0)
(0.0209203 -0.11788 0)
(0.0245223 0.0610341 0)
(0.162163 0.672215 0)
(0.235097 0.973838 0)
(0.225515 0.995105 0)
(0.179281 0.88743 0)
(0.172288 0.632101 0)
(0.23739 0.245051 0)
(0.309483 -0.0583957 0)
(0.310732 -0.254168 0)
(0.261285 -0.398001 0)
(0.211743 -0.523766 0)
(0.128434 -0.659432 0)
(0.0507069 -0.691937 0)
(-0.224752 -0.526262 0)
(-0.3171 -0.393264 0)
(-0.306724 -0.221773 0)
(-0.2591 -0.0828109 0)
(-0.170448 -0.0335874 0)
(-0.0742298 -0.0568992 0)
(-0.0189263 -0.0837222 0)
(0.00018113 -0.096413 0)
(0.00726533 -0.106839 0)
(0.00949162 -0.116077 0)
(0.00152132 0.0341664 0)
(0.151297 0.614836 0)
(0.242097 0.970646 0)
(0.24563 1.01023 0)
(0.196786 0.874382 0)
(0.133035 0.654416 0)
(0.130078 0.263604 0)
(0.199653 -0.013858 0)
(0.180638 -0.212517 0)
(0.142334 -0.351447 0)
(0.104134 -0.461905 0)
(0.0298498 -0.559546 0)
(-0.0503846 -0.503807 0)
(-0.310637 -0.349383 0)
(-0.320702 -0.402513 0)
(-0.268431 -0.292642 0)
(-0.198402 -0.185535 0)
(-0.107614 -0.138023 0)
(-0.0439592 -0.116735 0)
(-0.0185747 -0.107495 0)
(-0.00685439 -0.108001 0)
(-0.000214662 -0.112536 0)
(0.00261256 -0.117735 0)
(0.0387536 -0.157353 0)
(0.175131 0.407221 0)
(0.269652 0.840364 0)
(0.315533 1.05407 0)
(0.182105 1.17058 0)
(-0.153663 0.87218 0)
(-0.182831 -0.0520257 0)
(0.0112014 -0.126197 0)
(0.0348364 -0.227412 0)
(0.0409246 -0.333708 0)
(0.0309627 -0.426789 0)
(0.00256462 -0.496401 0)
(-0.0177108 -0.421967 0)
(-0.12922 -0.236351 0)
(-0.0956036 -0.448183 0)
(-0.090863 -0.373758 0)
(-0.0807869 -0.258295 0)
(-0.0419826 -0.197918 0)
(-0.0219807 -0.148966 0)
(-0.0113923 -0.124749 0)
(-0.00496318 -0.118074 0)
(-0.00127873 -0.118031 0)
(9.30348e-05 -0.120269 0)
(-0.055058 -0.0308302 0)
(-0.0720449 -0.0604496 0)
(-0.0645564 -0.0766232 0)
(-0.0719939 -0.0681787 0)
(-0.329696 0.0496779 0)
(-0.326385 0.0369635 0)
(-0.329647 0.0497685 0)
(-0.328537 0.0674178 0)
(-0.712857 -0.175781 0)
(-0.607656 -0.1077 0)
(-0.535672 -0.00332966 0)
(-0.495096 0.0752674 0)
(-0.767539 -0.494557 0)
(-0.790889 -0.366492 0)
(-0.681177 -0.22393 0)
(-0.555828 -0.12926 0)
(-0.733842 -0.244407 0)
(-0.809444 -0.284337 0)
(-0.844931 -0.389956 0)
(-0.827326 -0.321325 0)
(-0.713404 0.0410693 0)
(-0.752681 -0.16779 0)
(-0.74158 -0.307992 0)
(-0.707422 -0.363672 0)
(-0.590554 0.178851 0)
(-0.613936 -0.16468 0)
(-0.613106 -0.33111 0)
(-0.586176 -0.399653 0)
(-0.53606 0.413185 0)
(-0.551655 0.0225094 0)
(-0.56592 -0.301994 0)
(-0.595177 -0.425195 0)
(-0.633486 0.26837 0)
(-0.65054 -0.0713675 0)
(-0.695844 -0.184268 0)
(-0.827693 -0.166592 0)
(-0.657142 0.237643 0)
(-0.701053 0.0715617 0)
(-0.745207 0.0216257 0)
(-0.838469 0.039813 0)
(-0.540034 0.220248 0)
(-0.568421 0.15109 0)
(-0.64144 0.164512 0)
(-0.754213 0.205508 0)
(-0.403341 0.241658 0)
(-0.463006 0.255807 0)
(-0.56401 0.356732 0)
(-0.660072 0.388868 0)
(-0.291626 0.357654 0)
(-0.367147 0.449193 0)
(-0.414851 0.493252 0)
(-0.437859 0.423773 0)
(-0.183555 0.462218 0)
(-0.213598 0.507088 0)
(-0.20296 0.473881 0)
(-0.191736 0.37821 0)
(-0.0153126 0.501989 0)
(-0.000241402 0.478132 0)
(0.0296723 0.422557 0)
(0.0758384 0.358856 0)
(0.208809 0.485423 0)
(0.211258 0.432855 0)
(0.216753 0.385061 0)
(0.227339 0.36357 0)
(0.352833 0.490003 0)
(0.334869 0.435839 0)
(0.323379 0.393579 0)
(0.293702 0.402705 0)
(0.412319 0.495107 0)
(0.400454 0.459053 0)
(0.404061 0.420614 0)
(0.375587 0.464516 0)
(0.599053 0.490965 0)
(0.591027 0.46747 0)
(0.593852 0.41895 0)
(0.582595 0.423003 0)
(0.99414 0.534378 0)
(0.982469 0.512066 0)
(0.969043 0.465001 0)
(0.943437 0.416781 0)
(1.25086 0.529159 0)
(1.26289 0.529845 0)
(1.26192 0.508858 0)
(1.24409 0.4691 0)
(1.20847 0.44036 0)
(1.2498 0.474749 0)
(1.27497 0.492177 0)
(1.28538 0.492242 0)
(1.00791 0.324003 0)
(1.06451 0.380707 0)
(1.10964 0.427515 0)
(1.14516 0.464667 0)
(0.791827 0.187703 0)
(0.85413 0.255008 0)
(0.910852 0.320136 0)
(0.959357 0.385385 0)
(0.56886 0.0518983 0)
(0.637826 0.130327 0)
(0.701421 0.207106 0)
(0.752888 0.275364 0)
(0.28708 -0.115305 0)
(0.361991 -0.0239887 0)
(0.43226 0.0663129 0)
(0.490799 0.137699 0)
(0.00838528 -0.230994 0)
(0.0670626 -0.157531 0)
(0.133401 -0.0870376 0)
(0.198635 -0.0221979 0)
(-0.169836 -0.304054 0)
(-0.143008 -0.27649 0)
(-0.118177 -0.242042 0)
(-0.0888501 -0.154154 0)
(-0.213722 -0.319972 0)
(-0.217718 -0.291155 0)
(-0.227697 -0.239535 0)
(-0.227387 -0.164295 0)
(-0.165163 -0.3018 0)
(-0.175122 -0.273892 0)
(-0.18475 -0.23871 0)
(-0.185632 -0.194055 0)
(-0.0978752 -0.283401 0)
(-0.105369 -0.258203 0)
(-0.110975 -0.232818 0)
(-0.111612 -0.206593 0)
(-0.0492848 -0.263149 0)
(-0.0565859 -0.242941 0)
(-0.0615668 -0.223899 0)
(-0.063492 -0.205891 0)
(-0.0121423 -0.242205 0)
(-0.0207392 -0.227557 0)
(-0.0272006 -0.21431 0)
(-0.0312965 -0.202408 0)
(0.0149344 -0.21755 0)
(0.00511495 -0.208464 0)
(-0.0027958 -0.200123 0)
(-0.0088332 -0.19291 0)
(0.0310322 -0.191536 0)
(0.020839 -0.18758 0)
(0.0122163 -0.183649 0)
(0.00504922 -0.180258 0)
(0.0369758 -0.16699 0)
(0.0277113 -0.166959 0)
(0.0194634 -0.166409 0)
(0.012183 -0.165815 0)
(0.0347811 -0.146864 0)
(0.0276119 -0.149262 0)
(0.0208384 -0.150811 0)
(0.0145589 -0.151939 0)
(0.0273897 -0.133025 0)
(0.0227757 -0.136416 0)
(0.0180784 -0.138851 0)
(0.0135086 -0.140735 0)
(0.0180043 -0.125264 0)
(0.0156343 -0.128516 0)
(0.0129338 -0.130989 0)
(0.0101453 -0.132992 0)
(0.00943369 -0.121961 0)
(0.00860263 -0.124496 0)
(0.00740019 -0.126591 0)
(0.00601784 -0.128347 0)
(0.00351914 -0.121577 0)
(0.00344168 -0.123335 0)
(0.00308801 -0.124913 0)
(0.0025519 -0.126249 0)
(0.000561292 -0.122596 0)
(0.000615646 -0.123849 0)
(0.000574855 -0.125027 0)
(0.000442589 -0.126034 0)
(-0.0574057 0.129065 0)
(0.0357397 0.0542192 0)
(-0.187909 0.0552604 0)
(-0.461234 0.0617521 0)
(-0.562187 -0.0120745 0)
(-0.589695 -0.0375104 0)
(-0.515663 0.0458528 0)
(-0.411686 0.125057 0)
(-0.333963 0.120695 0)
(-0.322927 0.0582146 0)
(-0.313129 -0.0178025 0)
(-0.3237 -0.0824871 0)
(-0.343511 -0.130285 0)
(-0.319133 -0.155171 0)
(-0.243544 -0.14486 0)
(-0.142242 -0.110473 0)
(-0.0468086 -0.0439423 0)
(0.000253771 -0.00503569 0)
(0.0116108 -0.0104286 0)
(-0.289645 0.109547 0)
(-0.295653 0.181919 0)
(-0.439518 0.24286 0)
(-0.563841 0.195845 0)
(-0.66373 0.00833778 0)
(-0.691769 -0.113743 0)
(-0.66792 -0.0471922 0)
(-0.56531 0.0341485 0)
(-0.494997 0.0547294 0)
(-0.448291 0.0380786 0)
(-0.444017 0.00599252 0)
(-0.46867 -0.0479537 0)
(-0.483119 -0.124593 0)
(-0.458642 -0.199933 0)
(-0.39895 -0.227803 0)
(-0.311245 -0.195962 0)
(-0.191722 -0.110423 0)
(-0.0945161 -0.0439015 0)
(-0.027872 -0.0295056 0)
(-0.442687 0.160569 0)
(-0.375204 0.253551 0)
(-0.271935 0.33094 0)
(0.00640267 0.387095 0)
(0.167745 0.189734 0)
(-0.0509707 0.04772 0)
(-1.01284 8.30131e-05 0)
(-0.872453 -0.0157116 0)
(-0.78103 0.00149816 0)
(-0.722961 -0.00148313 0)
(-0.706321 -0.0269296 0)
(-0.687726 -0.08509 0)
(-0.627968 -0.167426 0)
(-0.548663 -0.249573 0)
(-0.490003 -0.284405 0)
(-0.430691 -0.281982 0)
(-0.317336 -0.219917 0)
(-0.166849 -0.155312 0)
(-0.0440461 -0.110174 0)
(-0.427768 -0.0727132 0)
(-0.272075 -0.0736769 0)
(-0.104266 -0.146107 0)
(0.012256 -0.0874246 0)
(-0.0382828 0.0871785 0)
(-0.64992 0.691085 0)
(-1.16038 0.474167 0)
(-1.20619 -0.0599229 0)
(-1.54861 -0.0336761 0)
(-1.67185 0.0106822 0)
(-1.64502 -0.0421912 0)
(-1.34526 -0.162531 0)
(-0.91307 -0.31022 0)
(-0.652846 -0.382857 0)
(-0.544698 -0.336503 0)
(-0.475111 -0.35276 0)
(-0.371641 -0.341822 0)
(-0.209685 -0.316797 0)
(-0.0514944 -0.215565 0)
(-0.698326 -0.183933 0)
(-0.526042 -0.0824071 0)
(-0.455175 0.0480402 0)
(-0.493798 0.208687 0)
(-0.757874 0.710731 0)
(-0.938174 1.05118 0)
(-1.04415 0.696791 0)
(-0.954193 0.265223 0)
(-1.09986 0.131366 0)
(-1.25694 -0.00949685 0)
(-1.38327 -0.180796 0)
(-1.11383 -0.466773 0)
(-0.781048 -0.644259 0)
(-0.681301 -0.56785 0)
(-0.59807 -0.428537 0)
(-0.500552 -0.431711 0)
(-0.387177 -0.451059 0)
(-0.223749 -0.475113 0)
(-0.0567939 -0.34288 0)
(-0.653773 -0.337015 0)
(-0.671864 -0.183224 0)
(-0.797216 -0.018002 0)
(-0.856029 0.292536 0)
(-0.885298 0.788371 0)
(-0.845332 0.983306 0)
(-0.601297 0.556828 0)
(-0.298047 0.246176 0)
(-0.330834 0.254599 0)
(-0.361222 0.159199 0)
(-0.625833 -0.120423 0)
(-0.607942 -0.621239 0)
(-0.575451 -0.782405 0)
(-0.562034 -0.643512 0)
(-0.456053 -0.463234 0)
(-0.471432 -0.537475 0)
(-0.415066 -0.614949 0)
(-0.234034 -0.65942 0)
(-0.0343319 -0.461493 0)
(-0.554669 -0.353158 0)
(-0.585162 -0.149757 0)
(-0.672269 0.0703649 0)
(-0.7027 0.284486 0)
(-0.640734 0.628306 0)
(-0.475266 0.739832 0)
(0.0407599 0.213069 0)
(0.290855 0.0185179 0)
(0.312234 0.141757 0)
(0.308354 0.23382 0)
(0.242855 0.240524 0)
(-0.300962 -0.489096 0)
(-0.501438 -0.762884 0)
(-0.570384 -0.738141 0)
(-0.42684 -0.540501 0)
(-0.317269 -0.464215 0)
(-0.336622 -0.661031 0)
(-0.267344 -0.88241 0)
(-0.0250524 -0.557445 0)
(-0.673678 -0.350101 0)
(-0.785569 -0.03728 0)
(-0.712182 0.118759 0)
(-0.556556 0.208257 0)
(-0.362012 0.334665 0)
(-0.0705414 0.325914 0)
(0.263847 -0.00853936 0)
(0.347004 -0.0793528 0)
(0.376431 0.0928409 0)
(0.374202 0.209602 0)
(0.496312 0.326198 0)
(0.390396 0.198425 0)
(-0.263524 -0.526748 0)
(-0.516958 -0.736672 0)
(-0.486801 -0.67498 0)
(-0.344193 -0.574999 0)
(-0.292866 -0.581612 0)
(-0.274013 -0.8747 0)
(-0.0845597 -0.801801 0)
(-1.06592 -0.095098 0)
(-1.20557 -0.028596 0)
(-1.06885 0.00256764 0)
(-0.776499 0.0885023 0)
(-0.379946 0.141861 0)
(-0.00128087 0.0774841 0)
(0.23389 -0.128763 0)
(0.322907 -0.066923 0)
(0.352217 0.13177 0)
(0.374017 0.172122 0)
(0.405578 0.186891 0)
(0.513603 0.240712 0)
(0.340503 -0.00566965 0)
(-0.183565 -0.53707 0)
(-0.391405 -0.702323 0)
(-0.356898 -0.678756 0)
(-0.348513 -0.685474 0)
(-0.262236 -1.04615 0)
(-0.0915924 -0.937731 0)
(-1.02736 0.0469595 0)
(-1.10051 -0.0864738 0)
(-0.987651 -0.222671 0)
(-0.749912 -0.302786 0)
(-0.367502 -0.334346 0)
(0.00125879 -0.288752 0)
(0.339616 -0.274411 0)
(0.518246 -0.153377 0)
(0.602263 0.0509856 0)
(0.723666 0.165777 0)
(0.722896 0.201719 0)
(0.850367 0.213709 0)
(0.628051 0.152174 0)
(0.604778 -0.0902378 0)
(0.13871 -0.507215 0)
(-0.325539 -0.610035 0)
(-0.24211 -0.713598 0)
(-0.158272 -1.17447 0)
(-0.0475106 -1.08298 0)
(-0.871188 0.172047 0)
(-0.820077 -0.0969327 0)
(-0.644303 -0.354378 0)
(-0.32896 -0.5618 0)
(-0.0552583 -0.642763 0)
(0.150334 -0.611146 0)
(0.365235 -0.527099 0)
(0.594749 -0.303474 0)
(0.759663 -0.0752415 0)
(0.860873 0.0015478 0)
(0.932842 0.110114 0)
(1.09563 0.238101 0)
(0.957108 0.299712 0)
(0.718636 0.118457 0)
(0.610966 -0.107685 0)
(0.133175 -0.446178 0)
(0.105707 -0.671299 0)
(-0.0407008 -1.15326 0)
(-0.00508834 -1.15125 0)
(-0.647448 0.161674 0)
(-0.506847 -0.273618 0)
(-0.30677 -0.597147 0)
(-0.0366496 -0.788677 0)
(0.110401 -0.798377 0)
(0.232914 -0.751917 0)
(0.353798 -0.685852 0)
(0.524919 -0.515976 0)
(0.780569 -0.176671 0)
(0.874784 0.0145495 0)
(0.808032 0.0226318 0)
(0.921696 0.0959178 0)
(1.09488 0.261434 0)
(1.08916 0.293727 0)
(1.00311 0.144352 0)
(0.761472 -0.1503 0)
(0.479254 -0.531587 0)
(0.154525 -1.01644 0)
(0.0200476 -1.15607 0)
(-0.410251 0.128671 0)
(-0.302981 -0.404791 0)
(-0.0596525 -0.824197 0)
(0.0757875 -0.927338 0)
(0.127678 -0.882871 0)
(0.191424 -0.835334 0)
(0.289064 -0.786016 0)
(0.428842 -0.697828 0)
(0.651997 -0.435743 0)
(0.942893 -0.0285068 0)
(0.974183 0.127339 0)
(0.834375 0.0378606 0)
(0.879517 0.0898143 0)
(1.04914 0.213775 0)
(1.12754 0.219158 0)
(1.06127 0.0618454 0)
(0.867001 -0.214474 0)
(0.355261 -0.666677 0)
(0.0224872 -1.02732 0)
(-0.221039 0.0987487 0)
(-0.0992644 -0.557612 0)
(0.0826438 -0.969804 0)
(0.0675056 -0.958078 0)
(0.0436299 -0.896061 0)
(0.0712941 -0.892572 0)
(0.163502 -0.879859 0)
(0.30781 -0.847445 0)
(0.514926 -0.677511 0)
(0.807698 -0.292641 0)
(1.07599 0.152515 0)
(0.974211 0.203344 0)
(0.732457 0.0954075 0)
(0.737193 0.137636 0)
(0.849209 0.171097 0)
(0.925313 0.103699 0)
(0.948423 0.0223046 0)
(0.495823 -0.18621 0)
(0.0215692 -0.8276 0)
(-0.070377 0.151801 0)
(0.108004 -0.694348 0)
(0.098855 -0.974572 0)
(0.00671393 -0.904213 0)
(-0.0544781 -0.879352 0)
(-0.026385 -0.947709 0)
(0.0651013 -0.984934 0)
(0.199607 -1.01418 0)
(0.387401 -0.895104 0)
(0.638867 -0.55255 0)
(0.950524 -0.0214542 0)
(1.04987 0.335381 0)
(0.758604 0.29683 0)
(0.476648 0.13086 0)
(0.451041 0.0202126 0)
(0.557295 -0.0331311 0)
(0.685132 0.0672696 0)
(0.475917 0.160136 0)
(0.0353278 -0.594114 0)
(0.104967 0.201937 0)
(0.214445 -0.718235 0)
(0.0752884 -0.90699 0)
(-0.0546385 -0.816837 0)
(-0.115931 -0.860768 0)
(-0.053496 -1.00756 0)
(0.0565535 -1.09133 0)
(0.165712 -1.1482 0)
(0.282486 -1.08991 0)
(0.484872 -0.794804 0)
(0.794645 -0.209411 0)
(1.0084 0.365554 0)
(0.853254 0.555292 0)
(0.532733 0.350867 0)
(0.340985 0.0627643 0)
(0.336383 -0.0981853 0)
(0.457503 0.0670468 0)
(0.382846 0.386359 0)
(0.0575372 -0.38168 0)
(0.266993 0.240641 0)
(0.286513 -0.639451 0)
(0.0697552 -0.783408 0)
(-0.0803037 -0.712609 0)
(-0.0883262 -0.879329 0)
(0.0142516 -1.09457 0)
(0.130104 -1.19047 0)
(0.213564 -1.21568 0)
(0.249833 -1.20657 0)
(0.342398 -1.00662 0)
(0.601721 -0.434688 0)
(0.866935 0.250925 0)
(0.904807 0.703785 0)
(0.699023 0.609407 0)
(0.473067 0.216752 0)
(0.353211 -0.0934753 0)
(0.372956 0.0590864 0)
(0.306322 0.525386 0)
(0.0831556 -0.216957 0)
(0.394772 0.176164 0)
(0.380734 -0.511874 0)
(0.138221 -0.633293 0)
(-0.0100204 -0.664157 0)
(0.0195623 -0.939335 0)
(0.0996789 -1.19032 0)
(0.204081 -1.26816 0)
(0.270377 -1.25182 0)
(0.273988 -1.22671 0)
(0.276011 -1.11112 0)
(0.389628 -0.643971 0)
(0.645418 0.107284 0)
(0.776758 0.694183 0)
(0.712144 0.768965 0)
(0.550382 0.399511 0)
(0.396274 0.00209067 0)
(0.327551 0.137954 0)
(0.240621 0.638188 0)
(0.113077 -0.0294911 0)
(0.628846 0.223315 0)
(0.536928 -0.360213 0)
(0.300358 -0.502957 0)
(0.151804 -0.611227 0)
(0.148875 -0.960222 0)
(0.193139 -1.27453 0)
(0.292335 -1.34606 0)
(0.348545 -1.26445 0)
(0.317106 -1.20844 0)
(0.264791 -1.1154 0)
(0.274486 -0.746509 0)
(0.417975 -0.0293715 0)
(0.568307 0.633333 0)
(0.578671 0.805414 0)
(0.499461 0.490691 0)
(0.377329 0.123188 0)
(0.274709 0.248369 0)
(0.175716 0.71122 0)
(0.118391 0.137638 0)
(0.946155 0.268361 0)
(0.793907 -0.15071 0)
(0.514725 -0.361524 0)
(0.353053 -0.522945 0)
(0.309381 -0.934883 0)
(0.324848 -1.33617 0)
(0.385097 -1.43298 0)
(0.456742 -1.27544 0)
(0.396456 -1.14848 0)
(0.299699 -1.07402 0)
(0.245836 -0.769545 0)
(0.267887 -0.0855097 0)
(0.36918 0.56599 0)
(0.409576 0.772701 0)
(0.410309 0.519207 0)
(0.369847 0.226452 0)
(0.2418 0.369366 0)
(0.111549 0.767457 0)
(0.125363 0.231272 0)
(1.2055 0.363472 0)
(1.04533 0.0817915 0)
(0.758331 -0.164846 0)
(0.55276 -0.395684 0)
(0.488893 -0.877782 0)
(0.478253 -1.35096 0)
(0.470135 -1.48482 0)
(0.511298 -1.291 0)
(0.479375 -1.06673 0)
(0.356279 -1.00339 0)
(0.27346 -0.729424 0)
(0.213594 -0.0790625 0)
(0.230325 0.538437 0)
(0.245897 0.71923 0)
(0.303664 0.491061 0)
(0.355231 0.301838 0)
(0.219777 0.513229 0)
(0.069553 0.791937 0)
(0.123778 0.31915 0)
(1.26557 0.453953 0)
(1.11559 0.258084 0)
(0.889943 0.0314109 0)
(0.697088 -0.258812 0)
(0.645823 -0.819423 0)
(0.618728 -1.33189 0)
(0.55262 -1.48014 0)
(0.528229 -1.29526 0)
(0.526149 -0.99938 0)
(0.411304 -0.915147 0)
(0.320651 -0.66606 0)
(0.232726 -0.0321482 0)
(0.150021 0.582158 0)
(0.121606 0.654604 0)
(0.246458 0.372579 0)
(0.349637 0.323096 0)
(0.227434 0.658305 0)
(0.0713332 0.809122 0)
(0.113647 0.410023 0)
(1.17461 0.508516 0)
(1.07196 0.40637 0)
(0.85391 0.18934 0)
(0.739661 -0.190983 0)
(0.762827 -0.790488 0)
(0.720874 -1.29088 0)
(0.60956 -1.42374 0)
(0.53304 -1.27131 0)
(0.540847 -0.947945 0)
(0.453887 -0.834814 0)
(0.362848 -0.592246 0)
(0.26921 0.0554297 0)
(0.117668 0.679003 0)
(0.0980423 0.581083 0)
(0.228854 0.246315 0)
(0.316042 0.322779 0)
(0.242446 0.789068 0)
(0.103553 0.858824 0)
(0.0999692 0.509962 0)
(1.03186 0.508261 0)
(1.00021 0.507077 0)
(0.863631 0.285935 0)
(0.829143 -0.154529 0)
(0.863639 -0.754152 0)
(0.777063 -1.20779 0)
(0.62493 -1.32863 0)
(0.523119 -1.22351 0)
(0.538161 -0.912644 0)
(0.460007 -0.77461 0)
(0.376638 -0.506016 0)
(0.284873 0.156079 0)
(0.120179 0.774714 0)
(0.137634 0.52096 0)
(0.213949 0.172071 0)
(0.254921 0.318 0)
(0.237982 0.883228 0)
(0.133773 0.927704 0)
(0.0821266 0.602945 0)
(0.866939 0.456355 0)
(0.934681 0.551057 0)
(0.907684 0.370423 0)
(0.924058 -0.10308 0)
(0.911453 -0.692254 0)
(0.759709 -1.07813 0)
(0.581133 -1.20999 0)
(0.480592 -1.16777 0)
(0.502773 -0.891218 0)
(0.403165 -0.721908 0)
(0.328642 -0.412549 0)
(0.246542 0.275215 0)
(0.115608 0.829172 0)
(0.16417 0.486101 0)
(0.211357 0.139948 0)
(0.201022 0.315665 0)
(0.20542 0.933363 0)
(0.132519 0.998248 0)
(0.0596927 0.684858 0)
(0.633693 0.331338 0)
(0.780603 0.494031 0)
(0.850367 0.351705 0)
(0.882147 -0.0990182 0)
(0.818783 -0.619064 0)
(0.634589 -0.919375 0)
(0.469444 -1.09627 0)
(0.387815 -1.11027 0)
(0.389885 -0.869741 0)
(0.28436 -0.665286 0)
(0.204656 -0.325471 0)
(0.133551 0.400434 0)
(0.0688428 0.822968 0)
(0.156965 0.438333 0)
(0.216371 0.128567 0)
(0.159533 0.342951 0)
(0.143015 0.967612 0)
(0.0934378 1.05828 0)
(0.0395153 0.75166 0)
(0.325096 0.162597 0)
(0.506781 0.348551 0)
(0.609511 0.232407 0)
(0.656996 -0.140207 0)
(0.58762 -0.507866 0)
(0.440868 -0.77791 0)
(0.316489 -1.00783 0)
(0.245753 -1.04386 0)
(0.194214 -0.822253 0)
(0.120045 -0.590466 0)
(0.010627 -0.247136 0)
(-0.0528747 0.475493 0)
(-0.0195539 0.753207 0)
(0.148229 0.345944 0)
(0.221493 0.126714 0)
(0.112692 0.405312 0)
(0.0486711 1.00496 0)
(0.03213 1.08925 0)
(0.0211776 0.794864 0)
(0.00707734 0.055301 0)
(0.16649 0.202004 0)
(0.303763 0.111846 0)
(0.389627 -0.150013 0)
(0.342416 -0.417982 0)
(0.258204 -0.688851 0)
(0.158118 -0.931489 0)
(0.0772294 -0.967644 0)
(-0.00718966 -0.770083 0)
(-0.0513181 -0.489942 0)
(-0.254143 -0.0520323 0)
(-0.20846 0.475379 0)
(-0.0520911 0.578561 0)
(0.191086 0.221804 0)
(0.206649 0.1525 0)
(0.0200005 0.52973 0)
(-0.0699988 1.04133 0)
(-0.0346158 1.0792 0)
(-0.00352224 0.800229 0)
(-0.169367 -0.0531179 0)
(-0.036896 0.0509457 0)
(0.11592 -0.0124469 0)
(0.190369 -0.174087 0)
(0.164543 -0.365585 0)
(0.116407 -0.628238 0)
(0.0192607 -0.847285 0)
(-0.084317 -0.893352 0)
(-0.160961 -0.729289 0)
(-0.17739 -0.404795 0)
(-0.204856 0.00962682 0)
(-0.170311 0.294574 0)
(0.0807651 0.315839 0)
(0.22588 0.144019 0)
(0.0836907 0.27517 0)
(-0.137188 0.700223 0)
(-0.185724 1.04155 0)
(-0.0986042 1.03115 0)
(-0.0318073 0.756907 0)
(-0.151312 -0.129318 0)
(-0.0644392 -0.0632581 0)
(0.0396743 -0.098227 0)
(0.0825516 -0.179437 0)
(0.062197 -0.331399 0)
(0.0175275 -0.567195 0)
(-0.0826516 -0.748695 0)
(-0.212624 -0.815155 0)
(-0.290301 -0.714935 0)
(-0.277585 -0.435538 0)
(-0.122632 -0.072562 0)
(-0.0427964 0.108322 0)
(0.108431 0.15491 0)
(0.0379355 0.209181 0)
(-0.164512 0.477776 0)
(-0.301873 0.810498 0)
(-0.271131 0.985363 0)
(-0.146476 0.948221 0)
(-0.0530069 0.674423 0)
(-0.0932089 -0.170225 0)
(-0.045605 -0.134447 0)
(0.00686171 -0.144997 0)
(0.0289429 -0.17464 0)
(0.0119698 -0.298703 0)
(-0.0392524 -0.49632 0)
(-0.140395 -0.636952 0)
(-0.291837 -0.705264 0)
(-0.425638 -0.673115 0)
(-0.457212 -0.499916 0)
(-0.364106 -0.20182 0)
(-0.250753 0.0391682 0)
(-0.230541 0.201114 0)
(-0.319852 0.379253 0)
(-0.409664 0.619454 0)
(-0.411129 0.808467 0)
(-0.308162 0.880254 0)
(-0.168386 0.841247 0)
(-0.0613389 0.571479 0)
(-0.0573586 -0.18106 0)
(-0.0345326 -0.160496 0)
(-0.0117428 -0.167939 0)
(0.00411523 -0.172201 0)
(-0.00724735 -0.265289 0)
(-0.0615614 -0.423974 0)
(-0.15613 -0.523583 0)
(-0.304102 -0.566752 0)
(-0.481592 -0.550286 0)
(-0.604567 -0.429656 0)
(-0.629139 -0.215184 0)
(-0.596822 0.0286413 0)
(-0.570136 0.251104 0)
(-0.56177 0.43809 0)
(-0.524972 0.606259 0)
(-0.431203 0.714215 0)
(-0.295252 0.752914 0)
(-0.164962 0.727778 0)
(-0.0593664 0.46595 0)
(-0.0326563 -0.185503 0)
(-0.0234171 -0.173334 0)
(-0.0176411 -0.178605 0)
(-0.0094269 -0.175058 0)
(-0.0134079 -0.236121 0)
(-0.0634336 -0.357262 0)
(-0.146707 -0.425335 0)
(-0.26205 -0.438235 0)
(-0.415399 -0.42289 0)
(-0.565149 -0.347128 0)
(-0.65475 -0.196341 0)
(-0.670778 -0.0037665 0)
(-0.642182 0.193867 0)
(-0.587673 0.364476 0)
(-0.496728 0.499792 0)
(-0.375414 0.587098 0)
(-0.250167 0.63387 0)
(-0.145073 0.624721 0)
(-0.0516501 0.370269 0)
(-0.0147947 -0.182587 0)
(-0.0152093 -0.175516 0)
(-0.0184849 -0.179707 0)
(-0.0183804 -0.178457 0)
(-0.0179523 -0.214138 0)
(-0.0580683 -0.299087 0)
(-0.132602 -0.34689 0)
(-0.220428 -0.336779 0)
(-0.323588 -0.301085 0)
(-0.435709 -0.242046 0)
(-0.522175 -0.143546 0)
(-0.55651 -0.00964806 0)
(-0.5417 0.133887 0)
(-0.484784 0.272431 0)
(-0.395962 0.389403 0)
(-0.292857 0.477761 0)
(-0.198588 0.541823 0)
(-0.118942 0.540485 0)
(-0.0396793 0.291329 0)
(-0.00368188 -0.175128 0)
(-0.0106978 -0.171422 0)
(-0.0179698 -0.175284 0)
(-0.0240131 -0.17891 0)
(-0.0256965 -0.199436 0)
(-0.0544523 -0.250286 0)
(-0.118137 -0.281654 0)
(-0.191565 -0.268047 0)
(-0.261351 -0.225665 0)
(-0.328178 -0.164827 0)
(-0.384379 -0.0858969 0)
(-0.415196 0.00857668 0)
(-0.410001 0.110522 0)
(-0.36774 0.215164 0)
(-0.301468 0.313638 0)
(-0.226598 0.4023 0)
(-0.15734 0.475295 0)
(-0.0926889 0.472689 0)
(-0.0241497 0.232062 0)
(0.00237939 -0.164505 0)
(-0.0080868 -0.163838 0)
(-0.0172602 -0.16796 0)
(-0.0269788 -0.174086 0)
(-0.035118 -0.187328 0)
(-0.0574873 -0.212841 0)
(-0.106264 -0.226441 0)
(-0.166273 -0.211139 0)
(-0.221416 -0.174247 0)
(-0.266407 -0.121776 0)
(-0.299706 -0.0555329 0)
(-0.317998 0.0195423 0)
(-0.315117 0.0999464 0)
(-0.288035 0.181844 0)
(-0.242181 0.264816 0)
(-0.186396 0.348712 0)
(-0.128059 0.420467 0)
(-0.0680574 0.41416 0)
(-0.00846256 0.192417 0)
(0.00549112 -0.152962 0)
(-0.00560572 -0.154588 0)
(-0.0161595 -0.158792 0)
(-0.0279882 -0.164377 0)
(-0.0414546 -0.172693 0)
(-0.0629443 -0.183853 0)
(-0.098917 -0.184819 0)
(-0.14296 -0.166846 0)
(-0.185143 -0.133703 0)
(-0.220036 -0.089597 0)
(-0.244752 -0.0353023 0)
(-0.257231 0.0260745 0)
(-0.255643 0.0907118 0)
(-0.238347 0.156945 0)
(-0.205572 0.226879 0)
(-0.160034 0.301902 0)
(-0.105194 0.366954 0)
(-0.0461325 0.36066 0)
(0.00289183 0.169427 0)
(0.00646647 -0.142742 0)
(-0.00300821 -0.145106 0)
(-0.0136079 -0.148358 0)
(-0.0263629 -0.152055 0)
(-0.0417838 -0.155938 0)
(-0.0627649 -0.15911 0)
(-0.0907169 -0.153789 0)
(-0.122013 -0.134603 0)
(-0.152099 -0.103939 0)
(-0.178023 -0.0651234 0)
(-0.19763 -0.019281 0)
(-0.208517 0.0315752 0)
(-0.208873 0.0843552 0)
(-0.197962 0.137999 0)
(-0.174079 0.195099 0)
(-0.136203 0.258076 0)
(-0.0854739 0.314364 0)
(-0.0294257 0.312798 0)
(0.00794379 0.15799 0)
(0.00551215 -0.13515 0)
(-0.00114654 -0.136994 0)
(-0.00954628 -0.138217 0)
(-0.0208754 -0.139392 0)
(-0.0355631 -0.139821 0)
(-0.0545275 -0.13825 0)
(-0.0773005 -0.130317 0)
(-0.100589 -0.111742 0)
(-0.121976 -0.0829863 0)
(-0.140568 -0.0470984 0)
(-0.155263 -0.00623615 0)
(-0.164364 0.0373741 0)
(-0.165877 0.0816695 0)
(-0.159133 0.125529 0)
(-0.14217 0.170831 0)
(-0.112343 0.220681 0)
(-0.0690912 0.267572 0)
(-0.0196461 0.272729 0)
(0.00804459 0.152747 0)
(0.00336816 -0.130278 0)
(-0.000572068 -0.131367 0)
(-0.00572805 -0.130674 0)
(-0.0132566 -0.128746 0)
(-0.0243508 -0.125487 0)
(-0.0396146 -0.120428 0)
(-0.058015 -0.111056 0)
(-0.0766121 -0.0940141 0)
(-0.0930433 -0.0680383 0)
(-0.10679 -0.0347465 0)
(-0.117999 0.00288725 0)
(-0.125506 0.0418311 0)
(-0.127246 0.0803238 0)
(-0.123039 0.117209 0)
(-0.111394 0.153232 0)
(-0.0896314 0.191337 0)
(-0.0559687 0.229051 0)
(-0.0153546 0.239853 0)
(0.00587496 0.14921 0)
(0.00123613 -0.12781 0)
(-0.000806646 -0.128349 0)
(-0.00343465 -0.126682 0)
(-0.00699909 -0.122705 0)
(-0.0124207 -0.116229 0)
(-0.0210422 -0.107386 0)
(-0.0330709 -0.0953567 0)
(-0.0469141 -0.0780987 0)
(-0.0610789 -0.0540181 0)
(-0.0744153 -0.0234767 0)
(-0.0856848 0.0111678 0)
(-0.0937528 0.0468007 0)
(-0.0966754 0.0808165 0)
(-0.0945301 0.1127 0)
(-0.0867471 0.142318 0)
(-0.0715905 0.171811 0)
(-0.0466876 0.201947 0)
(-0.0140955 0.215965 0)
(0.00357648 0.146807 0)
(5.29792e-05 -0.127266 0)
(-0.000637858 -0.127478 0)
(-0.00153371 -0.125506 0)
(-0.00251459 -0.120966 0)
(-0.00363266 -0.113396 0)
(-0.00531287 -0.102519 0)
(-0.00828484 -0.0877442 0)
(-0.0129527 -0.0678996 0)
(-0.0198849 -0.0417251 0)
(-0.0306032 -0.0101318 0)
(-0.0412455 0.0242175 0)
(-0.0486019 0.0556316 0)
(-0.0539119 0.084256 0)
(-0.0552465 0.110234 0)
(-0.052525 0.133306 0)
(-0.0453723 0.154175 0)
(-0.0321766 0.17483 0)
(-0.0123602 0.188488 0)
(0.000302255 0.139351 0)
)
;

boundaryField
{
    leftWall
    {
        type            fixedValue;
        value           uniform (0 0 0);
    }
    rightWall
    {
        type            fixedValue;
        value           uniform (0 0 0);
    }
    lowerWall
    {
        type            fixedValue;
        value           uniform (0 0 0);
    }
    atmosphere
    {
        type            pressureInletOutletVelocity;
        value           nonuniform List<vector> 
46
(
(0 -0.171514 0)
(0.175131 0.407221 0)
(0.269652 0.840364 0)
(0.315533 1.05407 0)
(0.182105 1.17058 0)
(-0.153663 0.87218 0)
(-0 -0.0437865 0)
(0 -0.131396 0)
(0 -0.226942 0)
(0 -0.332041 0)
(0 -0.424272 0)
(0 -0.492763 0)
(-0 -0.420072 0)
(-0 -0.23638 0)
(-0 -0.442564 0)
(-0 -0.366268 0)
(-0 -0.254325 0)
(-0 -0.196081 0)
(-0 -0.148587 0)
(-0 -0.124913 0)
(-0 -0.118313 0)
(-0 -0.118163 0)
(0 -0.120445 0)
(0 -0.122718 0)
(0 -0.123944 0)
(0 -0.125098 0)
(0 -0.126082 0)
(0 -0.12728 0)
(-0 -0.127493 0)
(-0 -0.125489 0)
(-0 -0.120932 0)
(-0 -0.113352 0)
(-0 -0.10246 0)
(-0 -0.0876468 0)
(-0 -0.0677233 0)
(-0 -0.041405 0)
(-0 -0.00966965 0)
(-0.0412455 0.0242175 0)
(-0.0486019 0.0556316 0)
(-0.0539119 0.084256 0)
(-0.0552465 0.110234 0)
(-0.052525 0.133306 0)
(-0.0453723 0.154175 0)
(-0.0321766 0.17483 0)
(-0.0123602 0.188488 0)
(0.000302255 0.139351 0)
)
;
    }
    defaultFaces
    {
        type            empty;
    }
}


// ************************************************************************* //
