/*--------------------------------*- C++ -*----------------------------------*\
| =========                 |                                                 |
| \\      /  F ield         | OpenFOAM: The Open Source CFD Toolbox           |
|  \\    /   O peration     | Version:  2.3.0                                 |
|   \\  /    A nd           | Web:      www.OpenFOAM.org                      |
|    \\/     M anipulation  |                                                 |
\*---------------------------------------------------------------------------*/
FoamFile
{
    version     2.0;
    format      ascii;
    class       surfaceScalarField;
    location    "1.65";
    object      phi;
}
// * * * * * * * * * * * * * * * * * * * * * * * * * * * * * * * * * * * * * //

dimensions      [0 3 -1 0 0 0 0];

internalField   nonuniform List<scalar> 
4432
(
-4.29147e-06
4.29147e-06
-1.02018e-05
5.91033e-06
-1.35022e-05
3.3004e-06
-8.09697e-06
-5.40522e-06
5.36621e-06
-1.34632e-05
1.69599e-05
-1.15937e-05
1.17236e-05
5.23634e-06
-3.81643e-06
1.554e-05
-1.24948e-05
8.67837e-06
-1.23587e-05
-1.36116e-07
-9.53118e-06
-2.82751e-06
-7.65161e-06
-1.87957e-06
-6.31421e-06
-1.3374e-06
-4.50207e-06
-1.81214e-06
-2.62501e-06
-1.87707e-06
-2.72848e-06
1.03476e-07
-6.45557e-06
3.72709e-06
-1.20172e-05
5.56161e-06
-1.54183e-05
3.40114e-06
-1.43668e-05
-1.05146e-06
-1.08301e-05
-3.53673e-06
-5.91584e-06
-4.91426e-06
-5.91585e-06
-7.16273e-06
1.14542e-05
-1.54477e-05
1.41953e-05
-2.01019e-05
7.95461e-06
-1.61718e-05
-9.33529e-06
-5.56652e-06
-2.40685e-05
7.4163e-06
-2.45765e-05
1.25483e-05
1.04357e-07
3.95973e-06
2.41286e-05
-3.88775e-06
1.65259e-05
-5.26706e-06
1.2432e-06
-5.9352e-06
-2.15937e-06
-7.28029e-06
-5.3448e-07
-7.20585e-06
-1.41183e-06
-5.30821e-06
-3.70977e-06
-3.16878e-06
-4.0165e-06
-1.59107e-06
-1.47423e-06
-1.73335e-06
3.86938e-06
-4.08703e-06
7.91529e-06
-5.47244e-06
4.78655e-06
-5.69963e-06
-8.2427e-07
-5.17622e-06
-4.06015e-06
-3.1362e-06
-6.95427e-06
-9.05205e-06
-8.0254e-06
1.94796e-05
-1.83207e-05
2.44906e-05
-2.24923e-05
1.21262e-05
-1.90433e-05
-1.27843e-05
-1.17397e-05
-3.13721e-05
-2.80679e-06
-3.35094e-05
6.06082e-06
-8.76326e-06
6.47205e-06
2.37173e-05
2.30696e-06
2.06909e-05
-1.73127e-06
5.28143e-06
-5.57255e-06
1.68191e-06
-8.03222e-06
1.9252e-06
-7.90952e-06
-1.53454e-06
-5.63144e-06
-5.98785e-06
-3.18658e-06
-6.46136e-06
-1.76443e-06
-2.89637e-06
-2.11711e-07
2.31667e-06
7.8624e-07
6.91734e-06
7.16801e-07
4.85598e-06
7.10957e-07
-8.18421e-07
1.20821e-07
-3.47001e-06
-1.53409e-07
-6.68003e-06
-9.20545e-06
-7.59349e-06
2.70731e-05
-1.79142e-05
3.48114e-05
-2.07629e-05
1.49749e-05
-1.94972e-05
-1.405e-05
-1.60336e-05
-3.48358e-05
-9.89522e-06
-3.96477e-05
-1.76108e-06
-1.68974e-05
2.7005e-06
1.92558e-05
1.43182e-06
2.19596e-05
-2.57595e-06
9.28922e-06
-6.51231e-06
5.61826e-06
-8.01139e-06
3.42427e-06
-7.02312e-06
-2.5228e-06
-4.25068e-06
-8.76029e-06
-1.95898e-06
-8.75306e-06
-1.50131e-06
-3.35404e-06
-1.4487e-06
2.26406e-06
-1.39398e-06
6.86262e-06
-1.10575e-06
4.56775e-06
6.38603e-07
-2.56277e-06
2.06682e-06
-4.89822e-06
1.76464e-06
-6.37786e-06
-7.4408e-06
-6.0543e-06
3.31274e-05
-1.42872e-05
4.30443e-05
-1.66663e-05
1.7354e-05
-1.87491e-05
-1.19672e-05
-1.85594e-05
-3.50254e-05
-1.48943e-05
-4.33129e-05
-9.31904e-06
-2.24727e-05
-4.82122e-06
1.4758e-05
-3.23261e-06
2.0371e-05
-5.06341e-06
1.112e-05
-7.01586e-06
7.57071e-06
-6.7465e-06
3.15491e-06
-4.407e-06
-4.8623e-06
-4.74029e-07
-1.26933e-05
1.64418e-06
-1.08713e-05
4.3971e-07
-2.14957e-06
-2.37378e-06
5.07755e-06
-5.16885e-06
9.65769e-06
-6.27183e-06
5.67073e-06
-2.12112e-06
-6.71348e-06
2.14971e-06
-9.16905e-06
3.25334e-06
-7.48149e-06
-4.18746e-06
-3.62643e-06
3.67538e-05
-8.73095e-06
4.81488e-05
-1.20599e-05
2.06829e-05
-1.73062e-05
-6.72083e-06
-2.09195e-05
-3.14121e-05
-1.96062e-05
-4.46263e-05
-1.48443e-05
-2.72345e-05
-1.0585e-05
1.04987e-05
-7.73709e-06
1.75231e-05
-7.03879e-06
1.04217e-05
-6.23278e-06
6.76471e-06
-3.93827e-06
8.60401e-07
5.29874e-08
-8.85356e-06
4.73872e-06
-1.7379e-05
7.16893e-06
-1.33015e-05
4.57281e-06
4.46557e-07
-1.26729e-06
1.09176e-05
-7.00458e-06
1.5395e-05
-9.38007e-06
8.04621e-06
-3.47205e-06
-1.26215e-05
2.77915e-06
-1.54203e-05
4.65922e-06
-9.36155e-06
4.71757e-07
-1.17925e-06
3.79331e-05
-2.68494e-06
4.96545e-05
-6.73046e-06
2.47285e-05
-1.54575e-05
2.00626e-06
-2.33953e-05
-2.34744e-05
-2.50331e-05
-4.29885e-05
-1.98662e-05
-3.24014e-05
-1.36977e-05
4.33015e-06
-1.04136e-05
1.4239e-05
-7.06662e-06
7.07469e-06
-3.61314e-06
3.31122e-06
2.86072e-07
-3.03882e-06
5.14939e-06
-1.37169e-05
1.05007e-05
-2.27303e-05
1.27811e-05
-1.55818e-05
9.97122e-06
3.25641e-06
2.6897e-06
1.81992e-05
-6.17685e-06
2.42615e-05
-8.85217e-06
1.07215e-05
-1.04974e-06
-2.04239e-05
6.00993e-06
-2.24799e-05
8.52417e-06
-1.18758e-05
8.99593e-06
8.84399e-07
3.70487e-05
3.52823e-06
4.70107e-05
-8.2084e-07
2.90775e-05
-1.15022e-05
1.26876e-05
-2.25673e-05
-1.24092e-05
-2.90853e-05
-3.64705e-05
-2.69042e-05
-3.45825e-05
-1.73256e-05
-5.24842e-06
-9.45424e-06
6.36768e-06
-4.64896e-06
2.2694e-06
-2.22641e-08
-1.31548e-06
4.03541e-06
-7.09649e-06
9.01108e-06
-1.86925e-05
1.42628e-05
-2.7982e-05
1.6156e-05
-1.74751e-05
1.43415e-05
5.07093e-06
7.33257e-06
2.52081e-05
-5.0708e-06
3.66649e-05
-7.15961e-06
1.28103e-05
1.05961e-06
-2.86431e-05
8.7737e-06
-3.0194e-05
1.15087e-05
-1.46108e-05
2.05046e-05
-7.17185e-06
7.17185e-06
-1.8444e-05
1.12722e-05
-2.27724e-05
4.32836e-06
-1.72102e-05
-5.56215e-06
-2.88222e-06
-1.4328e-05
1.51872e-05
-1.80695e-05
3.00277e-05
-1.48404e-05
3.68023e-05
-6.77459e-06
3.6642e-05
1.60301e-07
3.68352e-05
-1.93222e-07
3.91807e-05
-2.34551e-06
3.51495e-05
4.0312e-06
2.31788e-05
1.19706e-05
1.48327e-05
8.34616e-06
1.0515e-05
4.31767e-06
2.14805e-06
8.36697e-06
-9.14542e-06
1.12934e-05
-1.06131e-05
1.46762e-06
-1.0613e-05
-1.10444e-05
1.82163e-05
-2.07477e-05
2.09754e-05
-2.34944e-05
7.07505e-06
-1.90482e-05
-1.00084e-05
-5.93153e-06
-2.74446e-05
1.0586e-05
-3.4587e-05
2.64548e-05
-3.07093e-05
3.88214e-05
-1.91413e-05
4.48771e-05
-5.89537e-06
4.63865e-05
-1.70257e-06
4.82609e-05
-4.21998e-06
4.92432e-05
3.04894e-06
4.26692e-05
1.85447e-05
2.90968e-05
2.19186e-05
1.44579e-05
1.89565e-05
1.50596e-06
2.13189e-05
-5.62446e-06
1.84238e-05
-5.07692e-06
9.20081e-07
-1.569e-05
-9.01956e-06
2.72358e-05
-1.6033e-05
2.79889e-05
-1.77189e-05
8.76092e-06
-1.14573e-05
-1.627e-05
1.70113e-06
-4.0603e-05
1.43614e-05
-4.72473e-05
2.51402e-05
-4.1488e-05
3.42254e-05
-2.82264e-05
4.04324e-05
-1.21023e-05
4.38898e-05
-5.15999e-06
4.63136e-05
-6.64383e-06
4.83949e-05
9.67698e-07
4.58615e-05
2.10781e-05
3.42925e-05
3.34875e-05
2.03544e-05
3.28947e-05
1.22161e-05
2.94572e-05
5.47689e-06
2.51631e-05
2.23598e-06
4.16097e-06
-1.3454e-05
-5.03639e-06
3.22722e-05
-8.28309e-06
3.12356e-05
-5.64397e-06
6.12182e-06
4.62023e-06
-2.65342e-05
1.61239e-05
-5.21067e-05
2.50045e-05
-5.6128e-05
3.00347e-05
-4.65182e-05
3.40822e-05
-3.2274e-05
3.77254e-05
-1.57455e-05
4.01343e-05
-7.56892e-06
4.21765e-05
-8.68596e-06
4.41118e-05
-9.67615e-07
4.25095e-05
2.26804e-05
3.28048e-05
4.31922e-05
2.39328e-05
4.17667e-05
2.30065e-05
3.03835e-05
2.1083e-05
2.70865e-05
1.27279e-05
1.2516e-05
-7.26046e-07
-2.76439e-07
3.25487e-05
1.73887e-06
2.92203e-05
9.97318e-06
-2.11249e-06
2.20463e-05
-3.86074e-05
3.1991e-05
-6.20513e-05
3.73827e-05
-6.15197e-05
3.78731e-05
-4.70086e-05
3.63254e-05
-3.07262e-05
3.60759e-05
-1.5496e-05
3.70128e-05
-8.50583e-06
3.92945e-05
-1.09676e-05
4.05455e-05
-2.21864e-06
3.6834e-05
2.63919e-05
2.66937e-05
5.33325e-05
2.08987e-05
4.75617e-05
2.3607e-05
2.76751e-05
2.36789e-05
2.70146e-05
1.5412e-05
2.07829e-05
1.46859e-05
6.45842e-06
2.60903e-05
1.44498e-05
2.12289e-05
2.59762e-05
-1.36389e-05
3.8501e-05
-5.11322e-05
4.60937e-05
-6.96441e-05
4.84126e-05
-6.38386e-05
4.576e-05
-4.4356e-05
3.99595e-05
-2.49258e-05
3.60977e-05
-1.16342e-05
3.60017e-05
-8.40977e-06
3.81525e-05
-1.31185e-05
3.68614e-05
-9.27502e-07
2.85471e-05
3.47062e-05
1.68303e-05
6.50493e-05
9.72482e-06
5.46671e-05
1.22449e-05
2.51551e-05
1.626e-05
2.29995e-05
1.11133e-05
2.59296e-05
2.57992e-05
1.07505e-05
1.53398e-05
2.57896e-05
6.18988e-06
4.12484e-05
-2.90978e-05
5.20897e-05
-6.19734e-05
5.66997e-05
-7.42541e-05
5.65844e-05
-6.37233e-05
5.24261e-05
-4.01977e-05
4.48372e-05
-1.73369e-05
3.81107e-05
-4.90771e-06
3.57158e-05
-6.01485e-06
3.58599e-05
-1.32626e-05
3.07257e-05
4.20676e-06
1.7761e-05
4.76708e-05
3.79848e-06
7.90118e-05
-6.07519e-06
6.45408e-05
-7.10552e-06
2.61854e-05
1.10116e-06
1.47928e-05
3.44786e-06
2.35829e-05
2.92471e-05
1.6244e-05
-9.04257e-07
3.89966e-05
-1.65627e-05
5.4225e-05
-4.43262e-05
6.13089e-05
-6.90573e-05
6.37149e-05
-7.66601e-05
6.19065e-05
-6.19149e-05
5.69673e-05
-3.52585e-05
4.92371e-05
-9.60667e-06
4.00813e-05
4.24805e-06
3.36519e-05
4.14568e-07
2.883e-05
-8.44073e-06
1.83356e-05
1.47012e-05
1.4682e-06
6.45382e-05
-1.50734e-05
9.55534e-05
-2.61316e-05
7.5599e-05
-2.85712e-05
2.8625e-05
-1.71339e-05
3.35558e-06
-5.82733e-06
1.22763e-05
2.34198e-05
1.39643e-05
2.30844e-05
2.72053e-05
3.37697e-05
1.90791e-05
3.72037e-05
6.70184e-08
3.16997e-05
-2.78241e-05
1.54819e-05
-4.91409e-05
-1.51538e-05
-5.86457e-05
-2.50777e-05
-4.97917e-05
-1.41025e-05
-2.76471e-05
-1.57769e-05
-1.06158e-05
-1.47619e-05
2.59618e-06
-1.45275e-05
1.14526e-05
-1.59529e-05
1.87651e-05
-2.60051e-05
2.52573e-05
-3.44742e-05
2.58335e-05
-1.80513e-05
2.07894e-05
1.0115e-05
6.31603e-06
3.96815e-05
-1.2012e-05
5.4993e-05
-1.04994e-06
1.84825e-06
7.37222e-06
-3.70653e-05
1.9627e-05
-4.24488e-05
3.90649e-05
-3.40488e-05
-1.54625e-05
7.50321e-05
1.20143e-05
1.10701e-05
7.21022e-06
3.85738e-05
-5.57363e-06
4.99875e-05
-4.21238e-06
3.03384e-05
-4.55767e-06
1.58272e-05
1.05519e-06
-2.07666e-05
2.12145e-05
-4.5237e-05
1.40201e-05
-6.90812e-06
1.11649e-05
-1.29216e-05
1.79612e-05
-2.15584e-05
2.66046e-05
-2.31708e-05
2.16713e-05
-1.10196e-05
2.94356e-06
-7.27734e-06
-9.89608e-06
-2.16346e-05
-1.14577e-05
-1.64897e-05
-8.22985e-06
6.88717e-06
-4.76894e-06
3.62206e-05
9.59533e-06
4.06287e-05
2.6289e-05
-1.48455e-05
3.05019e-05
-4.12781e-05
3.00731e-05
-4.202e-05
3.3058e-05
-3.70336e-05
-3.02079e-05
4.78033e-05
-0.000110883
0.000121953
-0.00011747
4.51608e-05
-9.35574e-05
2.60747e-05
-4.17912e-05
-2.14277e-05
-2.02068e-06
-2.39433e-05
6.43431e-05
-8.71304e-05
0.000143035
-0.000123929
0.000209166
-7.3039e-05
0.00024421
-4.79656e-05
0.00023741
-1.47588e-05
0.000163382
5.08576e-05
9.2965e-06
0.000143066
-2.71526e-05
2.91718e-05
-4.64152e-05
-2.37195e-06
-3.68928e-05
-2.60121e-05
-1.75292e-05
-1.24765e-05
9.35855e-06
9.33282e-06
4.45246e-05
5.46264e-06
6.48551e-05
-3.51759e-05
7.31948e-05
-4.96179e-05
7.09097e-05
-3.97348e-05
6.52726e-05
-3.13965e-05
-2.87618e-05
6.38265e-05
-5.90044e-05
0.000180958
-7.59936e-05
6.21502e-05
-5.05044e-05
5.85348e-07
-7.48773e-06
-6.44443e-05
9.4127e-05
-0.000125558
0.000168458
-0.000161461
0.000202941
-0.000158412
0.000231517
-0.000101614
0.000212896
-2.93446e-05
0.000184091
1.40459e-05
0.000156216
7.87318e-05
0.000151339
0.000147942
2.29067e-05
0.000157604
-2.88663e-05
4.94011e-05
-1.2308e-05
-4.25704e-05
7.49206e-06
-3.22766e-05
3.36281e-05
-1.68033e-05
6.51768e-05
-2.6086e-05
8.9487e-05
-5.94861e-05
9.28357e-05
-5.29665e-05
9.80539e-05
-4.49531e-05
0.000101035
-3.4378e-05
-2.59563e-05
9.82297e-05
-2.15328e-05
0.000202491
-4.35866e-05
8.4204e-05
-2.04094e-05
-2.25918e-05
5.37991e-05
-0.000138653
0.000132908
-0.000204667
0.000184633
-0.000213186
0.000204989
-0.000178768
0.000215337
-0.000111962
0.000220008
-3.40159e-05
0.00020821
2.58438e-05
0.000210276
7.66658e-05
0.000239716
0.000118503
0.000238074
0.000159246
0.000147561
0.000139915
2.21242e-05
8.28661e-05
-3.30731e-05
2.29208e-05
-1.07971e-05
-3.90793e-05
1.24737e-05
-4.93569e-05
4.5726e-05
-9.27387e-05
5.58944e-05
-6.31349e-05
3.65999e-05
-2.56584e-05
-5.59262e-06
7.8145e-06
7.91498e-06
-3.9464e-05
2.71517e-05
0.000175339
4.2462e-05
6.88937e-05
8.771e-05
-6.78397e-05
0.000137149
-0.000188092
0.000171037
-0.000238555
0.00018569
-0.00022784
0.000188717
-0.000181794
0.000191234
-0.00011448
0.000203594
-4.63759e-05
0.000215878
1.35593e-05
0.000227392
6.51525e-05
0.00023985
0.000106044
0.000230725
0.000168371
0.000160125
0.000210514
7.53082e-05
0.000167683
-4.7379e-06
0.000102967
-2.81985e-05
-1.56186e-05
2.30875e-05
-0.000100643
5.25237e-05
-0.000122175
5.48065e-05
-6.54177e-05
1.25586e-05
1.65893e-05
-2.56262e-05
4.59991e-05
-3.18315e-05
1.41198e-05
6.3157e-05
0.000112182
0.000102534
2.95171e-05
0.000149769
-0.000115075
0.000172204
-0.000210527
0.000169651
-0.000236001
0.000157138
-0.000215327
0.000145165
-0.000169821
0.000139857
-0.000109171
0.000144282
-5.08011e-05
0.000160508
-2.66755e-06
0.000177575
4.80856e-05
0.00017794
0.00010568
0.000163742
0.000182568
0.000137564
0.000236693
9.29025e-05
0.000212344
5.3206e-05
0.000142663
3.93344e-05
-1.74739e-06
5.00903e-05
-0.000111399
5.47897e-05
-0.000126874
5.86454e-05
-6.92734e-05
5.2514e-05
2.27206e-05
5.87446e-05
3.97683e-05
-7.17186e-05
9.86315e-05
6.70734e-05
4.51088e-05
0.000129696
-3.31049e-05
0.000161368
-0.000146747
0.000156891
-0.00020605
0.000131519
-0.000210629
0.000108791
-0.000192599
9.42475e-05
-0.000155277
8.66462e-05
-0.00010157
8.38509e-05
-4.80058e-05
8.87351e-05
-7.55199e-06
9.4748e-05
4.20726e-05
9.17145e-05
0.000108713
8.64911e-05
0.000187791
8.26584e-05
0.000240526
7.14395e-05
0.000223563
6.34982e-05
0.000150605
6.77082e-05
-5.95738e-06
5.83954e-05
-0.000102086
3.9252e-05
-0.000107731
4.03976e-05
-7.0419e-05
6.12635e-05
1.85436e-06
0.000109103
-8.07097e-06
-8.99816e-05
0.000127366
5.55185e-05
-1.04097e-05
0.000118816
-9.64024e-05
0.000136008
-0.000163939
0.000109177
-0.000179219
7.481e-05
-0.000176262
5.05709e-05
-0.00016836
3.2913e-05
-0.00013762
2.10637e-05
-8.97211e-05
1.52046e-05
-4.21467e-05
8.33458e-06
-6.82061e-07
4.69593e-06
4.5711e-05
4.5381e-06
0.000108871
9.89073e-06
0.000182439
2.45129e-05
0.000225904
3.09219e-05
0.000217154
5.424e-05
0.000127287
6.481e-05
-1.65273e-05
4.92096e-05
-8.64853e-05
1.97995e-05
-7.83206e-05
3.4367e-05
-8.49866e-05
6.97806e-05
-3.35594e-05
0.000116228
-5.45182e-05
-6.92351e-05
9.54814e-05
5.39107e-05
-6.43201e-05
0.000103172
-0.000145664
9.05483e-05
-0.000151316
4.81452e-05
-0.000136816
9.97431e-06
-0.000138091
-2.38966e-05
-0.000134489
-5.16565e-05
-0.000109859
-6.96339e-05
-7.17436e-05
-7.70764e-05
-3.47042e-05
-7.98169e-05
2.0583e-06
-7.89641e-05
4.4858e-05
-7.17259e-05
0.000101633
-5.15284e-05
0.000162241
-2.44631e-05
0.000198839
-1.43491e-06
0.000194126
4.21466e-05
8.37053e-05
5.06048e-05
-2.49855e-05
2.22921e-05
-5.81727e-05
7.71076e-06
-6.37395e-05
2.259e-05
-9.98659e-05
4.47484e-05
-5.57179e-05
5.51584e-05
-6.49281e-05
-1.81844e-05
4.10756e-06
5.65115e-05
-0.000120832
6.30098e-05
-0.000152162
2.48388e-05
-0.000113144
-1.38474e-05
-9.81302e-05
-5.28103e-05
-9.91282e-05
-9.63323e-05
-9.0967e-05
-0.000134226
-7.19657e-05
-0.000158394
-4.75753e-05
-0.000166709
-2.63889e-05
-0.00016182
-2.83152e-06
-0.000146215
2.92538e-05
-0.000123894
7.9311e-05
-9.70052e-05
0.000135353
-6.47277e-05
0.000166561
-1.53767e-05
0.000144775
2.95081e-05
3.88206e-05
1.38497e-05
-9.32712e-06
-1.80552e-05
-2.62679e-05
-1.89008e-05
-6.2894e-05
-4.09072e-05
-7.78596e-05
-4.76624e-05
-4.89626e-05
-7.1992e-05
-4.05984e-05
-6.01372e-06
-8.41627e-05
3.04789e-05
-0.000151311
6.94767e-06
-0.000128631
-2.25867e-05
-8.361e-05
-4.89912e-05
-7.17259e-05
-8.45875e-05
-6.35318e-05
-0.000126103
-4.94513e-05
-0.000159425
-3.86439e-05
-0.000177799
-2.92012e-05
-0.000178971
-2.52167e-05
-0.000167454
-1.43484e-05
-0.000151495
1.32947e-05
-0.000127139
5.49545e-05
-8.97239e-05
9.7938e-05
-4.43664e-05
0.000121204
7.35242e-06
9.30563e-05
3.94377e-06
4.22292e-05
-4.83167e-05
4.29333e-05
-7.1671e-05
-2.91377e-06
-8.58906e-05
-4.86744e-05
-0.000118618
-4.51322e-05
-0.000126108
-4.14728e-05
-0.000118394
-4.83122e-05
-3.86439e-05
-8.57636e-05
3.40408e-06
-0.000154715
-2.04062e-05
-0.00010482
-3.49304e-05
-6.90856e-05
-5.01756e-05
-5.64806e-05
-6.99305e-05
-4.37769e-05
-9.5253e-05
-2.41286e-05
-0.000113037
-2.08597e-05
-0.000114853
-2.73848e-05
-0.000103898
-3.61719e-05
-8.60135e-05
-3.22334e-05
-7.06188e-05
-2.09996e-06
-5.57698e-05
4.01056e-05
-3.27729e-05
7.49411e-05
-9.79052e-06
9.82213e-05
-6.85348e-06
9.01192e-05
-6.14214e-05
9.6797e-05
-0.000113463
9.49747e-05
-0.000121504
5.12702e-06
-0.000140566
-2.96123e-05
-0.000149755
-3.59427e-05
-0.000141024
-5.02038e-05
-0.000129524
-5.98121e-05
-4.91988e-05
-0.000118969
-2.37295e-06
-0.000152342
-2.00474e-05
-8.71457e-05
-2.8814e-05
-6.03189e-05
-3.4457e-05
-5.08375e-05
-3.72224e-05
-4.10116e-05
-4.10442e-05
-2.03067e-05
-4.98835e-05
-1.20204e-05
-4.97116e-05
-2.75566e-05
-4.26476e-05
-4.32359e-05
-3.80491e-05
-3.68319e-05
-3.96839e-05
-4.64978e-07
-3.41645e-05
3.45861e-05
-2.05357e-05
6.13122e-05
-1.34946e-05
9.11801e-05
-3.43571e-05
0.000110982
-8.51977e-05
0.000147638
-0.000124193
0.00013397
-0.000137526
1.846e-05
-0.00015001
-1.71285e-05
-0.00015537
-3.05828e-05
-0.000164572
-4.10011e-05
-0.000194238
-3.01464e-05
-6.37788e-06
-0.000237059
1.08842e-06
-0.00015343
-1.28373e-05
-7.32197e-05
-1.98379e-05
-5.33183e-05
-2.07603e-05
-4.99152e-05
-1.55179e-05
-4.62542e-05
-2.7882e-06
-3.30364e-05
6.33852e-06
-2.1147e-05
4.437e-06
-2.5655e-05
-6.91896e-06
-3.18799e-05
-2.36299e-05
-2.0121e-05
-3.29503e-05
8.85538e-06
-3.362e-05
3.52557e-05
-3.07257e-05
5.84178e-05
-2.57465e-05
8.6201e-05
-3.70216e-05
0.000122257
-6.71532e-05
0.000177769
-0.000108029
0.000174845
-0.000132515
4.29465e-05
-0.000147055
-2.58895e-06
-0.000160026
-1.76114e-05
-0.000189719
-1.13087e-05
-0.000242239
2.23744e-05
2.96133e-05
-0.000278231
3.7336e-06
-0.000157164
-7.89248e-06
-6.15935e-05
-1.43663e-05
-4.68445e-05
-1.49188e-05
-4.93628e-05
-1.16305e-05
-4.95425e-05
-2.51997e-06
-4.2147e-05
9.16624e-06
-3.28332e-05
1.08289e-05
-2.73176e-05
-1.60453e-06
-1.94465e-05
-1.89226e-05
-2.80298e-06
-2.81713e-05
1.81041e-05
-3.07814e-05
3.78659e-05
-2.82297e-05
5.5866e-05
-2.11692e-05
7.91404e-05
-1.72949e-05
0.000118382
-2.55867e-05
0.000186061
-6.5147e-05
0.000214405
-0.000112106
8.99053e-05
-0.000134407
1.97123e-05
-0.000157204
5.18556e-06
-0.000186344
1.78313e-05
-0.000224601
6.06321e-05
4.67868e-05
-0.000241775
3.17089e-07
-0.000157481
-6.58142e-06
-5.46952e-05
-1.33343e-05
-4.00916e-05
-1.48297e-05
-4.78675e-05
-1.29862e-05
-5.1386e-05
-6.10199e-06
-4.90312e-05
3.41735e-06
-4.23525e-05
7.64271e-06
-3.1543e-05
3.37056e-06
-1.51743e-05
-4.77693e-06
5.3445e-06
-1.21343e-05
2.54614e-05
-1.65766e-05
4.23081e-05
-1.63208e-05
5.56101e-05
-8.67939e-06
7.14989e-05
5.77178e-06
0.000103931
1.80779e-05
0.000173755
-8.2496e-06
0.000240733
-7.27196e-05
0.000154375
-0.000102522
4.95143e-05
-0.000124501
2.71646e-05
-0.00014482
3.81508e-05
-0.000149531
6.53427e-05
5.91758e-05
-0.00016192
-4.91629e-06
-0.000152565
-8.26404e-06
-5.13477e-05
-1.56587e-05
-3.2697e-05
-1.8019e-05
-4.55074e-05
-1.53281e-05
-5.4077e-05
-5.72252e-06
-5.86367e-05
7.88519e-06
-5.59603e-05
1.87472e-05
-4.24051e-05
2.15252e-05
-1.79524e-05
1.61142e-05
1.07554e-05
8.25476e-06
3.33206e-05
2.02954e-06
4.85331e-05
-9.4108e-07
5.85805e-05
3.74342e-06
6.68143e-05
2.04006e-05
8.7274e-05
4.92575e-05
0.000144898
5.78185e-05
0.000232171
-9.25314e-06
0.000221447
-6.31932e-05
0.000103454
-7.77579e-05
4.17292e-05
-8.6387e-05
4.67799e-05
-8.42138e-05
6.31695e-05
5.9914e-05
-8.49522e-05
-9.89624e-06
-0.000142668
-1.14134e-05
-4.98306e-05
-2.07148e-05
-2.33957e-05
-2.40264e-05
-4.21958e-05
-2.01615e-05
-5.79419e-05
-9.15533e-06
-6.96429e-05
5.26216e-06
-7.03779e-05
2.11655e-05
-5.83085e-05
3.42678e-05
-3.10549e-05
3.63009e-05
8.72199e-06
2.80479e-05
4.15734e-05
1.98863e-05
5.66946e-05
1.48038e-05
6.36628e-05
1.42965e-05
6.73213e-05
2.6829e-05
7.47415e-05
6.17299e-05
0.000109997
9.92021e-05
0.000194699
7.9168e-05
0.000241481
4.8352e-06
0.000177787
-3.03879e-05
7.69523e-05
-2.51414e-05
4.15333e-05
-1.31774e-05
5.12054e-05
5.307e-05
-6.33339e-06
-1.41961e-05
-0.000128472
-1.58594e-05
-4.81673e-05
-2.93797e-05
-9.87557e-06
-3.40555e-05
-3.752e-05
-3.13768e-05
-6.06207e-05
-2.62488e-05
-7.47708e-05
-1.91952e-05
-7.74316e-05
-5.77455e-06
-7.17293e-05
1.60001e-05
-5.28298e-05
3.56619e-05
-1.094e-05
3.86844e-05
3.85506e-05
3.36592e-05
6.17197e-05
2.89291e-05
6.83928e-05
2.62121e-05
7.00381e-05
3.09004e-05
7.00532e-05
5.9075e-05
8.18221e-05
0.000113856
0.000139918
0.000140509
0.000214828
0.000106939
0.000211357
4.45552e-05
0.000139336
1.82525e-05
6.78361e-05
2.69773e-05
4.24805e-05
2.91165e-05
5.09308e-05
-1.78389e-05
-0.000110634
-2.6667e-05
-3.93393e-05
-4.28021e-05
6.25959e-06
-4.87765e-05
-3.15458e-05
-5.20131e-05
-5.73842e-05
-5.77016e-05
-6.90823e-05
-5.93184e-05
-7.58149e-05
-5.12108e-05
-7.98369e-05
-3.18808e-05
-7.21601e-05
-5.6757e-07
-4.22533e-05
2.6049e-05
1.1934e-05
3.59702e-05
5.17986e-05
3.8149e-05
6.62139e-05
3.73444e-05
7.08426e-05
3.76681e-05
6.97296e-05
5.1117e-05
6.83733e-05
0.000100328
9.07073e-05
0.000157821
0.000157335
0.000178717
0.000190461
0.00015789
0.000160164
0.00012188
0.000103846
0.000105367
5.89934e-05
3.64615e-05
9.80215e-05
-2.20808e-05
-8.85529e-05
-4.50654e-05
-1.63547e-05
-5.87738e-05
1.99679e-05
-6.69649e-05
-2.33548e-05
-7.97839e-05
-4.45651e-05
-9.42735e-05
-5.45926e-05
-0.000101829
-6.82589e-05
-9.84968e-05
-8.31696e-05
-8.35347e-05
-8.71223e-05
-5.59754e-05
-6.98126e-05
-1.49533e-05
-2.9088e-05
1.96416e-05
1.72036e-05
3.84935e-05
4.7362e-05
4.44133e-05
6.49226e-05
4.57039e-05
6.84389e-05
4.87797e-05
6.52975e-05
7.39053e-05
6.55815e-05
0.000130509
0.000100731
0.000181836
0.000139133
0.000202473
0.000139527
0.000198602
0.000107717
0.000186975
7.06204e-05
4.67603e-05
0.000176676
-2.90491e-05
-5.95038e-05
-6.08472e-05
1.54434e-05
-7.20665e-05
3.11871e-05
-8.55189e-05
-9.90242e-06
-0.000106199
-2.38854e-05
-0.000125446
-3.5345e-05
-0.000135114
-5.85912e-05
-0.000135628
-8.26556e-05
-0.000126434
-9.6316e-05
-0.000103984
-9.22626e-05
-6.55461e-05
-6.75254e-05
-1.71436e-05
-3.11989e-05
2.25737e-05
7.64451e-06
4.35939e-05
4.39024e-05
5.17955e-05
6.02373e-05
5.32674e-05
6.38257e-05
5.75502e-05
6.12987e-05
8.84768e-05
6.98045e-05
0.000136529
9.108e-05
0.000176752
9.93048e-05
0.000199581
8.48874e-05
0.000210577
5.96242e-05
3.76639e-05
0.000219674
-3.63997e-05
-2.31042e-05
-6.59302e-05
4.4974e-05
-7.97704e-05
4.50274e-05
-9.96732e-05
1.00003e-05
-0.000125374
1.81553e-06
-0.000147542
-1.31768e-05
-0.000159095
-4.70378e-05
-0.000162612
-7.91388e-05
-0.000156895
-0.000102033
-0.000138886
-0.000110271
-0.000105724
-0.000100688
-6.08204e-05
-7.6102e-05
-1.23717e-05
-4.08042e-05
2.7517e-05
4.01351e-06
5.1349e-05
3.64054e-05
5.96455e-05
5.55293e-05
5.95057e-05
6.14385e-05
6.7184e-05
6.21262e-05
9.23326e-05
6.59312e-05
0.00012486
6.67774e-05
0.000152824
5.6923e-05
0.000173825
3.86235e-05
1.90886e-05
0.000192401
-3.89117e-05
1.58076e-05
-6.14864e-05
6.75486e-05
-8.16626e-05
6.52037e-05
-0.000107311
3.56483e-05
-0.000136603
3.11077e-05
-0.000160874
1.10951e-05
-0.00017595
-3.19626e-05
-0.000181668
-7.34207e-05
-0.000176051
-0.00010765
-0.000158121
-0.000128201
-0.00012811
-0.000130698
-8.85864e-05
-0.000115626
-4.43601e-05
-8.50305e-05
3.72615e-06
-4.40728e-05
4.08572e-05
-7.25802e-07
6.10937e-05
3.52927e-05
6.67083e-05
5.58237e-05
6.81429e-05
6.06914e-05
7.70183e-05
5.70559e-05
9.45991e-05
4.91967e-05
0.000114957
3.65655e-05
0.000134129
1.94514e-05
-2.59958e-07
0.000153477
-3.47513e-05
5.05589e-05
-5.21133e-05
8.49108e-05
-7.63498e-05
8.94403e-05
-0.000105597
6.48957e-05
-0.000136618
6.21288e-05
-0.000163109
3.75859e-05
-0.00018118
-1.38907e-05
-0.000188827
-6.57737e-05
-0.000184289
-0.000112188
-0.00016756
-0.00014493
-0.000139839
-0.000158419
-0.000103321
-0.000152144
-6.03317e-05
-0.00012802
-1.44484e-05
-8.9956e-05
2.67098e-05
-4.18841e-05
5.34951e-05
8.50716e-06
6.57068e-05
4.36121e-05
6.97391e-05
5.66591e-05
7.45404e-05
5.22547e-05
8.48437e-05
3.88934e-05
9.97571e-05
2.16521e-05
0.000116995
2.21394e-06
-1.86137e-05
0.000135348
-3.12603e-05
8.18193e-05
-4.00175e-05
9.36681e-05
-6.00615e-05
0.000109484
-9.18899e-05
9.67243e-05
-0.000123251
9.34895e-05
-0.000151035
6.53704e-05
-0.000171482
6.55666e-06
-0.000181532
-5.57243e-05
-0.000179888
-0.000113831
-0.00016652
-0.000158298
-0.000143045
-0.000181895
-0.000111245
-0.000183944
-7.23953e-05
-0.00016687
-2.92512e-05
-0.0001331
1.10904e-05
-8.22257e-05
3.93152e-05
-1.97176e-05
5.26306e-05
3.02969e-05
5.91991e-05
5.00907e-05
6.50192e-05
4.64348e-05
7.35095e-05
3.04033e-05
8.56908e-05
9.4708e-06
0.000100736
-1.28308e-05
-3.64505e-05
0.000118573
-3.10659e-05
0.000112885
-3.19955e-05
9.4598e-05
-3.45778e-05
0.000112067
-6.72872e-05
0.000129434
-9.67386e-05
0.000122941
-0.000124538
9.31695e-05
-0.000147899
2.99176e-05
-0.000161599
-4.20235e-05
-0.000164529
-0.000110901
-0.000156376
-0.000166451
-0.000138804
-0.000199466
-0.000114152
-0.000208596
-8.33096e-05
-0.000197712
-4.7532e-05
-0.000168878
-1.14033e-05
-0.000118354
1.67508e-05
-4.78717e-05
3.0498e-05
1.65499e-05
3.73801e-05
4.32088e-05
4.5413e-05
3.84021e-05
5.48235e-05
2.09929e-05
6.66615e-05
-2.36714e-06
8.09772e-05
-2.71465e-05
-5.39307e-05
9.84574e-05
-2.59182e-05
0.000138804
-2.77655e-05
9.64454e-05
-9.65155e-06
9.3953e-05
-3.27718e-05
0.000152554
-5.76208e-05
0.00014779
-8.59112e-05
0.00012146
-0.00011377
5.77765e-05
-0.000132886
-2.29074e-05
-0.000142052
-0.000101735
-0.00014058
-0.000167923
-0.00013006
-0.000209986
-0.000113605
-0.00022505
-9.26879e-05
-0.000218629
-6.75613e-05
-0.000194004
-4.04058e-05
-0.00014551
-1.56125e-05
-7.26652e-05
1.31715e-06
-3.79644e-07
9.73885e-06
3.47874e-05
2.06478e-05
2.74933e-05
3.25778e-05
9.06305e-06
4.46495e-05
-1.44389e-05
5.7463e-05
-3.996e-05
-6.89892e-05
7.25215e-05
-9.07566e-06
0.000147879
-1.88318e-05
0.000106201
9.1097e-06
6.60116e-05
4.58987e-06
0.000157074
-1.51231e-05
0.000167503
-4.10237e-05
0.00014736
-7.3617e-05
9.03698e-05
-9.90269e-05
2.50245e-06
-0.000115156
-8.56061e-05
-0.000121048
-0.000162032
-0.000118209
-0.000212824
-0.000110395
-0.000232864
-9.98515e-05
-0.000229173
-8.61902e-05
-0.000207666
-6.90911e-05
-0.000162609
-5.10421e-05
-9.0714e-05
-3.32639e-05
-1.81577e-05
-1.83797e-05
1.99033e-05
-3.84504e-06
1.29588e-05
1.06007e-05
-5.38261e-06
2.15567e-05
-2.53949e-05
3.08616e-05
-4.92648e-05
-7.83324e-05
4.02048e-05
1.26372e-05
0.000135242
2.70803e-06
0.00011613
2.38646e-05
4.48551e-05
3.88211e-05
0.000142118
2.55805e-05
0.000180744
1.69875e-06
0.000171242
-3.08547e-05
0.000122923
-6.18284e-05
3.34762e-05
-8.48663e-05
-6.25682e-05
-9.81209e-05
-0.000148777
-0.000102744
-0.000208201
-0.000103089
-0.00023252
-0.000102196
-0.000230065
-9.90126e-05
-0.000210849
-9.06606e-05
-0.000170961
-7.72792e-05
-0.000104095
-5.97482e-05
-3.56884e-05
-4.08311e-05
9.86424e-07
-2.392e-05
-3.95211e-06
-9.7936e-06
-1.9509e-05
-6.24611e-07
-3.45638e-05
4.44516e-06
-5.43345e-05
-7.91061e-05
5.21901e-06
1.67564e-05
0.000118486
2.35948e-05
0.000109292
3.7534e-05
3.09159e-05
6.99161e-05
0.000109735
6.75532e-05
0.000183107
4.68141e-05
0.000191981
1.43722e-05
0.000155365
-2.13631e-05
6.92115e-05
-5.17959e-05
-3.21353e-05
-7.21487e-05
-0.000128424
-8.36028e-05
-0.000196747
-9.07269e-05
-0.000225396
-9.74386e-05
-0.000223353
-0.000102805
-0.000205482
-0.000101743
-0.000172023
-9.16795e-05
-0.000114159
-7.50819e-05
-5.2286e-05
-5.49684e-05
-1.91269e-05
-3.84154e-05
-2.05049e-05
-2.61625e-05
-3.17617e-05
-1.92114e-05
-4.15147e-05
-1.8736e-05
-5.48096e-05
-7.26638e-05
-2.5178e-05
2.3644e-05
9.48417e-05
4.77704e-05
8.51655e-05
5.61088e-05
2.25775e-05
9.47729e-05
7.10715e-05
0.000106474
0.000171405
8.6861e-05
0.000211595
5.63665e-05
0.00018586
1.95577e-05
0.00010602
-1.73413e-05
4.76389e-06
-4.39944e-05
-0.000101771
-6.15174e-05
-0.000179224
-7.39498e-05
-0.000212963
-8.57569e-05
-0.000211546
-9.72119e-05
-0.000194027
-0.000102083
-0.000167151
-9.53197e-05
-0.000120922
-7.99595e-05
-6.7646e-05
-6.211e-05
-3.69763e-05
-4.74382e-05
-3.51765e-05
-3.71336e-05
-4.20661e-05
-3.15386e-05
-4.71096e-05
-3.24882e-05
-5.38598e-05
-6.27373e-05
-4.24144e-05
3.49647e-05
5.98769e-05
7.69395e-05
4.31908e-05
9.2737e-05
6.78005e-06
0.000120953
4.28559e-05
0.000136197
0.000156161
0.000118357
0.000229434
8.62769e-05
0.00021794
5.12715e-05
0.000141026
1.48617e-05
4.11739e-05
-1.57361e-05
-7.11731e-05
-3.80604e-05
-0.000156899
-5.43949e-05
-0.000196629
-6.91325e-05
-0.000196809
-8.39702e-05
-0.000179189
-9.35725e-05
-0.000157549
-9.12761e-05
-0.000123218
-7.826e-05
-8.06619e-05
-6.3051e-05
-5.21853e-05
-5.10542e-05
-4.71732e-05
-4.27388e-05
-5.03814e-05
-3.79296e-05
-5.19187e-05
-3.7832e-05
-5.39573e-05
-5.70321e-05
-4.35372e-05
4.27758e-05
1.7101e-05
0.000100578
-1.46116e-05
0.000134009
-2.66501e-05
0.000148399
2.84657e-05
0.000153718
0.000150842
0.00013457
0.000248582
9.99435e-05
0.000252567
6.56528e-05
0.000175316
3.52729e-05
7.15538e-05
8.54554e-06
-4.44455e-05
-1.52145e-05
-0.000133139
-3.4015e-05
-0.000177828
-5.02438e-05
-0.00018058
-6.5991e-05
-0.000163442
-7.85642e-05
-0.000144976
-8.14522e-05
-0.00012033
-7.25825e-05
-8.95316e-05
-6.00375e-05
-6.47303e-05
-5.06167e-05
-5.65939e-05
-4.42302e-05
-5.67679e-05
-4.03418e-05
-5.58071e-05
-3.97564e-05
-5.45427e-05
-5.41206e-05
-4.26679e-05
5.22204e-05
-3.51193e-05
0.000109862
-7.22529e-05
0.000142629
-5.94168e-05
0.00015213
1.89647e-05
0.000150304
0.000152668
0.000130826
0.00026806
9.88494e-05
0.000284544
7.00464e-05
0.000204119
4.66191e-05
9.49812e-05
2.61369e-05
-2.39633e-05
5.26132e-06
-0.000112263
-1.45338e-05
-0.000158033
-3.16129e-05
-0.000163501
-4.67928e-05
-0.000148262
-5.989e-05
-0.000131878
-6.68769e-05
-0.000113343
-6.39189e-05
-9.24896e-05
-5.50655e-05
-7.35837e-05
-4.76238e-05
-6.40356e-05
-4.27241e-05
-6.16676e-05
-3.96413e-05
-5.88898e-05
-3.88772e-05
-5.53067e-05
-5.21941e-05
-4.08036e-05
5.07376e-05
-8.58567e-05
9.70465e-05
-0.000118562
0.000125094
-8.74644e-05
0.000131253
1.2806e-05
0.000125848
0.000158073
0.000108592
0.000285316
8.67184e-05
0.000306418
6.78866e-05
0.000222951
5.38352e-05
0.000109033
3.93776e-05
-9.50563e-06
2.17527e-05
-9.46385e-05
2.44202e-06
-0.000138722
-1.5093e-05
-0.000145966
-2.93502e-05
-0.000134005
-4.09931e-05
-0.000120235
-4.91464e-05
-0.00010519
-5.12967e-05
-9.03393e-05
-4.73288e-05
-7.75517e-05
-4.22026e-05
-6.91618e-05
-3.86731e-05
-6.5197e-05
-3.6435e-05
-6.11279e-05
-3.56681e-05
-5.60734e-05
-5.11022e-05
-3.67599e-05
3.6848e-05
-0.000122705
6.95738e-05
-0.000151287
9.73201e-05
-0.000115211
9.68089e-05
1.33173e-05
8.66811e-05
0.0001682
7.43253e-05
0.000297671
6.77545e-05
0.000312989
6.17384e-05
0.000228967
5.84293e-05
0.000112342
4.92516e-05
-3.27959e-07
3.44048e-05
-7.97917e-05
1.55076e-05
-0.000119825
-2.00023e-06
-0.000128458
-1.53996e-05
-0.000120605
-2.51654e-05
-0.000110469
-3.18474e-05
-9.85083e-05
-3.56338e-05
-8.65529e-05
-3.57986e-05
-7.73868e-05
-3.37603e-05
-7.12001e-05
-3.20606e-05
-6.68967e-05
-3.1051e-05
-6.21374e-05
-3.07078e-05
-5.64166e-05
-5.03699e-05
-3.14399e-05
1.76946e-05
-0.000140399
2.96162e-05
-0.000163209
4.86421e-05
-0.000134237
5.00011e-05
1.19583e-05
4.25863e-05
0.000175615
4.18632e-05
0.000298395
4.98483e-05
0.000305004
5.62336e-05
0.000222582
6.12924e-05
0.000107283
5.62459e-05
4.71858e-06
4.22895e-05
-6.58352e-05
2.37632e-05
-0.000101299
6.84428e-06
-0.000111539
-5.51574e-06
-0.000108245
-1.39788e-05
-0.000102006
-1.88789e-05
-9.36082e-05
-2.1469e-05
-8.39629e-05
-2.28666e-05
-7.59892e-05
-2.32344e-05
-7.08322e-05
-2.3478e-05
-6.66531e-05
-2.39319e-05
-6.16833e-05
-2.43948e-05
-5.59536e-05
-4.96066e-05
-2.5158e-05
3.74562e-06
-0.000144145
2.1376e-06
-0.000161601
7.20246e-06
-0.000139301
8.69621e-06
1.04646e-05
7.77035e-06
0.000176541
1.74462e-05
0.000288719
3.7291e-05
0.000285159
5.32201e-05
0.000206653
6.18691e-05
9.86342e-05
5.8843e-05
7.74472e-06
4.37597e-05
-5.07518e-05
2.60801e-05
-8.36192e-05
1.10083e-05
-9.6467e-05
3.04172e-07
-9.75412e-05
-6.88302e-06
-9.48193e-05
-1.08697e-05
-8.96217e-05
-1.22794e-05
-8.25533e-05
-1.28274e-05
-7.54413e-05
-1.36284e-05
-7.00312e-05
-1.47395e-05
-6.55419e-05
-1.60223e-05
-6.04005e-05
-1.7176e-05
-5.47999e-05
-4.85837e-05
-1.8199e-05
-1.52382e-06
-0.000142621
-1.15259e-05
-0.000151599
-1.705e-05
-0.000133777
-2.44321e-05
1.78468e-05
-1.57763e-05
0.000167885
6.48197e-06
0.000266461
3.47226e-05
0.000256918
5.25401e-05
0.000188836
6.2745e-05
8.84294e-05
5.50839e-05
1.54057e-05
3.74605e-05
-3.31284e-05
2.19897e-05
-6.81484e-05
1.02108e-05
-8.46882e-05
2.2849e-06
-8.96155e-05
-2.87133e-06
-8.96632e-05
-5.8717e-06
-8.66214e-05
-6.95897e-06
-8.14661e-05
-6.93743e-06
-7.54629e-05
-7.10974e-06
-6.9859e-05
-7.75863e-06
-6.48931e-05
-8.72031e-06
-5.94388e-05
-9.78216e-06
-5.37381e-05
-4.76025e-05
-1.07634e-05
-1.4055e-06
-1.02642e-05
-2.17273e-05
-1.99748e-05
-4.28279e-06
1.78958e-05
4.1133e-05
3.25454e-05
4.39612e-05
3.42777e-05
1.97206e-05
1.01112e-05
4.25598e-06
1.06775e-06
-8.32338e-07
-1.99838e-06
-2.52705e-06
-2.50625e-06
-2.36453e-06
-2.49295e-06
-2.70053e-06
-3.0197e-06
-3.37452e-06
7.97852e-05
-4.75308e-06
8.45723e-05
-4.78717e-06
8.93226e-05
-4.75025e-06
-4.52103e-06
9.38436e-05
5.63608e-05
-1.33105e-05
6.50232e-05
-1.34496e-05
7.38615e-05
-1.35886e-05
-1.35958e-05
8.29363e-05
6.46619e-05
-1.41459e-05
6.74597e-05
-1.62474e-05
7.22218e-05
-1.83506e-05
-1.94235e-05
7.80494e-05
9.55849e-05
-1.15012e-05
9.9726e-05
-2.03884e-05
0.000109908
-2.85325e-05
-2.81369e-05
0.000118621
-3.21015e-05
-1.88639e-05
-1.25829e-06
-5.12317e-05
2.73339e-05
-5.71247e-05
-4.54731e-05
4.467e-05
4.51029e-05
-4.98472e-05
5.7721e-05
-6.38499e-05
6.18965e-05
-6.13003e-05
-4.27702e-05
5.91937e-05
0.000107345
-5.85605e-05
0.000103813
-6.03183e-05
9.06019e-05
-4.8089e-05
-2.04776e-05
6.83093e-05
0.00011654
-4.7735e-05
9.34032e-05
-3.71814e-05
5.37754e-05
-8.46115e-06
2.4632e-05
8.66587e-06
6.67139e-05
-1.89674e-05
2.23266e-05
7.20573e-06
-1.77249e-05
3.15905e-05
3.709e-05
-3.0183e-05
-2.12589e-05
6.39916e-06
-4.37562e-05
2.9703e-05
-4.65078e-05
3.43422e-05
2.50425e-05
-3.44603e-05
-8.06802e-05
2.91657e-06
-6.54739e-05
1.44966e-05
-4.88139e-05
1.76822e-05
1.54404e-05
-3.92119e-05
-7.30415e-05
-9.80548e-06
-5.90268e-05
4.81776e-07
-4.59554e-05
4.61077e-06
6.30326e-06
-3.68183e-05
-0.000122015
-6.76011e-06
-0.000126468
4.93526e-06
-0.000130243
8.3848e-06
1.10335e-05
-0.000134973
-0.000248722
4.90308e-06
-0.000251255
7.46854e-06
-0.000251003
8.13346e-06
8.93376e-06
-0.000248903
-0.00027989
6.56164e-06
-0.000274764
2.34201e-06
-0.000266061
-5.69935e-07
-2.35781e-06
-0.000254769
-0.000239223
4.00945e-06
-0.00023422
-2.66101e-06
-0.000227822
-6.96775e-06
-9.70468e-06
-0.000220475
-0.00016253
4.61885e-06
-0.00016233
-2.86017e-06
-0.00016231
-6.98782e-06
-9.64141e-06
-0.000162373
-9.94061e-05
1.90726e-05
-0.000110534
8.26723e-06
-0.000118696
1.17452e-06
-4.54892e-06
-0.000123788
-9.62584e-06
2.23652e-05
-2.22934e-05
2.09349e-05
-3.63766e-05
1.52577e-05
8.18471e-06
-4.91103e-05
6.00371e-05
1.32589e-05
6.34317e-05
1.75402e-05
6.39897e-05
1.46998e-05
9.87658e-06
6.22978e-05
9.68194e-05
1.4461e-05
0.000101671
1.26891e-05
0.000108201
8.169e-06
5.0031e-06
0.000113075
0.000173235
1.79026e-05
0.000169585
1.63385e-05
0.000164781
1.29736e-05
8.50072e-06
0.000161283
0.000224802
1.27743e-05
0.000231008
1.0133e-05
0.000236647
7.33404e-06
4.33962e-06
0.000240809
0.000202017
3.15829e-06
0.000212155
-4.92908e-09
0.000222525
-3.03571e-06
-5.90029e-06
0.000232765
0.000162897
-6.26106e-06
0.000172936
-1.00444e-05
0.000183446
-1.35458e-05
-1.69537e-05
0.0001945
0.000144959
-1.58718e-05
0.000155263
-2.03486e-05
0.000166301
-2.45828e-05
-2.88704e-05
0.000178217
0.000128415
-2.57143e-05
0.000139419
-3.1352e-05
0.000151385
-3.65493e-05
-4.08325e-05
0.000163347
0.000108434
-3.56908e-05
0.000119515
-4.24331e-05
0.00013038
-4.74139e-05
-4.89847e-05
0.000138532
8.11526e-05
-4.4322e-05
8.97417e-05
-5.10222e-05
9.58843e-05
-5.35565e-05
-5.05033e-05
9.7403e-05
4.5025e-05
-4.91421e-05
4.82701e-05
-5.42671e-05
4.79908e-05
-5.32772e-05
-4.64346e-05
4.39221e-05
4.32129e-06
-4.82441e-05
2.07218e-06
-5.20178e-05
-1.9018e-06
-4.93032e-05
-4.05446e-05
-7.79183e-06
-3.10628e-05
-4.23591e-05
-3.74219e-05
-4.56587e-05
-4.22261e-05
-4.44989e-05
-3.86138e-05
-4.41568e-05
-5.16097e-05
-3.31637e-05
-6.23772e-05
-3.48911e-05
-7.15679e-05
-3.53083e-05
-3.34305e-05
-7.67513e-05
-4.89345e-05
-2.77663e-05
-5.58402e-05
-2.79854e-05
-6.28859e-05
-2.82626e-05
-2.85237e-05
-6.77928e-05
-4.50971e-05
-2.53371e-05
-4.81904e-05
-2.48921e-05
-5.21536e-05
-2.42994e-05
-2.3407e-05
-5.72704e-05
-4.25437e-05
-2.35968e-05
-4.46457e-05
-2.27901e-05
-4.70678e-05
-2.18774e-05
-2.06913e-05
-4.97835e-05
-3.78944e-05
-2.24623e-05
-3.93651e-05
-2.13194e-05
-4.11381e-05
-2.01043e-05
-1.87231e-05
-4.31063e-05
-3.2191e-05
-2.17112e-05
-3.31648e-05
-2.03455e-05
-3.43119e-05
-1.89572e-05
-1.74785e-05
-3.55565e-05
-2.56917e-05
-2.11774e-05
-2.63601e-05
-1.96771e-05
-2.71407e-05
-1.81766e-05
-1.66526e-05
-2.79665e-05
-1.86683e-05
-2.07082e-05
-1.91746e-05
-1.91708e-05
-1.97316e-05
-1.76195e-05
-1.606e-05
-2.03241e-05
-1.11785e-05
-2.02931e-05
-1.15789e-05
-1.87704e-05
-1.1984e-05
-1.72143e-05
-1.56232e-05
-1.24208e-05
-3.55136e-06
-3.71991e-06
-3.88483e-06
-4.05818e-06
0.000108339
-1.54001e-05
0.000123557
-3.17805e-05
0.000134576
-5.53447e-05
0.000143439
-7.79211e-05
0.00014764
-8.08601e-05
0.00013851
-5.27853e-05
0.000125372
-2.21209e-05
0.000111289
4.47664e-06
9.09271e-05
2.46099e-05
6.7968e-05
2.33738e-05
4.14952e-05
1.8032e-05
6.58131e-06
4.96151e-05
-2.51492e-05
9.62687e-05
-4.15306e-05
0.000111935
-5.34812e-05
8.75496e-05
-6.9071e-05
4.42148e-05
-6.49487e-05
-7.66823e-07
-3.14166e-05
-2.12558e-05
-7.99685e-06
0.000102259
-3.4723e-05
0.000118635
-4.81563e-05
0.000133873
-7.05827e-05
0.000146348
-9.03965e-05
0.00014811
-8.26216e-05
0.000127418
-3.20929e-05
0.000112539
-7.24209e-06
0.000107841
9.17466e-06
9.55574e-05
3.68932e-05
6.96323e-05
4.92989e-05
3.57828e-05
5.18815e-05
4.90675e-06
8.04912e-05
-7.34268e-06
0.000108518
2.34404e-06
0.000102248
2.58431e-05
6.40505e-05
3.95774e-05
3.04805e-05
1.105e-05
2.77606e-05
-7.97835e-06
-2.22739e-06
-1.59752e-05
9.44473e-05
-5.11208e-05
0.000112169
-6.58777e-05
0.000129907
-8.83206e-05
0.000119075
-7.95643e-05
8.14239e-05
-4.4971e-05
6.10464e-05
-1.17155e-05
8.56539e-05
-3.18496e-05
9.37469e-05
1.08169e-06
8.76117e-05
4.30284e-05
6.65249e-05
7.03858e-05
4.24453e-05
7.5961e-05
2.90534e-05
9.38831e-05
3.77788e-05
9.97927e-05
8.1095e-05
5.89319e-05
0.000142992
2.15373e-06
0.000165198
8.27368e-06
0.000152689
4.02703e-05
7.8355e-05
7.21064e-05
6.23797e-05
0.000116567
-4.90663e-05
8.65633e-05
-3.58743e-05
6.87329e-05
-7.04902e-05
8.14385e-05
-9.227e-05
5.9093e-05
-2.26252e-05
8.35719e-05
-3.61943e-05
6.20396e-05
-1.03175e-05
5.25492e-05
1.05721e-05
5.12365e-05
4.43411e-05
4.47518e-05
7.68705e-05
3.73688e-05
8.3344e-05
3.82197e-05
9.30322e-05
5.17211e-05
8.62914e-05
8.72925e-05
2.33604e-05
0.000139318
-4.98718e-05
0.000150159
-2.56702e-06
0.000134283
5.61457e-05
8.21048e-05
0.000124285
0.000144484
3.41432e-05
-3.85393e-05
1.1641e-05
-1.33722e-05
2.7747e-05
-8.65965e-05
2.34196e-05
-8.7943e-05
3.86613e-05
-3.78668e-05
-6.62892e-07
3.12994e-06
-1.48854e-05
3.90496e-06
-4.87932e-06
5.66092e-07
-2.09753e-06
4.15593e-05
-3.83487e-06
7.86078e-05
-1.28617e-06
8.07954e-05
5.831e-06
8.5915e-05
-8.58565e-06
0.000100708
-6.10165e-06
2.08764e-05
3.34228e-05
-8.93964e-05
5.87675e-05
-2.79117e-05
6.74175e-05
4.74956e-05
5.57494e-05
0.000135953
0.000200234
1.15216e-05
9.13265e-06
1.32246e-05
-1.50752e-05
2.52987e-05
-9.86706e-05
-1.30469e-05
-4.95974e-05
-5.63086e-05
5.39483e-06
-5.57752e-05
2.59654e-06
-5.78453e-05
5.97517e-06
-0.000106014
4.87347e-05
-0.000120122
5.56671e-05
-0.000103159
6.16456e-05
-9.40516e-05
7.16877e-05
-9.5207e-05
8.70704e-05
-5.709e-05
6.25911e-05
-5.04989e-07
-3.57086e-05
8.88507e-06
-9.87864e-05
2.05865e-05
-3.96131e-05
2.19448e-05
4.61372e-05
1.2669e-05
0.000145229
0.000212903
1.77041e-05
5.97377e-05
2.67748e-05
-2.41461e-05
-1.51076e-05
-5.67881e-05
-7.71162e-05
1.24112e-05
-7.67334e-05
5.01212e-06
-0.000106996
3.28594e-05
-0.000180798
7.97764e-05
-0.000221447
8.93841e-05
-0.000240687
7.49072e-05
-0.000242189
6.31479e-05
-0.000231233
6.07315e-05
-0.000192552
4.83888e-05
-0.0001147
-1.52605e-05
-3.38734e-05
-0.000116535
-3.01257e-05
-0.000102534
-5.00476e-05
-1.96912e-05
-6.41457e-05
6.02353e-05
-6.07484e-05
0.000141832
0.000152154
1.41554e-05
5.4248e-05
3.30031e-05
-4.2994e-05
-2.195e-05
-1.83507e-06
-6.18457e-05
5.23069e-05
-9.76693e-05
4.08357e-05
-0.000145762
8.0952e-05
-0.000190594
0.000124608
-0.000225882
0.000124672
-0.000245697
9.47226e-05
-0.000248922
6.63727e-05
-0.000227222
3.90318e-05
-0.000172868
-5.96584e-06
-0.000107977
-8.01516e-05
-9.5201e-05
-0.000129311
-0.000109817
-8.7918e-05
-0.00011676
-1.27481e-05
-0.000123251
6.67264e-05
-9.02148e-05
0.000108795
6.19395e-05
1.95869e-05
4.47801e-06
-1.53651e-05
-8.042e-06
-6.52683e-05
4.80681e-05
-7.81124e-05
6.51508e-05
-9.42109e-05
5.69344e-05
-0.000115395
0.000102136
-0.000132726
0.000141939
-0.000145918
0.000137864
-0.00015121
0.000100015
-0.000143203
5.8365e-05
-0.000119283
1.51119e-05
-8.44292e-05
-4.08195e-05
-6.23593e-05
-0.000102222
-7.72084e-05
-0.000114462
-9.69955e-05
-6.8131e-05
-9.95936e-05
-1.015e-05
-0.000109498
7.66303e-05
-5.3703e-05
5.30006e-05
8.23648e-06
-3.82583e-05
8.27611e-06
-8.19064e-05
3.56061e-05
-8.56162e-05
5.17779e-05
-6.54173e-05
4.49519e-05
-5.43285e-05
4.58455e-05
-4.6663e-05
9.44706e-05
-3.08889e-05
0.000126165
-1.96035e-05
0.000126579
-1.25308e-05
9.29421e-05
-3.7114e-06
4.95456e-05
4.40324e-06
6.9972e-06
2.24013e-06
-3.86563e-05
-6.43025e-06
-9.35515e-05
-2.16979e-05
-9.9194e-05
-3.36913e-05
-5.61375e-05
-3.71582e-05
-6.68308e-06
-5.34318e-05
9.29038e-05
-1.12695e-05
1.08383e-05
-3.03301e-06
-5.85343e-05
2.75986e-05
-6.50444e-05
4.21163e-05
-4.98782e-05
3.66117e-05
-2.74574e-05
2.25308e-05
-6.34231e-06
2.47303e-05
2.3134e-05
6.49942e-05
5.87699e-05
9.05287e-05
9.59794e-05
8.93691e-05
0.000121952
6.69695e-05
0.000130984
4.05136e-05
0.000122005
1.5976e-05
9.514e-05
-1.17911e-05
5.43984e-05
-5.28098e-05
1.71469e-05
-6.19425e-05
-7.35629e-06
-3.16344e-05
-9.6455e-06
-4.39388e-06
-1.44727e-05
9.77309e-05
4.03098e-06
-7.66526e-06
9.98041e-07
-3.38676e-05
2.46479e-05
-2.46848e-05
3.29333e-05
-1.51896e-05
2.71166e-05
-2.64056e-05
3.37469e-05
-1.86342e-05
1.6959e-05
3.43013e-05
1.20588e-05
8.71954e-05
3.76345e-05
0.000134665
4.18995e-05
0.00016747
3.41645e-05
0.000181358
2.66257e-05
0.000177166
2.01686e-05
0.000151013
1.4362e-05
0.000106497
-8.29411e-06
6.81872e-05
-2.36328e-05
1.88659e-05
1.76869e-05
-9.28302e-06
2.3755e-05
7.98038e-06
8.04676e-05
9.60848e-06
-9.29325e-06
1.06065e-05
-0.000144804
3.44788e-05
-0.000151316
3.94452e-05
-0.000161637
3.74376e-05
-0.000154
2.61095e-05
-0.000115604
-2.14368e-05
-4.8458e-05
-5.50873e-05
2.19168e-05
-3.27403e-05
7.90226e-05
-1.52063e-05
0.000120245
-7.05749e-06
0.000147968
-1.09772e-06
0.000157675
1.04619e-05
0.000147451
2.45858e-05
0.000122825
1.63313e-05
9.62867e-05
2.90564e-06
5.48701e-05
5.91035e-05
-1.05951e-05
8.92202e-05
2.02277e-05
4.96448e-05
2.26979e-05
-1.17634e-05
3.33044e-05
-0.000238033
2.36083e-05
-0.000223918
2.533e-05
-0.000202708
1.62265e-05
-0.000165702
-1.08955e-05
-0.000124901
-6.22379e-05
-8.77482e-05
-9.224e-05
-4.41146e-05
-7.63739e-05
4.45812e-06
-6.37789e-05
4.78626e-05
-5.0462e-05
8.26096e-05
-3.58447e-05
0.00010077
-7.69856e-06
0.000108822
1.65343e-05
0.000107161
1.79913e-05
9.34548e-05
1.66124e-05
6.43405e-05
8.82178e-05
7.86481e-06
0.000145696
1.83302e-05
3.91793e-05
-4.139e-06
1.07058e-05
2.91654e-05
-0.000224343
-6.81698e-06
-0.000197763
-1.25019e-06
-0.000174877
-6.65993e-06
-0.000147364
-3.84085e-05
-0.000127555
-8.20474e-05
-0.00011356
-0.000106234
-8.52648e-05
-0.00010467
-5.11487e-05
-9.78951e-05
-6.09756e-06
-9.55131e-05
3.39212e-05
-7.58635e-05
5.31407e-05
-2.69181e-05
6.96884e-05
-1.34419e-08
8.03844e-05
7.29531e-06
6.65528e-05
3.0444e-05
2.47782e-05
0.000129992
2.50789e-05
0.000145395
1.28379e-05
5.14202e-05
-2.88894e-06
2.64326e-05
2.62764e-05
-0.000200425
-2.68673e-05
-0.000182322
-1.9353e-05
-0.000168425
-2.0557e-05
-0.000151672
-5.5162e-05
-0.000135254
-9.84651e-05
-0.000115168
-0.00012632
-8.57543e-05
-0.000134084
-5.53475e-05
-0.000128302
-3.99739e-05
-0.000110887
-2.02697e-05
-9.55677e-05
2.38638e-05
-7.10517e-05
5.05353e-05
-2.66849e-05
4.01648e-05
1.76657e-05
-5.68966e-06
7.62985e-05
-2.21507e-05
0.000146453
5.01188e-06
0.000118232
1.04352e-05
4.59968e-05
1.07492e-05
2.61185e-05
3.70256e-05
-0.000159255
-2.99857e-05
-0.000146189
-3.24186e-05
-0.000132576
-3.41701e-05
-0.00012356
-6.41779e-05
-0.000116684
-0.000105341
-0.000108404
-0.0001346
-9.13556e-05
-0.000151132
-6.63025e-05
-0.000153355
-4.58248e-05
-0.000131364
-3.96213e-05
-0.000101771
-4.0267e-05
-7.0406e-05
-4.30831e-05
-2.3869e-05
-5.74674e-05
3.20499e-05
-6.67669e-05
8.55978e-05
-3.78262e-05
0.000117513
-3.68295e-06
8.4089e-05
3.40831e-07
4.19729e-05
2.66308e-06
2.37962e-05
3.96888e-05
-0.000128199
-2.55757e-05
-0.000120026
-4.05916e-05
-0.000101243
-5.29529e-05
-8.65598e-05
-7.88613e-05
-7.96958e-05
-0.000112205
-7.81919e-05
-0.000136104
-8.12881e-05
-0.000148035
-6.9638e-05
-0.000165005
-5.53983e-05
-0.000145604
-5.50676e-05
-0.000102102
-6.586e-05
-5.96139e-05
-7.44865e-05
-1.52425e-05
-7.35813e-05
3.11448e-05
-5.85081e-05
7.05245e-05
-2.20711e-05
8.10754e-05
-7.50215e-07
6.27679e-05
-2.62361e-06
4.38463e-05
-4.41902e-06
2.55917e-05
3.52699e-05
-6.84289e-05
-6.25709e-06
-7.69753e-05
-3.20451e-05
-6.89281e-05
-6.10003e-05
-5.1577e-05
-9.62125e-05
-4.00186e-05
-0.000123764
-4.16397e-05
-0.000134483
-5.19215e-05
-0.000137753
-5.97144e-05
-0.000157212
-5.32789e-05
-0.000152039
-4.62058e-05
-0.000109175
-4.64413e-05
-5.93785e-05
-4.77995e-05
-1.38843e-05
-4.32863e-05
2.66318e-05
-2.57469e-05
5.2985e-05
-4.75334e-06
6.00816e-05
1.07957e-06
5.69349e-05
-3.14596e-06
4.80719e-05
-5.57724e-06
2.80232e-05
2.96928e-05
5.3099e-05
2.94153e-06
5.08968e-05
-2.98429e-05
5.01721e-05
-6.02755e-05
3.77086e-05
-8.3749e-05
1.84227e-05
-0.000104478
1.78278e-06
-0.000117843
-1.42076e-05
-0.000121763
-3.67584e-05
-0.000134661
-4.56789e-05
-0.000143119
-4.32016e-05
-0.000111653
-3.70078e-05
-6.55722e-05
-3.14018e-05
-1.94903e-05
-2.27765e-05
1.80064e-05
-1.16835e-05
4.18918e-05
-4.42487e-06
5.28228e-05
-4.81844e-06
5.73284e-05
-5.22052e-06
4.84741e-05
-3.5448e-06
2.63477e-05
2.61481e-05
0.000119152
-3.13522e-06
0.000125741
-3.64321e-05
0.000133003
-6.75373e-05
0.000128705
-7.94514e-05
9.40029e-05
-6.9776e-05
5.15053e-05
-7.53457e-05
2.15784e-05
-9.18361e-05
-8.5192e-06
-0.000104564
-3.22347e-05
-0.000119404
-4.07149e-05
-0.000103172
-4.04019e-05
-6.58852e-05
-3.47649e-05
-2.51271e-05
-2.79618e-05
1.12032e-05
-2.2135e-05
3.60648e-05
-1.91455e-05
4.98333e-05
-1.5397e-05
5.35798e-05
-7.40527e-06
4.04827e-05
-1.98442e-06
2.09271e-05
2.41637e-05
0.00015863
-4.81888e-07
0.000160447
-3.82495e-05
0.000161896
-6.89854e-05
0.000159438
-7.69934e-05
0.000140914
-5.12527e-05
0.000105864
-4.02949e-05
6.58529e-05
-5.18256e-05
2.45689e-05
-6.32798e-05
-1.37635e-05
-8.10713e-05
-3.47127e-05
-8.2223e-05
-4.46206e-05
-5.59774e-05
-4.66827e-05
-2.3065e-05
-4.43627e-05
8.88324e-06
-3.9871e-05
3.1573e-05
-3.30984e-05
4.30607e-05
-2.11388e-05
4.16204e-05
-6.97204e-06
2.63161e-05
-1.57699e-06
1.55322e-05
2.25867e-05
0.000246421
-6.09426e-06
0.000237137
-2.89657e-05
0.000210892
-4.27396e-05
0.000176207
-4.23089e-05
0.000149309
-2.43545e-05
0.000126934
-1.792e-05
9.81364e-05
-2.3028e-05
5.89126e-05
-2.40561e-05
8.30268e-06
-3.04615e-05
-2.39996e-05
-4.99208e-05
-4.24978e-05
-3.74792e-05
-5.16149e-05
-1.39478e-05
-5.24807e-05
9.74906e-06
-4.66216e-05
2.5714e-05
-3.42332e-05
3.06724e-05
-1.66847e-05
2.40722e-05
-3.86332e-06
1.34948e-05
-1.4434e-06
1.31123e-05
2.11434e-05
0.000252858
-2.61872e-05
0.000258443
-3.45508e-05
0.000239626
-2.39226e-05
0.000198978
-1.66093e-06
0.000159341
1.52828e-05
0.000133743
7.67792e-06
0.000109978
7.36571e-07
7.95265e-05
6.39542e-06
2.93559e-05
1.9709e-05
-9.21542e-06
-1.13495e-05
-3.05794e-05
-1.61152e-05
-4.14527e-05
-3.07432e-06
-4.26832e-05
1.09796e-05
-3.55683e-05
1.85992e-05
-2.20686e-05
1.71728e-05
-7.44523e-06
9.44894e-06
-9.4616e-07
6.99576e-06
-6.59649e-07
1.28259e-05
2.04838e-05
0.000218464
-5.01507e-05
0.000229038
-4.51249e-05
0.000219647
-1.45318e-05
0.00018935
2.8637e-05
0.000153466
5.11665e-05
0.000132115
2.90287e-05
0.000113809
1.9043e-05
8.61698e-05
3.40345e-05
4.22183e-05
6.36604e-05
5.4012e-06
2.54676e-05
-1.29119e-05
2.19793e-06
-2.1e-05
5.0139e-06
-2.09534e-05
1.09331e-05
-1.46859e-05
1.23318e-05
-5.13156e-06
7.61853e-06
8.27199e-07
3.49021e-06
1.11069e-06
6.7123e-06
2.4136e-07
1.36953e-05
2.07252e-05
0.000201076
-7.30092e-05
0.000206184
-5.02328e-05
0.000191016
6.35902e-07
0.000160939
5.8714e-05
0.000132668
7.94382e-05
0.000119721
4.19758e-05
0.000107189
3.15747e-05
7.71136e-05
6.41101e-05
4.13483e-05
9.94257e-05
1.5157e-05
5.16589e-05
3.54168e-06
1.38134e-05
-6.56948e-07
9.21272e-06
-2.10429e-07
1.04867e-05
3.83797e-06
8.28346e-06
6.5104e-06
4.94613e-06
5.14025e-06
4.86039e-06
2.66693e-06
9.18569e-06
8.35166e-07
1.55272e-05
2.15604e-05
0.000178336
-8.79976e-05
0.000171787
-4.36834e-05
0.0001491
2.33223e-05
0.000116688
9.11267e-05
0.000104896
9.123e-05
0.000101845
4.50267e-05
8.90844e-05
4.43356e-05
5.57145e-05
9.74799e-05
3.26475e-05
0.000122493
2.03774e-05
6.39291e-05
1.588e-05
1.83109e-05
1.50179e-05
1.0075e-05
1.47311e-05
1.07734e-05
1.40735e-05
8.94112e-06
1.13679e-05
7.65171e-06
7.17168e-06
9.05665e-06
3.42311e-06
1.29344e-05
1.26882e-06
1.76816e-05
2.28293e-05
0.000140032
-8.94975e-05
0.000123677
-2.73281e-05
9.86998e-05
4.82994e-05
7.54744e-05
0.000114352
8.52192e-05
8.14854e-05
8.54702e-05
4.47758e-05
6.55786e-05
6.42272e-05
3.70628e-05
0.000125996
2.7936e-05
0.00013162
2.50475e-05
6.68177e-05
2.35483e-05
1.98102e-05
2.27697e-05
1.08536e-05
2.08658e-05
1.26772e-05
1.72245e-05
1.25824e-05
1.23569e-05
1.25193e-05
7.27624e-06
1.41374e-05
3.54464e-06
1.66661e-05
1.60751e-06
1.96188e-05
2.44368e-05
8.80597e-05
-8.01541e-05
6.9793e-05
-9.06137e-06
4.99983e-05
6.80941e-05
5.6325e-05
0.000108026
7.26837e-05
6.51269e-05
7.00841e-05
4.73755e-05
4.75312e-05
8.67802e-05
3.01068e-05
0.00014342
3.05889e-05
0.000131138
3.17761e-05
6.56305e-05
2.90917e-05
2.24946e-05
2.52471e-05
1.46981e-05
2.10954e-05
1.68289e-05
1.6364e-05
1.73138e-05
1.12284e-05
1.7655e-05
6.7202e-06
1.86458e-05
3.58958e-06
1.97968e-05
1.85219e-06
2.13562e-05
2.6289e-05
3.0625e-05
-6.68569e-05
1.93137e-05
2.24998e-06
1.31905e-05
7.42173e-05
4.18061e-05
7.94101e-05
5.05405e-05
5.63924e-05
4.91738e-05
4.87422e-05
3.51674e-05
0.000100787
3.07006e-05
0.000147887
3.761e-05
0.000124228
3.92331e-05
6.40074e-05
3.33877e-05
2.83399e-05
2.61086e-05
2.19772e-05
2.01224e-05
2.28151e-05
1.49226e-05
2.25136e-05
1.02622e-05
2.23156e-05
6.51511e-06
2.2393e-05
3.73168e-06
2.25803e-05
1.98528e-06
2.31026e-05
2.82742e-05
-1.78165e-05
-5.68322e-05
-2.18029e-05
6.23631e-06
-1.28349e-07
5.25427e-05
1.87173e-05
6.05645e-05
2.1108e-05
5.40016e-05
1.90883e-05
5.07619e-05
2.7491e-05
9.2384e-05
3.41559e-05
0.000141222
4.41456e-05
0.000114239
4.35358e-05
6.46172e-05
3.44279e-05
3.74477e-05
2.53813e-05
3.10239e-05
1.88938e-05
2.93028e-05
1.38655e-05
2.7542e-05
9.76913e-06
2.64122e-05
6.48224e-06
2.568e-05
3.80677e-06
2.52557e-05
1.95646e-06
2.49528e-05
3.02305e-05
-4.50876e-05
-5.59015e-05
-4.38135e-05
4.96219e-06
-2.68094e-05
3.55385e-05
-1.03252e-05
4.40803e-05
-2.42834e-06
4.61048e-05
1.00363e-05
3.82973e-05
2.31915e-05
7.92288e-05
3.48545e-05
0.000129559
4.38233e-05
0.00010527
4.06025e-05
6.78382e-05
3.09613e-05
4.7089e-05
2.27624e-05
3.92229e-05
1.70882e-05
3.49772e-05
1.27323e-05
3.18982e-05
9.20657e-06
2.9938e-05
6.24966e-06
2.86369e-05
3.69822e-06
2.78071e-05
1.78279e-06
2.68681e-05
3.20132e-05
-6.84809e-05
-6.41719e-05
-4.92861e-05
-1.42326e-05
-3.60427e-05
2.22952e-05
-2.22976e-05
3.03352e-05
-7.33917e-06
3.11463e-05
5.8968e-06
2.50613e-05
1.12618e-05
7.38637e-05
2.39656e-05
0.000116856
3.23682e-05
9.68675e-05
3.02913e-05
6.99152e-05
2.39261e-05
5.34544e-05
1.85439e-05
4.46054e-05
1.44916e-05
3.90297e-05
1.11404e-05
3.52495e-05
8.26645e-06
3.28121e-05
5.72103e-06
3.11822e-05
3.42622e-06
3.01017e-05
1.52452e-06
2.87696e-05
3.35376e-05
-7.73416e-05
-5.46231e-05
-5.9221e-05
-3.23533e-05
-3.491e-05
-2.01588e-06
-1.83375e-05
1.37627e-05
-8.84179e-06
2.16506e-05
-1.98117e-05
3.60312e-05
-1.63013e-05
7.03533e-05
1.97004e-06
9.85843e-05
1.45524e-05
8.42852e-05
1.71918e-05
6.7276e-05
1.57544e-05
5.4892e-05
1.36003e-05
4.67597e-05
1.13608e-05
4.12693e-05
9.13371e-06
3.74767e-05
7.00108e-06
3.49447e-05
4.97319e-06
3.321e-05
3.03578e-06
3.2039e-05
1.24362e-06
3.05615e-05
3.47811e-05
-6.28778e-05
-4.90157e-05
-6.07582e-05
-3.44728e-05
-4.6932e-05
-1.5842e-05
-3.9483e-05
6.31379e-06
-4.21715e-05
2.43391e-05
-4.52468e-05
3.91064e-05
-3.625e-05
6.13564e-05
-1.44299e-05
7.67642e-05
-2.43616e-07
7.0099e-05
6.43371e-06
6.05988e-05
8.67268e-06
5.26532e-05
8.92441e-06
4.65081e-05
8.20557e-06
4.19883e-05
7.00639e-06
3.86759e-05
5.5974e-06
3.63536e-05
4.10981e-06
3.46975e-05
2.58123e-06
3.35674e-05
9.98079e-07
3.21444e-05
3.5779e-05
-5.71009e-05
-4.16983e-05
-6.14578e-05
-3.01158e-05
-6.22157e-05
-1.5084e-05
-5.89707e-05
3.06895e-06
-5.46049e-05
1.99732e-05
-5.00623e-05
3.45638e-05
-3.7867e-05
4.91611e-05
-1.97496e-05
5.86468e-05
-7.188e-06
5.75374e-05
-5.33154e-08
5.34642e-05
3.62471e-06
4.89752e-05
5.16023e-06
4.49727e-05
5.46087e-06
4.16877e-05
5.04895e-06
3.90878e-05
4.24587e-06
3.71567e-05
3.22891e-06
3.57144e-05
2.0841e-06
3.47121e-05
7.94383e-07
3.3434e-05
3.65733e-05
-4.76844e-05
-3.712e-05
-5.17254e-05
-2.60746e-05
-5.38382e-05
-1.29711e-05
-5.24276e-05
1.65845e-06
-4.80984e-05
1.56441e-05
-4.14798e-05
2.79452e-05
-3.13463e-05
3.90277e-05
-1.89389e-05
4.62394e-05
-9.50601e-06
4.81045e-05
-3.28575e-06
4.7244e-05
4.77117e-07
4.52124e-05
2.48421e-06
4.29657e-05
3.33682e-06
4.08352e-05
3.43704e-06
3.89877e-05
3.07218e-06
3.75217e-05
2.41723e-06
3.63694e-05
1.59146e-06
3.55377e-05
5.98199e-07
3.44271e-05
3.71715e-05
-3.83891e-05
-3.42873e-05
-4.07841e-05
-2.36795e-05
-4.17546e-05
-1.20003e-05
-4.04163e-05
3.20345e-07
-3.6902e-05
1.213e-05
-3.16315e-05
2.26747e-05
-2.44066e-05
3.18028e-05
-1.634e-05
3.81729e-05
-9.55676e-06
4.13214e-05
-4.56263e-06
4.22499e-05
-1.23869e-06
4.18886e-05
7.97982e-07
4.09291e-05
1.85976e-06
3.97736e-05
2.23189e-06
3.86157e-05
2.14156e-06
3.76121e-05
1.7422e-06
3.67687e-05
1.15204e-06
3.61278e-05
3.93164e-07
3.51858e-05
3.75645e-05
-2.97384e-05
-3.25153e-05
-3.10371e-05
-2.23805e-05
-3.13506e-05
-1.16866e-05
-3.01766e-05
-8.53519e-07
-2.75731e-05
9.52663e-06
-2.3742e-05
1.88437e-05
-1.87399e-05
2.68008e-05
-1.33061e-05
3.27391e-05
-8.44648e-06
3.64619e-05
-4.60841e-06
3.84119e-05
-1.86555e-06
3.91459e-05
-6.80072e-08
3.91318e-05
9.68422e-07
3.87373e-05
1.42768e-06
3.81566e-05
1.47546e-06
3.75644e-05
1.23654e-06
3.70076e-05
8.03881e-07
3.65603e-05
1.94591e-07
3.57949e-05
3.77591e-05
-2.15449e-05
-3.12944e-05
-2.23244e-05
-2.16008e-05
-2.2409e-05
-1.16018e-05
-2.15671e-05
-1.69524e-06
-1.97768e-05
7.73643e-06
-1.71091e-05
1.61762e-05
-1.37103e-05
2.3402e-05
-1.00326e-05
2.90616e-05
-6.62999e-06
3.30594e-05
-3.82956e-06
3.56117e-05
-1.73607e-06
3.70526e-05
-3.10516e-07
3.77064e-05
5.53739e-07
3.78732e-05
9.70072e-07
3.77404e-05
1.04964e-06
3.74848e-05
8.95575e-07
3.71616e-05
5.55793e-07
3.69e-05
3.50418e-08
3.63155e-05
3.7794e-05
-1.34075e-05
-3.03075e-05
-1.40686e-05
-2.09396e-05
-1.42683e-05
-1.1402e-05
-1.39124e-05
-2.05103e-06
-1.28601e-05
6.68419e-06
-1.11704e-05
1.44867e-05
-8.98855e-06
2.12202e-05
-6.60945e-06
2.66826e-05
-4.36329e-06
3.08134e-05
-2.46608e-06
3.37146e-05
-1.02046e-06
3.56071e-05
-2.57167e-08
3.67118e-05
5.70832e-07
3.72768e-05
8.46995e-07
3.74643e-05
8.71638e-07
3.74602e-05
7.29412e-07
3.73038e-05
4.22085e-07
3.72072e-05
-6.17179e-08
3.67992e-05
3.77323e-05
-4.58403e-06
-5.06222e-06
-5.40573e-06
-5.48478e-06
-5.18419e-06
-4.5254e-06
-3.60634e-06
-2.57265e-06
-1.58115e-06
-7.40041e-07
-1.04576e-07
3.1654e-07
5.45226e-07
6.22261e-07
5.77908e-07
4.57684e-07
2.44105e-07
-6.256e-08
)
;

boundaryField
{
    leftWall
    {
        type            calculated;
        value           uniform 0;
    }
    rightWall
    {
        type            calculated;
        value           uniform 0;
    }
    lowerWall
    {
        type            calculated;
        value           uniform 0;
    }
    atmosphere
    {
        type            calculated;
        value           nonuniform List<scalar> 
46
(
-0.000141215
-0.00014274
-0.000122314
1.60943e-05
0.000152193
0.000244282
0.000233681
0.000197424
7.70137e-05
2.50891e-05
-1.85713e-05
-5.8539e-05
-7.8833e-05
-8.64273e-05
-8.77632e-05
-8.54554e-05
-8.09374e-05
-7.54837e-05
-7.00007e-05
-6.47647e-05
-5.92313e-05
-5.34189e-05
-4.72477e-05
-2.01162e-05
-1.86018e-05
-1.70494e-05
-1.54498e-05
-2.97816e-05
-2.04614e-05
-1.10584e-05
-1.97192e-06
6.38368e-06
1.38279e-05
2.03012e-05
2.5649e-05
2.9822e-05
3.28736e-05
3.49717e-05
3.62907e-05
3.70481e-05
3.73872e-05
3.75045e-05
3.7424e-05
3.74208e-05
3.71058e-05
3.76697e-05
)
;
    }
    defaultFaces
    {
        type            empty;
        value           nonuniform 0();
    }
}


// ************************************************************************* //
