/*--------------------------------*- C++ -*----------------------------------*\
| =========                 |                                                 |
| \\      /  F ield         | OpenFOAM: The Open Source CFD Toolbox           |
|  \\    /   O peration     | Version:  2.3.0                                 |
|   \\  /    A nd           | Web:      www.OpenFOAM.org                      |
|    \\/     M anipulation  |                                                 |
\*---------------------------------------------------------------------------*/
FoamFile
{
    version     2.0;
    format      ascii;
    class       volScalarField;
    location    "2e-06";
    object      p;
}
// * * * * * * * * * * * * * * * * * * * * * * * * * * * * * * * * * * * * * //

dimensions      [1 -1 -2 0 0 0 0];

internalField   nonuniform List<scalar> 
7500
(
35228.693
54922.888
-3106.0707
-42846.071
55847.954
53223.696
-103457.1
6601.8722
234165.14
142608.35
258232.65
317458.47
-223762.31
-736600.97
-940080.82
-931683.64
-863329.6
-433416.12
372958.79
842141.46
1608957.3
1670186.9
1371468.4
1151188.4
915887.8
719364.65
569169.16
455111.07
368575.81
302450.9
251326.2
211270.94
179465.65
153885.16
133062.76
115924.27
101673.07
89711.014
79583.366
70940.41
63510.195
57079.05
51477.464
46569.738
42246.318
38418.054
35011.856
31967.382
29234.476
26771.194
24542.24
22517.748
20672.301
18984.158
17434.624
16007.54
14688.871
13466.368
12329.284
11268.144
10274.552
9341.0286
8460.8752
7628.0585
6837.1127
6083.0565
5361.3216
4667.6907
3998.2434
3349.3087
2717.423
2099.2909
1491.7503
891.74438
296.20309
33982.237
56595.04
-2204.0292
-44722.293
53585.78
53277.313
-96348.38
8382.1927
224994.76
143918.83
266218.86
313236.16
-228220.06
-739608.49
-935525.39
-929936.5
-871320.52
-444634.59
307492.31
898313.66
1714202.6
1570728.1
1367639.6
1149212.7
914313.16
718204.28
568361.42
454543.29
368174.37
302163.77
251117.63
211116.85
179349.9
153796.79
132994.29
115870.48
101630.29
89676.584
79555.368
70917.423
63491.154
57063.149
51464.085
46558.403
42236.653
38409.764
35004.706
31961.184
29229.079
26766.473
24538.094
22514.094
20669.07
18981.294
17432.077
16005.27
14686.846
13464.557
12327.663
11266.692
10273.252
9339.865
8459.8349
7627.1303
6836.2869
6082.325
5360.6774
4667.1278
3997.7567
3348.8942
2717.077
2099.0108
1491.5338
891.59067
296.11084
33395.658
57273.378
-2704.999
-43861.68
49507.551
51055.025
-82521.714
9939.7798
213567.88
141122.85
272688.98
328954.52
-227351.57
-742252.16
-967651.33
-927460.28
-838639.47
-437812.21
459421.78
644310.2
1677800.9
1539081
1364133.5
1142441.6
909621.16
714994.93
566181.82
453032.69
367114.32
301408.17
250569.34
210711.68
179045.17
153563.81
132813.45
115728.15
101516.84
89585.117
79480.844
70856.118
63440.279
57020.586
51428.212
46527.96
42210.654
38387.43
34985.417
31944.441
29214.479
26753.688
24526.856
22504.179
20660.296
18973.507
17425.15
15999.095
14681.33
13459.626
12323.25
11262.741
10269.715
9336.7016
8457.0104
7624.6148
6834.0549
6080.3547
5358.9502
4665.628
3996.4713
3347.8122
2716.1897
2098.3115
1491.0175
891.25461
295.9541
30132.888
61966.186
-1810.3928
-47946.622
48836.178
47040.161
-73108.595
22823.805
194171.8
144172.18
274137.12
327343.87
-206413.02
-738096.84
-968353.39
-999945.28
-927506.22
-447853.56
430853.45
793218.4
1713505.4
1519009.3
1350101.9
1133934.4
903407.38
710485.01
563076.03
450874.43
365597.79
300325.77
249782.86
210129.74
178606.96
153228.37
132552.77
115522.75
101352.95
89452.837
79372.956
70767.278
63366.478
56958.784
51376.072
46483.669
42172.792
38354.875
34957.274
31919.989
29193.137
26734.982
24510.397
22489.647
20647.425
18962.074
17414.97
15990.011
14673.212
13452.36
12316.742
11256.911
10264.493
9332.0289
8452.8362
7620.8959
6830.7545
6077.4412
5356.3969
4663.4125
3994.5748
3346.2193
2714.8882
2097.2919
1490.2733
890.78243
295.75313
30324.351
60194.229
252.8424
-44370.455
48182.68
47850.987
-70505.901
19318.029
182306.05
142803.82
280221.67
336937.74
-193300.87
-747174.55
-1010289.4
-1024386.7
-804621.48
-391992.2
268804.99
755600.31
1666309.2
1508125.2
1341572.6
1126416.9
896274.38
704898.86
559167.11
448151.69
363681.97
298956.17
248786.03
209390.92
178049.71
152801.15
132220.26
115260.37
101143.3
89283.395
79234.573
70653.177
63271.573
56879.208
51308.853
46426.5
42123.863
38312.753
34920.817
31888.278
29165.427
26710.667
24488.978
22470.714
20630.635
18947.144
17401.662
15978.124
14662.576
13442.833
12308.2
11249.25
10257.625
9325.8772
8447.3361
7615.9918
6826.3989
6073.5939
5353.0238
4660.4847
3992.0686
3344.1154
2713.1712
2095.9503
1489.2994
890.17241
295.5068
27346.312
65216.825
-5926.2311
-49351.744
53910.687
46322.207
-52901.321
22282.594
154835.38
149425.45
282860.55
353452.52
-182564.78
-774035.09
-1023623.1
-1030122.8
-883009.36
-432848.62
301267.48
930384.7
1435074.2
1420271.2
1333581.7
1122225
888152.29
698298.36
554559.15
444944.79
361422.82
297338.35
247606.45
208515.13
177388.05
152293.06
131824.21
114947.39
100892.87
89080.71
79068.821
70516.333
63157.606
56783.53
51227.935
46357.597
42064.821
38261.866
34876.722
31849.879
29131.835
26681.156
24462.953
22447.683
20610.19
18928.944
17385.421
15963.602
14649.569
13431.168
12297.731
11239.852
10249.191
9318.3156
8440.5691
7609.9527
6821.0309
6068.8485
5348.8603
4656.869
3988.9725
3341.5159
2711.0507
2094.2955
1488.1019
889.42842
295.2171
25415.071
62835.045
-5564.8597
-47845.07
48561.006
45221.938
-41754.749
28928.567
145885.69
128640.07
291955.61
369924.6
-167615.65
-802307.27
-1051739.7
-1033160.4
-904940.53
-430296.84
266751.33
789091.92
1298595
940383.56
1269128.5
1089131.1
876927.61
690677.89
549341.28
441322.98
358868.17
295505.47
246267.51
207519.18
176634.27
151713.25
131371.52
114589.11
100605.76
88848.016
78878.266
70358.802
63026.241
56673.107
51134.429
46277.878
41996.429
38202.85
34825.523
31805.241
29092.74
26646.772
24432.596
22420.789
20586.289
18907.644
17366.393
15946.569
14634.297
13417.458
12285.414
11228.783
10239.247
9309.3919
8432.5755
7602.8122
6814.6781
6063.2279
5343.9251
4652.5801
3985.2978
3338.4297
2708.5329
2092.3319
1486.6834
888.55182
294.88454
24863.044
63368.824
-8365.4532
-49269.936
53217.176
32721.017
-29090.172
29473.523
133614.2
127523.02
295426.75
389321.47
-183061.52
-796340.26
-1102828.7
-1084871.6
-884482.04
-426557.94
234971.75
719574.69
1187368.9
1057691.5
1012605.2
1049405.8
861705.81
682002.15
543600.08
437348.44
356060.22
293486.72
244789.8
206417.86
175799.2
151069.78
130868.3
114190.2
100285.61
88588.169
78665.179
70182.408
62878.952
56549.139
51029.323
46188.16
41919.365
38136.272
34767.695
31754.766
29048.482
26607.803
24398.153
22390.24
20559.11
18883.397
17344.708
15927.138
14616.856
13401.784
12271.318
11216.103
10227.844
9299.149
8423.3913
7594.6006
6807.3657
6056.7527
5338.2348
4647.6313
3981.0549
3334.8644
2705.6236
2090.0633
1485.0464
887.54385
294.50956
24196.05
61439.028
-8672.8532
-44412.043
50258.997
27094.714
-40456.546
37234.877
123471.62
113824.28
313241.08
411111.94
-142265.5
-821783.78
-1156300.2
-1116987.6
-911631.44
-445913.57
160828.75
660589.74
1163846.6
1035323.7
965945.07
1011594
844323.26
672690.77
537447.18
433078.98
353036.73
291308.13
243191.67
205224.38
174892.5
150369.85
130319.98
113754.84
99935.668
88303.717
78431.585
69988.771
62717.051
56412.698
50913.496
46089.167
41834.232
38062.636
34703.663
31698.811
28999.363
26564.504
24359.841
22356.222
20528.812
18856.337
17320.484
15905.407
14597.33
13384.219
12255.505
11201.864
10215.028
9287.625
8413.0486
7585.3446
6799.116
6049.441
5331.8041
4642.0342
3976.2529
3330.8269
2702.3277
2087.4931
1483.1932
886.40579
294.09253
23967.528
61560.203
-12489.505
-39118.959
53695.29
17903.527
-37745.997
33774.284
104759.39
110225.05
313663.57
449290.32
-133127.23
-815939.07
-1195063
-1130688.6
-941686.48
-522191.92
157142.31
723226.61
1127951.2
1025689.6
955960.89
977597.78
827301.98
663097.79
530981.15
428565.84
349831.12
288992.82
241489.49
203950.52
173922.81
149619.89
129731.44
113286.77
99558.839
87996.953
78179.305
69779.356
62541.725
56264.75
50787.742
45981.559
41741.578
37982.399
34633.81
31637.698
28945.656
26517.11
24317.858
22318.905
20495.54
18826.59
17293.825
15881.468
14575.799
13364.83
12238.033
11186.116
10200.839
9274.8548
8401.5769
7575.0689
6789.9491
6041.3096
5324.6465
4635.7995
3970.8999
3326.3235
2698.6497
2084.6245
1481.1255
885.13869
293.6338
21288.148
61978.452
-13484.356
-36168.802
55607.211
15370.722
-36523.221
35172.559
87614.148
101742.15
320693.83
473632.59
-111266.8
-832082.59
-1189757.2
-1193299.4
-954488.52
-541787.82
66589.557
905123.3
1115251.8
1027930.7
945391.21
946942.29
811333.02
653385.1
524276.18
423852.92
346472.8
286561.25
239697.78
202606.76
172897.83
148825.67
129107.04
112789.34
99157.741
87669.937
77909.981
69555.483
62354.042
56106.171
50652.781
45865.93
41641.898
37895.976
34558.484
31571.724
28887.612
26465.831
24272.385
22278.443
20459.425
18794.268
17264.829
15855.404
14552.333
13343.678
12218.954
11168.903
10185.316
9260.8711
8389.0035
7563.7964
6779.8843
6032.3741
5316.7747
4628.9375
3965.0042
3321.3601
2694.5941
2081.4604
1478.8454
883.74357
293.13369
18236.485
64054.316
-15587.152
-33160.398
56982.416
9829.1615
-28295.318
34976.835
77467.683
86663.459
328949.26
497418.25
-90345.601
-834326.35
-1215277.5
-1238888.1
-986435.28
-525911.21
-2273.3037
919089.53
1127086.2
1031648.8
930989.16
919663.93
796609
643644.43
517388.62
418977.58
342987.52
284031.48
237829.4
201202.41
171824.43
147992.31
128450.69
112265.56
98734.719
87324.522
77625.091
69318.341
62154.969
55937.749
50509.264
45742.82
41535.643
37803.746
34478.005
31501.157
28825.458
26410.863
24223.589
22234.977
20420.59
18759.476
17233.586
15827.292
14526.999
13320.821
12198.317
11150.268
10168.495
9245.704
8375.3543
7551.5487
6768.9397
6022.6494
5308.2009
4621.4578
3958.5732
3315.9428
2690.1651
2078.0039
1476.3547
882.22146
292.59252
14559.75
64216.384
-16749.299
-32920.317
56414.588
5088.1241
-24005.861
41889.744
65087.43
81197.285
328502.61
525105.83
-91566.31
-827715.33
-1236556.8
-1275230
-1037726.2
-507417.41
-79302.514
804706.45
1131898.4
1032867.5
914795.74
895267.38
783147.94
633924.46
510360.99
413971.46
339397.75
281419.42
235895.7
199745.74
170708.69
147124.39
127765.87
111718.13
98291.879
86962.372
77325.964
69069.001
61945.376
55760.199
50357.78
45612.719
41423.222
37706.05
34392.661
31426.242
28759.404
26352.383
24171.62
22188.639
20379.146
18722.31
17200.178
15797.204
14499.858
13296.311
12176.167
11130.248
10150.408
9229.382
8360.6533
7538.3462
6757.1322
6012.1498
5298.9366
4613.3698
3951.6143
3310.0771
2685.367
2074.258
1473.6555
880.5734
292.01062
12206.426
61346.178
-19064.174
-32265.602
51346.259
2047.691
-24128.146
43070.656
54783.809
76006.555
345280.44
541707.06
-92819.64
-850086.52
-1229387.8
-1315893.4
-1080184.1
-551104.09
-127697.62
742597.73
1142501
1032554.7
897249.1
873807.77
771020.88
624249.34
503225.2
408861.37
335723.1
278739.02
233906.72
198244.03
169556.03
146225.97
127055.68
111149.45
97831.105
86584.98
77013.794
68808.429
61726.051
55574.167
50198.863
45476.07
41305.004
37603.201
34302.716
31347.203
28689.639
26290.553
24116.619
22139.548
20335.196
18682.858
17164.682
15765.205
14470.967
13270.197
12152.547
11108.881
10131.088
9211.9318
8344.923
7524.208
6744.4778
6000.8884
5288.993
4604.6825
3944.1347
3303.7685
2680.2039
2070.2255
1470.7497
878.80041
291.38831
10776.42
55322.509
-20641.852
-34579.175
44470.887
-4605.0187
-26213.144
43722.523
38314.821
77169.301
361134.87
574026.54
-100951.9
-887144.38
-1257258.7
-1331036.6
-1126284.4
-560715.11
-132189.64
767265.85
1128214.6
1030904.6
877948.26
854470.3
760070.72
614600.32
496003.97
403670.05
331980.59
276002.53
231871.28
196703.75
168371.24
145300.69
126322.91
110561.67
97354.087
86193.687
76689.659
68537.496
61497.705
55380.237
50032.995
45333.276
41181.329
37495.484
34208.41
31264.243
28616.338
26225.523
24058.713
22087.812
20288.835
18641.203
17127.169
15731.357
14440.379
13242.524
12127.496
11086.2
10110.562
9193.3781
8328.1848
7509.1522
6730.9919
5988.8781
5278.3803
4595.4043
3936.1412
3297.0224
2674.6798
2065.9093
1467.6379
876.90353
290.72594
8778.2992
48017.544
-21391.338
-41999.395
32726.686
-14989.898
-33259.09
38121.288
22958.427
76105.566
378644.79
615480.17
-92326.27
-945683.52
-1312176.2
-1389843.2
-1176014.6
-597583.43
-154734.06
669749.99
1113553.4
1022614.3
855872.5
835956.28
750158.49
604954.44
488715.61
398416.97
328185.08
273220.66
229797.14
195130.6
167158.57
144351.75
125570.02
109956.72
96862.338
85789.699
76354.526
68256.988
61260.978
55178.938
49860.617
45184.703
41052.503
37383.156
34109.963
31177.549
28539.659
26157.428
23998.019
22033.534
20240.15
18597.419
17087.703
15695.715
14408.142
13213.335
12101.05
11062.236
10088.859
9173.7446
8310.4588
7493.1959
6716.6889
5976.1311
5267.1089
4585.5436
3927.6404
3289.844
2668.7986
2061.3123
1464.3237
874.88385
290.02385
7958.1154
40722.013
-22575.962
-52524.395
21272.242
-32451.092
-44759.728
25409.65
-1141.2925
78778.674
395349.58
656678.51
-82187.803
-964624.86
-1325419.9
-1449104.9
-1252370.6
-714514.95
-254979.39
354498.7
1120846.2
1033582.6
828371.18
817963.04
741363.11
595292.39
481375.29
393118.91
324349.48
270402.79
227691.1
193529.58
165921.78
143382.02
124799.21
109336.3
96357.215
85374.097
76009.267
67967.612
61016.453
54970.748
49682.126
45030.684
40918.805
37266.456
34007.576
31087.293
28459.749
26086.396
23934.646
21976.808
20189.222
18551.577
17046.345
15658.333
14374.303
13182.67
12073.244
11037.021
10066.004
9153.0536
8291.7642
7476.3555
6701.5828
5962.659
5255.1885
4575.1084
3918.6389
3282.2385
2662.5645
2056.4374
1460.8086
872.74248
289.28239
6660.1086
34397.982
-24158.68
-60569.241
18272.682
-50369.932
-51636.839
10857.314
-41694.492
70437.205
419153.99
697055.4
-109510.04
-967308.84
-1303347.8
-1448596.7
-1252704.7
-761714.34
-422123.81
83620.169
755260.38
993341.44
808555.45
802572.9
733902.11
585591.34
473995.32
387790.36
320485.02
267557.08
225559.12
191905.11
164664.19
142394.02
124012.45
108701.97
95839.934
84947.855
75654.668
67670.009
60764.653
54756.103
49497.884
44871.523
40780.492
37145.598
33901.432
30993.632
28376.744
26012.541
23868.694
21917.718
20136.125
18503.741
17003.153
15619.26
14338.904
13150.566
12044.11
11010.581
10042.021
9131.3259
8272.119
7458.6465
6685.6868
5948.4732
5242.6284
4564.1065
3909.143
3274.2108
2655.9811
2051.2876
1457.0945
870.48051
288.50192
5332.852
29765.577
-27441.629
-63435.055
25974.53
-56968.575
-39988.015
11899.044
-83500.009
35317.613
436815.94
727546.69
-136583.97
-940144.64
-1304204.7
-1439869.3
-1239655.6
-909028.63
-550435.48
-93366.621
-789.63983
850488.36
778777.82
791964.96
728229.31
575819.65
466583.62
382443.75
316601.48
264690.65
223406.43
190261.09
163388.74
141390.02
123211.47
108055.08
95311.584
84511.846
75291.436
67364.757
60506.055
54535.397
49308.219
44707.494
40637.797
37020.781
33791.699
30896.71
28290.767
25935.97
23800.254
21856.346
20080.93
18453.972
16958.177
15578.541
14301.985
13117.057
12013.68
10982.944
10016.934
9108.5817
8251.5406
7440.0839
6669.0136
5933.5843
5229.4378
4552.5455
3899.159
3265.7662
2649.0525
2045.8656
1453.1835
868.09907
287.68281
4308.0845
26973.46
-33817.526
-62123.683
32565.786
-57163.74
-19010.068
36580.074
-59501.752
36679.251
421058.93
720527.89
-108766.14
-931897.46
-1320718.2
-1454135.3
-1259093.3
-737356.11
-673293.44
-104067.58
-406232.28
348349.43
724514.05
786850.69
723204.04
565739.43
459138.49
377089.93
312707.39
261809.71
221237.59
188600.92
162098.02
140371.99
122397.84
107396.87
94773.142
84066.858
74920.211
67052.379
60241.091
54308.989
49113.433
44538.852
40490.932
36892.186
33678.534
30796.66
28201.932
25856.783
23729.413
21792.766
20023.7
18402.327
16911.469
15536.22
14263.584
13082.177
11981.98
10954.134
9990.7649
9084.8401
8230.0455
7420.6819
6651.5756
5918.003
5215.6256
4540.4328
3888.6929
3256.9093
2641.7824
2040.1744
1449.0773
865.5993
286.82543
3231.383
24898.406
-42648.537
-54452.185
36201.512
-62673.215
-3641.4632
42590.323
44749.999
63360.119
419211.08
723447
-102344.19
-939850.63
-1339887.8
-1474674.9
-1276534.6
-963946.05
-726741.32
-359909.42
-376125.21
165295.16
554692.64
783814.37
706291.7
555087.66
451669.14
371739.33
308810.23
258919.64
219056.57
186927.59
160794.31
139341.72
121572.94
106728.43
94225.487
83613.598
74541.569
66733.349
59970.153
54077.205
48913.799
44365.827
40340.094
36759.98
33562.079
30693.604
28110.345
25775.07
23656.25
21727.047
19964.497
18348.858
16863.073
15492.337
14223.736
13045.957
11949.04
10924.176
9963.534
9060.1192
8207.6497
7400.4544
6633.3847
5901.7395
5201.2006
4527.7759
3877.7509
3247.6453
2634.1748
2034.2171
1444.778
862.98235
285.93017
2726.408
24350.846
-53932.431
-41522.287
45948.19
-22910.044
-1528.6182
38915.639
100739.71
79502.756
419323.14
715500.9
-112751.3
-953193.14
-1350887.3
-1488336.6
-1288149
-1000607
-735302.66
-667361.01
-286974.43
47850.297
510650.48
767039.78
684093.31
544103.52
444197.91
366402.21
304916.53
256025.12
216866.84
185243.73
159479.63
138300.77
120738.01
106050.75
93669.407
83152.706
74156.033
66408.096
59693.598
53840.344
48709.567
44188.63
40185.463
36624.317
33442.466
30587.657
28016.105
25690.918
23580.84
21659.253
19903.376
18293.615
16813.034
15446.93
14182.474
13008.426
11914.884
10893.091
9935.2614
9034.4366
8184.3684
7379.4146
6614.4524
5884.8038
5186.1712
4514.5818
3866.3389
3237.9789
2626.2335
2027.9968
1440.2876
860.24939
284.9974
1806.5115
22249.131
-65761.015
-34794.725
60480.649
60964.515
-1691.3842
42238.936
108368.35
79758.112
419793.85
695006.52
-131290.05
-970732.1
-1366718.9
-1501946.7
-1298145.1
-983138.65
-775760.14
-641944.16
-363035.68
20338.342
490655.18
738999.43
661803.92
533034.99
436751.18
361088.09
301032
253130.18
214671.43
183551.65
158155.77
137250.54
119894.15
105364.7
93105.612
82684.759
73764.076
66077.013
59411.75
53598.677
48500.967
44007.456
40027.205
36485.339
33319.816
30478.923
27919.303
25604.405
23503.251
21589.445
19840.391
18236.644
16761.392
15400.035
14139.832
12969.612
11879.538
10860.903
9905.9664
9007.8092
8160.2164
7357.5755
6594.79
5867.2055
5170.5457
4500.8577
3854.4629
3227.9151
2617.9624
2021.5157
1435.6081
857.40163
284.02753
1979.2729
18130.986
-84628.868
-48710.315
104694.48
97925.078
-1731.3662
41724.617
104554.8
81456.599
419729
667755.79
-158891.22
-992143.56
-1383472.9
-1513747.5
-1307000.2
-989725.03
-787182.25
-637401.41
-384164.16
15085.699
482581.92
710382.32
640609.14
522012.72
429352.32
355805.29
297161.51
250238.31
212472.95
181853.36
156824.29
136192.26
119042.35
104671.08
92534.742
82210.279
73366.128
65740.454
59124.906
53352.454
48288.209
43822.484
39865.472
36343.176
33194.243
30367.501
27820.024
25515.606
23423.548
21517.681
19775.592
18177.989
16708.186
15351.687
14095.838
12929.542
11843.024
10827.631
9875.6674
8980.2532
8135.2081
7334.9498
6574.4085
5848.9542
5154.3325
4486.6106
3842.1288
3217.4586
2609.3653
2014.7734
1430.7414
854.4403
283.02094
3646.6955
17633.31
-97199.271
-86378.02
108530.44
108618.62
-848.01944
41205.036
102667.69
83907.054
417232.61
637685.22
-181291.82
-1016809.3
-1391015.8
-1521135
-1320543.3
-997534.74
-789701.83
-634435.04
-384503.78
22228.705
474688.47
683182.63
620690.83
511121.45
422020.77
350560.91
293309.27
247352.51
210273.68
180150.63
155486.59
135127.04
118183.47
103970.6
91957.372
81729.739
72962.578
65398.745
58833.339
53101.904
48071.488
43633.879
39700.406
36197.952
33065.853
30253.482
27718.347
25424.591
23341.792
21444.013
19709.026
18117.692
16653.453
15301.918
14050.521
12888.242
11805.366
10793.297
9844.3823
8951.7844
8109.3573
7311.5495
6553.3187
5830.0593
5137.5396
4471.8474
3829.3424
3206.6145
2600.4462
2007.7785
1425.6899
851.36666
281.97805
4339.5114
26954.341
-74249.37
-100856.14
101351.03
109551.13
2271.2976
42033.09
98768.822
83891.73
416310.23
616991.51
-205124.91
-1035178.7
-1407092.4
-1502470.1
-1332437.6
-1010360.6
-794382.21
-625271.09
-372241.03
28198.144
467019.45
657817.89
602044.72
500419.33
414772.06
345360.9
289478.81
244475.35
208075.6
178445.01
154143.89
134055.86
117318.32
103263.89
91374.027
81243.568
72553.783
65052.182
58537.299
52847.238
47850.983
43441.795
39532.138
36049.778
32934.742
30136.951
27614.347
25331.423
23258.041
21368.493
19640.738
18055.793
16597.228
15250.759
14003.91
12845.736
11766.586
10757.918
9812.1282
8922.4181
8082.6777
7287.3867
6531.531
5810.53
5120.175
4456.575
3816.1097
3195.3877
2591.2092
2000.5328
1420.4558
848.18198
280.89926
2640.9909
46433.575
-64518.208
-103609.87
95854.764
105522.7
6758.0437
43619.851
92701.161
81271.054
417870.43
602481
-238543.15
-1050139.4
-1421207.9
-1473344.4
-1349484.3
-1029928.3
-810501.96
-607878.46
-349691.9
36787.981
460350.46
634591.63
584601.1
489945.12
407618.27
340210.14
285673.11
241609.03
205880.41
176737.86
152797.28
132979.59
116447.61
102551.53
90785.179
80752.159
72140.069
64701.038
58237.014
52588.651
47626.859
43246.374
39360.791
35898.761
32801.004
30017.988
27508.094
25236.166
23172.35
21291.167
19570.77
17992.328
16539.544
15198.24
13956.031
12802.047
11726.705
10721.515
9778.922
8892.1693
8055.1824
7262.4732
6509.0558
5790.3755
5102.2467
4440.8005
3802.4365
3183.7829
2581.6583
1993.039
1415.0412
844.88756
279.78496
3858.2169
52372.795
-59135.334
-100440.02
91438.019
99828.777
11400.616
46132.426
85778.467
76960.035
416578.66
582664.64
-275732.9
-1074799.2
-1428158.1
-1479047.5
-1367984.1
-1053350.3
-817808.94
-584656.94
-321416.32
48754.061
454326.06
613534.84
568268
479723.26
400568.34
335112.53
281894.66
238755.4
203689.61
175030.36
151447.72
131899
115571.95
101834.04
90191.258
80255.868
71721.734
64345.565
57932.697
52326.322
47399.272
43047.747
39186.479
35745.001
32664.725
29896.67
27399.655
25138.878
23084.768
21212.083
19499.162
17927.335
16480.434
15144.39
13906.909
12757.199
11685.742
10684.105
9744.78
8861.0524
8026.8845
7236.8205
6485.9035
5769.6047
5083.7627
4424.5304
3788.3286
3171.8051
2571.7976
1985.3001
1409.4484
841.4847
278.63556
4403.8236
50692.992
-56615.257
-97779.775
87087.704
93741.073
15622.973
48795.241
79501.494
72775.11
412486.75
551446.11
-313068.72
-1097279.7
-1442526.5
-1459318.3
-1401063
-1066901.8
-814560.84
-539422.57
-288353.81
62181.591
448683.31
594500.51
552951.92
469767.47
393628.67
330071.11
278145.48
235916.05
201504.46
173323.56
150096.06
130814.81
114691.94
101111.9
89592.657
79755.022
71299.052
63985.994
57624.545
52060.421
47168.364
42846.04
39009.31
35588.59
32525.986
29773.067
27289.093
25039.613
22995.347
21131.282
19425.953
17860.848
16419.928
15089.235
13856.569
12711.214
11643.719
10645.706
9709.718
8829.0817
7997.7967
7210.44
6462.084
5748.2267
5064.7308
4407.7719
3773.792
3159.4594
2561.6311
1977.3192
1403.6795
837.97474
277.45144
-8094.3866
50529.684
-54509.783
-93711.626
83418.798
88130.882
19111.333
51354.553
75762.793
68929
406198.41
517547.97
-339655.91
-1119382.1
-1449237.6
-1454300.2
-1453832.7
-1075208.3
-812320.15
-528642.55
-256982.73
75510.392
443463
577305.47
538564.99
460083.56
386803.43
325088.19
274427.23
233092.33
199326.08
171618.38
148743.06
129727.63
113808.09
100385.54
88989.736
79249.924
70872.278
63622.539
57312.74
51791.102
46934.27
42641.368
38829.384
35429.616
32384.864
29647.247
27176.466
24938.425
22904.131
21048.808
19351.182
17792.899
16358.056
15032.804
13805.035
12664.113
11600.653
10606.336
9673.7518
8796.2713
7967.9316
7183.343
6437.6075
5726.2503
5045.1587
4390.5316
3758.8325
3146.7506
2551.163
1969.0993
1397.7369
834.35903
276.233
-21737.961
49440.353
-52035.612
-88788.156
80318.524
83259.977
22081.77
53536.526
73628.769
65725.702
395859.04
491409.46
-368907.65
-1145898.3
-1453497.1
-1473497.8
-1463327.4
-1131362.3
-758853.43
-491396.97
-241991.88
87528.157
438547.44
561324.84
524655.83
450421.28
379920.63
320040.29
270649.66
230217.22
197104
169876.27
147358.89
128614.1
112901.9
99640.172
88370.559
78730.858
70433.447
63248.624
56991.818
51513.801
46693.157
42430.497
38643.963
35265.752
32239.375
29517.515
27060.324
24834.069
22810.054
20963.742
19274.059
17722.815
16294.24
14974.603
13751.889
12615.543
11556.249
10565.748
9636.679
8762.4581
7937.1606
7155.4313
6412.4029
5703.6281
5025.0201
4372.8011
3743.4572
3133.699
2540.4245
1960.6801
1391.6662
830.6871
275.03085
-21580.815
46485.775
-50137.896
-83005.767
77433.141
78898.62
24664.058
55472.787
72571.552
63861.25
385278.1
463594.07
-408037.54
-1167176
-1471830.2
-1477670.4
-1456638.2
-1201286.7
-731461.57
-346732.21
-242093.88
93146.696
433993.25
546306.61
511006.62
440649.17
372885.41
314857.81
266761.28
227252.19
194808.96
168074.73
145926.03
127460.42
111962.37
98866.925
87727.921
78191.92
69977.675
62860.184
56658.371
51225.643
46442.584
42211.344
38451.259
35095.457
32088.186
29382.712
26939.655
24725.661
22712.338
20875.401
19193.982
17650.059
16228.007
14914.21
13696.754
12565.168
11510.208
10523.673
9598.2592
8727.426
7905.2893
7126.5295
6386.3112
5680.216
5004.1832
4354.4596
3727.5545
3120.2007
2529.3179
1951.9684
1385.3777
826.87112
273.75771
-21062.562
43928.836
-48511.049
-77399.604
74696.941
74877.827
26937.411
57117.341
72348.665
62455.74
376830.68
422692.08
-451232.92
-1190256.9
-1490386.6
-1518516.8
-1469654
-1284905.5
-726812.01
-342489.6
-240752.15
94357.33
430143.8
532390.7
497737.1
430876.65
365776.9
309598.64
262805.54
224230.45
192466.77
166234.09
144460.67
126279.64
111000.12
98074.53
87069.051
77639.141
69510.034
62461.508
56316.048
50929.746
46185.231
41986.223
38253.277
34920.476
31932.817
29244.168
26815.626
24614.225
22611.886
20784.582
19111.653
17575.255
16159.906
14852.112
13640.061
12513.369
11462.863
10480.408
9558.752
8691.4025
7872.5165
7096.811
6359.483
5656.1439
4982.76
4335.6032
3711.2064
3106.3256
2517.9032
1943.0155
1378.916
822.95091
272.45062
-20443.529
41455.012
-47073.68
-72353.944
72017.553
71096.077
28837.148
58455.293
72812.826
59703.977
367920.81
372038.31
-488001.45
-1213623.3
-1495017.9
-1567214.7
-1529464.2
-1312975.2
-706415.43
-351478.86
-241652.28
93270.995
427124.93
519540.27
484812.25
421102.73
358595.25
304262.03
258781.36
221150.92
190076.45
164353.47
142962.09
125071.13
110014.63
97262.556
86393.591
77072.222
69030.274
62052.386
55964.673
50625.965
45920.975
41755.031
38049.932
34740.735
31773.209
29101.833
26688.196
24499.727
22508.67
20691.26
19027.054
17498.387
16089.925
14788.299
13581.803
12460.139
11414.212
10435.949
9518.1562
8654.3877
7838.8432
7066.2773
6331.9206
5631.4146
4960.7535
4316.2349
3694.4161
3092.0766
2506.1836
1933.8235
1372.2829
818.92765
271.10991
-19808.239
38939.932
-45722.082
-67594.76
69351.961
67418.05
30531.124
59454.783
73546.817
56252.796
359716.44
318977.43
-516558.61
-1235426.3
-1497435.5
-1566885.2
-1536033.3
-1309783.9
-692932.23
-351734.31
-242805.84
90344.948
425274.17
507753.79
472193.7
411323.18
351339.61
298846.88
254687.48
218012.36
187636.86
162431.91
141429.45
123834.21
109005.33
96430.515
85701.132
76490.825
68538.112
61632.581
55604.048
50314.132
45649.678
41517.651
37841.124
34556.152
31609.292
28955.649
26557.316
24382.127
22402.656
20595.408
18940.162
17419.436
16018.049
14722.76
13521.969
12405.472
11364.249
10390.294
9476.4701
8616.3809
7804.2698
7034.9297
6303.6257
5606.0303
4938.1663
4296.3577
3677.1865
3077.4566
2494.1621
1924.3948
1365.4803
814.80258
269.73595
-19044.899
36378.235
-44371.882
-62874.216
66566.479
63876.94
31923.697
60147.759
74880.137
52900.894
347304.92
264247.86
-553151.82
-1260239
-1507488.6
-1576325.4
-1548375
-1310933.4
-682295.53
-351694.24
-245386.92
86122.056
424787.79
496997.09
459832.09
401530.5
344008.23
293351.73
250522.39
214813.34
185146.74
160468.31
139861.82
122568.08
107971.55
95577.859
84991.217
75894.566
68033.228
61201.828
55233.949
49994.062
45371.182
41273.95
37626.742
34366.633
31440.986
28805.55
26422.93
24261.378
22293.805
20496.993
18850.949
17338.379
15944.259
14655.479
13460.55
12349.359
11312.968
10343.438
9433.6906
8577.3806
7768.7958
7002.7687
6274.5996
5579.9931
4915.001
4275.9743
3659.5205
3062.4683
2481.8421
1914.7315
1358.5101
810.57697
268.3291
-18372.951
33978.477
-42986.306
-58280.467
63614.415
60402.196
33235.1
60575.857
75547.693
51279.269
328149.65
201471.86
-594361.23
-1292175.1
-1513535.8
-1590522.5
-1560309.2
-1226832.3
-648846.25
-352942.57
-250623.69
80063.745
425728.94
487297.82
447673.52
391714.73
336598.48
287774.8
246284.41
211552.29
182604.69
158461.45
138258.16
121271.88
106912.56
94703.977
84263.337
75283.02
67515.265
60759.826
54854.127
49665.542
45085.308
41023.779
37406.66
34172.072
31268.203
28651.459
26284.974
24137.426
22182.072
20395.978
18759.385
17255.192
15868.535
14586.44
13397.53
12291.79
11260.361
10295.375
9389.8136
8537.3841
7732.42
6969.7943
6244.8433
5553.3046
4891.2598
4255.0874
3641.4209
3047.1142
2469.2273
1904.8355
1351.3743
806.2521
266.88971
-17686.732
31312.591
-41591.318
-51757.31
60422.228
56946.745
34424.716
60817.552
75844.767
52119.799
298692.36
147065.17
-641432.67
-1329074.8
-1520120.5
-1593598.7
-1472307.2
-1309125.3
-627723.03
-349841
-262552.37
70609.561
428277.97
478366.73
435640.2
381863.37
329106.88
282114
241971.65
208227.47
180009.15
156409.99
136617.34
119944.63
105827.56
93808.191
83516.924
74655.711
66983.826
60306.242
54464.299
49328.336
44791.859
40766.97
37180.736
33972.349
31090.84
28493.291
26143.376
24010.209
22067.405
20292.32
18665.433
17169.843
15790.852
14515.622
13332.894
12232.751
11206.417
10246.097
9344.8337
8496.3879
7695.1403
6936.0056
6214.3571
5525.966
4866.9443
4233.6992
3622.8904
3031.3965
2456.3203
1894.7083
1344.0747
801.8293
265.41817
-16960.031
28680.417
-40171.217
-47281.152
56957.894
53522.673
35371.264
60840.865
76096.288
52057.984
278446.72
130572.27
-694455.43
-1343549.1
-1524833.3
-1598736.1
-1492967.9
-1443954.9
-630951.66
-339572.51
-278431.52
64071.795
432193.4
470547.94
423724.82
371963.61
321529.21
276366.96
237582.03
204836.96
177358.42
154312.45
134938.08
118585.28
104715.64
92889.753
82751.351
74012.115
66438.469
59840.706
54064.154
48982.183
44490.613
40503.335
36948.812
33767.329
30908.784
28330.949
25998.054
23879.66
21949.747
20185.969
18569.053
17082.3
15711.181
14443.003
13266.623
12172.227
11151.125
10195.596
9298.7439
8454.3872
7656.9538
6901.401
6183.1406
5497.9778
4842.0563
4211.8119
3603.9313
3015.3159
2443.0152
1884.3524
1336.6137
797.3099
263.91485
-16128.146
25835.985
-38732.443
-42514.927
53466.173
50110.94
36235.872
60164.28
76965.07
54290.297
268275.65
104457.1
-698460.88
-1331335.7
-1514990
-1609715.9
-1542223.4
-1258510.2
-697356.88
-350517.96
-301295.82
67732.456
447085.87
465778.88
411766.51
361990.64
313860.35
270531.13
233113.32
201378.71
174650.67
152167.24
133219.03
117192.67
103575.84
91947.84
81965.928
73351.65
65878.708
59362.807
53653.347
48626.789
44181.321
40232.666
36710.711
33556.862
30721.908
28164.327
25848.916
23745.7
21829.031
20076.87
18470.197
16992.522
15629.49
14368.554
13198.695
12110.2
11094.47
10143.859
9251.5358
8411.3757
7617.8561
6865.9782
6151.1928
5469.3404
4816.5966
4189.4272
3584.546
2998.8792
2429.5137
1873.7749
1328.9933
792.69525
262.38014
-15641.059
23574.033
-37272.119
-38216.252
49984.057
46424.747
36522.262
59428.32
75878.713
56070.527
255624.35
66825.405
-691534.04
-1358969.3
-1472795.5
-1595374.5
-1579497.7
-1294067.5
-799406.57
-352739.57
-294574.28
172569.23
459390.06
455903.33
399387.44
351917.72
306095.21
264603.83
228563.14
197850.53
171883.92
149972.62
131458.7
115765.53
102407.08
90981.552
81159.895
72673.68
65304.005
58872.092
53231.496
48261.833
43863.712
39954.73
36466.235
33340.782
30530.069
27993.301
25695.861
23608.242
21705.183
19964.961
18368.813
16900.465
15545.742
14292.245
13129.083
12046.649
11036.436
10090.873
9203.1992
8367.3459
7577.842
6829.7337
6118.5118
5440.053
4790.566
4166.5465
3564.7368
2982.0891
2415.7258
1862.9764
1321.2155
787.98668
260.81444
-14781.914
20523.033
-35809.398
-33629.4
46503.414
42756.246
37074.507
57945.871
76686.712
57095.51
236338.88
48625.506
-764964.82
-1374164.5
-1461819.1
-1536735
-1568132.1
-1369769.5
-894371.7
-426666.29
-146349.4
239495.19
461892.45
438983.67
386583.8
341726.98
298229.63
258582.36
223929.03
194250.09
169056.06
147726.75
129655.49
114302.5
101208.21
89989.908
80332.428
71977.507
64713.771
58368.064
52798.179
47886.957
43537.484
39669.272
36215.167
33118.903
30333.11
27817.74
25538.772
23467.189
21578.122
19850.171
18264.841
16806.079
15459.894
14214.041
13057.759
11981.551
10977.002
10036.624
9153.7219
8322.2885
7536.9048
6792.663
6085.095
5410.1147
4763.9644
4143.1709
3544.5053
2964.9475
2401.6525
1851.959
1313.2822
783.18552
259.21815
-14130.048
18610.441
-34268.882
-29930.479
42785.384
39384.495
37192.323
56149.615
75049.729
61621.289
219559.15
55866.144
-823912.37
-1368925.4
-1468938
-1518212.4
-1556646.7
-1402718.4
-862123.59
-335604.97
-78105.265
257347.44
439335.69
419689.7
373465.29
331411.89
290260.31
252464.08
219208.41
190574.95
166164.86
145427.63
127807.67
112802.09
99977.962
88971.843
79482.623
71262.37
64107.364
57850.18
52352.936
47501.771
43202.303
39376.008
35957.267
32891.019
30130.856
27637.492
25377.524
23322.432
21447.753
19732.422
18158.215
16709.308
15371.899
14133.902
12984.69
11914.878
10916.147
9981.0925
9103.0898
8276.1928
7495.0364
6754.7603
6050.9387
5379.5234
4736.7913
4119.301
3523.8531
2947.4558
2387.2955
1840.7244
1305.1954
778.29309
257.59169
-13570.964
15253.713
-32719.588
-25141.103
39250.472
36296.71
37130.46
54328.133
73458.936
63751.914
205594.82
59819.012
-824329.44
-1351275.5
-1459676.9
-1510343.4
-1541366.4
-1372520.5
-830568.83
-310712.54
-57199.952
242196.62
412511.3
400134.27
360092.9
320971.99
282184.64
246246.44
214398.73
186822.6
163207.99
143073.19
125913.41
111262.73
98714.989
87926.207
78609.506
70527.44
63484.081
57317.843
51895.263
47105.846
42857.805
39074.628
35692.268
32656.905
29923.113
27452.393
25211.975
23173.851
21313.976
19611.625
18048.859
16610.088
15281.704
14051.784
12909.837
11846.598
10853.846
9924.2586
9051.2863
8229.0458
7452.227
6716.0187
6016.0382
5348.2765
4709.0456
4094.937
3502.7812
2929.6154
2372.6566
1829.2747
1296.9569
773.31071
255.93546
-13241.189
13206.007
-31164.932
-22445.798
35400.572
32905.494
36695.998
52112.221
71267.825
65700.975
190262.67
27199.994
-839741.23
-1411532.7
-1396770.1
-1457056.3
-1505702.7
-1328954
-804930.62
-297803.11
-51192.731
229341.83
386194.31
380706.04
346514.87
310409.27
274000.72
239927.06
209497.42
182990.46
160183.02
140661.21
123970.77
109682.74
97417.84
86851.76
77712.021
69771.821
62843.16
56770.407
51424.606
46698.712
42503.591
38764.791
35419.881
32416.312
29709.668
27262.261
25041.969
23021.312
21176.674
19487.684
17936.692
16508.349
15189.248
13967.635
12833.16
11776.677
10790.068
9866.0984
8998.2925
8180.8326
7408.4654
6676.4298
5980.3878
5316.3701
4680.7255
4070.0783
3481.2902
2911.4277
2357.7371
1817.6116
1288.5686
768.23971
254.24989
-12207.735
10585.642
-29687.284
-17928.598
31860.779
30122.157
36014.853
48874.858
67152.805
59807.994
172504.89
-32176.264
-892729.72
-1528573.5
-1191049.9
-1461348.1
-1466584.3
-1279171.7
-766108.7
-271247.47
-35131.097
218635.75
360593.81
361506.89
332772.23
299727.6
265707.47
233503.87
204501.99
179075.95
157087.44
138189.4
121977.7
108060.31
96084.968
85747.175
76789.032
68994.544
62183.776
56207.167
50940.369
46279.859
42139.223
38446.123
35139.785
32168.966
29490.288
27066.895
24867.334
22864.668
21035.723
19360.49
17821.621
16404.012
15094.465
13881.399
12754.61
11705.076
10724.782
9806.5853
8944.0868
8131.536
7363.7382
6635.9836
5943.9802
5283.7998
4651.8282
4044.7239
3459.3804
2892.8937
2342.5366
1805.7372
1280.0323
763.08136
252.5354
-12263.434
8224.0306
-27823.947
-15448.32
27177.863
28047.113
36516.423
47081.684
63676.901
55865.915
159579.81
-81644.127
-860015.42
-1625575.5
-1256861.7
-1431685.5
-1430228.4
-1229286.2
-716625.13
-228008.86
-15390.769
207339.65
336061.88
342577.64
318902.33
288932.81
257304.78
226975.16
199410.13
175076.5
153918.71
135655.38
119932.07
106393.56
94714.729
84611.031
75839.322
68194.567
61505.038
55627.363
50441.9
45848.73
41764.226
38118.218
34851.632
31914.567
29264.716
26866.074
24687.881
22703.756
20890.982
19229.925
17703.543
16296.991
14997.282
13793.014
12674.135
11631.749
10657.951
9745.6887
8888.6446
8081.1364
7318.0299
6594.6685
5906.8071
5250.5597
4622.3503
4018.8724
3437.0516
2874.0141
2327.0457
1793.6536
1271.3498
757.83698
250.79243
-11866.265
5608.9342
-26717.392
-11818.669
24375.211
23045.374
35147.844
45367.073
61583.63
55478.453
153319.15
-69908.527
-793213.33
-1545026.1
-1263488.1
-1318073.6
-1350682.5
-1182059.9
-665434.2
-183430.6
4550.385
195380.16
312684.51
323938.41
304940.33
278032.64
248793.62
220339.71
194219.7
170989.6
150674.28
133056.72
117831.64
104680.51
93305.385
83441.822
74861.589
67370.771
60805.988
55030.173
49928.494
45404.722
41378.083
37780.632
34555.041
31652.79
29032.67
26659.558
24503.402
22538.398
20742.299
19095.856
17582.347
16187.188
14897.615
13702.41
12591.676
11556.648
10589.533
9683.3748
8831.9379
8029.6114
7271.3231
6552.471
5868.8585
5216.6428
4592.2873
3992.5211
3414.3031
2854.7902
2311.3035
1781.3633
1262.5228
752.50782
249.02142
-11758.81
3956.356
-24795.676
-9807.6467
20243.623
23985.011
32857.462
42150.142
58132.734
50052.585
134816.15
-39219.404
-774449.92
-1356884.6
-1235012.7
-1316721.5
-1177924.2
-1066731.7
-599975.25
-167611.15
23658.308
182969.07
290393.22
305604.13
290919.71
267036.7
240176.17
213596.99
188928.92
166812.9
147351.61
130390.96
115674.13
102919.09
91855.11
82237.951
73854.449
66521.963
60085.595
54414.714
49399.394
44947.183
40980.234
37432.883
34249.597
31383.277
28793.844
26447.081
24313.67
22368.398
20589.505
18958.14
17457.907
16074.498
14795.375
13609.51
12507.167
11479.717
10519.482
9619.6053
8773.9357
7976.9358
7223.5977
6509.3756
5830.1228
5182.041
4561.6338
3965.6671
3391.1337
2835.2224
2295.2892
1768.8673
1253.5528
747.09514
247.22281
-12052.686
1852.4458
-24668.966
-9667.6006
17311.341
14336.785
34712.769
38230.434
58052.741
43469.36
89732.522
-52373.871
-808107.16
-1281456.9
-1210350.8
-1286770.1
-1181274.6
-1020161.6
-598304.35
-210110.15
25261.639
169371.93
269062.69
287586.34
276872.85
255956.55
231455.94
206747.24
183536.38
162544.25
143948.27
127655.61
113457.19
101107.18
90361.999
80997.741
72816.438
65646.869
59342.762
53780.035
48853.781
44475.409
40570.072
37074.45
33934.852
31105.641
28547.903
26228.356
24118.435
22193.542
20432.416
18816.616
17330.088
15958.804
14690.461
13514.228
12420.535
11400.895
10447.747
9554.3376
8714.6027
7923.0812
7174.8311
6465.3646
5790.5866
5146.7445
4530.3832
3938.3063
3367.5413
2815.3098
2279.0011
1756.1667
1244.4414
741.60017
245.39707
-12108.031
-150.09914
-23088.953
-4438.4134
14588.609
18260.589
27485.115
34152.982
41117.601
41259.462
54211.359
-90888.338
-856250.1
-1274942.9
-1262425.7
-1270118.5
-1153710.1
-999245.74
-612516.61
-232796.21
17774.873
155077.45
248590.11
269900.82
262832.01
244805.81
222638.02
199791.65
178041.2
158181.77
140461.92
124848.26
111178.47
99242.576
88824.074
79719.433
71746.011
64744.144
58576.317
53125.125
48290.779
43988.644
40146.944
36704.767
33610.317
30819.461
28294.484
26003.069
23917.428
22013.596
20270.829
18671.111
17198.739
15839.976
14582.762
13416.47
12331.702
11320.114
10374.272
9487.5243
8653.9
7868.0156
7124.9976
6420.418
5750.2346
5110.7422
4498.5278
3910.4338
3343.5233
2795.0514
2262.4397
1743.2626
1235.1901
736.02412
243.54466
-12519.976
-1929.2794
-23052.473
-8793.0145
11792.984
7897.2058
31450.919
31224.873
40089.281
33538.998
54973.845
-102439.16
-870536.36
-1244068.4
-1313719.5
-1157855.2
-1074735.9
-962396.81
-609751.17
-232591.5
9846.4029
141125.51
228947.84
252569.48
248829.87
233600.23
213729.16
192732.54
172443.17
153723.96
136890.45
121966.55
108835.63
97323.062
87239.297
78401.2
70641.549
63812.364
57785.019
52448.903
47709.452
43486.074
39710.147
36323.225
33275.466
30524.28
28033.192
25770.877
23710.352
21828.304
20104.524
18521.435
17063.697
15717.874
14472.158
13316.133
12240.578
11237.3
10298.992
9419.1129
8591.784
7811.7036
7074.0688
6374.5133
5709.0496
5074.021
4466.0585
3882.0437
3319.0764
2774.4457
2245.6055
1730.1559
1225.8001
730.36818
241.66607
-12829.068
-3963.6961
-21682.765
-860.68298
6508.6953
11555.296
24747.369
26657.203
45792.785
28940.705
42533.952
-111285.51
-795990.85
-1221416.9
-1166240.8
-692342.92
-932450.7
-902026.8
-575253.57
-222209.31
3232.8883
127673.91
210133.2
235616.16
234899.79
222357.81
204737.98
185573.46
166742.85
149169.8
133232.01
119008.26
106426.35
95346.405
85605.592
77041.154
69501.365
62850.038
56967.558
51750.222
47108.799
42966.831
39258.925
35929.171
32929.73
30219.607
27763.601
25531.411
23496.886
21637.388
19933.26
18367.379
16924.781
15592.343
14358.516
13213.103
12147.067
11152.371
10221.839
9349.0451
8528.2065
7754.1055
7022.0125
6327.6249
5667.0118
5036.5664
4432.9646
3853.129
3294.1963
2753.4907
2228.4983
1716.8472
1216.2728
724.6335
239.76182
-13275.66
-5867.6408
-21206.592
-9006.7518
3534.9076
4340.9001
17913.702
22099.118
24901.849
18123.99
2884.6831
-148787.81
-694788.44
-1160181.2
-1031419.9
-702977.14
-885847.37
-831093.4
-528874.28
-210326.6
-3027.174
114764.72
192140.54
219065.68
221076
211098.85
195675.11
178319.38
160941.83
144518.87
129485.1
115971.39
103948.43
93310.397
83920.861
75637.363
68323.71
61855.607
56122.554
51027.871
46487.76
42429.989
38792.472
35521.902
32572.499
29904.91
27485.248
25284.27
23276.683
21440.546
19756.775
18208.717
16781.797
15463.214
14241.69
13107.255
12051.062
11065.235
10142.737
9277.2567
8463.1139
7695.1774
6968.7931
6279.7246
5624.0992
4998.3616
4399.2343
3823.6813
3268.8781
2732.1838
2211.1176
1703.3373
1206.6092
718.82123
237.83242
-13744.272
-7789.7545
-20561.549
-697.45858
-3376.9368
6727.3711
20097.274
18438.397
35302.51
2925.1823
-50091.289
-212654.06
-654059.62
-1041633.1
-984847.52
-695657.76
-821877.8
-751786.85
-479146.16
-198204.88
-9634.0611
102974.48
174954.04
202944.51
207393.77
199846
186553.35
170976.9
155042.81
139771.45
125648.71
112854.18
101399.81
91212.891
82183.011
74187.864
67106.792
60827.454
55248.568
50280.577
45845.215
41874.565
38309.928
35100.665
32203.117
29579.617
27197.635
25029.021
23049.366
21237.452
19574.786
18045.203
16634.53
15330.302
14121.522
12998.453
11952.446
10975.794
10061.6
9203.6769
8396.4474
7634.8706
6914.3712
6230.7807
5580.2869
4959.3879
4364.8536
3793.6913
3243.1156
2710.5218
2193.4625
1689.6262
1196.8103
712.93246
235.87843
-14292.716
-9775.2788
-19964.852
-9398.6467
-3309.1842
4813.448
7248.2004
16745.628
16642.919
-3942.5074
-28859.553
-156466.59
-566376.47
-926413.57
-870707.2
-667986.43
-758243.04
-675150.57
-431447.16
-186399.49
-15453.651
91356.693
158540.58
187280.95
193889.48
188624.33
177387.8
163554.38
149049.79
134928.72
121722.34
109655.24
98778.614
89051.841
80389.988
72690.692
65848.783
59763.916
54344.103
49507.005
45179.981
41299.517
37810.377
34664.66
31820.882
29243.116
26900.228
24765.196
22814.527
21027.749
19386.983
17876.568
16482.749
15193.408
13997.839
12886.547
11851.092
10883.938
9978.3373
9128.2279
8328.1419
7573.1316
6858.7029
6180.7581
5535.5475
4919.6241
4329.8071
3763.1481
3216.9018
2688.5007
2175.5313
1675.7141
1186.8772
706.96828
233.90042
-14915.266
-11722.903
-19682.169
-5063.483
-9703.7967
-1481.0089
11593.418
6511.5712
26048.403
-22463.618
-72869.049
-194699.09
-485515.05
-795686.15
-772750.53
-631795.12
-694560.17
-604707.76
-388552
-175188.4
-20541.249
80078.864
142897.25
172105.07
180600.58
177461.26
168195.97
156062.15
142968.2
129992.87
117706.23
106373.63
96083.268
86825.362
78539.813
71143.9
64547.842
58663.291
53407.614
48705.767
44490.822
40703.749
37292.852
34213.034
31425.046
28894.751
26592.453
24492.294
22571.728
20811.057
19193.035
17702.523
16326.201
15052.312
13870.45
12771.376
11746.86
10789.548
9892.8467
9050.8243
8258.126
7509.9011
6801.7398
6129.6179
5489.8501
4879.0465
4294.0771
3732.0391
3190.2286
2666.1158
2157.322
1661.6005
1176.8104
700.92972
231.89902
-15672.165
-13673.243
-19410.056
-9971.6557
-7912.3101
1635.9245
-2957.4003
4577.9657
-15367.64
-63829.286
-108566.64
-195470.82
-456909.49
-692500.64
-684551.55
-593826.08
-632100.91
-540731.45
-350484.3
-164545.09
-24950.443
69267.811
128031.39
157448.98
167565.63
166386.55
158997.84
148512.63
136805.11
124967.33
113601.4
103008.95
93312.542
84531.784
76630.626
69545.597
63202.136
57523.861
52437.52
47875.43
43776.45
40086.112
36756.333
33744.885
31014.815
28533.821
26273.694
24209.776
22320.498
20586.963
18992.58
17522.754
16164.614
14906.778
13739.153
12652.762
11639.598
10692.494
9805.0177
8971.3726
8186.3214
7445.114
6743.4286
6077.3169
5443.1607
4837.6289
4257.6441
3700.3504
3163.0865
2643.3614
2138.8319
1647.2849
1166.6105
694.81777
229.87485
-16601.445
-15509.405
-19467.003
-10786.44
-13290.661
-10033.273
493.01009
-5806.3389
-3824.0196
-40893.923
-79766.75
-162603.11
-406339.3
-602812.96
-609105.64
-554335.54
-571993.59
-482883.62
-316473.21
-154364.74
-28696.186
58999.508
113959.78
143346.75
154824.05
155432.18
149815.91
140920.48
130569.36
119856.88
109409.83
99561.474
90465.655
82169.726
74660.743
67893.984
61809.874
56343.907
51432.217
47014.521
43035.53
39445.407
36199.748
33259.262
30589.344
28159.583
25943.296
23917.065
22060.331
20355.022
18785.23
17336.922
15997.693
14756.549
13603.723
12530.513
11529.14
10592.635
9714.7295
8889.7705
8112.6421
7378.699
6683.7106
6023.8078
5395.4415
4795.342
4220.486
3668.0662
3135.4649
2620.2309
2120.0577
1632.7661
1156.278
688.6334
227.82861
-17692.562
-17241.112
-19742.771
-13106.282
-13595.21
-5918.1591
-11777.776
-11802.996
-27119.929
-73673.101
-122150.86
-196737.5
-376597.54
-529147.6
-543717.99
-513307.56
-514965.1
-430677.16
-285885.21
-144573.15
-31803.551
49329.754
100718.03
129833.46
142415.75
144632.06
140675.13
133302.67
124271.74
114667.78
105134.65
96032.254
87542.373
79738.171
72628.712
66187.402
60369.335
55121.74
50390.097
46121.545
42266.692
38780.391
35621.982
32755.166
30147.745
27771.249
25600.563
23613.546
21790.684
20114.759
18570.569
17144.662
15825.118
14601.347
13463.921
12404.42
11415.307
10489.815
9621.8505
8805.9063
8036.9942
7310.578
6622.5216
5969.0383
5346.6511
4752.1535
4182.5784
3635.1687
3107.3517
2596.7169
2100.9954
1618.0427
1145.813
682.37751
225.76101
-18915.507
-18880.622
-20347.795
-15488.824
-16667.346
-16095.741
-12989.92
-19448.141
-33016.135
-66679.71
-106249.47
-180906.79
-345624.35
-466002.45
-486700.61
-471189.71
-461602.17
-383605.17
-258226.17
-135129.76
-34299.015
40245.476
88394.641
116942.19
130380.72
134021.83
131602.84
125678.54
117925.08
109407.97
100780.3
92423.266
84543.12
77236.561
70533.385
64424.386
58878.91
53855.725
49309.571
45194.999
41468.54
38089.787
35021.874
32231.554
29689.085
27367.985
25244.753
23298.564
21510.979
19865.665
18348.148
16945.581
15646.546
14440.873
13319.484
12274.257
11297.903
10383.868
9526.2372
8719.6585
7959.2754
7240.6654
6559.7911
5912.9512
5296.7436
4708.0275
4143.8942
3601.638
3078.733
2572.8106
2081.6401
1603.1126
1135.2155
676.05095
223.67281
-20248.481
-20452.205
-21275.195
-17993.36
-19091.286
-16522.787
-19973.824
-26254.176
-41699.089
-75650.812
-119645.74
-187224.92
-316658.85
-412810.49
-435939.38
-428903.93
-412215.97
-341199.59
-233095.1
-126013.31
-36215.036
31655.705
77153.243
104695.83
118758.47
123638.39
122628.56
118069.81
111544.37
104087.18
96352.602
88737.572
81469.093
74664.888
68373.997
62603.721
57337.155
52544.321
48189.093
44233.389
40639.668
37372.29
34398.231
31687.342
29212.387
26948.917
24875.088
22971.426
21220.602
19607.196
18117.488
16739.258
15461.608
14274.803
13170.132
12139.779
11176.717
10274.611
9427.734
8630.8945
7879.3738
7168.8679
6495.4419
5855.4836
5245.6687
4662.9248
4104.4033
3567.4523
3049.5938
2548.5023
2061.9863
1587.9728
1124.4852
669.65451
221.56482
-21671.073
-22000.83
-22506.171
-20569.005
-21716.233
-21746.904
-24887.776
-32761.95
-48805.169
-79534.811
-120123.21
-183874.73
-290168.28
-366775.76
-390319.65
-387361.51
-366861.38
-303029.51
-210173.81
-117212.48
-37566.88
23977.348
66631.55
93104.077
107587.45
113519.36
113783.71
110500.49
105146.81
98717.047
91858.955
84979.466
78322.388
72023.802
66150.253
60724.522
55742.836
51186.121
47027.195
43235.258
39778.674
36626.583
33749.834
31121.414
28716.637
26513.131
24490.747
22631.399
20918.9
19338.773
17878.078
16525.241
15269.906
14102.79
13015.561
12000.723
11051.521
10161.847
9326.1718
8539.4706
7797.168
7095.0838
6429.3898
5796.5668
5193.3713
4616.8019
4064.0726
3532.5871
3019.9168
2523.7807
2042.0276
1572.6176
1113.6218
663.18891
219.43788
-23167.69
-23573.27
-23988.764
-23141.854
-24471.552
-25519.063
-29982.359
-38751.508
-55148.15
-83804.777
-122379.58
-180610.45
-265257.68
-326683.78
-348930.47
-347455.01
-325425.92
-268698.41
-189213.13
-108722.26
-38379.77
17172.426
56872.675
82195.206
96905.285
103702.54
105101.31
102996.71
98751.81
93311.207
87308.433
81154.594
75106.15
69314.725
63862.419
58786.303
54095
49779.904
45822.525
42199.215
38884.187
35851.354
33075.449
30532.628
28200.79
26059.677
24090.871
22277.712
20605.185
19059.784
17629.373
16303.05
15071.017
13924.462
12855.445
11856.805
10922.066
10045.363
9221.3676
8445.2305
7712.5259
7019.2023
6361.5432
5736.1258
5139.791
4569.6114
4022.8658
3497.0154
2989.683
2498.6334
2021.7571
1557.053
1102.6246
656.65479
217.2929
-24725.511
-25191.41
-25666.442
-25671.505
-27302.504
-29429.414
-34706.544
-44182.513
-60569.965
-87035.966
-122753.29
-174866.45
-242157.09
-291307.67
-311198.92
-309835.54
-287742.91
-237845.79
-170018.89
-100543.22
-38690.588
11199.904
47888.081
72013.169
86747.576
94225.105
96615.437
95586.551
92380.909
87885.344
82711.897
77270.078
71824.715
66539.969
61511.432
56789.065
52393.041
48324.688
44573.888
41123.966
37954.892
35045.311
32373.843
29919.827
27663.774
25587.572
23674.568
21909.558
20278.731
18769.578
17370.795
16072.17
14864.487
13739.417
12689.433
11707.717
10788.088
9924.9281
9113.1234
8348.0052
7625.3042
6941.1033
6291.8021
5674.0788
5084.862
4521.3011
3980.7426
3460.7074
2958.8713
2473.0465
2001.1662
1541.2695
1091.4925
650.05266
215.13077
-26331.362
-26856.04
-27478.583
-28136.357
-30144.457
-33113.197
-39063.486
-48964.578
-65028.171
-89394.661
-122113.65
-167623.7
-220663.36
-259824.55
-276765.05
-274864.89
-253638.72
-210146.59
-152438.76
-92681.019
-38542.959
6022.5156
39614.804
62656.312
77142.826
85122.809
88360.796
88299.639
86057.655
82457.171
78082.061
73334.62
68483.712
63702.875
59098.999
54733.393
50636.78
46819.795
43280.301
40008.357
36989.555
34207.211
31643.801
29281.853
27104.504
25095.811
23240.916
21526.098
19938.779
18467.474
17101.733
15832.059
14649.833
13547.232
12517.151
11553.132
10649.3
9800.2952
9001.2255
8247.6119
7535.3478
6860.6562
6220.058
5610.3367
5028.5123
4471.8143
3937.6594
3423.6305
2927.4583
2447.0043
1980.2457
1525.2616
1080.2237
643.38292
212.95247
-27968.289
-28552.4
-29359.993
-30525.303
-32908.945
-36544.082
-42953.76
-53023.827
-68480.85
-90747.306
-120210.18
-159039.84
-200667.07
-231600.13
-245372.33
-242722.89
-222918.88
-185307.29
-136350.41
-85145.949
-37982.539
1615.4915
32214.201
53981.219
68102.16
76429.81
80372.062
81166.782
79807.363
77046.362
73433.525
69358.594
65090.176
60807.934
56627.718
52620.548
48826.547
45264.923
41941.048
38851.418
35987.069
33335.885
30884.151
28617.562
26521.889
24583.373
22788.968
21126.464
19584.539
18152.758
16821.545
15582.141
14426.544
13347.45
12338.197
11392.698
10505.394
9671.197
8885.4437
8143.8533
7442.4887
6777.7196
6146.1932
5544.8027
4970.6636
4421.0887
3893.568
3385.7487
2895.4185
2420.4895
1958.9847
1509.0242
1068.8166
636.64584
210.75896
-29610.839
-30251.788
-31245.836
-32799.81
-35515.525
-39634.226
-46305.191
-56292.299
-70895.203
-91046.2
-117116.56
-149493.75
-182019.69
-206161.73
-216830.71
-213459.02
-195370.42
-163065.12
-121651.98
-77948.045
-37057.96
-2061.4198
25648.346
46015.639
59648.182
68178.484
72683.155
74219.415
73656.808
71674.403
68782.741
65354.094
61652.637
57860.887
54101.204
50452.575
46963.271
43660.219
40555.744
37652.417
34946.49
32430.273
30093.783
27925.848
25914.854
24049.231
22317.763
20709.766
19215.194
17824.684
16529.558
15321.81
14194.077
13139.592
12152.146
11226.04
10356.043
9537.3473
8765.5303
8036.5164
7346.5458
6692.1406
6070.08
5477.3718
4911.2308
4369.0569
3848.416
3347.0226
2862.7234
2393.4831
1937.3716
1492.5512
1057.2686
629.84151
208.55121
-31224.029
-31915.897
-33072.986
-34913.974
-37887.301
-42311.093
-49050.667
-58720.266
-72264.726
-90288.174
-112890.59
-139326.83
-164600.91
-183146.18
-190988.16
-187022.98
-170767.02
-143182.15
-108252.83
-71099.116
-35819.803
-5057.9163
19875.014
38762.081
51810.379
60398.88
65326.407
67488.978
67633.796
66364.348
64147.921
61334.929
58181.178
54868.806
51524.185
48232.407
45048.574
42006.363
39124.406
36410.918
33867.083
31489.46
29271.687
27205.658
25282.351
23492.372
21826.335
20275.096
18829.904
17482.481
16225.068
15050.432
13951.862
12923.146
11958.543
11052.756
10200.894
9398.4392
8641.2191
7925.3725
7247.3237
6603.7542
5991.5806
5407.9301
4850.1215
4315.6451
3802.1464
3307.4092
2829.3419
2365.9638
1915.3932
1475.8357
1045.5767
622.96986
206.33014
-32765.016
-33493.575
-34775.863
-36812.312
-39949.761
-44506.214
-51134.73
-60275.32
-72648.131
-88476.288
-107658.23
-128851.57
-148324.76
-162283.22
-167678.24
-163313.16
-148882.79
-125444.35
-96072.486
-64612.947
-34322.415
-7432.3068
14849.919
32162.483
44658.582
53114.827
58331.326
61006.141
61766.647
61140.525
59548.9
57316.616
54687.498
51840.202
48902.609
45964.002
43084.886
40304.669
37647.538
35126.852
32748.389
30512.73
28416.987
26456.035
24623.388
22911.806
21313.726
19821.546
18427.815
17125.359
15907.35
14767.345
13699.301
12697.575
11756.911
10872.424
10039.573
9254.1452
8512.2256
7810.176
7144.6125
6512.3825
5910.546
5336.3546
4787.2356
4260.7737
3754.6968
3266.8616
2795.2402
2337.9084
1893.0348
1458.8697
1033.7367
616.03058
204.09652
-34230.1
-34979.776
-36346.616
-38496.872
-41704.232
-46236.418
-52593.589
-61029.078
-72009.14
-85547.688
-101272.46
-117705.12
-132209.5
-142172.73
-145346.75
-140708.37
-128065.29
-108445.09
-84142.921
-57978.743
-32454.691
-9387.6366
10155.578
25754.934
37463.317
45644.575
51027.895
54121.911
55439.916
55428.307
54455.179
52813.395
50729.42
48374.224
45874.088
43320.283
40777.237
38289.152
35885.215
33583.626
31394.659
29322.934
27369.131
25531.232
23805.438
22186.821
20669.797
19248.453
17916.783
16668.841
15498.848
14401.256
13370.785
12402.446
11491.542
10633.667
9824.6932
9060.7618
8338.2644
7653.8278
7004.2974
6386.7204
5798.3304
5236.5311
4698.8825
4183.0863
3686.9739
3208.4933
2745.6984
2296.738
1859.847
1433.3358
1015.5833
605.03406
200.08895
-35476.003
-36222.746
-37617.834
-39791.174
-42952.298
-47288.614
-53254.164
-60818.148
-70330.994
-81632.135
-94185.772
-106673.67
-117244.86
-124046.57
-125474.22
-120730.22
-109723.76
-93358.97
-73328.75
-51694.644
-30355.528
-10755.31
6193.1009
20067.369
30840.752
38607.907
44008.546
47378.45
49135.895
49647.494
49226.434
48129.958
46563.023
44684.95
42616.986
40449.589
38248.914
36062.288
33922.682
31852.258
29865.152
27969.612
26169.61
24466.07
22857.786
21342.097
19915.389
18573.455
17311.76
16125.628
15010.371
13961.379
12974.184
12044.492
11168.208
10341.443
9560.5197
8821.9681
8122.5176
7459.0888
6828.7836
6228.8732
5656.7878
5110.104
4586.5341
4083.9152
3600.1985
3133.4398
2681.7899
2243.4856
1816.8421
1400.2444
992.14092
591.04255
195.42105
-36406.569
-37127.401
-38500.292
-40623.502
-43653.621
-47738.67
-53125.849
-59835.09
-67976.252
-77307.102
-87250.075
-96726.896
-104400.06
-108914.18
-109114.9
-104426.08
-94820.298
-81036.892
-64346.43
-46282.922
-28301.832
-11554.239
3186.869
15517.836
25334.631
32724.401
37993.278
41503.478
43565.474
44474.124
44493.221
43846.258
42716.366
41249.792
39560.848
37737.205
35844.896
33932.75
32036.135
30180.038
28381.535
26651.739
24997.324
23421.686
21925.841
20509.103
19169.596
17904.64
16711.027
15585.236
14523.582
13522.326
12577.751
11686.218
10844.196
10048.289
9295.247
8581.9702
7905.5122
7263.0767
6652.0129
6069.8095
5514.0872
4982.5911
4473.1825
3983.8306
3512.6046
3057.6661
2617.2614
2189.714
1773.4187
1366.8343
968.47798
576.92731
190.72015
-37033.106
-37711.517
-39023.816
-41041.799
-43880.264
-47633.339
-52439.497
-58296.219
-65182.475
-72813.206
-80639.393
-87806.14
-93319.49
-96174.825
-95536.004
-90995.879
-82579.182
-70865.541
-56819.331
-41602.067
-26338.528
-11951.004
911.07351
11875.406
20805.928
27747.087
32824.208
36384.284
38645.921
39849.114
40214.66
39934.959
39171.918
38058.132
36699.82
35180.474
33564.614
31901.273
30227.085
28568.892
26945.902
25371.44
23854.336
22400.026
21011.403
19689.48
18433.903
17243.338
16115.768
15048.716
14039.412
13084.916
12182.21
11328.259
10520.067
9754.6982
9029.3067
8341.1465
7687.5802
7066.0822
6474.24
5909.7515
5370.4223
4854.1609
4358.9734
3882.958
3424.2995
2981.263
2552.1885
2135.4851
1729.626
1333.1427
944.62039
562.70185
185.98847
-37372.7
-37997.384
-39222.823
-41099.34
-43703.862
-47089.392
-51322.491
-56368.024
-62130.993
-68317.587
-74440.214
-79824.86
-83718.547
-85364.419
-84157.889
-79834.621
-72427.248
-62388.896
-50460.98
-37534.958
-24488.808
-12063.95
-804.02426
8955.0274
17065.509
23537.122
28379.846
31923.313
34302.231
35717.143
36351.184
36368.599
35911.244
35098.106
34026.707
32775.453
31406.328
29967.575
28496.175
27020.017
25559.757
24130.349
22742.306
21402.707
20116.005
18884.655
17709.616
16590.735
15527.052
14517.026
13558.716
12649.91
11788.232
10971.213
10196.347
9461.1344
8763.1087
8099.8581
7469.039
6868.3844
6295.7095
5748.9137
5225.9805
4724.9764
4244.0482
3781.4196
3335.3877
2904.3189
2486.6452
2080.8594
1685.5119
1299.2057
920.59289
548.37966
181.22914
-37449.275
-38010.599
-39132.905
-40845.381
-43194.88
-46202.184
-49885.099
-54180.758
-58956.568
-63931.181
-68687.713
-72692.874
-75366.837
-76129.936
-74540.912
-70480.092
-63933.815
-55263.89
-45050.036
-33985.993
-22762.851
-11978.444
-2088.0265
6610.0063
13964.786
19945.178
24584.668
28035.612
30466.804
32027.08
32865.186
33120.255
32915.611
32357.102
31533.377
30517.216
29367.364
28130.526
26843.303
25533.976
24224.063
22929.653
21662.52
20431.038
19240.925
18095.843
16997.869
15947.877
14945.832
13991.029
13082.27
12218.005
11396.443
10615.633
9873.5295
9168.0349
8497.0398
7858.4471
7250.1907
6670.2495
6116.6558
5587.5017
5080.9418
4595.1949
4128.5436
3679.3332
3245.9701
2826.9196
2420.703
2025.8955
1641.1228
1265.0582
896.41929
533.97398
176.44578
-37287.428
-37781.696
-38791.081
-40328.442
-42415.694
-45050.941
-48217.884
-51835.843
-55756.034
-59722.548
-63385.169
-66320.151
-68073.083
-68198.513
-66346.039
-62582.394
-56771.231
-49227.648
-40413.944
-30876.202
-21162.14
-11756.259
-3039.5793
4725.4533
11392.391
16911.798
21307.272
24639.011
27078.857
28732.128
29721.38
30163.97
30166.404
29822.136
29211.068
28400.107
27444.308
26388.294
25267.737
24110.775
22939.308
21770.135
20615.926
19486.041
18387.204
17324.063
16299.636
15315.676
14372.954
13471.5
12610.778
11789.835
11007.412
10262.033
9552.0723
8875.8083
8231.4638
7617.2363
7031.3216
6471.9306
5937.3023
5425.7123
4935.479
4464.9673
4012.5908
3576.8124
3156.1443
2749.1477
2354.4313
1970.6501
1596.5037
1230.7341
872.12277
519.49739
171.64226
-36913.511
-37340.357
-38233.218
-39592.47
-41421.471
-43701.822
-46394.997
-49410.092
-52597.55
-55730.93
-58518.322
-60621.377
-61683.761
-61358.454
-59286.287
-55881.732
-50688.458
-44075.845
-36415.95
-28139.49
-19683.419
-11441.876
-3734.216
3210.7431
9255.0404
14340.713
18477.453
21669.605
24085.432
25789.877
26886.987
27475.046
27645.444
27480.149
27050.651
26417.954
25633.174
24738.486
23768.214
22749.941
21705.556
20652.212
19603.162
18568.477
17555.659
16570.147
15615.735
14694.914
13809.154
12959.122
12144.87
11365.977
10621.663
9910.8834
9232.3995
8584.8349
7966.7206
7376.5292
6812.7015
6273.6675
5757.8612
5263.7329
4789.757
4334.4383
3896.3161
3473.9666
3066.0042
2671.083
2287.8966
1915.1777
1551.698
1196.266
847.72592
504.96282
166.82256
-36354.783
-36715.773
-37493.093
-38677.929
-40260.111
-42209.577
-44474.67
-46960.969
-49526.528
-51974.192
-54061.841
-55519.101
-56069.735
-55478.467
-53696.776
-50193.584
-45485.168
-39647.01
-32946.535
-25720.804
-18320.31
-11067.329
-4229.7752
1993.8858
7476.122
12154.065
16018.266
19087.12
21440.038
23161.98
24331.793
25030.227
25335.221
25318.238
25042.841
24564.255
23929.562
23178.262
22343.038
21450.599
20522.509
19575.982
18624.585
17678.869
16746.909
15834.758
14946.838
14086.255
13255.066
12454.494
11685.104
10946.945
10239.667
9562.6145
8914.9011
8295.4667
7703.1269
7136.6094
6594.5842
6075.6863
5578.5336
5101.7416
4643.9329
4203.7459
3779.8401
3370.9003
2975.6398
2592.8022
2221.1632
1859.5311
1506.7472
1161.6854
823.25068
490.3852
161.99071
-35637.35
-35935.884
-36602.203
-37620.63
-38972.225
-40618.801
-42502.47
-44530.142
-46571.344
-48456.442
-49984.782
-50939.024
-51103.107
-50296.938
-48418.784
-45232.36
-40989.152
-35812.046
-29917.246
-23573.951
-17065.035
-10655.712
-4570.7534
1017.8244
5993.7274
10293.401
13897.904
16820.664
19097.406
20813.779
22028.115
22807.794
23219.041
23323.833
23178.362
22832.322
22328.78
21704.444
20990.164
20211.535
19389.556
18541.259
17680.305
16817.524
15961.383
15118.397
14293.481
13490.243
12711.229
11958.136
11231.971
10533.197
9861.8482
9217.6166
8599.9333
8008.0274
7440.9755
6897.7412
6377.207
5878.1993
5399.509
4939.9068
4498.1559
4073.0215
3663.2778
3267.7139
2885.1375
2514.3788
2154.2927
1803.7606
1461.6916
1127.0227
798.718
475.77567
157.15036
-34785.907
-35026.585
-35588.844
-36452.077
-37591.885
-38965.688
-40513.458
-42146.798
-43748.549
-45173.346
-46254.899
-46817.327
-46688.977
-45727.119
-43835.317
-40908.719
-37079.853
-32469.633
-27257.118
-21660.155
-15909.188
-10223.222
-4791.5162
236.99184
4757.4333
8707.7851
12063.564
14832.508
17022.034
18714.743
19950.765
20787.607
21281.137
21484.818
21448.083
21215.408
20825.955
20313.611
19707.272
19031.262
18305.823
17547.616
16770.216
15984.556
15199.345
14421.423
13656.079
12907.318
12178.09
11470.486
10785.894
10125.138
9488.5854
8876.2403
8287.8194
7722.8131
7180.5363
6660.1692
6160.7907
5681.4054
5220.9653
4778.3873
4352.5671
3942.3898
3546.7388
3164.5026
2794.5796
2435.8829
2087.344
1747.9147
1416.5696
1092.3067
774.14778
461.14425
152.3051
-33823.636
-34011.963
-34478.226
-35199.46
-36147.501
-37278.872
-38533.964
-39830.864
-41066.1
-42115.353
-42840.684
-43098.676
-42751.677
-41687.343
-39827.977
-37125.846
-33661.241
-29539.224
-24908.516
-19947.096
-14844.091
-9781.4175
-4918.7233
-384.96168
3725.9248
7354.7792
10473.737
13081.153
15188.012
16837.74
18076.841
18951.087
19506.718
19789.625
19843.113
19706.803
19416.122
19002.171
18491.84
17908.071
17270.216
16594.419
15894.015
15179.904
14460.903
13744.058
13034.926
12337.819
11656.009
10991.911
10347.237
9723.1165
9120.2109
8538.7985
7978.8505
7440.0928
6922.0561
6424.1186
5945.54
5485.4895
5043.0691
4617.3325
4207.2995
3811.9687
3430.327
3061.3572
2704.0446
2357.3818
2020.3735
1692.0397
1371.418
1057.5655
749.55941
446.50344
147.45857
-32771.926
-32913.512
-33292.841
-33885.727
-34662.756
-35580.936
-36583.256
-37595.25
-38526.085
-39269.951
-39712.135
-39734.912
-39227.864
-38102.374
-36300.647
-33799.753
-30655.385
-26955.824
-22824.197
-18407.42
-13861.614
-9338.3836
-4973.0246
-877.22543
2865.3154
6199.0535
9094.6531
11545.028
13558.901
15156.546
16385.539
17281.187
17881.992
18227.287
18354.878
18299.915
18094.3
17766.433
17341.192
16840.081
16281.465
15680.858
15051.24
14403.36
13746.03
13086.404
12430.214
11781.994
11145.267
10522.711
9916.3016
9327.4319
8757.0144
8205.5672
7673.2868
7160.109
6665.7594
6189.796
5731.6436
5290.6231
4865.9757
4456.8819
4062.4781
3681.8695
3314.1406
2958.3639
2613.6073
2278.9393
1953.4351
1636.1798
1326.2719
1022.8255
724.97144
431.86393
142.6142
-31649.845
-31750.367
-32051.948
-32530.602
-33156.817
-33889.42
-34675.304
-35447.518
-36126.885
-36623.48
-36841.472
-36684.288
-36063.451
-34908.45
-33176.569
-30859.904
-27998.524
-24666.228
-20965.413
-17018.032
-12953.752
-8899.5678
-4970.5023
-1263.2812
2147.7335
5211.0675
7897.1262
10195.549
12111.589
13649.381
14858.327
15762.352
16394.163
16787.468
16975.164
16988.321
16855.548
16602.658
16252.556
15825.281
15338.153
14805.977
14241.285
13654.579
13054.58
12448.456
11842.037
11240.005
10646.071
10063.118
9493.3356
8938.3355
8399.2443
7876.7872
7371.3579
6883.0785
6411.8489
5957.3891
5519.2744
5096.9646
4689.8289
4297.1657
3918.2199
3552.1965
3198.2722
2855.6041
2523.3384
2200.6162
1886.5799
1580.3772
1281.165
988.11227
700.40153
417.23593
137.7753
-30473.921
-30538.935
-30772.116
-31150.389
-31645.077
-32217.839
-32819.611
-33391.272
-33863.902
-34161.261
-34203.151
-33910.027
-33211.046
-32049.84
-30395.183
-28248.573
-25638.247
-22626.899
-19300.159
-15759.659
-12113.604
-8469.0251
-4924.0085
-1562.313
1550.0416
4365.7809
6855.911
9008.0661
10824.74
12297.533
13478.762
14380.387
15031.37
15460.453
15696.146
15765.813
15695.012
15507.112
15223.105
14861.574
14438.761
13968.708
13463.431
12933.113
12386.303
11830.115
11270.405
10711.942
10158.564
9613.3089
9078.5371
8556.0363
8047.1127
7552.668
7073.2671
6609.1955
6160.5078
5727.0694
5308.5914
4904.6603
4514.7626
4138.3055
3774.6347
3423.0485
3082.8095
2753.1551
2433.3054
2122.4706
1819.8569
1524.6723
1236.1295
953.45011
675.86671
402.62954
132.94511
-28641.271
-28661.126
-28804.878
-29051.766
-29375.566
-29742.312
-30110.588
-30431.569
-30650.384
-30708.066
-30543.828
-30099.602
-29324.882
-28181.369
-26648.981
-24736.002
-22462.02
-19874.831
-17039.454
-14032.552
-10936.347
-7832.9574
-4799.1861
-1901.9916
803.97857
3277.6982
5491.8854
7431.6882
9092.9618
10477.881
11601.056
12485.258
13150.295
13617.686
13909.985
14049.49
14057.544
13954.067
13757.296
13483.663
13147.778
12762.482
12338.941
11886.768
11414.167
10928.073
10434.296
9937.6528
9442.0959
8950.8273
8466.4016
7990.819
7525.606
7071.8882
6630.4511
6201.794
5786.1768
5383.6596
4994.1376
4617.3698
4253.004
3900.5983
3559.6385
3229.5533
2909.727
2599.51
2298.2278
2005.1887
1719.6911
1441.0288
1168.4957
901.38957
639.01502
380.69065
125.69252
-26133.342
-26111.795
-26169.224
-26288.809
-26448.586
-26621.441
-26775.021
-26872.075
-26871.957
-26731.638
-26408.61
-25863.319
-25062.493
-23983.752
-22618.46
-20965.53
-19049.018
-16902.146
-14570.569
-12108.939
-9576.4169
-7032.4978
-4533.9344
-2131.3349
132.69816
2224.7983
4121.0047
5806.4986
7274.6602
8526.0289
9558.0727
10396.941
11051.505
11537.496
11871.531
12070.524
12151.131
12129.326
12020.099
11837.251
11593.304
11299.479
10965.714
10600.728
10212.093
9806.3306
9389.0042
8964.8189
8537.7144
8110.9549
7687.2117
7268.6395
6856.9448
6453.4474
6059.1363
5674.7162
5300.6507
4937.1988
4584.4474
4242.3395
3910.6978
3589.2463
3277.6277
2975.4183
2682.1417
2397.2793
2120.2798
1850.568
1587.5517
1330.6283
1079.1895
832.62564
590.32981
351.7046
116.11304
-23623.67
-23575.511
-23573.194
-23603.376
-23648.845
-23688.483
-23697.438
-23647.76
-23509.347
-23251.599
-22844.574
-22260.642
-21477.593
-20480.671
-19275.853
-17853.353
-16232.828
-14440.101
-12508.418
-10477.297
-8389.8631
-6289.9522
-4219.836
-2218.11
-317.99963
1453.4498
3075.7753
4535.1556
5823.894
6939.4796
7881.2013
8658.2362
9282.6435
9764.8201
10116.362
10349.864
10478.198
10514.043
10469.574
10356.243
10184.644
9964.4371
9704.3281
9412.0802
9094.5479
8757.7275
8406.8183
8046.2888
7679.9443
7310.9942
6942.1166
6575.5187
6212.9937
5855.9724
5505.5701
5162.6293
4827.757
4501.3578
4183.6639
3874.7606
3574.61
3283.0701
2999.9128
2724.8383
2457.488
2197.4562
1944.2992
1697.5441
1456.6962
1221.2455
990.67193
764.45005
542.05354
322.96214
106.61756
-21163.834
-21100.405
-21059.082
-21029.783
-20999.392
-20951.782
-20868.057
-20727.675
-20508.723
-20189.077
-19747.446
-19165.501
-18427.818
-17524.067
-16466.662
-15243.109
-13869.661
-12366.035
-10756.974
-9071.507
-7341.4575
-5599.5039
-3877.3879
-2204.6257
-607.2621
892.88651
2278.7334
3537.9407
4662.71
5649.4173
6497.1175
7203.4417
7786.6017
8250.083
8601.8154
8851.2047
9008.1815
9082.7569
9084.7367
9023.5276
8907.9887
8746.3358
8546.0909
8314.0636
8056.3545
7778.3774
7484.8931
7180.0511
6867.4358
6550.1154
6230.6902
5911.3398
5593.8689
5279.7497
4970.1611
4666.0249
4368.0395
4076.7086
3792.368
3515.209
3245.2998
2982.6039
2726.997
2478.2806
2236.1948
2000.4292
1770.6325
1546.4211
1327.386
1113.0992
903.11949
696.99759
494.28033
294.51767
97.223901
-18786.838
-18716.521
-18652.066
-18586.023
-18508.531
-18407.476
-18268.952
-18077.699
-17817.896
-17473.801
-17030.999
-16476.902
-15803.431
-15007.814
-14074.15
-13020.709
-11855.268
-10591.342
-9247.0533
-7843.8858
-6405.4903
-4956.3943
-3520.6901
-2121.0639
-777.99749
491.04476
1671.8827
2753.8711
3729.851
4596.199
5353.2512
5978.3087
6516.6152
6951.7192
7291.2556
7542.6862
7713.7233
7812.2333
7846.058
7822.8483
7749.9369
7634.2336
7482.1582
7299.604
7091.9218
6863.9212
6619.8855
6363.5939
6098.3523
5827.0256
5552.0738
5275.5874
4999.3234
4724.739
4453.0246
4185.1335
3921.811
3663.6196
3410.9625
3164.1044
2923.1906
2688.2645
2459.2821
2236.1261
2018.6169
1806.5238
1599.5737
1397.4593
1199.8463
1006.3789
816.68618
630.38669
447.0932
266.41914
87.942631
-16512.465
-16441.212
-16365.292
-16279.243
-16175.751
-16045.886
-15879.467
-15665.365
-15392.208
-15048.884
-14625.365
-14113.41
-13507.298
-12804.07
-11997.561
-11097.597
-10111.598
-9050.1142
-7926.8611
-6758.0025
-5561.3305
-4355.3869
-3158.5841
-1988.4926
-861.17043
209.36383
1211.5002
2136.078
2976.5179
3728.5516
4389.6674
4956.5394
5437.5948
5835.3261
6153.3022
6396.4585
6570.489
6681.4575
6735.5643
6738.9766
6697.6996
6617.4822
6503.7408
6361.5117
6195.4241
6009.6877
5808.0938
5594.0247
5370.4712
5140.0536
4905.0465
4667.4054
4428.7937
4190.6097
3954.0128
3719.9483
3489.1715
3262.2696
3039.682
2821.7185
2608.5764
2400.3553
2197.0716
1998.6703
1805.0361
1616.003
1431.3632
1250.8742
1074.2655
901.24471
731.50262
564.71846
400.5642
238.71076
78.797105
-14350.355
-14282.236
-14203.131
-14109.06
-13994.701
-13853.559
-13678.216
-13460.706
-13192.843
-12866.761
-12475.468
-12013.666
-11477.215
-10864.855
-10174.342
-9411.1633
-8581.3646
-7693.2462
-6757.3523
-5785.9768
-4792.6369
-3791.4848
-2796.6588
-1821.7749
-879.44242
19.156437
864.50662
1648.9412
2366.6085
3013.5142
3587.2902
4086.88
4512.477
4869.7453
5160.4502
5388.0858
5556.8936
5671.5268
5736.8502
5757.7916
5739.2244
5685.8775
5602.2674
5492.6444
5360.9585
5210.8404
5045.5927
4868.1911
4681.2918
4487.2441
4288.1068
4085.6671
3881.4608
3676.7928
3472.7582
3270.2621
3070.0397
2872.6744
2678.6156
2488.194
2301.6364
2119.0794
1940.5811
1766.1326
1595.6682
1429.0734
1266.1937
1106.8408
950.79868
797.82937
647.67808
500.0777
354.75305
211.42652
69.791502
-12302.85
-12240.523
-12163.945
-12070.264
-11955.698
-11815.569
-11644.552
-11436.89
-11186.725
-10888.46
-10537.313
-10129.608
-9663.265
-9138.8265
-8554.6223
-7913.8928
-7221.3606
-6483.5801
-5708.728
-4906.2485
-4086.4746
-3260.231
-2438.4077
-1631.5617
-849.55431
-101.29895
605.5311
1264.5555
1870.8337
2420.8072
2912.3421
3344.7509
3714.5009
4029.6316
4289.3369
4496.3557
4653.8981
4765.525
4835.0248
4866.2977
4863.2574
4829.7502
4769.4927
4686.0225
4582.6612
4462.4905
4328.3394
4182.7791
4028.1237
3866.4372
3699.5432
3529.0376
3356.3038
3182.5274
3008.7134
2835.7015
2664.1821
2494.7119
2327.7281
2163.562
2002.4515
1844.5525
1689.9493
1538.6653
1390.6707
1245.8913
1104.215
965.4981
829.5706
696.2413
565.30265
436.53495
309.71004
184.59644
60.936995
-10367.29
-10312.358
-10242.181
-10154.739
-10047.337
-9916.6665
-9758.8946
-9569.9295
-9345.6104
-9081.9747
-8775.4368
-8423.0374
-8023.9139
-7584.9103
-7099.3758
-6569.1627
-5998.4168
-5392.5416
-4757.9635
-4101.9601
-3432.4391
-2757.6667
-2086.0034
-1425.5954
-784.13114
-168.63084
414.76089
960.86742
1465.5551
1925.7638
2339.467
2705.6132
3022.8797
3294.0098
3520.0328
3702.8442
3844.7267
3948.3483
4016.6194
4052.5883
4059.357
4040.0109
3997.5623
3934.9074
3854.7911
3759.7819
3652.2566
3534.3916
3408.1605
3275.3358
3137.4947
2996.0275
2852.1475
2706.9028
2561.1884
2415.7588
2271.2408
2128.1454
1986.8801
1847.76
1711.0181
1576.8153
1445.2491
1316.3622
1190.1504
1066.5689
945.539
826.95312
710.67962
596.56725
484.44939
374.14793
265.4765
158.24491
52.24063
-8537.7439
-8491.1425
-8429.8418
-8352.4607
-8257.1181
-8141.5056
-8002.9718
-7838.6222
-7645.5501
-7420.9377
-7161.7834
-6863.922
-6517.9164
-6172.4474
-5779.1095
-5348.6871
-4886.6777
-4397.7606
-3886.9356
-3359.7277
-2822.1128
-2280.3479
-1740.7799
-1209.6286
-692.81253
-195.7896
276.60506
720.25311
1131.78
1508.6381
1849.0466
2151.9791
2416.7232
2643.9734
2835.1039
2991.4168
3114.5578
3206.5066
3269.4668
3305.7831
3317.8714
3308.1612
3279.0468
3232.8496
3171.7881
3097.954
3013.2963
2919.6116
2818.5393
2711.561
2600.0026
2485.0399
2367.7054
2248.8961
2129.3833
2009.8215
1890.7589
1772.6464
1655.8476
1540.6479
1427.2628
1315.846
1206.4971
1099.2682
994.17076
891.18103
790.24555
691.28561
594.2013
498.87531
405.17647
312.96313
222.086
132.39188
43.708676
-6806.2487
-6768.3674
-6717.453
-6652.5701
-6572.4518
-6475.502
-6359.9047
-6223.8063
-6065.419
-5883.1926
-5676.3402
-5446.022
-5199.836
-4893.9981
-4572.7606
-4229.8588
-3865.2725
-3481.2429
-3081.081
-2668.7442
-2248.6106
-1825.3055
-1403.5454
-987.98825
-583.09603
-192.99898
178.59352
528.47977
854.02406
1153.1585
1424.4116
1666.8777
1880.1096
2063.8976
2219.5574
2347.9652
2450.2775
2527.9353
2582.5717
2615.9475
2629.8969
2626.282
2606.9529
2573.7163
2528.3105
2472.3855
2407.4876
2335.0506
2256.3896
2172.6992
2085.0539
1994.4113
1901.6161
1807.4062
1712.4191
1617.199
1522.2043
1427.8151
1334.3402
1242.0245
1151.0561
1061.572
973.66478
887.38753
802.75963
719.77121
638.38743
558.55227
480.19192
403.2178
327.52951
253.01746
179.56541
107.05343
35.346095
-5163.5174
-5134.4383
-5094.7253
-5043.7494
-4980.6569
-4904.4254
-4813.93
-4707.9126
-4585.2584
-4444.9827
-4286.4656
-4109.4255
-3912.5491
-3690.0806
-3448.7381
-3190.3008
-2916.1231
-2628.0458
-2328.4501
-2020.133
-1706.2
-1389.9481
-1074.7588
-763.99621
-460.88752
-168.43994
110.61767
373.91915
619.47753
845.72882
1051.5272
1236.1347
1399.1765
1540.1895
1660.3267
1760.0767
1840.2334
1901.8118
1945.9782
1974.0036
1987.2242
1987.0066
1974.7182
1951.7024
1919.2586
1878.6262
1830.9735
1777.3881
1718.8726
1656.3412
1590.6199
1522.4472
1452.4774
1381.2843
1309.3657
1237.1482
1164.993
1093.2012
1022.019
951.64318
882.22647
813.88208
746.68831
680.69284
615.91679
552.35835
489.99597
428.79135
368.69212
309.63416
251.54382
194.34003
137.93618
82.242439
27.156906
-3600.2192
-3579.8106
-3551.5781
-3515.1698
-3470.0832
-3415.6612
-3351.1856
-3275.9478
-3189.2225
-3090.4047
-2979.0504
-2854.899
-2718.1501
-2562.7834
-2394.8045
-2215.3961
-2025.5183
-1826.3815
-1619.5432
-1406.8582
-1190.3927
-972.34661
-754.98112
-540.55448
-331.23777
-129.06559
64.10627
246.65281
417.2072
574.67648
718.24641
847.38662
961.76681
1060.9258
1145.8369
1216.6719
1273.9474
1318.3316
1350.6005
1371.6064
1382.2517
1383.4648
1376.1794
1361.3171
1339.7728
1312.4043
1280.0232
1243.3881
1203.2007
1160.1029
1114.6762
1067.4425
1018.8652
969.3521
919.25794
868.88791
818.50118
768.3146
718.50644
669.22003
620.56728
572.63217
525.47382
479.12951
433.61746
388.9395
345.08328
302.0244
259.72827
218.15183
177.24505
136.95241
97.214217
57.968226
19.143469
-2105.7525
-2093.77
-2077.0507
-2055.4261
-2028.5712
-1996.1309
-1957.8395
-1913.166
-1861.9186
-1803.5868
-1737.8535
-1664.5355
-1583.72
-1492.9614
-1395.1373
-1290.7511
-1180.3091
-1064.5388
-944.36243
-820.84804
-695.17531
-568.59543
-442.39457
-317.85861
-196.22696
-78.666551
33.760157
140.11253
239.59926
331.57858
415.57648
491.26403
558.44509
616.73664
666.84678
708.78364
742.8302
769.36129
788.81593
801.67921
808.46695
809.71207
805.95254
797.72119
785.53717
769.8993
751.28077
730.12507
706.8433
681.81252
655.37513
627.83902
599.47831
570.53462
541.2187
511.71226
482.17001
452.72177
423.47462
394.51499
365.91073
337.71308
309.95859
282.67079
255.86183
229.5341
203.6815
178.29074
153.3424
128.81195
104.67064
80.886345
57.424298
34.24771
11.313855
-665.21855
-661.4406
-656.17021
-649.29217
-640.76514
-630.48254
-618.22565
-604.01328
-587.57012
-568.96856
-548.12989
-524.78032
-498.23854
-471.30937
-441.33747
-408.78336
-374.14822
-337.80655
-300.08083
-261.30769
-221.85275
-182.09886
-142.44259
-103.2811
-64.999025
-27.95992
7.5039381
41.096234
72.567056
101.71415
128.38223
152.4756
173.93877
192.46004
208.55546
222.0668
233.08753
241.73414
248.14197
252.46072
254.85009
255.47565
254.50513
252.10522
248.43882
243.66287
237.92659
231.37018
224.1239
216.30748
208.0299
199.38935
190.47343
181.35955
172.11535
162.7993
153.46133
144.14343
134.88037
125.70032
116.62554
107.67293
98.854705
90.178883
81.649835
73.268763
65.034144
56.942117
48.986832
41.160762
33.455
25.859517
18.363417
10.955061
3.6208878
)
;

boundaryField
{
    axis
    {
        type            empty;
    }
    inlet
    {
        type            calculated;
        value           nonuniform List<scalar> 
30
(
35228.693
33982.237
33395.658
30132.888
30324.351
27346.312
25415.071
24863.044
24196.05
23967.528
21288.148
18236.485
14559.75
12206.426
10776.42
8778.2992
7958.1154
6660.1086
5332.852
4308.0845
3231.383
2726.408
1806.5115
1979.2729
3646.6955
4339.5114
2640.9909
3858.2169
4403.8236
-8094.3866
)
;
    }
    walls
    {
        type            calculated;
        value           nonuniform List<scalar> 
70
(
-21737.961
-21580.815
-21062.562
-20443.529
-19808.239
-19044.899
-18372.951
-17686.732
-16960.031
-16128.146
-15641.059
-14781.914
-14130.048
-13570.964
-13241.189
-12207.735
-12263.434
-11866.265
-11758.81
-12052.686
-12108.031
-12519.976
-12829.068
-13275.66
-13744.272
-14292.716
-14915.266
-15672.165
-16601.445
-17692.562
-18915.507
-20248.481
-21671.073
-23167.69
-24725.511
-26331.362
-27968.289
-29610.839
-31224.029
-32765.016
-34230.1
-35476.003
-36406.569
-37033.106
-37372.7
-37449.275
-37287.428
-36913.511
-36354.783
-35637.35
-34785.907
-33823.636
-32771.926
-31649.845
-30473.921
-28641.271
-26133.342
-23623.67
-21163.834
-18786.838
-16512.465
-14350.355
-12302.85
-10367.29
-8537.7439
-6806.2487
-5163.5174
-3600.2192
-2105.7525
-665.21855
)
;
    }
    atmosphere
    {
        type            calculated;
        value           nonuniform List<scalar> 
175
(
-2.1591742
-2.0813079
-1.9522339
-1.7677668
-1.5382363
-1.2774859
-1.0012473
-0.72681478
-0.47272126
-0.25738541
-0.098485267
-0.011910381
0
0
0
0
0
0
0
0
0
0
0
0
0
0
0
0
0
0
0
0
0
0
0
0
0
0
0
0
0
0
0
0
0
0
0
0
0
0
0
0
0
0
0
0
0
0
0
0
0
0
0
0
0
0
0
0
0
0
0
0
0
0
0
0
0
0
0
0
0
0
0
0
0
0
0
0
0
0
0
0
0
0
0
0
0
0
0
0
0
0
0
0
0
0
0
0
0
0
0
0
0
0
0
0
0
0
0
0
0
0
0
0
0
0
0
0
0
0
0
0
0
0
0
0
0
0
0
0
0
0
0
0
0
0
0
0
0
0
0
0
0
0
0
0
0
0
0
0
0
0
0
0
0
0
0
0
0
0
0
0
0
0
0
)
;
    }
    front
    {
        type            wedge;
    }
    back
    {
        type            wedge;
    }
}


// ************************************************************************* //
