/*--------------------------------*- C++ -*----------------------------------*\
| =========                 |                                                 |
| \\      /  F ield         | OpenFOAM: The Open Source CFD Toolbox           |
|  \\    /   O peration     | Version:  2.3.0                                 |
|   \\  /    A nd           | Web:      www.OpenFOAM.org                      |
|    \\/     M anipulation  |                                                 |
\*---------------------------------------------------------------------------*/
FoamFile
{
    version     2.0;
    format      ascii;
    class       volScalarField;
    location    "2.2e-05";
    object      p_rgh;
}
// * * * * * * * * * * * * * * * * * * * * * * * * * * * * * * * * * * * * * //

dimensions      [1 -1 -2 0 0 0 0];

internalField   nonuniform List<scalar> 
7500
(
-20071.443
-9847.4604
-4279.1505
-1319.0695
5059.6691
5092.313
5104.828
-1723.421
2005.7657
673.70954
6496.5478
826.48211
5100.3553
-772.07086
5421.5677
-1126.0637
5131.8265
-1856.1377
5266.7461
-3198.1641
5651.3942
3689.6354
-601.20466
10903.625
-8167.7654
16618.354
-6644.4399
10751.713
-1404.0599
5590.8479
4119.4657
1374.4242
11365.588
-126.67596
13924.945
534.18372
11071.45
5876.4564
11754.835
3913.3686
11721.042
8416.0118
10217.522
9812.9143
-5235.6048
14377.081
3444.9288
2063.8481
7583.5896
8129.1688
14161.27
9784.0859
7725.9076
22611.487
20237.481
25292.493
22811.199
25685.533
36912.679
6794.2234
40889.104
51737.792
24982.329
44662.588
39118.736
60596.89
69966.91
39029.972
48631.641
35803.685
14624.383
28048.363
24646.318
13908.844
5503.2304
-19644.101
-10003.052
-5067.7333
-901.00257
5021.4953
5421.2133
4823.1988
-1389.6144
1915.8273
565.23924
6472.508
971.82112
4902.9704
-587.40534
5350.2215
-1207.7491
5251.0046
-2074.5228
5524.5585
-3153.9622
5173.8599
4126.5982
-723.89746
10621.406
-7371.7919
15476.978
-5351.4999
9503.9867
-778.67523
5424.5576
4046.3026
1862.4384
10743.528
382.07253
13267.922
1466.9444
10207.089
6461.0576
10965.464
4707.4148
11493.984
8347.8679
10092.007
9547.9253
-3451.7892
12230.158
3679.3152
2521.6699
8431.9824
7003.1753
13619.07
11347.473
6511.0875
23579.371
19799.398
24541.853
25104.637
23378.761
36154.372
11232.455
38986.194
48957.358
27552.781
45406.733
38249.861
59709.944
70371.585
40262.798
46566.053
35979.352
16154.978
26557.087
24991.861
15002.814
5034.1317
-19845.525
-9504.6322
-5742.5642
-790.11956
4948.4843
5728.4526
4645.0348
-1177.9417
1690.3978
916.87111
6151.9776
1020.8101
5064.8448
-699.12914
5387.4257
-1210.3265
5002.7799
-1706.7776
5156.0906
-2759.196
4949.7926
3682.5475
431.85186
8702.3232
-4855.5335
13139.527
-3730.2627
8711.2956
-929.88362
5935.7934
3307.8482
2960.8834
9308.4628
1923.7603
11594.664
3046.5942
9336.9849
6962.7005
10302.622
4886.5854
11770.968
8164.4989
10226.001
8491.1267
-556.70054
9618.9338
3525.5298
3364.8847
9091.0169
6247.1411
12287.613
12926.821
6335.3787
23842.436
19276.401
24050.223
27204.948
21453.944
33089.054
17110.767
38734.995
42582.065
29284.233
48376.093
39160.227
57005.306
69108.422
44747.784
43594.69
33793.009
20636.043
25261.257
23704.213
16463.323
4861.1445
-20019.379
-8948.7581
-6460.8152
-476.66713
4552.8352
6240.8718
4141.8758
-724.05833
1604.589
909.88062
6283.2406
764.50272
5150.3521
-517.91094
5129.0052
-960.53842
4540.4345
-1099.6185
4491.2468
-2215.2276
4879.9032
2738.8632
2264.4846
6134.2577
-1864.2795
10446.103
-1738.2661
7584.7002
-901.03863
6405.5875
2458.4303
4324.1936
7379.6285
4122.3741
9456.8416
4825.7123
8484.9185
7272.8948
9878.3818
5196.7793
11411.019
8406.9651
10595.633
7005.0198
2984.1578
7107.9435
2636.0529
4005.2647
10431.309
5386.4777
11136.975
13741.883
6475.149
24932.048
18054.009
23653.912
29681.448
18856.492
30292.674
23793.816
37610.199
36978.111
30943.209
49892.949
42443.704
55007.317
65794.629
50319.092
40307.985
30310.127
26243.895
24712.05
22538.703
17556.903
4419.5767
-20033.346
-8449.3401
-7196.5352
79.262529
3920.3463
6766.3811
3635.6295
-473.29678
1908.8719
702.38171
6352.7725
756.98719
4987.794
-307.2772
4889.3506
-570.37352
3898.2038
-347.79379
3725.0418
-1478.6366
4435.549
2241.7917
3670.5248
3844.9833
1153.6602
7443.7837
802.43855
5783.4509
-282.01773
6461.4475
1866.7576
5620.5584
5434.1684
6278.3674
7613.7279
6373.4875
7627.8463
7564.5045
9397.334
5816.6644
10714.421
8908.9474
10559.894
6205.8858
5714.0208
5030.7464
1728.2132
4136.963
12243.638
4238.4991
10515.995
13899.797
6931.6209
26134.771
16596.98
23610.601
31540.518
15528.165
28822.085
30753.005
33984.211
32460.934
34944.679
49644.271
45084.246
54679.769
62141.521
54790.831
37778.282
27709.61
30479.663
23787.623
22269.854
18726.235
3769.7437
-20101.353
-7911.3466
-7749.2449
475.40616
3524.8718
6843.9095
3533.2459
-468.32647
2165.3161
850.05986
6060.9378
979.06414
4762.8672
-39.079976
4450.4464
45.160379
3014.3675
713.73956
2700.7779
-501.20153
3769.0664
1869.1978
4975.7633
1736.5076
3993.3126
4614.8801
3162.5686
3961.5791
685.92768
6063.2028
1762.1628
6297.4766
4211.4088
7843.7221
6205.5216
7849.7346
6665.4298
7849.8956
9006.6
6145.8118
10296.642
9904.0379
9437.547
6790.9443
6963.337
3370.9759
1394.1823
4193.7018
13365.027
3006.5853
10922.167
12946.748
8862.0136
26076.908
15378.361
25285.852
30638.868
12873.386
29588.99
36247.917
29292.942
27692.844
39373.903
50837.816
46696.595
54766.661
59609.589
56313.73
35545.922
27639.563
33779.628
22465.766
22271.299
19274.691
3230.965
-20322.008
-7479.608
-7884.4188
604.26806
3483.504
6567.1016
3505.1463
-250.89084
2179.5229
1055.336
5863.659
1124.703
4421.1473
686.02966
3501.9608
915.16042
1961.5017
1864.7743
1856.6967
32.576889
3626.2463
1248.9405
6002.9578
556.30139
5664.0903
2768.8462
4795.6966
2444.7967
1842.3598
5258.943
2255.9405
6018.6515
3794.6107
9000.8574
5138.0437
9183.1497
5674.9777
7901.7193
9148.8796
5737.9862
10416.377
11172.741
7813.9126
8674.8123
6472.9622
2219.8191
1288.8637
4536.1376
13751.318
1738.5839
12061.437
10886.868
12135.144
25143.16
14812.7
28002.112
26671.256
12178.775
32662.813
37845.094
26109.031
25310.861
40893.886
51973.18
49215.808
55758.965
58348.456
55360.425
33329.83
28615.327
36068.227
22990.787
22214.29
18088.499
2865.3095
-20744.967
-7217.9109
-7507.5319
583.68234
3481.1703
6313.2262
3308.2708
27.316161
2397.9434
1009.0305
5719.2211
1346.4389
3923.508
1557.527
2549.3004
1701.1135
1057.2575
2701.3911
1459.3628
191.30762
3458.9619
1209.5955
6091.5427
551.86085
6272.2769
1711.4867
5801.068
1287.0193
3023.7727
4267.3219
3025.3809
5222.1225
3760.9054
9657.0692
5018.9561
9884.1772
4797.8226
7605.1462
9763.258
4777.4485
10985.588
12127.735
6959.0198
10879.203
4334.9298
1958.5793
1170.6864
5102.5848
13136.862
1376.8456
12689.322
9017.0239
15328.846
23031.48
16984.649
28827.235
20708.859
15296.482
35819.375
34503.973
24202.174
27219.23
41233.886
50382.555
51856.504
58738.864
57221.579
52407.027
33839.218
29450.58
35498.782
26864.914
22489.164
14556.593
2543.0119
-21351.066
-7042.8884
-6848.662
561.1641
3343.1494
6105.1296
3211.9878
54.358606
2855.1763
961.7414
5426.6004
1596.5529
3540.5836
2110.561
1965.4924
2219.2345
500.65023
3272.7818
957.05043
789.82636
2579.123
1805.5593
5849.295
916.21835
6420.9525
1165.1038
6109.898
761.14305
4015.1249
3395.8629
3721.3633
3985.1074
4471.5404
9318.117
5913.0345
10338.768
3716.5132
7557.2834
9537.6526
4203.5241
12055.644
11770.967
8033.8529
12404.756
1378.2996
2501.3619
1322.3072
5771.2107
10784.272
2744.9604
11626.664
8922.8831
17991.851
19547.598
23018.442
24824.85
15153.09
24184.013
35681.343
27356.344
23473.958
30410.678
42392.651
47291.638
54527.86
63752.654
54521.218
47072.718
37889.33
31153.706
31925.533
33355.181
24101.929
9471.9617
1729.0156
-22099.139
-6926.1903
-6117.0404
615.16597
3203.543
5708.2598
3367.3715
-9.7800804
3185.5901
1056.7388
5194.1715
1683.6092
3368.8612
2376.0081
1579.3213
2579.4758
118.51624
3913.481
183.74728
1579.9986
1592.779
2193.0847
5981.1213
1497.4486
6104.3093
1002.9074
5654.7533
944.89444
4793.5973
2834.7799
4147.4767
2450.8427
5705.7146
8604.6117
6965.4763
10961.243
2612.7315
8083.5753
7760.5297
4350.1196
13228.237
10454.254
11084.903
12546.53
-1073.9784
3090.171
1796.6942
6638.3239
7567.2628
5029.5519
8279.7074
10751.797
19825.084
16880.272
31939.056
14521.45
12527.864
38819.298
30315.031
19532.985
25875.645
31912.184
42753.061
43402.192
58486.437
70415.545
50002.658
41152.495
42989.543
33297.928
27977.707
39797.679
26547.474
6693.6688
1159.4497
-22903.497
-6789.0278
-5329.9426
632.5553
3207.8282
5116.0029
3533.6455
106.02547
3380.2753
1130.655
5089.409
1767.4284
3231.0118
2548.8573
1200.2599
2905.5613
-115.01664
4313.6535
-82.975214
1716.1144
1086.2117
1988.959
6489.2714
2459.7391
5408.617
1206.1907
4446.4419
1559.5337
5416.3792
2862.6466
3714.3777
1514.3786
6709.1188
7784.1445
8516.1212
10706.783
2926.564
8753.2723
4632.3995
5671.4058
12642.536
9775.8141
15428.805
10033.747
-1296.7356
3342.0118
2160.052
6884.9549
5702.336
6478.3769
3523.9304
13600.823
18473.743
17988.141
39612.725
-957.54137
13915.632
54193.479
20576.515
12706.046
29066.324
32023.997
41586.821
38506.3
62212.802
73802.641
44955.668
38340.801
44049.001
35007.661
27311.947
39973.788
25925.765
7718.4371
2719.4349
-23690.879
-6563.5093
-4502.2733
511.99476
3309.4856
4570.2283
3521.412
376.74588
3550.9876
1202.6161
4888.1292
1995.2776
3063.8947
2716.394
807.91338
3166.0972
41.971885
3932.2239
643.72257
1174.7153
805.86432
1473.5966
7091.1308
3830.7245
4399.6453
1756.317
2981.009
1918.0782
5952.6564
3800.098
1892.7408
1447.1092
7587.4971
6216.1181
11233.101
8564.1493
5514.6561
9326.9833
363.17464
8656.9435
9542.8419
9852.194
19917.717
5181.7378
840.9758
3852.2565
2671.5951
5216.2278
5891.3792
6187.1298
-55.839111
15392.515
13061.26
23963.233
38111.541
-7164.6529
18430.253
57820.169
22450.918
11979.303
27701.73
32104.403
39823.528
38039.001
64195.883
71413.945
43848.965
38977.106
41422.049
35501.027
29993.253
36348.063
23897.896
7956.6778
2996.8124
-24470.219
-6305.0297
-3668.3572
307.84033
3380.3167
4152.9509
3421.5904
692.5175
3579.8501
1435.3546
4567.892
2252.9318
2907.204
2842.4485
492.72228
3331.456
535.53323
2947.7508
1871.7412
657.88666
280.14438
952.83949
7590.3868
5523.413
3228.0042
2279.6593
1786.427
1674.9101
6224.5642
5713.3725
-1206.7394
1957.1223
8102.9098
3998.1146
14101.198
5275.9784
9370.1692
9788.2724
-3236.1394
11048.037
5154.8743
10600.206
20527.363
1681.0116
2418.2944
5079.1603
3862.3857
4685.1335
6061.6123
4838.5748
342.14875
14520.138
12379.666
26364.714
33882.376
-9646.3972
18809.054
55635.513
25660.573
15854.242
27493.972
32435.326
40338.913
37542.214
66788.181
72544.844
43319.421
40887.059
41271.969
31845.388
31982.245
40594.852
22634.412
8345.9608
3243.0509
-25232.902
-6064.9444
-2872.2467
114.25502
3417.8924
3716.3429
3356.4848
1104.4866
3400.1159
1739.3427
4329.0002
2443.5467
2812.4747
2802.3893
276.03607
3579.9221
1036.3209
1865.7046
2867.6676
744.29639
-798.03076
677.88886
7691.4009
7002.3356
2375.0802
2586.8403
855.12053
797.56318
5863.1313
7947.6365
-4866.5757
2809.6259
7265.4669
2562.7113
13899.983
2628.1898
12243.917
10089.866
-2763.196
11093.191
4217.763
11597.696
19463.661
-184.77082
1512.2571
5497.5593
5163.623
5901.3357
6336.0345
5587.3811
783.7565
15730.75
12547.288
29825.631
33570.972
-10190.26
21538.502
50657.668
20192.622
19003.644
29117.591
32062.333
39751.203
36884.331
65046.311
70264.746
43814.299
40894.01
41438.038
34487.664
28951.661
35128.721
24063.538
9491.8313
2873.2235
-25953.367
-5796.0137
-2201.6923
4.5757927
3499.1229
3208.9803
3273.2471
1650.6701
3157.2243
1905.4607
4273.2062
2537.894
2871.2844
2547.3927
76.70317
3931.2529
1449.1739
993.34808
3095.2811
1464.4851
-2297.9144
488.06323
7459.2534
7251.3586
2248.2535
2641.6329
101.07189
-483.89368
4557.6922
9551.186
-4414.4981
3489.185
6925.5236
2827.8614
13189.661
163.13632
13268.093
11290.03
-1674.0329
11878.672
4597.3164
12748.04
19873.345
-65.159746
1058.2738
5235.1169
4607.5002
5477.0588
6015.8806
4170.0382
805.44339
14590.657
10131.393
27615.852
32974.039
-10955.418
11734.026
49664.733
19317.248
11800.834
28266.224
34092.22
38889.849
34104.427
62455.909
65167.446
43453.749
40383.229
39053.357
32415.002
29310.422
31513.902
22939.184
9693.542
3082.1219
-26579.302
-5469.1553
-1706.2503
-12.088549
3635.3468
2729.9546
3114.9132
2233.5059
2967.6574
1921.7555
4334.8022
2533.8841
3022.0364
2164.9495
-71.919185
3986.5275
1780.2718
565.59204
2255.3722
2200.3271
-3590.0151
85.9641
6771.9942
6232.0347
3126.7733
3227.1829
56.36733
-648.18686
3674.4098
9201.6831
-3303.4556
4256.7931
7489.6748
3998.9087
13504.267
1110.7652
13180.522
8709.5379
-2206.7281
11567.339
3319.6999
12628.987
19229.056
-519.06516
3372.4127
4792.7117
5020.969
4623.2879
5815.6623
4539.2545
1535.8681
15480.642
10105.397
28566.03
31360.577
-15116.65
8010.0881
48059.143
16148.544
11767.866
28117.493
35135.248
37236.212
28982.341
58540.883
58976.237
42005.293
39601.503
37860.472
32755.917
29493.04
28577.676
21326.496
10325.269
4086.0952
-27069.121
-5142.0115
-1337.5793
6.7291725
3815.1641
2270.5912
2993.8299
2783.3605
2787.5754
1892.5288
4386.1515
2505.93
3027.34
1576.237
12.667752
3236.5221
1933.7972
573.79666
772.39951
1923.3516
-2902.8507
688.05123
6695.2165
5197.4426
3809.1817
3981.7428
670.56993
-436.91126
4336.3405
9002.1493
-3451.5039
4197.6038
5781.397
2579.7214
13197.7
-84.834801
13970.093
10238.117
-1597.4748
11691.259
3714.4092
11762.034
18105.04
-1549.6152
41.806731
4055.1256
5049.4486
5607.2401
6681.7885
2580.3978
-1924.4204
15123.702
9542.1239
28054.191
29038.696
-14436.323
598.22883
43574.889
14800.877
9230.4964
27947.089
35899.176
34649.586
27245.098
58328.209
56034.934
39310.826
38273.352
38187.073
34239.874
29898.842
26121.202
20603.447
10880.281
4071.8895
-27479.138
-4862.7703
-1053.7895
21.231653
4087.3247
1655.1453
3029.1877
3272.7471
2655.0566
1780.8376
4260.6349
2546.8475
2524.2393
764.70607
204.8464
1749.2501
2199.5015
1380.5738
887.68026
1316.7996
-2299.357
1721.9556
7363.2957
5186.8218
3820.4934
3663.7642
-350.02859
-1564.9575
4049.3966
8981.5862
-3147.2538
4148.7802
6240.6886
3491.6443
12690.204
1589.3615
12903.801
5086.5889
-2940.7896
11754.46
3791.797
10778.638
16302.942
-1925.1272
368.67347
3347.9639
4951.446
3099.7544
7211.9208
1644.9461
-1869.6101
14858.879
10392.91
26661.62
30268.991
-10124.73
3284.6651
39505.151
13414.854
8061.0643
27846.16
34406.111
33257.083
31501.881
58662.284
53091.091
36523.483
36717.637
37282.81
34867.274
31320.893
25878.765
20475.618
11431.047
3482.9907
-27875.266
-4627.0731
-885.61045
36.753797
4489.6307
841.76698
3129.0871
3544.0161
2794.2966
1324.1193
3905.8706
2574.7768
1458.6915
339.39567
1100.9344
1492.0898
2244.3068
2194.3354
1907.3062
1236.398
-2804.8207
1081.6008
6792.6972
4806.6089
3840.067
3865.5644
497.84467
-1257.9809
4001.3259
9068.2269
-3089.2788
4479.2018
6273.3595
3238.9143
11706.659
71.357096
12405.241
2028.1055
-3055.0042
11950.455
3492.0518
11197.175
15861.679
-2169.7045
-738.39009
2791.3354
4876.8723
1709.3699
7806.2294
2071.4747
-1678.6365
12009.443
8951.2083
25272.221
29324.03
-7731.3739
14149.047
36766.647
13947.501
7800.3028
27176.322
33643.445
33445.058
33422.84
57698.393
49244.526
35419.035
37839.511
36542.631
35098.407
34323.267
27419.337
19857.427
11445.216
2785.3496
-28258.445
-4382.08
-879.08808
84.747468
4869.2389
184.6367
2967.347
3409.8915
3135.0182
573.30135
3277.2117
3351.5377
1533.1853
137.08203
2023.28
1916.9235
2118.7039
1444.4314
966.88352
1082.9093
-2464.664
1649.118
7117.5819
4894.9005
3631.2569
3383.6684
-152.6769
-1688.958
3795.6637
9205.5241
-3152.9032
4501.2674
6406.8079
3217.7759
11208.397
1558.8489
10758.567
2232.2425
-2458.9988
11304.683
3368.1577
10071.219
14546.858
-2670.9326
-1344.3923
2337.0556
4690.0605
2959.8982
8243.1036
3720.035
-984.2651
11540.852
5927.6977
22562.162
19314.818
-1237.7873
18576.966
33468.287
15899.222
8841.53
26883.998
32902.733
35010.675
34450.047
56518.425
47046.724
33901.855
38229.826
35905.922
35832.207
36653.404
26930.167
18302.755
10720.611
2155.6196
-28570.738
-4064.269
-1010.3624
221.19413
4880.5207
192.28883
2192.1868
2925.6509
3005.2088
1405.8427
2895.5275
4300.7267
2146.977
29.636442
1461.6939
1475.3679
1940.9396
1856.6255
1340.9288
1045.7795
-2639.9465
1158.7463
6857.1463
4905.4104
3413.4005
3141.2705
221.26785
-1835.2222
3362.7438
9121.5061
-3253.6908
4176.4351
6269.5208
3304.9695
11197.279
635.65361
10320.991
3873.2844
-1881.7129
11442.895
3477.7561
8056.3045
13484.004
-3288.2516
-1910.1237
2250.499
4418.0416
2081.8435
8354.7183
5214.3758
-323.46396
11952.261
5522.9454
19996.329
16129.596
3848.0378
17954.146
29085.658
19982.812
10600.791
25318.362
32558.679
36411.999
35235.266
57148.368
47084.909
31185.308
37694.778
35295.775
36980.691
38052.44
25585.032
17563.537
9862.9604
1183.4298
-28754.963
-3649.9863
-1146.4711
551.21846
4305.0757
875.62116
1065.058
2671.0028
2940.5116
2595.9399
2949.5027
3941.1981
1738.7668
-80.546682
1724.3241
1498.9587
1958.5671
1639.0885
1338.4131
1039.9519
-2641.892
1470.7561
6601.122
4873.4659
3142.4777
2885.7459
192.12235
-2246.5196
2707.6729
9216.482
-3213.7707
3677.8729
5958.2332
3103.517
11064.87
1173.7754
8917.3412
5560.0583
-758.13126
9310.0567
2805.8834
6823.304
12957.501
-3439.8821
-1805.9324
2132.4832
4320.1399
2288.6671
8163.4466
5325.2168
518.47396
9897.3383
5691.8893
17098.741
14929.021
5758.8829
18551.98
24547.285
23824.507
11837.509
21205.992
32533.455
36919.569
35495.253
58371.462
47207.982
28412.448
36492.497
34430.169
38190.196
38717.859
22253.915
16620.277
8735.2829
235.20006
-28881.586
-3163.7806
-1075.3225
1197.1106
3410.3243
1396.7072
1637.343
2803.1421
2979.1109
2299.0243
2758.9642
3944.0086
1821.5771
-101.08403
1632.4131
1301.7367
1888.5635
1659.8923
1497.7022
1105.4168
-2959.4668
1383.9385
6372.3998
4562.6883
2831.8307
2845.8084
603.87457
-2340.627
1813.8321
8824.5629
-3294.5543
3045.9555
5344.3947
3179.498
10574.01
-225.50289
6916.0872
5250.6295
-1275.3676
7970.3179
1686.6517
6633.3931
12452.409
-2432.0153
-26.954312
2646.9481
4043.9989
1942.9606
7594.6373
4664.6469
1019.6331
6802.8478
3617.4888
15652.161
14429.378
7030.9125
19089.784
22805.347
25059.047
13633.996
19978.225
32318.913
37254.314
36008.237
59337.128
45078.7
26358.33
35428.672
33513.487
39434.439
39180.729
18610.869
14844.248
7403.7973
-268.60499
-29352.297
-2665.4077
-604.15916
2078.7528
2984.1788
1531.1901
2676.7948
2618.6689
2551.5428
2280.1463
2817.618
3835.0153
1752.8521
-108.41395
1655.8868
1172.1111
1856.9186
1603.1183
1507.5537
1110.3116
-3282.0382
1148.0552
6295.5396
4563.2214
2441.1931
2766.4432
1070.4888
-2701.5549
647.54935
8761.1828
-3046.6876
2625.546
4815.1938
2827.9502
10009.162
-919.45469
5504.6786
4933.1422
-2213.5088
7196.5706
1010.5193
7086.6538
11965.455
-857.04296
1931.0849
3162.5999
3436.4616
1406.5943
8703.9465
5376.8956
1080.3777
5984.7458
739.20641
15169.622
13802.897
7674.2299
20415.588
22247.585
22369.914
16323.314
21895.911
31329.64
38022.338
34839.45
57409.144
41374.344
25501.664
35520.051
32675.38
40472.632
39623.835
16800.865
12978.487
5839.2682
-756.7338
-30884.61
-2213.1417
146.08825
2677.6256
3199.7704
1558.5173
2505.5261
2676.0032
2611.8965
2255.6639
2770.0264
3733.65
1753.4294
-77.722548
1595.6812
1042.056
1781.5827
1629.7574
1610.4038
994.99244
-3666.7609
804.33335
6304.3417
4437.9976
1997.0131
2648.198
1488.2746
-2893.4418
-1067.0186
8380.5272
-3086.5599
2326.5239
4413.1515
3088.718
9421.7436
-1009.7607
4051.2898
4298.6022
288.14396
7875.5701
869.06019
7794.0391
11106.882
104.97978
2717.9684
3233.0127
2654.8593
613.53488
9437.2766
5731.7411
1316.3921
5036.5426
-1061.9296
14436.334
12764.027
8600.5616
21909.293
22333.217
20411.98
19501.408
23313.452
29201.556
37714.518
33245.736
54008.454
39082.955
25550.748
36133.369
32992.501
41120.981
38679.741
14786.478
10856.533
3572.4042
-1551.2579
-33276.491
-2021.5166
327.85653
3002.0806
3251.8708
1391.9231
2486.4319
2694.3298
2569.1522
2255.8533
2779.7002
3617.2601
1763.6092
-28.817648
1500.0383
916.94931
1704.0786
1566.949
1675.1511
894.93427
-4055.3208
375.02855
6242.423
4319.3178
1574.5404
2591.6461
1772.2464
-3230.5883
-3387.6548
7918.4846
-2995.4394
2006.3263
3953.6993
2981.2933
8818.2546
-1526.3384
2684.1049
3581.3736
1132.9297
8519.2316
900.10413
8900.2034
10486.382
614.65392
2763.8969
2424.0139
1509.7544
-618.46283
10261.995
6350.3987
1240.777
4702.7218
-423.14008
13950.022
12004.553
9815.5655
23112.59
22188.963
19606.431
20233.901
21992.181
27262.999
37001.589
32386.952
49966.852
38829.595
27106.327
37042.973
32399.546
40943.956
37015.718
12657.366
8323.4297
448.02787
-3218.8348
-32974.697
-3073.2525
-424.98095
3388.0296
3211.9958
1344.3135
2445.9055
2699.4134
2588.0486
2261.2542
2782.8892
3488.9647
1782.9966
26.026405
1356.7255
788.10916
1576.6278
1530.5928
1841.3009
814.31657
-4253.3791
-36.823638
6114.7964
4184.4322
1096.7245
2748.3559
1898.427
-3706.0379
-6054.4031
7436.5956
-3106.0231
1757.4341
3509.72
2582.2756
8093.3562
-1646.7417
1950.2108
3230.1663
1612.2114
8485.7968
564.87501
9839.9046
10041.644
1200.7692
3424.5476
1717.5994
1225.5568
-1193.2152
11433.663
6886.357
1026.3075
5316.6189
1497.2818
12657.306
10924.224
12134.836
24175.87
22025.247
19407.173
20986.305
22042.693
25514.141
36574.424
31986.76
47983.961
39632.905
29684.056
39003.544
31507.085
40282.41
34910.383
10925.749
5652.0359
-2331.6837
-4604.2864
-23430.601
-5764.7657
-992.76537
3561.6214
3210.423
1335.518
2425.2147
2701.0105
2599.9072
2265.4882
2782.1702
3356.1735
1794.8259
79.581031
1166.4351
674.77836
1475.9294
1468.9963
1899.3658
577.42414
-4181.0708
-283.94925
5882.6097
4059.8092
1028.9705
2930.3035
1794.4735
-4108.0013
-8397.9541
6883.8696
-3160.3906
1681.5996
3175.8755
2100.8928
7457.8488
-1674.3516
1378.9249
3168.9065
1694.2745
8018.6104
927.76412
10413.986
9277.6647
1461.8656
4050.3086
1306.8887
1037.9282
-2263.0591
11670.528
5270.5602
-234.06428
5558.7971
2990.4132
11894.133
9691.4585
13385.834
25015.583
22162.763
20007.749
21709.133
20968.544
22745.242
37154.704
31666.001
47035.774
40178.181
31397.201
40882.279
31070.099
39352.756
31996.336
9438.7525
3499.0944
-5521.5282
-5916.5317
-4872.3717
-6895.2285
-1077.6409
3457.9467
3205.0398
1328.9971
2416.9267
2704.0451
2615.6035
2269.5808
2779.4665
3218.2323
1796.0313
129.20583
954.86245
534.81735
1384.8611
1360.9859
1993.7277
300.03046
-3839.4651
-483.59941
5477.5439
3977.4408
939.54485
3055.6864
1592.2491
-4244.587
-9476.1626
6234.9309
-3101.1776
1771.3076
2654.453
1681.5538
6908.7809
-1573.6733
831.25496
3305.8363
1817.9598
7574.7689
1018.4817
10552.014
8636.2665
1253.2988
4172.9328
785.06962
-311.78252
-4001.1395
11730.043
1333.1859
-2133.6866
5897.9778
3793.8118
12268.575
9273.4909
12871.021
25419.82
21979.139
20900.37
22360.817
19022.529
18951.375
38401.067
30796.227
45854.026
40001.28
32468.593
41579.055
29746.568
37184.806
28649.047
7836.0408
1360.4369
-8774.3011
-7791.9943
-290.13781
-5352.5751
-1136.6557
3440.5102
3184.725
1326.1307
2409.8007
2707.3724
2629.7774
2273.7073
2775.4694
3071.9806
1777.1175
171.43563
738.26841
404.66283
1335.3331
1284.6327
2057.7482
5.5763581
-3404.8923
-737.77937
4862.4235
3710.7709
837.11322
3074.9993
1514.9099
-3924.0392
-9024.3168
5700.2565
-2810.7681
2054.8569
2097.8799
1148.7217
6401.6696
-1501.097
404.38394
3396.7721
1972.2184
7282.9542
1209.07
10216.768
7459.7089
1972.8997
4774.3827
237.60644
-2308.2604
-6113.0301
10689.629
-712.69755
-3041.1139
6226.7579
3569.9521
12310.403
8901.5237
12492.397
26390.423
21529.009
20683.951
22857.28
16844.979
15312.078
38815.887
28807.832
44553.602
38791.572
33213.418
41840.664
28342.731
35480.096
24733.911
6480.8455
-289.89744
-11714.219
-9759.2185
-9556.9268
-4348.3852
-1052.3968
3443.7471
3133.0268
1299.4897
2402.3234
2710.3742
2643.6775
2278.0828
2766.1843
2912.9468
1746.1501
218.769
528.13821
277.22666
1325.7323
1189.043
2108.089
-311.39207
-3208.3697
-1046.7885
4127.8039
3419.9167
754.91075
2935.6891
1633.4129
-3104.9362
-7061.1267
5365.038
-2226.5692
2447.7569
1675.8109
539.85169
5808.3416
-1431.5894
329.57487
3317.1358
1784.8648
7086.7202
1541.5104
10030.244
5836.5726
1305.8388
5066.0254
-226.11657
-3442.8624
-7514.4741
9969.7336
-410.00606
-2539.0746
6641.5219
3069.4589
12242.932
8308.4381
12307.829
25848.014
20739.64
21218.19
23511.326
15491.468
13071.053
38237.085
27364.097
42477.093
37717.788
34022.111
41668.323
26950.015
34058.176
20950.583
4822.7401
-1043.1197
-13650.633
-10531.488
-9269.0454
-4557.0682
-996.17198
3431.8134
3070.2474
1290.0821
2392.3176
2712.5923
2656.5592
2282.7425
2744.7433
2736.3009
1709.3865
262.60629
338.11043
152.16608
1366.2839
1096.3858
2130.5704
-649.37525
-3219.7606
-1374.2024
3569.3166
3157.156
607.73344
2721.6678
1961.781
-2055.4887
-4528.781
5212.8246
-1521.338
2918.6094
1292.8397
-208.53572
5058.1801
-1051.5489
989.1567
3131.8131
1723.807
6923.47
1807.4327
9718.1786
4363.4776
399.44322
5275.4871
-280.27613
-3935.1925
-7098.1942
9698.3761
256.20044
-953.62232
7211.3562
2745.122
12114.632
7361.1547
11009.422
24863.618
19922.136
22142.877
23513.038
14836.665
14043.58
37802.16
26967.915
40812.615
36721.951
34824.946
41139.534
25651.511
32295.161
18049.816
3538.9569
-1984.5017
-14869.838
-10834.377
-8588.5738
-4195.3846
-956.50628
3408.8465
2992.6452
1278.5704
2379.0544
2713.1911
2667.4154
2287.1788
2700.9339
2543.6079
1682.1877
319.03456
176.82742
34.625336
1373.9577
932.45558
2059.8965
-1007.0725
-3409.0366
-1664.9523
3183.5459
2916.7138
410.38182
2332.4082
2377.7806
-1084.9191
-2442.4961
5128.5589
-854.67492
3434.262
966.12293
-714.76521
4420.8706
-597.24361
2242.8377
3161.9753
1974.8074
6766.9613
1948.4234
9383.6798
3377.5352
-38.159682
5502.6662
180.72784
-2598.6231
-5492.8505
8684.6797
1076.459
339.20128
7461.8814
2576.9865
11873.84
6022.6258
9421.3536
24610.887
20324.831
21402.419
22959.908
13552.505
15908.657
37800.236
27917.755
39519.493
35441.93
35012.69
40399.637
24337.409
30854.626
16086.691
2734.7789
-2100.4495
-15440.044
-10645.697
-7766.9664
-3935.5645
-930.18901
3381.3665
2910.1095
1265.1994
2360.3542
2710.6711
2674.1084
2290.2013
2632.8424
2336.2457
1669.6224
379.61126
46.544294
-75.240972
1410.3578
792.59196
2018.6295
-1323.9888
-3639.8337
-1824.334
2879.2217
2673.8642
181.42354
1976.9269
2758.2426
-205.42844
-925.60441
5131.8644
-322.39823
3833.5801
672.16597
-808.63262
3999.333
-106.99172
3806.2002
3353.9197
2409.1533
6632.4423
2146.3179
8962.7323
3117.4362
-364.48185
5340.6935
170.06128
-2425.4235
-4056.0077
7914.0062
1952.3309
903.95952
7583.3152
2603.1051
11540.188
4422.0935
8668.6433
24150.586
20271.277
20504.038
22409.306
12396.484
16025.39
37549.593
29713.002
38223.705
34461.149
34799.422
38903.505
22636.633
29082.495
14838.734
1979.374
-1782.8922
-15494.178
-9783.5205
-6933.142
-3623.1457
-928.92251
3328.5641
2794.8585
1251.4301
2333.7253
2702.9235
2674.5406
2292.1197
2542.8955
2104.6986
1659.4875
450.19545
-41.187626
-176.01259
1454.2543
646.86211
1972.8196
-1571.0239
-3910.8455
-1869.7361
2690.446
2427.9646
-45.306899
1609.4852
3033.7795
275.01076
81.670279
5133.5991
128.74976
4078.1437
467.55298
-760.07269
3719.0233
733.97724
5272.6886
3520.0644
2915.9661
5883.6944
2510.8737
8170.0642
3123.5436
-86.433845
4878.9012
307.60815
-2480.1851
-3709.4952
7811.8936
2857.8512
645.76021
7526.2163
2702.9595
11072.188
4206.2364
8879.0873
22811.746
19823.776
19369.333
20940.821
11791.391
17058.456
36682.541
30129.139
36829.381
33300.905
34319.457
36760.635
21032.455
27319.992
13286.758
1897.1005
-1759.0289
-15367.677
-8888.8423
-6093.7543
-3422.1145
-923.80662
3278.5734
2677.8028
1237.384
2296.6846
2687.5309
2666.6221
2293.7372
2442.4176
1867.4399
1650.6155
515.35747
-77.852833
-263.84335
1508.0197
499.06088
1925.9237
-1774.375
-4187.945
-1909.8892
2608.5196
2151.0632
-252.80738
1204.8513
3279.9532
590.91321
639.35796
5016.0798
384.24263
4130.0567
422.88842
-492.06496
3706.5493
1432.1793
6230.9794
3533.4791
3321.6152
5684.3842
2594.8788
7298.2729
3385.2919
550.44381
4545.889
324.86957
-2411.8613
-4114.7548
8048.7317
3526.9548
705.90118
7683.0442
3106.8317
10565.727
5470.9938
9785.9328
20997.742
19081.563
17951.54
19089.481
10448.436
18306.984
35276.238
29470.922
35434.602
32192.134
33496.801
34726.381
19259.209
25226.527
11670.22
1841.0698
-1110.0885
-14195.762
-7608.887
-5327.9585
-3106.9598
-930.23334
3220.1175
2545.0724
1223.8225
2243.7594
2660.5026
2646.9576
2296.004
2335.7656
1678.8124
1639.6029
589.3308
-42.278201
-337.28599
1564.7434
352.22931
1834.7279
-1846.8493
-4384.7671
-1912.7032
2558.0611
1862.4198
-377.11235
940.78787
3375.5033
898.03634
1025.6532
4923.8958
497.18972
4150.5975
432.47969
-272.27897
3701.6689
1926.2891
6498.8141
3288.0444
3624.4842
5814.695
2745.8296
6916.8476
3352.8176
1035.2535
4422.5356
551.24624
-2029.0785
-4038.581
8087.949
3060.2181
166.48758
7844.0787
3486.1173
10145.513
6459.0322
10707.91
19177.659
18103.623
15982.294
17669.766
8975.4108
17705.396
33501.847
28488.422
34178.475
31454.39
32786.379
33135.719
17720.739
22814.736
11233.137
1406.176
-278.05415
-11426.266
-5669.5995
-4593.0094
-3004.8476
-937.59954
3152.6073
2395.8983
1210.366
2173.4755
2617.699
2611.5144
2298.4695
2225.3373
1651.3597
1639.838
678.77699
89.040061
-392.10833
1620.5184
223.81977
1805.3059
-1760.7783
-4514.9414
-1644.1263
2555.9336
1598.5772
-468.58766
830.61981
3388.7033
1047.9339
1233.9952
4873.6816
442.67707
4128.8503
497.61403
-65.31341
3682.0338
2221.0984
6505.0032
3105.2997
3084.846
5572.2078
2957.9841
6660.2272
2732.4586
748.65402
4783.9493
904.60838
-1129.8636
-3616.7409
8052.5505
2262.3871
170.89784
7892.596
3709.4263
9784.4053
7070.2674
11038.761
17526.918
16611.6
13868.546
16298.928
10255.498
17768.772
32473.745
28340.022
32828.412
30667.927
32082.404
31884.751
16485.567
20890.465
11171.806
997.75177
107.31268
-8039.2342
-4277.6711
-3961.4938
-2670.0926
-965.06954
3076.6092
2230.2654
1197.3354
2084.6308
2552.98
2558.3973
2301.8943
2112.4418
1780.9649
1656.135
792.32817
315.07132
-444.46979
1662.1288
120.97624
1773.7381
-1369.7197
-4327.3961
-1119.7361
2637.6967
1399.6427
-591.48123
707.35703
3409.4809
1090.8405
1222.2388
4798.5501
332.32707
4032.7889
553.33161
108.31755
3699.7918
2453.0714
6309.2077
2921.6209
2972.571
5581.1504
3116.0641
6567.8783
2784.7857
595.27011
4853.5147
1134.7786
-197.70956
-3039.8582
8422.4848
1760.9221
128.01387
7857.9341
3678.7519
9107.3126
7305.7975
10795.29
16089.077
15032.805
11489.979
13875.95
12960.273
20481.934
31829.969
29057.189
31799.571
29881.079
31156.566
30390.534
15151.796
18849.432
11054.094
1111.7608
79.261404
-5629.0874
-3458.8611
-3360.7354
-2672.2605
-976.98059
2991.6741
2054.2224
1174.1095
1975.3477
2459.8455
2491.5682
2307.4875
2008.2169
1920.634
1649.5152
901.30062
546.12223
-439.88219
1695.2671
14.109413
1741.2385
-694.15673
-4049.8758
-534.34747
2632.2925
1227.3238
-693.96661
692.38091
3431.8628
1159.8609
1069.2667
4599.1576
414.18231
3938.3344
574.02824
326.99398
3707.0439
2836.2351
6141.8071
2179.8464
3028.565
5769.1248
3392.7879
6535.7531
3287.5869
798.49535
4243.8644
1486.2755
344.64387
-2360.2962
8594.0298
2434.1577
169.55083
7785.0471
3228.3438
8598.4786
7204.2512
10553.001
14600.636
13411.817
9021.387
11457.692
13658.175
21368.575
30639.265
28210.595
30679.1
28986.71
30012.955
28980.196
14711.402
16971.03
10925.214
1883.5523
-1209.8696
-4484.3276
-3325.493
-2876.6991
-2332.8507
-1020.6303
2903.4384
1872.1092
1145.6095
1844.945
2342.3008
2427.4437
2318.8254
1949.6972
1945.3343
1581.0337
919.37579
675.11018
-377.32457
1686.6164
-46.46402
1798.6586
38.380565
-3682.9743
-166.30777
2561.6259
1117.5196
-747.35823
852.95874
3407.774
1260.7806
1205.106
4375.4004
632.58767
3933.2824
523.54096
515.60507
3693.0189
3327.284
6318.1797
1361.7937
2511.8021
5983.9961
3544.7832
6706.1835
3716.1092
1017.5135
3793.7393
1701.7154
929.11877
-1895.3057
8032.4019
3720.2813
1133.467
7704.5228
3492.2459
8413.4453
7189.0686
10339.822
13230.196
11702.945
8343.8208
10297.775
14121.492
19954.249
29210.936
27174.076
29448.027
28094.822
28893.263
28166.7
14704.712
16421.363
10492.79
2741.0084
-2761.6587
-5209.1054
-3763.1187
-2425.7004
-2412.0907
-1029.678
2804.4278
1688.3971
1106.9824
1697.01
2199.5342
2383.7106
2341.478
1954.609
1930.694
1495.9764
835.44044
737.25863
-206.40298
1606.2119
-223.23222
1674.4094
580.47834
-3088.7464
112.22646
2489.287
1007.1694
-838.60569
986.56821
3357.3497
1290.7723
1346.3029
4208.6802
793.4182
3930.7175
433.53586
658.98776
3668.8683
3737.0755
6279.9279
1012.5128
2874.4462
6218.361
3943.921
6897.0157
4030.8893
1361.1712
3547.1454
1894.6242
1659.1769
-1273.9887
7725.098
4486.323
2101.9765
7659.5656
3953.3982
8348.5112
7292.2123
10201.611
11985.205
10112.702
8250.8431
8814.5975
14507.484
19928.077
27506.566
26447.877
28186.015
27265.881
27871.06
27307.231
14569.825
15798.075
10034.333
3272.4486
-3843.6109
-6721.6776
-4230.7449
-2091.0869
-2097.2426
-1070.525
2710.763
1501.5448
1057.8244
1549.0402
2044.6544
2352.5221
2372.2365
2008.3409
1955.9916
1480.9068
749.5036
767.61491
-29.871477
1551.2723
-611.9055
1316.5046
846.49858
-2594.0484
391.45317
2401.6622
894.57485
-932.29693
1082.2539
3338.2329
1308.8597
1468.3508
4052.853
918.99475
3903.5522
379.48861
723.0194
3637.4562
3983.8223
6163.3645
1065.1564
2712.8052
6020.1178
4133.8728
6802.0457
4078.7462
2180.4294
3512.3301
1813.7182
2139.4459
-567.33187
7605.7652
4387.504
2710.9611
7556.4772
4460.8446
8441.6569
7360.4705
10164.929
11079.176
8749.6138
7832.5253
7249.8068
14366.744
18886.245
25561.646
25513.898
26893.797
26355.043
26691.073
26493.046
14338.89
15349.573
10011.955
3047.1237
-5699.4472
-7520.5877
-4576.1304
-1762.4139
-2185.4112
-1065.3
2603.6752
1323.5242
998.58766
1393.5576
1871.2007
2316.6752
2392.0913
2080.7319
2024.7737
1498.4971
670.39416
798.87574
122.78769
1527.4703
-882.95368
1056.9478
936.46742
-2219.3575
715.05375
2321.8416
820.00844
-851.66384
1178.6155
3370.4645
1395.6642
1525.7071
3892.4888
1052.8974
3868.1644
416.72451
591.88821
3574.706
4214.9135
5948.2018
2065.6294
2722.1789
5416.1472
4238.4838
6665.3782
3991.3272
2685.3371
3511.2613
1590.6731
2463.5766
161.17747
7443.559
3994.2328
3326.9963
7422.3349
4809.8022
8573.1102
7486.2262
10036.384
10397.967
7382.6726
6837.0252
5611.5724
14048.78
17445.424
23843.866
24617.973
25712.919
25521.946
25470.055
25474.443
13517.057
14809.405
10219.43
1999.6715
-7327.7386
-8029.2137
-4938.1395
-1554.2971
-1920.1076
-1068.8651
2505.1167
1161.7252
932.63139
1234.9373
1695.5502
2273.7951
2390.0419
2072.1628
2117.2363
1530.3941
573.72983
866.46736
455.24426
1603.8837
-996.83257
872.19455
926.76749
-1781.7239
1034.2626
2258.1606
747.14409
-490.49128
1391.7973
3303.8861
1533.8408
1533.131
3766.915
1203.3393
3851.6995
845.92572
529.71346
3171.0448
4454.6992
5950.3675
2450.9914
2577.335
4199.0401
4416.4857
6514.744
3926.9874
3016.6652
3661.9458
1526.2787
2532.0722
525.83927
7086.2354
3703.2837
3537.2777
7255.5387
5140.4852
8648.8713
7617.285
9999.9644
9724.4183
5970.9426
5824.405
4166.8442
13614.693
16528.613
22528.708
23616.789
24543.417
24624.168
24195.872
24203.977
12514.233
13775.5
10102.947
1243.4619
-6403.0428
-7942.2704
-4862.7981
-1334.7043
-1930.9969
-1035.4932
2390.0604
1032.3083
862.28485
1077.5376
1535.5471
2230.4222
2378.7785
1922.4704
2195.4947
1567.8995
456.21398
955.08082
718.34362
1753.9599
-912.12659
763.09156
917.79837
-1369.0405
1185.2068
2221.9447
791.73939
-91.204173
1751.2219
3143.014
1628.8023
1526.388
3666.5343
1377.7725
3891.542
1585.6484
1045.2805
2436.0269
4194.6522
5914.0333
2627.7914
2915.9463
4226.9281
4365.7333
6276.1411
3904.4654
3174.0255
3603.5446
1499.5607
2657.2821
1015.9611
7155.1267
3737.9968
3649.9783
7162.7701
5367.7305
8631.2914
7642.2402
9945.4749
9177.8356
4480.0498
4977.3994
2888.4403
13079.312
15646.999
21242.415
22597.891
23458.07
23712.814
22973.198
22988.751
11546.132
12851.124
9446.3024
1225.263
-3990.6763
-8321.3918
-4177.8232
-1174.8794
-1699.3817
-964.94859
2288.5781
930.68935
807.74721
938.64399
1400.2342
2172.7471
2365.888
1651.3794
2239.6797
1584.6225
322.93331
1047.311
999.62829
1876.4869
-709.60695
663.49395
891.25836
-1087.4733
1236.2016
2201.8773
1002.7196
300.33138
2154.1439
2946.2765
1660.8817
1573.123
3548.9969
1532.3712
3959.4832
2427.4657
1797.5657
1837.6092
3722.1663
5513.5665
3209.0229
3592.6877
4321.1698
4366.6534
6003.5867
3706.7442
3213.5186
3328.3524
1490.5865
2891.9825
1128.586
6921.9776
4175.0975
3918.3926
7081.4799
5557.0015
8706.1187
7698.2551
9892.6699
8845.8536
2814.3241
3888.5112
1732.5685
12493.074
14692.565
20065.232
21679.617
22496.971
22763.301
21773.9
21527.236
11080.38
11804.003
7748.6239
1404.6645
-1835.3177
-8689.8758
-3350.281
-1087.4453
-1570.6333
-841.07784
2166.2027
884.38328
767.48092
836.98712
1283.9941
2104.3858
2285.4032
1342.9232
2286.1232
1563.5296
178.09293
1112.7621
1110.1375
2000.3071
-474.10943
553.47183
800.52706
-868.67257
1313.0769
2145.9647
1342.0774
631.82265
2432.7562
2952.8444
1660.2324
1626.2865
3460.1667
1648.0392
3887.8948
2808.6158
1758.6016
1461.655
3866.7899
5006.3846
3225.5885
3673.6793
4391.8414
4331.7295
5901.8801
3690.7652
3280.7974
3012.4619
2058.8429
3199.6947
2204.3109
6841.5186
4561.9099
4415.0381
7015.4571
5742.7181
8681.5374
7701.8715
9930.545
8576.8928
1397.6532
2894.62
988.93908
11975.302
13714.823
18955.658
20939.413
21541.167
21868.469
20631.744
20159.413
11109.053
11208.809
6521.5604
1903.5808
-1030.2778
-8083.2835
-2727.7736
-886.32851
-1309.356
-681.27724
2055.8417
896.17252
787.81897
779.41834
1193.1674
2060.4454
2097.3871
1119.3124
2382.3395
1480.4266
35.826046
1150.6813
1045.6507
2125.6808
-282.79986
343.32654
793.7983
-678.51016
1331.0358
2064.6244
1606.5512
868.65967
2447.0943
2993.4204
1666.2073
1654.3349
3387.725
1769.3224
3609.3456
2675.2164
1468.0022
1423.6776
3655.2147
4582.3865
3106.3884
3594.2959
4535.709
4337.8498
5666.1711
3778.8799
3345.3893
2923.8552
2552.7904
3196.0873
2370.2273
6566.7311
4885.5035
4711.7837
6943.8366
5915.966
8728.1986
7562.2222
9876.6471
8304.0461
550.42057
2442.3717
904.32256
11503.56
12800.075
17982.184
20261.936
20668.178
21088.594
19628.296
19085.641
11534.815
11332.142
7417.3277
3042.562
-306.79668
-6476.3355
-2371.2381
-866.96193
-1145.0065
-499.25571
1918.6994
982.86312
793.13408
786.83262
1148.3995
2051.8813
1847.5898
989.78171
2500.6249
1358.8035
-100.94403
1198.3871
1171.8588
2258.8699
-442.81592
50.535447
885.57153
-491.81674
1308.3596
1934.6453
1756.4057
1027.9256
2312.9766
3010.1281
1647.1065
1540.3779
3325.7563
1907.6528
3238.9595
1949.9735
957.98063
1822.4852
3995.9308
4481.1976
3008.1674
3480.4016
4598.2283
4241.6804
5405.3568
3848.8107
3525.4088
3015.7649
2481.6462
3374.6362
2801.5308
6486.6482
4839.1022
4919.9515
6864.0293
6106.4436
8804.7478
7423.8548
9873.2528
7868.7809
259.04721
2445.1604
1412.6124
11059.26
12116.725
17224.846
19587.385
19869.154
20199.274
18702.254
18102.946
11914.187
11660.389
8597.3639
3845.0071
588.69069
-5101.2545
-2178.6157
-619.07151
-913.97247
-357.77794
1828.7372
1049.5969
836.43901
826.03418
1072.9787
2070.5124
1772.4249
927.12757
2529.7224
1203.2014
-208.99932
1267.4453
1018.183
2344.0586
-287.90953
205.20694
876.73326
-311.61631
1340.4478
1798.3497
1816.8389
1099.3537
2120.8354
3017.5804
1541.6315
1463.2683
3315.7058
2146.1307
2883.8655
1221.288
775.12612
2355.6445
3890.2147
4330.8837
3226.941
3911.7774
4556.1109
4192.2052
5395.9569
3820.3684
3561.8144
3110.2012
2761.4931
3561.0151
2924.8342
5872.0111
4855.9352
5191.4186
6850.559
6226.732
8845.9194
7280.4717
9984.1759
7262.661
339.35219
2868.2635
2256.1947
10694.701
11685.332
16734.076
18942.35
19077.222
19491.716
17919.205
17341.507
11784.328
11524.538
8728.6323
4469.0191
1388.4338
-4506.9378
-2016.4939
-721.90905
-861.85105
-227.67332
1744.5984
1112.7104
846.91028
887.00056
943.78871
2113.0796
1968.2067
946.89392
2440.5111
1030.9973
-294.06801
1344.6071
778.22341
2349.3543
323.95754
443.6953
731.12567
-92.354727
1446.5379
1699.529
1805.7218
1218.8377
2047.9646
2961.0825
1519.6675
1556.7888
3195.3733
2333.4516
2707.1
522.46116
1252.6749
2997.278
3715.3772
4140.059
3428.5482
3958.6009
4407.1101
4140.5782
5110.5823
3875.8823
3588.4291
3194.9825
2960.2371
3699.8753
3223.6026
6056.1239
5017.7321
5415.5477
6730.7355
6316.3179
8860.1454
7042.3673
10097.526
6549.8542
916.22441
3478.7825
2812.9688
10343.178
11550.638
16398.178
18318.327
18395.572
18817.182
17205.594
16518.152
11574.386
10975.238
8107.005
5157.5878
2401.9439
-3441.8829
-1793.3699
-352.20369
-703.97744
-56.472224
1678.2468
1076.7835
751.00202
876.06635
764.47721
2121.1669
2094.8384
963.03653
2286.4081
838.89609
-342.80295
1428.3712
330.758
2275.1825
453.04583
200.99413
662.21279
-22.336366
1571.565
1566.3906
1725.2414
1343.094
2076.4859
2915.2252
1742.5625
1752.6406
3000.0421
2426.2623
2756.1152
401.44237
2135.8912
3369.1417
3482.8031
4024.2877
3583.0223
4060.668
4164.165
4074.7823
4940.5498
3856.6158
3708.1875
3384.0009
3281.8743
3868.7002
3439.4086
5695.6634
5347.9784
5710.6274
6646.2753
6251.5976
8894.0769
6828.7254
10271.386
5708.9741
1972.0163
3946.5909
2974.8483
10062.887
11618.576
15989.753
17665.92
17705.063
18087.359
16548.46
15855.306
11721.653
11033.224
8632.2724
5387.4601
2828.7382
-2508.2404
-1538.3836
-457.14508
-597.97787
74.5895
1576.6427
1038.4838
652.58026
786.90172
455.28988
2154.7769
1928.2016
868.477
2348.1361
806.92957
-367.6639
1513.8715
32.157681
2059.8371
274.33553
-141.69253
689.01976
238.72412
1710.2384
1394.4976
1691.7598
1434.1679
1982.0091
2802.1257
1773.0487
1886.2732
2852.1469
2470.2119
2789.4924
491.57112
2447.2869
3204.2175
3471.3701
3938.3292
3577.6068
3739.2885
4028.2703
4193.2572
4866.1974
3771.3615
3755.7858
3576.3295
3293.8617
3943.0775
3552.9369
5743.9271
4914.3401
5624.527
6629.8519
6404.3137
8962.7755
6573.6948
10422.478
4936.4066
3277.3868
4072.6746
2604.4784
9599.2988
11273.594
15292.525
17029.996
17089.815
17395.49
15950.61
15369.763
12147.467
11610.315
9073.7734
5591.8225
2561.0792
-2261.3988
-1497.7787
-137.71696
-386.3791
196.19966
1452.4616
962.70897
687.88941
650.92748
196.07281
2310.2129
1888.6148
797.90062
2263.2875
875.59689
-360.30351
1624.9687
58.799762
1974.8193
45.903483
-595.1316
723.17509
436.85665
1809.5661
1265.4154
1728.8343
1408.469
1786.3209
2790.5644
1778.1234
1888.8896
2719.3973
2456.3927
2770.5052
487.52779
2254.237
3317.7328
3405.0629
3836.439
3488.0469
3765.7708
4083.9198
4103.5377
4776.8401
3792.9092
3705.8243
3619.4881
3477.8402
4067.9125
3774.6175
5660.678
5229.6865
5551.9421
6687.9712
6487.095
9047.8926
6317.9379
10552.864
3690.5072
2799.9778
1051.8465
2029.117
8612.8154
10988.035
14723.978
16483.488
16577.742
16769.391
15341.403
14878.438
12045.462
11225.001
8739.6521
6129.6653
2502.805
-1603.0942
-1570.3308
-157.80356
-246.85118
382.08923
1407.2886
855.9923
546.27383
463.98082
-21.582349
2375.8187
2264.6502
948.66757
2431.364
837.43374
-691.07723
1784.5026
-410.2304
1544.9205
61.480653
-872.97262
769.00978
594.60672
1876.4294
1021.4041
1699.1684
1427.3413
1685.8636
2825.3747
1773.9187
1776.6332
2618.168
2378.8006
2675.2653
699.95444
2321.888
3143.9862
3314.2226
3603.2302
3454.9779
3741.601
4053.9471
4160.8367
4665.4031
3847.5106
3752.1037
3657.4198
3614.641
4132.6887
3952.0278
5489.7058
5381.726
5886.1718
6369.611
6700.7262
9108.7652
6220.4853
10640.922
1595.0453
-1182.2688
-4676.4162
2179.5934
7572.3156
10851.708
14267.018
15983.664
15995.591
16183.923
14834.093
14375.3
11948.512
11142.222
8815.0364
6238.6694
2844.1726
-230.33785
-1866.7186
154.03506
27.379683
645.58872
1239.6431
685.88886
536.37623
296.6483
-525.51106
2334.7566
2224.9447
1186.8957
2184.192
547.26552
-701.30975
1866.2672
-595.79155
1392.0076
346.28634
-476.29222
907.10567
756.30406
1828.4032
995.30208
1682.0232
1367.8229
1420.8422
2828.7666
1770.381
1791.9676
2590.2756
2186.0933
2517.2941
1363.7292
2465.9639
2560.3517
3222.7433
3443.7198
3440.6262
3881.3089
4076.8787
3903.422
4466.1809
3888.8124
3792.4688
3658.7791
3845.9793
4225.9971
4028.729
5567.3138
5220.7863
5917.834
6608.122
6560.246
9124.6973
5952.8695
10191.897
-1262.0681
-4000.8235
-9441.3269
2229.4977
6852.1603
10560.885
13571.634
15495.387
15467.416
15540.448
14352.377
13876.162
11651.027
10827.715
8903.6036
6320.8143
3508.2666
364.74986
-1989.0013
213.29228
209.56381
735.83078
1286.051
757.39444
406.70874
89.500913
-1016.683
2225.2338
1134.2643
-9.739872
1902.9003
632.03959
-303.53499
2004.5179
-38.590808
1622.9522
662.65489
432.58922
1226.2266
964.64637
1110.0944
624.91966
1376.3853
1319.1025
1454.4998
2576.3649
1965.4638
1948.0836
2293.4794
1831.6511
2705.0587
1873.886
2694.1353
2388.5704
3160.2094
3377.0661
3538.8822
3754.4248
3949.7742
4002.2016
4389.3081
3794.457
3909.8061
3883.4827
3778.8365
4238.5076
4136.4046
5289.4278
5194.4292
5774.8122
6371.2748
6661.8955
8999.8525
5597.2809
10740.837
-4053.5501
-5212.3494
-10188.988
1902.0744
6316.8679
10068.384
12767.896
15018.525
14996.52
15009.459
13858.684
13409.338
11276.217
10467.375
8618.102
6439.7921
4292.375
1092.9751
-1930.8478
411.4526
530.85044
920.75638
897.07392
480.74284
206.04915
-74.928731
-1784.9018
2292.4534
-291.66918
-1102.2173
1150.088
1048.1089
196.15325
2107.697
-233.33398
1653.6565
698.16688
387.83816
1104.4849
665.36594
837.40947
558.65788
1260.8284
758.92369
934.36563
2068.7405
1659.8961
2045.4714
2184.5496
1881.883
2728.9558
1679.3994
2970.1842
2593.2394
3049.3589
3096.5021
3557.6165
3718.1222
3950.363
3770.7095
4310.6012
3868.6488
3785.2765
3689.9682
3988.6151
4300.1727
4255.9578
5573.4947
5145.2655
5919.1183
6520.6044
6592.6246
8877.4635
5601.7438
11065.196
-4268.512
-3826.7103
-7531.8788
1259.5678
6304.5125
9512.0208
12074.222
14423.626
14432.292
14427.293
13350.811
12912.387
11156.525
10348.362
8508.147
6467.1617
4635.1216
1836.612
-1770.449
427.49548
363.60997
875.82505
514.6651
289.14621
-274.48592
-415.27127
-2272.4788
2323.4292
-1013.624
-2642.6829
1559.37
1211.9823
25.169057
2238.854
204.045
1455.467
566.1838
810.39769
1484.3571
864.99815
1721.3901
1104.3094
1828.9506
587.19913
708.86859
2232.9287
1607.7858
2069.3573
2305.0249
2504.1672
2016.3197
1216.5815
2843.7617
2730.0382
3130.0195
3102.7458
3337.2038
3715.8997
3921.7965
3869.0313
4148.1268
3851.0258
3859.297
3919.6832
3941.7654
4267.9663
4390.7339
5282.171
5190.983
5883.4694
6185.1819
6485.014
8559.2045
5519.1646
10124.68
-2261.158
730.74763
-4246.9756
959.91932
6323.3907
9245.2046
11740.482
13530.478
13878.592
13869.24
12926.069
12426.818
10726.949
9943.0313
8343.925
6377.5331
4601.9836
2179.4095
-1476.7237
588.29874
734.64466
1056.8138
811.21417
348.62308
-292.08233
-830.68274
-2385.0896
577.45174
-1603.1748
2.2083001
1423.677
971.53438
94.348218
2307.2973
410.63209
2050.2139
1254.7531
1041.8881
708.4447
911.27772
2024.8727
1079.7985
2180.1447
1140.7212
1047.2686
2482.3962
1806.6845
1809.0425
2276.3077
2628.4691
1664.2353
765.50001
2680.1342
2365.4129
3053.6059
3202.3276
3271.1646
3534.7311
3865.4627
3686.7766
4162.3138
3813.1714
3843.3684
3878.6367
4066.6251
4388.4688
4420.8173
5370.2775
5083.8324
5612.1647
6289.5369
6340.1754
8362.709
5544.9782
9847.0058
-497.04917
1329.3738
-1349.308
2153.9005
7330.4493
9594.4596
11738.016
12867.671
13344.923
13282.018
12457.054
12036.704
10455.392
9660.518
8074.5615
6252.9001
4441.8218
2368.891
-1230.0786
558.84561
598.04527
907.68477
868.02416
523.78892
-732.49876
-1355.537
-2524.3604
-1171.4699
-2169.603
517.69338
533.22797
653.65567
-592.80704
2431.9453
313.34545
1490.1824
856.57758
495.10169
1499.9007
852.35958
1495.2813
1257.4872
1921.5077
1571.249
1305.4438
2151.4296
1846.9932
1860.4685
2205.2697
2174.9465
2035.9604
1812.5995
2745.0297
2388.7583
3109.3904
3029.0369
3347.9361
3523.926
3816.6975
3733.2533
3988.6702
3804.5961
3835.067
3931.3938
4043.2648
4290.6126
4643.285
5201.0701
5144.8389
5863.0347
5953.4164
6175.7535
8210.3063
5688.6493
10062.366
715.12352
2158.0159
1424.4732
3283.5989
7687.6357
9646.6662
11561.247
12558.268
12835.826
12840.432
12037.12
11510.8
10114.576
9324.3406
7850.9567
6155.3747
4343.7415
2458.8058
-1040.6786
677.39211
755.77309
923.73715
788.43825
364.07192
-1223.2809
-2002.5225
-2573.6223
-1084.4175
-2117.105
128.50069
-874.15596
443.34161
-461.0878
2228.9921
-17.203998
1931.0512
745.6661
1218.0611
894.72688
816.42669
1993.8098
1429.0432
2189.5287
1754.5194
1388.0371
1827.9374
1713.6892
2290.6013
2509.6285
2096.7863
2275.3915
1823.3729
3046.049
2922.8203
2936.7397
3178.0626
3357.6626
3381.3512
3778.4194
3589.2775
3995.9927
3706.3824
3847.6654
3929.5688
4120.8951
4435.8579
4528.1948
5298.7023
4959.7231
5965.4404
6163.747
6501.9486
8082.3298
5873.3947
9253.1982
1858.684
3620.3408
3860.4866
3963.1316
7900.9244
9540.1314
11318.56
12114.133
12246.749
12269.258
11634.165
11161.538
9793.2752
9007.6987
7594.0075
5929.2262
4175.8837
2475.1233
-872.91479
624.66078
671.38755
830.32119
754.9824
691.77191
-1324.5806
-2074.6265
-2011.907
-165.28143
-2534.7953
-503.78076
-401.20006
869.42255
-292.01379
2543.3299
570.65682
1257.7178
981.05469
242.73965
1580.3483
1054.142
1651.877
1349.3517
1545.3238
1696.6473
1633.9159
1976.1055
1979.5442
1959.9992
2361.1555
1246.3463
1531.5991
2202.1368
2456.0138
2634.5896
2962.2489
2984.6276
3322.725
3351.2334
3708.8301
3630.0483
3824.804
3756.2273
3909.5779
3914.2526
4108.0111
4286.5593
4726.4313
5162.9024
4962.2453
5926.6042
5779.2827
6270.0475
7639.7093
6070.4667
9163.2697
3397.296
4486.7987
5524.4404
5095.0437
7933.6804
9417.9216
11028.295
11825.804
12036.8
11816.718
11182.8
10688.319
9468.6339
8671.7912
7310.6778
5776.3518
4045.1633
2437.3008
-719.30867
709.71239
735.51889
801.003
719.89389
411.67233
-882.47268
-1854.4369
-1361.0189
-57.787445
-1632.7484
-1518.9021
48.057907
752.5389
-83.708653
1707.3529
145.53565
1846.5262
1197.8967
1042.7123
818.61659
1109.6933
1678.4435
1318.3722
2145.0143
1741.3326
1310.2125
1595.8248
1985.0738
2260.967
2602.0581
1623.1733
2036.7406
2271.136
3081.4628
2790.8046
2924.3056
3049.0253
3297.704
3269.3808
3662.0455
3498.0637
3840.236
3690.5741
3835.8142
3943.306
4147.6767
4464.6189
4537.5302
5129.0693
5092.2446
5944.531
5710.627
6094.5961
7696.6648
6154.1203
8998.7109
5496.3756
4763.4399
5750.8023
5433.1553
7728.6006
9326.2711
10751.639
11352.459
11399.199
11383.569
10816.66
10304.024
9138.6328
8353.7263
7046.1109
5556.1405
3894.9172
2375.9945
-580.87675
646.87336
662.22985
730.74292
604.90579
435.30233
-646.60032
-1331.9016
-393.47627
750.15439
-172.81439
846.91715
242.37139
5.6657049
-609.23829
2400.0199
197.9605
957.51567
876.81318
459.63183
1501.4
1133.5549
1529.841
1260.6064
1248.1581
1620.1694
1772.5218
2014.8178
1624.4854
1762.4668
2454.6046
1803.3319
2110.7157
1875.0789
2570.4011
2768.5326
2894.4579
2887.6976
3187.9799
3144.6903
3622.8702
3501.5102
3712.7753
3659.8088
3862.8365
3854.8851
4100.5766
4242.6742
4747.5909
4866.6737
4778.0154
6166.8896
5753.2626
6258.9073
7574.9838
6228.0769
8734.3457
6749.4124
5320.5689
6735.4642
5621.5837
7277.6979
9215.4588
10523.866
11114.277
11184.308
10842.105
10344.205
9891.3502
8813.4433
8026.7508
6769.8004
5355.5239
3755.1819
2291.5148
-454.61877
709.65255
710.18667
721.73525
622.10419
392.54432
-41.416845
-600.3868
187.1542
398.03217
497.13799
615.26046
982.79745
320.20383
379.96721
2307.4434
83.036634
1148.8439
1310.009
885.51893
658.60849
1018.1969
1623.4842
1151.8542
2255.2557
1503.358
1152.2612
1696.9295
2113.7833
2250.2352
2532.1909
1708.7565
2119.6146
1508.9697
2331.1739
2876.6578
2621.9585
2756.394
3343.8214
3238.4171
3465.2897
3405.1839
3713.2294
3667.435
3807.8379
3954.9981
4130.2314
4488.0863
4372.6119
4778.189
5227.0401
6080.0829
5368.4299
5905.9025
7146.274
6227.0403
8457.5391
7879.753
6659.3185
7394.9243
5833.8055
7028.3546
9143.3957
10092.712
10534.924
10632.783
10487.32
10028.801
9506.5287
8490.3258
7708.0912
6504.2096
5145.6304
3618.0651
2195.5658
-340.47274
642.74762
633.5668
657.33699
513.23295
433.676
33.004433
-214.22594
433.92273
69.61103
581.5903
2299.7585
1648.1091
-1121.7095
-689.04583
2157.0426
43.977414
510.38977
915.78302
523.06748
2169.6414
1513.7326
1720.9635
1317.9266
1466.5308
1473.3719
1591.7569
2250.8555
1450.9148
1672.6566
2217.9141
1576.2268
1866.0658
2069.2657
2580.9882
2530.1739
2527.2242
2877.9286
3300.0993
3076.0568
3484.9907
3347.8836
3616.432
3540.0821
3776.2336
3777.0135
4056.5084
4163.8766
4666.7879
4714.9211
5271.2017
5923.5581
5129.5649
5639.7048
6962.0835
6381.7258
8200.3498
8092.8367
6238.9072
7901.7972
6254.8758
6964.1443
8856.8195
9497.4368
10234.052
10250.875
9992.4984
9538.0754
9120.3475
8168.583
7391.7409
6241.5856
4939.3269
3485.485
2088.9781
-237.30423
697.29632
695.36113
684.28422
639.36461
560.63063
594.14717
370.75017
450.10569
-593.4127
-219.87551
1264.3653
1362.9325
913.16199
-148.17907
1957.3906
-279.98882
585.91602
808.69645
678.16059
932.45991
1150.0085
1321.2591
1129.2775
1322.0774
1537.2003
1132.7639
2106.7549
1853.6499
1968.9503
2390.2489
1149.6068
2547.4867
1372.5656
1840.6583
2877.8568
2608.653
2931.674
3153.9253
3101.0877
3307.1313
3315.7473
3564.09
3602.17
3746.6537
3933.192
4042.5711
4455.1016
4221.8046
4737.2633
5160.2619
6119.2039
5501.3931
5900.1042
6641.1361
6795.5943
7915.7252
8040.4685
7712.0046
8089.9904
7386.8914
7107.7098
8827.284
9304.7597
9635.4455
9881.5791
9631.1085
9228.9163
8745.1562
7854.3405
7081.7419
5985.1317
4736.3754
3355.2931
1981.6591
-144.80374
627.23534
614.5078
613.1501
513.52919
498.01741
213.29122
204.27216
460.39083
462.2646
-316.0349
1913.6734
-29.53339
-2569.1577
522.95591
3345.9081
-998.14552
-1687.7088
1833.4553
1765.9669
1961.8072
1465.343
1642.977
1482.4881
1544.5477
1561.525
1695.2835
1813.9147
1830.9269
1605.8795
1640.081
1110.2922
2784.4984
1744.0155
2131.8591
2599.0706
2424.6979
2701.2781
3092.6905
3043.0025
3343.6428
3217.9899
3502.5956
3419.7794
3681.0301
3689.9175
3987.0891
4085.7687
4523.5754
4776.2087
5248.7092
5754.8416
4730.1114
5316.9372
6427.7304
6790.1122
7546.579
7987.5042
7709.3142
7720.932
7714.6011
7558.7688
8169.5588
8654.5151
9163.7256
9442.8215
9198.6514
8800.3113
8379.3582
7542.0162
6778.5403
5734.0476
4537.6204
3226.948
1875.8187
-62.244262
686.7893
690.80618
674.76312
692.14205
631.62883
787.44415
648.20251
868.05751
-39.241316
1575.7436
817.19703
-3195.4607
77.621941
1819.1446
1015.3365
-519.18235
-748.69946
954.7269
550.52592
847.15398
990.32305
1194.5986
1039.2913
1498.5967
1373.8724
1433.5656
1731.9407
1680.87
2033.6312
751.35766
1348.0336
3158.1065
198.4119
1174.6152
3107.33
2794.8143
2774.4896
3142.22
2977.1504
3177.3119
3215.8121
3399.3848
3514.7301
3638.7262
3899.8242
3890.1563
4425.158
3990.4247
4681.0744
4857.3703
5461.9326
4868.1932
6021.3269
6310.419
6484.2463
7670.5642
8078.8615
8329.353
8434.6272
7180.14
7660.7849
8311.5132
8624.9273
8871.6173
8959.1494
8799.0583
8312.4369
7890.8013
7105.5192
6359.7544
5379.3151
4254.8604
3036.1312
1725.7905
44.270252
606.74836
602.87093
577.08436
544.32082
479.96559
377.25077
285.31349
96.379727
-88.398717
765.25779
534.35357
1826.3665
-1519.7623
-1405.9028
1459.2214
-180.29886
910.80603
1459.3267
1381.294
1724.2108
1411.6933
1466.0556
1500.3963
1429.6369
1479.4911
1613.9135
1944.3385
1708.7713
2071.5923
1456.8846
1295.6504
1773.8855
154.56394
941.17167
2527.226
2300.3446
2391.3756
2744.1124
2877.1061
3121.1658
3070.3434
3327.2004
3266.1469
3536.2231
3545.4521
3869.945
3946.2999
4397.4978
4649.1568
4917.2482
5388.5657
4981.1896
6283.9819
5469.8946
5833.0743
6940.4019
7683.4566
8072.9076
7807.0522
6909.964
7412.3346
7564.5528
8076.7021
8356.3469
8352.7781
8059.2763
7725.5733
7281.0428
6589.7538
5855.8557
4955.5125
3911.1114
2795.1826
1558.5055
148.66208
670.27588
676.83488
662.14938
692.30733
654.01675
723.23609
673.17788
608.79472
842.69387
348.56553
1461.6732
655.58701
-1834.3848
-1520.4596
949.5112
235.13861
367.97125
1012.226
628.84438
943.21586
841.85522
1261.9793
1003.4535
1610.6376
1264.7251
1444.0901
1451.2848
1624.1656
1405.2414
1688.8997
1780.7485
556.45364
1299.8559
3598.3002
2573.2799
2777.2825
2607.0439
2982.4281
2787.8664
3030.3419
3039.438
3215.0723
3330.7154
3464.715
3717.1069
3691.5643
4211.227
3786.1534
4603.4771
4502.2228
5215.2524
5102.9299
5785.0576
3784.2735
5483.2986
7535.7497
7147.7896
7167.258
7185.2829
7043.2691
6906.9941
7226.9088
7641.622
7743.5541
7678.1486
7563.9882
7155.9543
6739.6098
6099.5044
5398.3137
4564.8272
3595.5575
2572.2237
1418.8247
215.49442
592.3652
596.06431
567.54451
576.2271
523.02857
569.08066
486.09702
875.06411
644.68508
684.41395
1196.351
261.80761
606.31074
1033.8868
1800.9668
179.48473
849.20433
1134.9453
1247.7989
1426.0297
1364.601
1322.023
1461.3075
1361.3171
1555.8951
1518.5288
1825.8542
1608.2088
1978.1213
1773.2461
2147.9197
1678.3591
1354.1697
1430.7229
2108.6139
2177.5676
2255.8288
2540.5462
2652.7256
2889.4824
2913.079
3128.227
3134.751
3366.0308
3420.8702
3678.6754
3794.1104
4193.9717
4353.4751
4713.19
4866.1184
5168.2868
4668.4688
4394.551
5678.1514
6939.117
6812.9522
7090.4204
7125.2307
6880.6629
6896.5483
7113.0314
7220.9584
7271.783
7234.7257
6987.075
6655.9955
6227.2709
5647.1098
4978.2977
4206.0641
3307.9738
2367.4288
1305.4309
248.73418
654.7161
661.88204
650.54434
688.13959
646.71864
726.81009
617.84646
757.98347
383.62018
464.23573
824.12596
479.17754
-253.73446
-300.46637
790.6636
599.31941
798.52307
903.74149
736.14247
1012.5473
801.63614
1280.4386
943.04548
1489.3589
1144.5252
1413.4707
1291.3536
1493.0032
1339.8396
1571.818
1383.6175
1407.1705
1862.0797
2639.8462
2290.4729
2606.6274
2441.7715
2774.8667
2616.4413
2862.8957
2853.534
3034.8196
3133.4928
3277.2239
3492.5009
3507.7782
3948.4983
3611.5764
4428.4123
4051.7324
4993.2219
4545.6488
5733.8391
4857.685
5241.5958
5996.1006
6154.5668
6285.0378
6399.6693
6319.8112
6349.2529
6490.8771
6707.2944
6766.1913
6668.1003
6510.3091
6175.3978
5764.393
5226.8289
4594.4333
3877.0694
3046.7429
2180.3584
1207.8222
264.11386
575.82943
581.15447
558.60501
578.9059
542.87427
591.17964
572.30148
675.94087
702.48944
844.76704
1130.2773
781.21787
644.85897
806.62668
1343.6275
515.03748
955.61421
928.0869
1158.4745
1166.8231
1299.7348
1202.6201
1415.4273
1271.1954
1523.865
1427.8626
1699.9686
1537.9762
1837.7193
1703.8027
1888.5358
1735.1474
1596.2483
1937.0783
1930.4216
2119.6618
2153.0608
2396.9501
2481.7611
2695.6364
2754.6892
2939.862
2997.3634
3182.5427
3278.8039
3462.6383
3617.8412
3925.4677
4060.2123
4432.9319
4457.0373
4704.9897
4437.5859
4675.3575
5539.2103
5990.5013
5955.2215
6322.1312
6313.9912
6337.2557
6256.9554
6445.6249
6372.6883
6369.9522
6252.1663
6053.6969
5738.0519
5339.501
4839.0413
4243.2617
3575.6089
2809.4867
2009.3736
1121.0239
267.80202
637.01693
643.48599
636.59301
673.21497
636.09196
722.08558
613.83027
765.95987
548.29997
625.08981
589.20158
488.22434
355.26055
363.13805
788.5865
683.10352
823.87026
902.68478
761.05256
1059.0515
786.62839
1232.8048
901.91542
1357.145
1064.6438
1344.5146
1208.034
1401.6446
1339.69
1482.7121
1555.5126
1503.3835
1809.8259
2194.1612
2137.0919
2378.6917
2285.0661
2555.5318
2458.7672
2666.5562
2679.6859
2850.786
2933.0722
3089.8859
3253.1263
3326.544
3681.3266
3443.3549
4241.7495
3709.3801
4731.2876
4170.8254
5054.8005
4873.3486
4923.4198
5526.3221
5406.454
5614.7305
5688.1825
5732.7163
5774.1419
5838.612
5933.1899
5939.6243
5819.0279
5634.8813
5331.1792
4950.4384
4480.9518
3922.19
3299.6677
2593.8233
1853.1933
1042.6538
264.2042
555.49216
559.07924
541.15895
557.74199
533.62545
574.90678
551.90152
623.4794
635.53237
769.79604
827.48726
753.34413
667.87456
688.92437
1009.9751
636.45087
946.03816
828.31044
1079.0444
997.91506
1212.6259
1096.5927
1330.8033
1195.0672
1438.6949
1343.2232
1571.0421
1463.9939
1688.4546
1611.8986
1729.9033
1718.7695
1665.7836
1913.9125
1847.9759
2045.7836
2069.0857
2272.6695
2343.5259
2530.6491
2593.767
2758.7149
2838.9767
2993.7025
3113.4384
3243.9442
3439.8207
3606.6153
3748.5673
4044.0584
3989.5413
4306.2468
4332.8843
4431.5224
4947.1735
5350.8321
5368.5304
5641.9256
5589.6369
5685.4611
5589.9718
5716.9234
5606.4539
5579.1538
5433.0333
5248.0967
4956.336
4592.8164
4151.1902
3628.4448
3047.3511
2397.1272
1710.6311
971.11515
256.18313
615.75825
620.52875
623.89124
648.55779
626.3385
690.936
625.03935
718.11131
643.37931
670.21976
628.28949
593.88501
625.85493
592.54028
778.52926
730.63313
793.26586
894.13506
758.8849
1037.371
779.85236
1165.4047
880.65771
1246.0392
1021.4699
1266.1682
1163.0663
1327.4942
1313.0665
1417.9309
1507.2905
1542.4365
1730.5025
1922.5925
1978.2079
2150.4917
2137.2547
2326.5929
2304.7557
2472.4799
2514.0447
2669.755
2749.6497
2897.9612
3021.4368
3129.314
3407.1504
3290.0691
3900.5365
3514.196
4366.6439
3922.812
4613.753
4531.9852
4582.322
4956.6878
4855.1674
5091.5229
5109.2837
5214.3442
5220.8398
5268.0063
5257.3555
5221.904
5073.4898
4890.0334
4609.9144
4263.7532
3847.7928
3359.4699
2817.0658
2216.9592
1580.6928
905.15764
245.68356
529.74408
529.28345
519.71374
532.31227
515.0246
545.07426
524.17683
578.65943
568.84957
647.82062
648.51825
647.09296
634.15064
615.29971
806.80898
654.33234
879.17295
773.83417
995.17478
903.83545
1116.5738
1004.7487
1234.1078
1123.2795
1324.6501
1259.9659
1433.8531
1377.4301
1541.4102
1509.2698
1605.4213
1642.7224
1639.0724
1815.4649
1784.8221
1952.6187
1985.0668
2153.2887
2213.8092
2375.1664
2432.1611
2580.798
2659.5142
2802.7559
2915.7085
3032.3491
3252.5883
3298.1592
3518.4225
3651.8815
3747.3997
3925.5409
4052.9025
4150.6811
4492.4141
4766.1934
4809.1868
5002.3254
4951.5449
5040.7682
4965.8966
5026.0191
4942.7742
4894.7169
4740.7923
4558.4933
4289.8044
3960.6043
3568.7094
3112.8068
2606.8021
2051.6718
1462.3546
843.73363
233.99918
593.76746
595.12916
602.15298
613.69648
610.66118
651.2619
623.37725
680.11264
652.60725
673.40295
661.42136
653.63578
685.37393
665.70849
765.8723
752.93614
762.91349
872.17448
748.69114
987.83671
777.82946
1083.0174
871.07493
1144.2253
998.52752
1189.9546
1134.8653
1261.6809
1278.7451
1360.4842
1441.0437
1509.7791
1619.923
1748.0829
1820.9239
1955.0634
1980.1409
2126.3929
2150.2886
2295.1218
2351.5654
2493.1094
2569.1758
2708.3187
2810.9186
2933.1079
3132.4136
3140.3287
3514.6317
3355.4911
3916.3544
3685.5886
4151.9141
4127.5534
4220.5394
4442.3274
4413.683
4617.1414
4613.8577
4721.108
4683.557
4720.7481
4643.0011
4587.0572
4431.5156
4250.9446
3993.7192
3681.0974
3311.9165
2886.2642
2414.4602
1900.0747
1354.4889
786.23287
221.85876
503.5034
503.37772
498.28226
504.96486
495.22315
513.60218
500.33231
535.62808
526.09805
573.09835
571.49944
583.07724
604.48301
592.8855
710.2703
643.10179
799.45367
735.07653
905.17517
842.24682
1018.677
935.22085
1116.6815
1059.3134
1195.8699
1176.941
1292.8055
1283.2901
1399.6877
1400.851
1486.7588
1536.6438
1573.9443
1688.109
1712.0153
1845.5826
1887.9478
2028.3262
2076.4129
2212.8286
2270.961
2406.4444
2478.9379
2615.3057
2706.4746
2833.7508
3003.2303
3044.4999
3284.7644
3323.4454
3499.9414
3590.74
3759.5691
3854.5709
4063.2144
4254.2508
4287.5158
4426.9809
4393.0062
4470.6475
4422.4483
4445.5505
4361.7188
4298.4509
4143.7448
3965.3173
3719.581
3423.0846
3075.4716
2677.9041
2238.1408
1760.9893
1255.8893
732.42073
209.7725
561.76026
562.29509
570.28061
577.05872
586.13632
608.78938
605.29838
639.70779
633.96127
652.26697
653.56327
657.03327
681.41027
681.02116
725.78962
744.43739
737.95745
834.52344
735.63689
926.3996
774.15341
994.85991
862.767
1049.1188
980.45738
1118.0753
1108.8011
1199.1303
1238.1814
1302.6439
1374.2958
1445.1185
1522.8231
1624.5253
1679.0224
1791.2945
1833.53
1956.9737
2005.0477
2132.3966
2190.6724
2320.9216
2389.3082
2525.9739
2600.1465
2732.5152
2878.1459
2937.1855
3162.1239
3168.2126
3479.6036
3431.3846
3706.1224
3735.5505
3851.195
3993.4592
4017.1182
4161.8743
4147.2769
4219.0195
4172.1337
4183.2778
4096.7357
4027.4333
3875.5423
3699.8017
3465.5022
3184.6278
2857.5291
2486.0256
2076.1905
1633.2519
1165.4528
682.15545
197.93908
480.15321
479.12997
477.30712
478.84164
475.93926
484.87754
480.13167
500.39904
497.69755
524.37504
530.53944
541.32701
572.95695
569.81889
647.18844
623.20056
722.68035
702.14111
815.86676
795.13406
913.30857
882.58576
998.844
997.7542
1068.8947
1094.9143
1158.6183
1188.1073
1267.2965
1294.3803
1368.4619
1422.5768
1476.4342
1566.4692
1616.5003
1722.3491
1769.1031
1883.5463
1933.5576
2053.0618
2110.6877
2236.5536
2299.0893
2433.9772
2499.0831
2629.6776
2756.1677
2829.8597
3014.9156
3051.8066
3244.9176
3291.5193
3462.4276
3543.8247
3666.7375
3797.6811
3826.0259
3935.1803
3921.6403
3980.0378
3933.9586
3935.0516
3846.7423
3772.9455
3625.1782
3452.8107
3229.7692
2963.992
2656.3879
2309.1157
1927.1682
1515.7581
1082.2459
635.28773
186.48476
525.00959
525.57542
533.56838
539.30886
551.78831
564.97255
574.48903
595.29917
600.99399
615.52964
624.35075
632.13804
652.64374
660.99377
685.47472
712.27527
704.90575
783.70341
714.71563
858.57491
758.75891
911.17611
843.28193
963.68402
950.55034
1048.7705
1068.5324
1133.761
1182.4442
1237.3829
1300.5136
1366.0376
1424.2498
1508.0645
1559.5365
1656.8278
1705.4381
1811.5361
1862.2247
1974.704
2031.0762
2153.2388
2203.4658
2345.0218
2402.7145
2525.5219
2637.8851
2721.6059
2874.982
2930.9277
3105.1146
3152.0063
3312.0281
3379.812
3483.2708
3589.9217
3623.7276
3715.5096
3705.9245
3751.7584
3707.1123
3699.3654
3611.4482
3533.7634
3391.0048
3222.8722
3010.7766
2759.5627
2470.4791
2145.8129
1789.8284
1407.5356
1005.5486
591.68592
175.54204
420.91794
418.44975
414.31778
411.47745
407.03359
406.79566
404.73637
411.77345
414.81889
430.05172
443.71196
451.38596
492.50002
489.25895
563.57696
541.57145
649.98488
612.26847
748.99803
699.85087
850.6974
785.83825
925.13909
904.75638
971.823
999.80517
1042.4138
1084.4945
1141.1803
1180.6168
1241.5643
1298.0084
1345.2765
1421.8301
1473.0796
1560.0261
1609.5803
1704.8543
1755.1196
1857.9721
1911.5432
2034.0116
2062.7816
2202.6481
2262.1387
2367.9506
2465.4881
2557.1495
2671.9457
2749.0943
2874.9271
2943.202
3058.9093
3133.1629
3217.1631
3299.5905
3335.5281
3401.1501
3396.1021
3424.3003
3381.8292
3363.0861
3277.7115
3195.1526
3060.681
2900.3396
2704.04
2473.8536
2211.1899
1918.3109
1598.7593
1257.0224
898.7363
530.45343
159.71951
468.46621
470.6695
477.52993
485.48456
497.38352
509.55483
522.96601
537.30294
549.93824
562.76377
574.39774
585.95183
598.76405
611.1658
625.05202
643.93117
648.64059
684.04277
683.1884
729.37751
732.05928
771.58664
798.0137
837.48101
875.03788
918.8124
959.23187
1002.502
1049.0591
1093.4552
1146.1623
1199.5317
1241.9066
1311.1142
1358.4908
1436.3181
1483.2206
1567.6203
1614.1326
1706.0439
1745.5343
1874.0687
1900.1701
2009.3277
2079.3118
2164.9257
2250.1671
2335.0281
2424.8871
2505.7044
2597.1583
2670.5307
2754.7008
2822.7768
2888.1326
2947.339
2981.7633
3022.3118
3020.6368
3030.4162
2992.1173
2960.982
2883.106
2796.9785
2674.495
2526.8471
2350.2332
2145.6403
1914.3702
1658.4921
1380.9293
1085.4556
776.65614
459.76387
140.59766
386.98782
384.92823
382.63602
380.62869
379.14383
379.12109
380.44384
384.45654
390.37093
399.78902
412.01654
421.1429
453.01356
449.40481
510.59511
493.94602
565.06504
543.92114
628.72672
615.45183
684.67632
693.67319
741.36644
770.72668
806.18923
843.38628
881.31292
920.98307
962.57373
1005.3091
1051.3329
1098.8268
1137.1765
1206.7796
1245.6787
1315.9372
1358.3353
1434.6774
1477.4147
1562.9511
1591.6127
1698.3741
1743.9685
1824.0632
1894.3067
1968.0036
2042.4658
2117.2077
2192.5675
2265.1631
2338.2534
2405.0944
2470.8833
2528.7357
2580.5918
2624.2977
2653.951
2677.9105
2676.6112
2673.9547
2638.6055
2600.0159
2529.6597
2444.0415
2332.8946
2198.8276
2040.978
1859.9727
1656.9902
1433.8287
1192.9652
937.53634
671.27247
398.38001
123.45848
378.42138
380.09502
384.39881
390.61218
398.62586
407.7483
417.90644
428.64835
439.57173
450.65685
461.71658
472.93329
484.88656
496.43063
511.08931
523.03116
539.4923
553.71693
577.53533
593.67906
623.41199
643.61554
675.47611
704.77329
736.31767
769.49892
804.00649
840.01456
877.60972
916.67617
957.61628
999.73282
1041.6856
1102.3366
1128.9754
1195.5341
1235.5093
1309.7375
1330.3195
1418.6619
1454.0738
1528.573
1585.1743
1649.1983
1712.5697
1776.9958
1841.9006
1906.7227
1971.0461
2033.6502
2094.4876
2151.4965
2204.9851
2252.5269
2293.6862
2326.8604
2349.5892
2363.401
2360.6753
2350.0307
2317.6558
2275.2313
2211.1205
2130.2638
2029.5062
1909.0779
1768.9034
1609.5198
1431.9969
1237.8868
1029.2724
808.7568
579.38723
344.56349
107.97147
339.09761
338.39685
338.05195
337.9787
338.39168
339.70565
342.24275
346.35509
352.18229
359.97262
369.73179
381.45032
396.59675
409.54043
433.48263
444.50835
475.09011
486.93427
518.1
534.80713
562.10302
584.95191
611.41089
638.40737
666.78418
696.50925
727.55504
759.95107
793.73839
828.95237
865.64833
903.80269
943.62406
987.84562
1023.5351
1080.2284
1112.1255
1175.0324
1208.9435
1269.2735
1315.9967
1371.7031
1425.1541
1480.3954
1536.0657
1592.2115
1648.3981
1704.2282
1759.1315
1812.3785
1863.3999
1911.1249
1954.9438
1993.5423
2026.0713
2051.2991
2067.774
2075.101
2070.3141
2055.3588
2025.0844
1982.3638
1923.6396
1849.4903
1758.8955
1651.732
1528.1319
1388.6015
1234.0693
1065.8736
885.77261
695.91497
498.79141
297.16492
94.013342
305.70103
305.56403
306.56238
308.95523
312.84369
318.11834
324.60438
332.05333
340.20058
348.88614
358.02741
367.65132
377.88157
388.67051
400.98526
413.38632
429.40122
444.27742
464.17545
482.4987
503.8777
525.44834
548.4898
572.59797
597.86728
624.33794
651.98207
680.85391
710.97472
742.35582
775.04752
809.08381
844.58089
881.66446
918.632
960.42831
998.54103
1043.5127
1083.9046
1129.9851
1174.6251
1221.5464
1268.7875
1316.7577
1365.1079
1413.6166
1461.9334
1509.6668
1556.2779
1601.2099
1643.8668
1683.4647
1719.2895
1750.4237
1776.0092
1795.0691
1806.545
1809.6604
1802.8661
1786.1459
1757.4656
1717.0026
1663.5263
1596.7323
1516.171
1421.7566
1313.6614
1192.3589
1058.6666
913.72422
758.99792
596.26298
427.5573
255.12225
81.372004
272.2267
272.17285
273.05864
274.90272
277.63531
281.14033
285.37307
290.38988
296.28843
303.17454
311.12801
320.18197
330.36312
341.48558
353.79674
366.55831
380.73846
395.37823
411.72081
428.65291
446.91758
466.05856
486.27048
507.49325
529.74585
553.05481
577.40738
602.84394
629.38476
657.02128
685.80604
715.7551
746.90953
779.21621
812.49439
847.50454
882.74775
919.95746
957.18126
996.12664
1035.5238
1075.9026
1116.8095
1158.1713
1199.7351
1241.2565
1282.4426
1322.8792
1362.1758
1399.801
1435.2395
1467.8491
1496.9836
1521.917
1541.9013
1556.1457
1563.7841
1564.0894
1556.0233
1539.03
1512.2155
1475.1306
1427.1481
1367.9205
1297.1865
1214.9276
1121.3281
1016.8149
902.09421
778.12766
646.13422
507.57266
364.10662
217.56128
69.885726
238.69113
238.64886
239.40772
240.96177
243.28096
246.33234
250.10296
254.62715
259.94842
266.09595
273.08242
280.92505
289.63941
299.22394
309.69387
320.94375
333.1117
346.07954
360.05744
374.86339
390.62032
407.24264
424.77276
443.19251
462.52054
482.75722
503.91119
526.01236
549.05719
573.05848
598.0383
624.01634
650.98711
678.94259
707.83635
737.82872
768.53063
800.28439
832.68297
865.97065
899.86335
934.38716
969.31702
1004.5379
1039.8278
1074.9646
1109.6509
1143.5668
1176.3403
1207.545
1236.7212
1263.3465
1286.8608
1306.6762
1322.1531
1332.665
1337.4694
1335.985
1327.3586
1311.0965
1286.6234
1253.4613
1211.1982
1159.5571
1098.3762
1027.672
947.62373
858.62177
761.25659
656.3311
544.85068
428.00742
307.14893
183.75243
59.392756
205.22019
205.17098
205.81028
207.11066
209.07094
211.67812
214.9292
218.83924
223.42534
228.7059
234.69576
241.40792
248.85058
257.0264
265.93778
275.5644
285.93797
297.04575
308.93352
321.57063
334.98162
349.15416
364.09478
379.79939
396.28555
413.54578
431.59716
450.44521
470.10283
490.56885
511.86536
533.98596
556.94422
580.71055
605.29379
630.69706
656.79252
683.64645
711.12904
739.23212
767.84977
796.90052
826.25091
855.76654
885.26472
914.5313
943.31971
971.35676
998.32263
1023.8608
1047.5841
1069.0611
1087.8338
1103.41
1115.275
1122.9032
1125.7337
1123.1724
1114.6672
1099.7846
1078.0802
1049.1661
1012.7411
968.60291
916.65244
856.9223
789.57984
714.95965
633.55604
546.02899
453.19625
356.01907
255.58411
153.07386
49.750156
171.94016
171.89725
172.41903
173.49935
175.12821
177.30634
180.03006
183.30992
187.15578
191.57788
196.58651
202.18806
208.39373
215.20103
222.61831
230.64143
239.28064
248.54126
258.4329
268.95438
280.11238
291.90796
304.3433
317.41961
331.14365
345.51939
360.54925
376.25327
392.61452
409.65262
427.37417
445.77376
464.84723
484.5948
505.0116
526.04698
547.70229
569.91858
592.65995
615.87108
639.4762
663.38708
687.5147
711.71024
735.84205
759.71031
783.11637
805.82909
827.58938
848.09852
867.0468
884.07561
898.82312
910.87739
919.84056
925.26616
926.74904
923.76261
915.90328
902.83754
884.21322
859.74193
829.18786
792.41296
749.35459
700.05079
644.65245
583.43611
516.80467
445.28772
369.53957
290.32392
208.50087
125.0025
40.828488
139.00155
138.95945
139.37332
140.2399
141.54788
143.30239
145.50666
148.16056
151.26846
154.83863
158.87903
163.39715
168.39434
173.87752
179.84617
186.30618
193.26006
200.71683
208.67747
217.1463
226.12439
235.61637
245.62445
256.15265
267.19675
278.77261
290.87261
303.51275
316.68613
330.40203
344.65267
359.45717
374.78326
390.65665
407.04652
423.92436
441.28692
459.08901
477.29302
495.85396
514.70337
533.76893
552.97839
572.20256
591.33624
610.21392
628.6753
646.5443
663.59587
679.61038
694.33768
707.48933
718.78243
727.89426
734.51379
738.27772
738.91488
735.95332
729.13911
718.20541
702.88349
682.94893
658.23938
628.65232
594.15418
554.77618
510.64607
461.98636
409.11424
352.4431
292.47995
229.81479
165.10933
99.085364
32.508943
106.25168
106.21675
106.54092
107.20279
108.211
109.56451
111.25586
113.29523
115.68492
118.42944
121.53146
124.99562
128.82653
133.0291
137.60444
142.5563
147.88833
153.59849
159.69617
166.18209
173.05641
180.32517
187.98761
196.04575
204.50473
213.37132
222.63095
232.3042
242.38611
252.88282
263.78903
275.10415
286.82799
298.94793
311.46749
324.35373
337.58924
351.15909
365.02122
379.14913
393.47576
407.94778
422.51029
437.06513
451.52015
465.75701
479.65215
493.06368
505.82437
517.77258
528.7192
538.44438
546.73442
553.35562
558.07473
560.61208
560.72142
558.15025
552.66622
544.07128
532.17693
516.81218
497.86947
475.27154
449.00832
419.10387
385.65652
348.83088
308.8647
266.06708
220.81229
173.53678
124.73022
74.922288
24.679494
74.835358
74.797419
75.023643
75.481713
76.184222
77.126419
78.313574
79.742247
81.417587
83.341591
85.51695
87.948311
90.636525
93.582204
96.792534
100.26719
104.00668
108.01751
112.29911
116.85123
121.68042
126.78452
132.16705
137.83226
143.77411
149.99963
156.51353
163.31173
170.39791
177.76194
185.42526
193.36464
201.60126
210.10133
218.87938
227.91268
237.198
246.70817
256.40853
266.27725
276.28052
286.38489
296.52849
306.66133
316.69738
326.5776
336.20125
345.46215
354.27347
362.48385
369.9557
376.56958
382.16632
386.59164
389.68935
391.26507
391.1375
389.15003
385.15197
378.9938
370.54509
359.70883
346.40988
330.59419
312.24881
291.39682
268.10586
242.49103
214.71394
184.98333
153.55298
120.71937
86.815592
52.203372
17.270365
43.069352
42.979677
43.110974
43.359382
43.765807
44.311565
44.998695
45.827814
46.8003
47.917226
49.181337
50.593396
52.155538
53.872076
55.740289
57.765018
59.945846
62.28423
64.780814
67.439533
70.259099
73.240135
76.385125
79.693795
83.168965
86.810132
90.61881
94.594753
98.74315
103.06022
107.54266
112.19884
117.01605
122.00219
127.14217
132.43322
137.86601
143.42957
149.11323
154.88559
160.73967
166.65227
172.57309
178.49292
184.35148
190.10629
195.70797
201.10062
206.21071
210.97416
215.31218
219.14304
222.37751
224.92336
226.69424
227.57608
227.46834
226.27958
223.926
220.32454
215.40217
209.09772
201.36574
192.1886
181.54803
169.45746
155.95405
141.10161
124.99006
107.73569
89.482346
70.396634
50.667916
30.503649
10.127006
12.515712
12.474472
12.519755
12.578528
12.702817
12.860931
13.066765
13.316044
13.609886
13.949873
14.335249
14.768136
15.248479
15.775335
16.352146
16.977855
17.653113
18.379458
19.156469
19.984878
20.863595
21.795328
22.781109
23.818296
24.909872
26.054021
27.253821
28.508523
29.814479
31.180355
32.594705
34.070792
35.592658
37.176654
38.800953
40.483595
42.20544
43.972575
45.771394
47.604135
49.454598
51.322233
53.192425
55.055654
56.896378
58.703666
60.45665
62.138501
63.729967
65.206833
66.547152
67.724775
68.716731
69.493694
70.031085
70.296657
70.266852
69.907012
69.196779
68.109809
66.622829
64.723841
62.39299
59.620636
56.40114
52.734752
48.62836
44.095205
39.157425
33.844707
28.194438
22.253074
16.074265
9.7186922
3.2541017
)
;

boundaryField
{
    axis
    {
        type            empty;
    }
    inlet
    {
        type            zeroGradient;
    }
    walls
    {
        type            zeroGradient;
    }
    atmosphere
    {
        type            totalPressure;
        rho             rho;
        psi             none;
        gamma           1;
        p0              uniform 0;
        value           nonuniform List<scalar> 
175
(
-1.5201674
-1.7087256
-1.7213632
-1.7384474
-1.7576412
-1.7801764
-1.8053077
-1.8329021
-1.8624174
-1.8934778
-1.9256421
-1.9585578
-1.9917877
-2.0252642
-2.0585345
-2.091689
-2.1244769
-2.1569565
-2.1890526
-2.2208592
-2.2523227
-2.2834288
-2.3142524
-2.3445783
-2.3745116
-2.4038309
-2.4324905
-2.460295
-2.4874026
-2.5135718
-2.5387965
-2.5634704
-2.5872578
-2.6110822
-2.6346427
-2.6589163
-2.6839631
-2.7106913
-2.7395609
-2.7712156
-2.8061591
-2.8451435
-2.8881622
-2.9360972
-2.9885592
-3.0456069
-3.1067007
-3.1712014
-3.2376306
-3.3045827
-3.3699393
-3.4310129
-3.4848917
-3.5278967
-3.5564754
-3.5663493
-3.5534455
-3.5140933
-3.4444846
-3.3416167
-3.2036513
-3.0298433
-2.820832
-2.5795957
-2.3102976
-2.0191991
-1.7144043
-1.405392
-1.1029448
-0.81816984
-0.5624209
-0.34582694
-0.17726763
-0.063068724
-0.0066216637
-25.093477
-18.32753
-13.401976
-9.8021762
-7.145521
-5.173416
-3.7016238
-2.6015224
-1.7797385
-1.1702721
-0.72493642
-0.40799162
-0.19431764
-0.065999085
-0.0058044522
-377.45537
-313.20218
-259.58859
-215.25972
-178.79796
-148.88917
-124.33468
-104.13914
-87.475394
-73.671866
-62.190701
-52.611568
-44.590896
-37.866249
-32.203556
0
0
0
0
0
-32.531357
-1876.9091
-2340.4982
-4108.7076
-4201.9587
-680.39512
0
0
0
-9.1961259
-402.47648
-1763.9438
-3271.5699
-3537.2403
-4238.1747
-3396.693
-3340.9373
-6938.1878
-8441.1394
-8069.3353
-5130.4359
-3477.9344
-2723.3599
-911.06043
-214.81363
-309.50771
-546.1299
-652.75664
-660.47196
-632.11531
-595.72897
-555.20244
-514.10666
-473.31195
-434.21274
0
0
0
0
0
0
0
0
0
0
0
0
0
0
0
0
0
0
0
0
0
0
0
0
0
0
0
0
0
0
)
;
    }
    front
    {
        type            wedge;
    }
    back
    {
        type            wedge;
    }
}


// ************************************************************************* //
