/*--------------------------------*- C++ -*----------------------------------*\
| =========                 |                                                 |
| \\      /  F ield         | OpenFOAM: The Open Source CFD Toolbox           |
|  \\    /   O peration     | Version:  2.3.0                                 |
|   \\  /    A nd           | Web:      www.OpenFOAM.org                      |
|    \\/     M anipulation  |                                                 |
\*---------------------------------------------------------------------------*/
FoamFile
{
    version     2.0;
    format      ascii;
    class       surfaceScalarField;
    location    "1.15";
    object      phi;
}
// * * * * * * * * * * * * * * * * * * * * * * * * * * * * * * * * * * * * * //

dimensions      [0 3 -1 0 0 0 0];

internalField   nonuniform List<scalar> 
4432
(
3.68972e-06
-3.68972e-06
4.83249e-06
-1.14277e-06
4.89354e-06
-6.10473e-08
4.65718e-06
2.36358e-07
4.37181e-06
2.85375e-07
4.09354e-06
2.78274e-07
3.79018e-06
3.03364e-07
3.36576e-06
4.2441e-07
2.60494e-06
7.60809e-07
1.30077e-06
1.30416e-06
-7.33233e-07
2.034e-06
-3.5617e-06
2.82846e-06
-7.24859e-06
3.6869e-06
-1.1443e-05
4.19443e-06
-1.54165e-05
3.97351e-06
-1.79439e-05
2.52735e-06
-1.76241e-05
-3.19757e-07
-1.39192e-05
-3.70491e-06
-7.50578e-06
-6.41343e-06
-2.21469e-07
-7.28429e-06
5.56883e-06
-5.7903e-06
6.19223e-06
-6.23411e-07
6.19222e-06
2.24349e-06
-5.93322e-06
2.98087e-06
-1.88015e-06
3.15535e-06
-2.3553e-07
3.12098e-06
2.70738e-07
3.05139e-06
3.54973e-07
2.97423e-06
3.55423e-07
2.81506e-06
4.62532e-07
2.40989e-06
8.29578e-07
1.58169e-06
1.58899e-06
1.19813e-07
2.76603e-06
-2.14142e-06
4.29523e-06
-5.26562e-06
5.95265e-06
-9.08585e-06
7.50714e-06
-1.3218e-05
8.32657e-06
-1.6809e-05
7.56451e-06
-1.87729e-05
4.49132e-06
-1.83775e-05
-7.15263e-07
-1.53636e-05
-6.71875e-06
-1.01861e-05
-1.1591e-05
-4.15367e-06
-1.33167e-05
8.91685e-07
-1.08357e-05
3.4323e-06
-3.16404e-06
9.62452e-06
1.28145e-06
-7.21466e-06
1.8324e-06
-2.43109e-06
2.08941e-06
-4.92533e-07
2.22401e-06
1.36145e-07
2.32053e-06
2.58463e-07
2.36523e-06
3.10723e-07
2.25636e-06
5.71391e-07
1.84012e-06
1.24582e-06
9.41869e-07
2.48723e-06
-6.15053e-07
4.32296e-06
-2.96088e-06
6.64106e-06
-6.11068e-06
9.10243e-06
-9.88086e-06
1.12773e-05
-1.38636e-05
1.23093e-05
-1.73204e-05
1.10213e-05
-1.93401e-05
6.51099e-06
-1.92305e-05
-8.24852e-07
-1.67529e-05
-9.19635e-06
-1.23293e-05
-1.60145e-05
-7.07933e-06
-1.85667e-05
-2.3219e-06
-1.55931e-05
6.98063e-07
-6.18401e-06
1.03226e-05
5.99691e-07
-7.81435e-06
1.04647e-06
-2.87786e-06
1.381e-06
-8.27048e-07
1.66007e-06
-1.42917e-07
1.89019e-06
2.83516e-08
2.02652e-06
1.7439e-07
1.95545e-06
6.42457e-07
1.52193e-06
1.67933e-06
5.59672e-07
3.44948e-06
-1.08956e-06
5.97218e-06
-3.53373e-06
9.08522e-06
-6.75692e-06
1.23256e-05
-1.05715e-05
1.50919e-05
-1.45836e-05
1.63215e-05
-1.8104e-05
1.45416e-05
-2.02702e-05
8.67727e-06
-2.04136e-05
-6.81441e-07
-1.83224e-05
-1.12876e-05
-1.43777e-05
-1.99592e-05
-9.60105e-06
-2.33434e-05
-5.05147e-06
-2.01427e-05
-1.60126e-06
-9.63422e-06
8.72135e-06
1.23836e-07
-7.93818e-06
5.24506e-07
-3.27851e-06
9.36751e-07
-1.23928e-06
1.34279e-06
-5.48954e-07
1.69554e-06
-3.24396e-07
1.91951e-06
-4.9578e-08
1.88691e-06
6.75049e-07
1.43789e-06
2.12836e-06
4.08558e-07
4.47881e-06
-1.35309e-06
7.73382e-06
-3.9405e-06
1.16726e-05
-7.31467e-06
1.56998e-05
-1.12865e-05
1.90637e-05
-1.54714e-05
2.05063e-05
-1.91789e-05
1.82492e-05
-2.15263e-05
1.10246e-05
-2.18596e-05
-3.48169e-07
-2.00205e-05
-1.31266e-05
-1.63771e-05
-2.36027e-05
-1.19059e-05
-2.78146e-05
-7.46372e-06
-2.45848e-05
-3.43621e-06
-1.36617e-05
5.28514e-06
-1.05992e-07
-7.83217e-06
2.24679e-07
-3.60916e-06
7.23753e-07
-1.73835e-06
1.25248e-06
-1.07768e-06
1.72923e-06
-8.01144e-07
2.04508e-06
-3.65435e-07
2.05459e-06
6.65552e-07
1.58848e-06
2.59446e-06
4.75878e-07
5.59142e-06
-1.43131e-06
9.64101e-06
-4.22016e-06
1.44615e-05
-7.82756e-06
1.93072e-05
-1.20587e-05
2.32948e-05
-1.65258e-05
2.49735e-05
-2.04967e-05
2.22201e-05
-2.30088e-05
1.35368e-05
-2.3462e-05
1.04992e-07
-2.17762e-05
-1.48124e-05
-1.82969e-05
-2.7082e-05
-1.40603e-05
-3.20512e-05
-9.73514e-06
-2.891e-05
-5.11855e-06
-1.82783e-05
1.66575e-07
-2.30601e-07
-7.60156e-06
1.19228e-07
-3.95899e-06
7.20885e-07
-2.34e-06
1.38333e-06
-1.74013e-06
1.989e-06
-1.40681e-06
2.40112e-06
-7.77551e-07
2.45231e-06
6.14367e-07
1.95927e-06
3.08751e-06
7.4059e-07
6.8101e-06
-1.35369e-06
1.17353e-05
-4.4042e-06
1.7512e-05
-8.31679e-06
2.32198e-05
-1.28825e-05
2.78605e-05
-1.77004e-05
2.97914e-05
-2.19661e-05
2.64858e-05
-2.46398e-05
1.62105e-05
-2.51972e-05
6.62407e-07
-2.35339e-05
-1.64757e-05
-2.01253e-05
-3.04906e-05
-1.60818e-05
-3.60946e-05
-1.19356e-05
-3.30562e-05
-7.07831e-06
-2.31356e-05
-6.91173e-06
-2.34092e-07
-7.36747e-06
1.88645e-07
-4.38173e-06
9.09462e-07
-3.06082e-06
1.71031e-06
-2.54097e-06
2.44711e-06
-2.14361e-06
2.95507e-06
-1.2855e-06
3.04334e-06
5.26094e-07
2.50993e-06
3.62093e-06
1.15915e-06
8.16088e-06
-1.16252e-06
1.4057e-05
-4.52405e-06
2.08735e-05
-8.78634e-06
2.7482e-05
-1.3714e-05
3.27881e-05
-1.88964e-05
3.49738e-05
-2.34375e-05
3.10269e-05
-2.63278e-05
1.91008e-05
-2.68877e-05
1.22232e-06
-2.51131e-05
-1.82504e-05
-2.18188e-05
-3.37849e-05
-1.78971e-05
-4.00163e-05
-1.38933e-05
-3.706e-05
-9.18989e-06
-2.7839e-05
-1.61016e-05
9.51985e-06
-9.51985e-06
5.11826e-06
4.40155e-06
-6.41751e-06
1.15358e-05
-2.01436e-05
1.37261e-05
-2.48245e-05
4.68084e-06
-1.73448e-05
-7.4797e-06
-4.65578e-06
-1.2689e-05
5.24212e-06
-9.89792e-06
8.33506e-06
-3.09295e-06
8.49771e-06
-1.62653e-07
9.05615e-06
-5.58441e-07
1.04379e-05
-1.38178e-06
1.14226e-05
-9.84707e-07
1.08468e-05
5.75798e-07
8.46668e-06
2.38016e-06
5.60131e-06
2.86535e-06
3.58579e-06
2.01553e-06
3.04414e-06
5.4165e-07
3.04414e-06
4.18646e-06
-1.37063e-05
7.87137e-07
7.80087e-06
-8.94018e-06
2.12631e-05
-1.91023e-05
2.38883e-05
-2.1456e-05
7.03454e-06
-1.33791e-05
-1.55566e-05
-1.70117e-06
-2.43669e-05
7.36927e-06
-1.89684e-05
1.01401e-05
-5.86383e-06
1.02275e-05
-2.49987e-07
1.05243e-05
-8.55269e-07
1.14651e-05
-2.32261e-06
1.18692e-05
-1.38874e-06
1.10906e-05
1.35437e-06
8.9758e-06
4.49494e-06
6.20258e-06
5.63856e-06
3.81919e-06
4.39894e-06
2.35755e-06
2.00329e-06
5.40169e-06
8.91167e-07
-1.45975e-05
-1.2256e-06
9.91763e-06
-7.29792e-06
2.73354e-05
-1.62706e-05
3.2861e-05
-1.70215e-05
7.78537e-06
-9.56016e-06
-2.30179e-05
2.59754e-07
-3.41868e-05
9.17274e-06
-2.78814e-05
1.23873e-05
-9.07838e-06
1.18345e-05
3.02798e-07
1.17525e-05
-7.73272e-07
1.2267e-05
-2.83704e-06
1.21478e-05
-1.26962e-06
1.10441e-05
2.45808e-06
8.98978e-06
6.54927e-06
6.39721e-06
8.2311e-06
4.01962e-06
6.77652e-06
1.79188e-06
4.23104e-06
7.19356e-06
-1.42116e-07
-1.44553e-05
-7.90184e-07
1.05657e-05
-4.71488e-06
3.12601e-05
-1.27638e-05
4.09099e-05
-1.22472e-05
7.26875e-06
-6.27087e-06
-2.89942e-05
1.44625e-06
-4.19039e-05
9.05824e-06
-3.54934e-05
1.36632e-05
-1.36833e-05
1.35709e-05
3.95063e-07
1.30893e-05
-2.91633e-07
1.31968e-05
-2.94456e-06
1.25721e-05
-6.44874e-07
1.10784e-05
3.95172e-06
8.96343e-06
8.66425e-06
6.57912e-06
1.06154e-05
4.33124e-06
9.02439e-06
1.72211e-06
6.84016e-06
8.91566e-06
7.59185e-09
-1.44629e-05
5.28969e-07
1.00443e-05
-2.36949e-06
3.41585e-05
-9.05017e-06
4.75906e-05
-7.87148e-06
6.09004e-06
-3.18553e-06
-3.36802e-05
3.05506e-06
-4.81445e-05
9.05239e-06
-4.14907e-05
1.30793e-05
-1.77102e-05
1.46988e-05
-1.22443e-06
1.46843e-05
-2.7722e-07
1.43798e-05
-2.64003e-06
1.31332e-05
6.0175e-07
1.11201e-05
5.96489e-06
8.82521e-06
1.09591e-05
6.60795e-06
1.28327e-05
4.7414e-06
1.08909e-05
2.75726e-06
8.8243e-06
1.16729e-05
8.14016e-07
-1.5277e-05
2.37468e-06
8.48367e-06
4.93517e-07
3.60397e-05
-4.58854e-06
5.26726e-05
-3.5688e-06
5.07035e-06
1.40203e-07
-3.73892e-05
5.15065e-06
-5.31549e-05
9.54146e-06
-4.58815e-05
1.16198e-05
-1.97886e-05
1.41362e-05
-3.74089e-06
1.62343e-05
-2.37532e-06
1.61565e-05
-2.56222e-06
1.38331e-05
2.92516e-06
1.10276e-05
8.77038e-06
8.29683e-06
1.36899e-05
5.77489e-06
1.53546e-05
4.72566e-06
1.19402e-05
6.31183e-06
7.23817e-06
1.79848e-05
1.96711e-06
-1.72441e-05
4.62347e-06
5.82731e-06
4.61072e-06
3.60524e-05
1.08986e-06
5.61935e-05
1.26351e-06
4.89673e-06
3.89883e-06
-4.00245e-05
7.59424e-06
-5.68503e-05
1.03856e-05
-4.86729e-05
1.05918e-05
-1.99947e-05
1.27772e-05
-5.92628e-06
1.69588e-05
-6.55693e-06
1.87378e-05
-4.34121e-06
1.50471e-05
6.61586e-06
1.05299e-05
1.32876e-05
6.20101e-06
1.80187e-05
4.14559e-07
2.1141e-05
1.34408e-06
1.10107e-05
7.95001e-06
6.32245e-07
2.59348e-05
3.72538e-06
-2.09695e-05
6.27375e-06
3.27892e-06
8.13664e-06
3.41895e-05
6.82756e-06
5.75026e-05
6.60883e-06
5.11545e-06
8.01209e-06
-4.14278e-05
1.03851e-05
-5.92233e-05
1.18474e-05
-5.01353e-05
1.0385e-05
-1.85323e-05
1.2247e-05
-7.78832e-06
1.65654e-05
-1.08753e-05
2.00941e-05
-7.86985e-06
1.77811e-05
8.92878e-06
8.51489e-06
2.25538e-05
-2.41867e-06
2.89523e-05
-7.44139e-06
2.61638e-05
-2.13357e-06
5.70286e-06
4.82782e-06
-6.32917e-06
3.07625e-05
-1.88717e-07
-7.17875e-06
1.03496e-06
-5.60542e-06
2.95423e-06
-4.9801e-06
5.08462e-06
-4.67137e-06
7.04704e-06
-4.10603e-06
8.41206e-06
-2.65052e-06
8.6992e-06
2.38956e-07
7.40214e-06
4.91799e-06
4.04103e-06
1.1522e-05
-1.71721e-06
1.98152e-05
-9.98579e-06
2.91421e-05
-2.02001e-05
3.76964e-05
-3.17058e-05
4.42939e-05
-4.36916e-05
4.69596e-05
-5.45989e-05
4.19342e-05
-6.13686e-05
2.58706e-05
-6.15912e-05
1.4449e-06
-5.78008e-05
-2.20407e-05
-5.15369e-05
-4.00489e-05
-4.34225e-05
-4.81307e-05
-3.50139e-05
-4.54687e-05
-2.63976e-05
-3.64552e-05
-2.95911e-05
-1.29081e-05
3.8676e-07
-7.56552e-06
1.98066e-06
-7.19931e-06
4.10218e-06
-7.1016e-06
6.42956e-06
-6.99875e-06
8.58098e-06
-6.25745e-06
1.00871e-05
-4.1567e-06
1.04271e-05
-1.00992e-07
8.98733e-06
6.35776e-06
5.21419e-06
1.52951e-05
-1.27975e-06
2.63092e-05
-1.09158e-05
3.87781e-05
-2.2118e-05
4.88985e-05
-3.38677e-05
5.60436e-05
-4.61464e-05
5.92383e-05
-5.80269e-05
5.38147e-05
-6.32704e-05
3.11141e-05
-6.31916e-05
1.36613e-06
-6.11846e-05
-2.40477e-05
-5.71262e-05
-4.41072e-05
-5.06818e-05
-5.45751e-05
-4.29245e-05
-5.3226e-05
-3.54881e-05
-4.38917e-05
-3.84988e-05
-2.65804e-05
8.12401e-07
-8.37793e-06
2.29321e-06
-8.6801e-06
4.19825e-06
-9.00663e-06
6.31164e-06
-9.11215e-06
8.28057e-06
-8.2264e-06
9.64301e-06
-5.51914e-06
9.9547e-06
-4.12676e-07
8.65613e-06
7.65634e-06
4.52882e-06
1.94225e-05
-2.10772e-06
3.29457e-05
-1.24641e-05
4.91345e-05
-2.36363e-05
6.00708e-05
-3.37186e-05
6.61259e-05
-4.39118e-05
6.94315e-05
-5.30841e-05
6.29869e-05
-5.43944e-05
3.24244e-05
-5.52819e-05
2.25367e-06
-5.77476e-05
-2.15821e-05
-5.87149e-05
-4.31399e-05
-5.69937e-05
-5.62964e-05
-5.19191e-05
-5.83006e-05
-4.47242e-05
-5.10866e-05
-4.54934e-05
-3.77296e-05
4.20874e-07
-8.79878e-06
1.22748e-06
-9.48668e-06
2.4286e-06
-1.02077e-05
3.83999e-06
-1.05236e-05
5.09924e-06
-9.48567e-06
5.95113e-06
-6.37104e-06
5.94e-06
-4.01549e-07
4.77542e-06
8.82093e-06
1.35679e-06
2.28411e-05
-4.4796e-06
3.87821e-05
-1.40376e-05
5.86925e-05
-2.38559e-05
6.98891e-05
-3.08405e-05
7.31104e-05
-3.49091e-05
7.35002e-05
-3.53844e-05
6.34621e-05
-3.34421e-05
3.04821e-05
-3.51944e-05
4.00595e-06
-4.48837e-05
-1.18928e-05
-5.4282e-05
-3.37416e-05
-5.97062e-05
-5.08722e-05
-5.93123e-05
-5.86945e-05
-5.354e-05
-5.68588e-05
-5.23989e-05
-4.66346e-05
-1.31895e-06
-7.47982e-06
-1.8486e-06
-8.95703e-06
-1.83416e-06
-1.02222e-05
-1.68479e-06
-1.06729e-05
-1.79869e-06
-9.37177e-06
-2.73456e-06
-5.43515e-06
-4.66086e-06
1.52476e-06
-7.92771e-06
1.20878e-05
-1.06911e-05
2.56045e-05
-1.29952e-05
4.10861e-05
-1.62346e-05
6.19319e-05
-2.01191e-05
7.37734e-05
-2.23844e-05
7.53757e-05
-1.80164e-05
6.91321e-05
-6.59803e-06
5.20438e-05
-3.01176e-06
2.68957e-05
-7.26595e-06
8.26004e-06
-1.75598e-05
-1.59902e-06
-3.67443e-05
-1.4557e-05
-5.72131e-05
-3.04034e-05
-6.15288e-05
-5.43788e-05
-5.73156e-05
-6.10721e-05
-5.95595e-05
-5.0155e-05
-4.34949e-06
-3.13033e-06
-6.51584e-06
-6.79069e-06
-8.10713e-06
-8.63092e-06
-1.02425e-05
-8.53754e-06
-1.34835e-05
-6.1308e-06
-1.91729e-05
2.54248e-07
-2.8898e-05
1.12499e-05
-3.85741e-05
2.17638e-05
-4.37819e-05
3.08123e-05
-4.31064e-05
4.04105e-05
-3.82225e-05
5.7048e-05
-3.44006e-05
6.99516e-05
-3.15694e-05
7.25444e-05
-2.36068e-05
6.11693e-05
-1.24195e-05
4.08564e-05
-4.50267e-06
1.89789e-05
-2.60139e-06
6.35874e-06
-1.47414e-06
-2.7263e-06
-5.61093e-06
-1.04201e-05
-2.59083e-05
-1.01059e-05
-5.67509e-05
-2.35362e-05
-5.70462e-05
-6.07767e-05
-6.50149e-05
-5.15908e-05
-7.80902e-06
4.6787e-06
-1.17892e-05
-2.81054e-06
-1.61784e-05
-4.24174e-06
-2.31233e-05
-1.59263e-06
-3.49876e-05
5.73348e-06
-4.91275e-05
1.43941e-05
-6.14982e-05
2.36206e-05
-7.08232e-05
3.10888e-05
-7.62305e-05
3.62197e-05
-7.83404e-05
4.25204e-05
-7.35588e-05
5.22663e-05
-6.62485e-05
6.26413e-05
-6.17234e-05
6.80192e-05
-5.45401e-05
5.39861e-05
-4.67039e-05
3.30201e-05
-4.23479e-05
1.46229e-05
-3.64405e-05
4.51352e-07
-2.77643e-05
-1.14024e-05
-1.7666e-05
-2.05183e-05
-1.31433e-05
-1.46287e-05
-3.76942e-05
1.01467e-06
-5.40804e-05
-4.43904e-05
-6.3153e-05
-5.59423e-05
-9.96746e-06
1.46461e-05
-1.79403e-05
5.1623e-06
-3.15416e-05
9.35955e-06
-5.321e-05
2.00758e-05
-6.99476e-05
2.24711e-05
-7.93039e-05
2.37504e-05
-8.54627e-05
2.97794e-05
-9.11113e-05
3.67374e-05
-9.60978e-05
4.12061e-05
-9.84419e-05
4.48645e-05
-9.68069e-05
5.06314e-05
-9.13445e-05
5.71788e-05
-8.28371e-05
5.95119e-05
-7.47004e-05
4.58494e-05
-6.8334e-05
2.66537e-05
-6.34013e-05
9.69012e-06
-5.76029e-05
-5.34694e-06
-5.0748e-05
-1.82573e-05
-4.51923e-05
-2.6074e-05
-4.22292e-05
-1.75918e-05
-4.53571e-05
4.1426e-06
-5.50272e-05
-3.47205e-05
-6.68589e-05
-5.13215e-05
-2.04264e-05
3.50723e-05
-4.55089e-05
3.02449e-05
-7.71103e-05
4.0961e-05
-9.15115e-05
3.4477e-05
-9.38399e-05
2.47995e-05
-9.478e-05
2.46904e-05
-9.66144e-05
3.16138e-05
-0.000100414
4.05374e-05
-0.000105152
4.59443e-05
-0.000106344
4.60562e-05
-0.000104109
4.83963e-05
-9.83755e-05
5.14453e-05
-8.85902e-05
4.97266e-05
-7.96814e-05
3.69406e-05
-7.25886e-05
1.95609e-05
-6.6897e-05
3.99854e-06
-6.19995e-05
-1.02444e-05
-5.88049e-05
-2.14519e-05
-5.77409e-05
-2.7138e-05
-5.90818e-05
-1.62508e-05
-5.22203e-05
-2.71878e-06
-5.12982e-05
-3.56423e-05
-6.84392e-05
-4.97179e-05
-3.65636e-05
7.1636e-05
-7.42217e-05
6.79035e-05
-9.17484e-05
5.84876e-05
-9.62609e-05
3.89894e-05
-9.6243e-05
2.47815e-05
-9.62583e-05
2.47057e-05
-9.8832e-05
3.41875e-05
-0.000104114
4.58198e-05
-0.000108304
5.01338e-05
-0.000108776
4.65283e-05
-0.000105128
4.47485e-05
-9.71015e-05
4.34184e-05
-8.56765e-05
3.83015e-05
-7.46747e-05
2.59389e-05
-6.50886e-05
9.97475e-06
-5.69417e-05
-4.14843e-06
-5.36612e-05
-1.35249e-05
-5.67409e-05
-1.83721e-05
-6.36632e-05
-2.02158e-05
-6.41343e-05
-1.57797e-05
-4.9873e-05
-1.69803e-05
-4.50607e-05
-4.04547e-05
-6.7655e-05
-4.5845e-05
-3.54016e-05
0.000107038
-6.37467e-05
9.62492e-05
-7.66481e-05
7.1389e-05
-8.12787e-05
4.36202e-05
-8.68141e-05
3.03168e-05
-9.69518e-05
3.48435e-05
-0.000102458
3.96935e-05
-0.00010459
4.7952e-05
-0.000105623
5.11666e-05
-0.000105727
4.66321e-05
-0.000101902
4.09243e-05
-9.30221e-05
3.45382e-05
-8.13617e-05
2.66412e-05
-7.22961e-05
1.68734e-05
-7.03417e-05
8.02027e-06
-6.97854e-05
-4.70467e-06
-6.99752e-05
-1.33351e-05
-6.98362e-05
-1.85111e-05
-6.84743e-05
-2.15776e-05
-6.09933e-05
-2.32607e-05
-4.83627e-05
-2.96111e-05
-4.11221e-05
-4.76953e-05
-6.60207e-05
-4.27562e-05
-2.03567e-05
0.000127394
-3.64863e-05
0.000112379
-4.71896e-05
8.20922e-05
-5.72714e-05
5.37019e-05
-6.88126e-05
4.18579e-05
-7.73373e-05
4.33682e-05
-8.37825e-05
4.61385e-05
-8.61136e-05
5.02829e-05
-8.63722e-05
5.14254e-05
-8.64914e-05
4.67514e-05
-8.4781e-05
3.92139e-05
-8.07258e-05
3.04831e-05
-7.55406e-05
2.1456e-05
-7.11963e-05
1.25292e-05
-6.70952e-05
3.91931e-06
-6.60489e-05
-5.75122e-06
-6.53335e-05
-1.40505e-05
-6.36964e-05
-2.01482e-05
-6.0179e-05
-2.5095e-05
-5.33345e-05
-3.01052e-05
-4.4892e-05
-3.80533e-05
-4.11637e-05
-5.14236e-05
-6.5109e-05
-4.20754e-05
-3.71152e-06
0.000131106
-8.26313e-06
0.00011693
-1.70694e-05
9.08985e-05
-3.00589e-05
6.66913e-05
-4.31809e-05
5.49799e-05
-5.21705e-05
5.23577e-05
-5.79005e-05
5.18686e-05
-6.0116e-05
5.24984e-05
-6.00296e-05
5.13391e-05
-5.9564e-05
4.62861e-05
-5.8689e-05
3.83389e-05
-5.71782e-05
2.89723e-05
-5.51807e-05
1.94584e-05
-5.30591e-05
1.04074e-05
-5.09033e-05
1.76357e-06
-4.96187e-05
-7.03561e-06
-4.8616e-05
-1.50534e-05
-4.69317e-05
-2.18326e-05
-4.4055e-05
-2.79717e-05
-3.97608e-05
-3.43993e-05
-3.53462e-05
-4.24677e-05
-3.38013e-05
-5.29684e-05
-6.38237e-05
-3.50862e-05
5.70838e-06
0.000125397
7.00383e-06
0.000115635
2.04227e-06
9.58599e-05
-8.32835e-06
7.70614e-05
-1.89631e-05
6.56148e-05
-2.65372e-05
5.99321e-05
-3.13097e-05
5.66409e-05
-3.31358e-05
5.43246e-05
-3.28489e-05
5.10526e-05
-3.19278e-05
4.53651e-05
-3.10457e-05
3.74569e-05
-3.03156e-05
2.82422e-05
-2.95939e-05
1.87369e-05
-2.87335e-05
9.54725e-06
-2.77745e-05
8.04649e-07
-2.7124e-05
-7.68584e-06
-2.66188e-05
-1.55583e-05
-2.57839e-05
-2.26672e-05
-2.44043e-05
-2.93514e-05
-2.26383e-05
-3.61654e-05
-2.13428e-05
-4.37631e-05
-2.18698e-05
-5.24416e-05
-6.13732e-05
-2.43205e-05
9.71421e-06
0.000115683
1.37547e-05
0.000111594
1.28466e-05
9.67678e-05
7.28103e-06
8.26269e-05
7.96618e-07
7.20994e-05
-4.27856e-06
6.50073e-05
-7.41768e-06
5.97798e-05
-8.43235e-06
5.53395e-05
-7.82214e-06
5.04426e-05
-6.58037e-06
4.41234e-05
-5.42799e-06
3.63047e-05
-4.65759e-06
2.74722e-05
-4.2125e-06
1.82921e-05
-3.93256e-06
9.26756e-06
-3.7504e-06
6.22505e-07
-3.81239e-06
-7.62372e-06
-4.0525e-06
-1.5318e-05
-4.28172e-06
-2.24378e-05
-4.44966e-06
-2.91832e-05
-4.75193e-06
-3.58629e-05
-5.71612e-06
-4.27986e-05
-8.02333e-06
-5.01343e-05
-5.76041e-05
-1.17923e-05
1.10705e-05
0.000104612
1.6678e-05
0.000105986
1.87894e-05
9.46562e-05
1.76868e-05
8.37294e-05
1.52765e-05
7.45098e-05
1.3174e-05
6.71096e-05
1.20724e-05
6.08816e-05
1.22336e-05
5.51788e-05
1.34171e-05
4.92594e-05
1.50149e-05
4.25257e-05
1.64727e-05
3.4847e-05
1.74789e-05
2.64663e-05
1.79788e-05
1.77924e-05
1.80537e-05
9.19274e-06
1.77804e-05
8.956e-07
1.71477e-05
-6.99103e-06
1.62068e-05
-1.43771e-05
1.50332e-05
-2.12643e-05
1.36152e-05
-2.77651e-05
1.17982e-05
-3.40461e-05
9.26868e-06
-4.02691e-05
5.65893e-06
-4.65246e-05
-5.27772e-05
8.31955e-07
1.15353e-05
9.30764e-05
1.81241e-05
9.93968e-05
2.21854e-05
9.05945e-05
2.41828e-05
8.17321e-05
2.50065e-05
7.36863e-05
2.5589e-05
6.6527e-05
2.64756e-05
5.99954e-05
2.79084e-05
5.37465e-05
2.97985e-05
4.73696e-05
3.18007e-05
4.05239e-05
3.35419e-05
3.31064e-05
3.47685e-05
2.52399e-05
3.53887e-05
1.71722e-05
3.54237e-05
9.15762e-06
3.49298e-05
1.38928e-06
3.39453e-05
-6.00634e-06
3.25206e-05
-1.29523e-05
3.06966e-05
-1.94403e-05
2.84548e-05
-2.55234e-05
2.56918e-05
-3.1283e-05
2.22215e-05
-3.67988e-05
1.78289e-05
-4.21321e-05
-4.7327e-05
1.23786e-05
1.14793e-05
8.15971e-05
1.88053e-05
9.20706e-05
2.40416e-05
8.53576e-05
2.79276e-05
7.78463e-05
3.09199e-05
7.06941e-05
3.34847e-05
6.39621e-05
3.59461e-05
5.75344e-05
3.84637e-05
5.12288e-05
4.10065e-05
4.48265e-05
4.33855e-05
3.81448e-05
4.53688e-05
3.11232e-05
4.67774e-05
2.38315e-05
4.75266e-05
1.64232e-05
4.76124e-05
9.07193e-06
4.70731e-05
1.92858e-06
4.59566e-05
-4.8899e-06
4.4313e-05
-1.13087e-05
4.2176e-05
-1.73033e-05
3.95376e-05
-2.28852e-05
3.63365e-05
-2.8082e-05
3.24617e-05
-3.29241e-05
2.77767e-05
-3.74472e-05
-4.17087e-05
2.21584e-05
1.08405e-05
7.07565e-05
1.87219e-05
8.41892e-05
2.47099e-05
7.93696e-05
2.96687e-05
7.28875e-05
3.39269e-05
6.64357e-05
3.77182e-05
6.01711e-05
4.12044e-05
5.40484e-05
4.44648e-05
4.79682e-05
4.74786e-05
4.18126e-05
5.01377e-05
3.54859e-05
5.23025e-05
2.89586e-05
5.38573e-05
2.22768e-05
5.47403e-05
1.55402e-05
5.49428e-05
8.86918e-06
5.44925e-05
2.37882e-06
5.34334e-05
-3.8309e-06
5.18117e-05
-9.68713e-06
4.96594e-05
-1.51512e-05
4.69799e-05
-2.02057e-05
4.37403e-05
-2.48425e-05
3.98742e-05
-2.9058e-05
3.529e-05
-3.28629e-05
-3.63021e-05
2.98836e-05
9.62503e-06
6.11313e-05
1.78046e-05
7.60092e-05
2.43112e-05
7.28632e-05
2.9872e-05
6.73267e-05
3.47892e-05
6.15183e-05
3.92163e-05
5.57442e-05
4.32399e-05
5.00245e-05
4.68953e-05
4.43128e-05
5.01624e-05
3.85455e-05
5.29756e-05
3.26727e-05
5.52512e-05
2.66829e-05
5.69181e-05
2.06099e-05
5.79363e-05
1.45222e-05
5.82997e-05
8.5057e-06
5.80291e-05
2.64929e-06
5.71609e-05
-2.96275e-06
5.57343e-05
-8.26059e-06
5.37788e-05
-1.31957e-05
5.13043e-05
-1.77311e-05
4.82961e-05
-2.18341e-05
4.47148e-05
-2.54765e-05
4.0499e-05
-2.8647e-05
-3.13697e-05
3.55667e-05
8.10989e-06
5.30213e-05
1.62414e-05
6.78773e-05
2.30468e-05
6.60578e-05
2.89252e-05
6.14481e-05
3.41386e-05
5.63048e-05
3.88225e-05
5.10601e-05
4.30458e-05
4.58011e-05
4.68333e-05
4.05253e-05
5.01737e-05
3.52052e-05
5.30287e-05
2.98177e-05
5.53492e-05
2.43623e-05
5.70928e-05
1.88662e-05
5.82355e-05
1.33797e-05
5.87743e-05
7.96706e-06
5.87245e-05
2.69906e-06
5.81142e-05
-2.3523e-06
5.69745e-05
-7.12087e-06
5.53311e-05
-1.15521e-05
5.31964e-05
-1.55962e-05
5.05668e-05
-1.92043e-05
4.7421e-05
-2.23307e-05
4.37201e-05
-2.49461e-05
-2.70548e-05
3.94051e-05
6.66058e-06
4.63606e-05
1.44074e-05
6.01302e-05
2.12468e-05
5.92183e-05
2.72205e-05
5.54746e-05
3.25068e-05
5.10185e-05
3.72274e-05
4.63394e-05
4.1452e-05
4.15766e-05
4.52121e-05
3.67655e-05
4.85101e-05
3.19073e-05
5.1329e-05
2.69988e-05
5.36428e-05
2.20484e-05
5.5428e-05
1.7081e-05
5.66709e-05
1.21368e-05
5.73709e-05
7.26719e-06
5.75391e-05
2.53085e-06
5.71962e-05
-2.00926e-06
5.63661e-05
-6.29077e-06
5.50701e-05
-1.0256e-05
5.33214e-05
-1.38475e-05
5.11233e-05
-1.7006e-05
4.84672e-05
-1.96746e-05
4.5332e-05
-2.18109e-05
-2.34033e-05
4.16806e-05
5.49939e-06
4.08608e-05
1.26356e-05
5.2994e-05
1.92481e-05
5.26056e-05
2.51166e-05
4.96061e-05
3.03185e-05
4.58165e-05
3.49461e-05
4.17116e-05
3.90656e-05
3.74573e-05
4.2715e-05
3.31162e-05
4.59092e-05
2.87129e-05
4.86472e-05
2.42607e-05
5.0919e-05
1.97766e-05
5.27138e-05
1.52862e-05
5.40253e-05
1.08252e-05
5.48546e-05
6.43778e-06
5.52106e-05
2.17492e-06
5.51081e-05
-1.90679e-06
5.4566e-05
-5.74857e-06
5.36016e-05
-9.2916e-06
5.22284e-05
-1.24743e-05
5.04541e-05
-1.52316e-05
4.82795e-05
-1.74999e-05
4.56975e-05
-1.92288e-05
-2.03956e-05
4.269e-05
4.6514e-06
3.62091e-05
1.10857e-05
4.65594e-05
1.72787e-05
4.64128e-05
2.28786e-05
4.40061e-05
2.78774e-05
4.08172e-05
3.23286e-05
3.72602e-05
3.62845e-05
3.35013e-05
3.97826e-05
2.96179e-05
4.28443e-05
2.56508e-05
4.54784e-05
2.16264e-05
4.76856e-05
1.75693e-05
4.94637e-05
1.3508e-05
5.08122e-05
9.47669e-06
5.1734e-05
5.51593e-06
5.22369e-05
1.67219e-06
5.23326e-05
-2.00235e-06
5.20361e-05
-5.45199e-06
5.13626e-05
-8.61799e-06
5.03255e-05
-1.1437e-05
4.89357e-05
-1.38416e-05
4.7201e-05
-1.5765e-05
4.51251e-05
-1.71527e-05
-1.79752e-05
4.27049e-05
4.03263e-06
3.21766e-05
9.77072e-06
4.08211e-05
1.54416e-05
4.07425e-05
2.06643e-05
3.87832e-05
2.53766e-05
3.61048e-05
2.95946e-05
3.30423e-05
3.3351e-05
2.97449e-05
3.66758e-05
2.62929e-05
3.95907e-05
2.27357e-05
4.21087e-05
1.91083e-05
4.42366e-05
1.54416e-05
4.59778e-05
1.17667e-05
4.73359e-05
8.11851e-06
4.8316e-05
4.53585e-06
4.89256e-05
1.06268e-06
4.91751e-05
-2.25178e-06
4.90776e-05
-5.35435e-06
4.86467e-05
-8.18705e-06
4.78964e-05
-1.06865e-05
4.68398e-05
-1.27849e-05
4.54901e-05
-1.44152e-05
4.38589e-05
-1.55214e-05
-1.60709e-05
4.19546e-05
3.55114e-06
2.86255e-05
8.64351e-06
3.5729e-05
1.3763e-05
3.56233e-05
1.85546e-05
3.39916e-05
2.29298e-05
3.17298e-05
2.68766e-05
2.90959e-05
3.04082e-05
2.62134e-05
3.35441e-05
2.3157e-05
3.6302e-05
1.99779e-05
3.86949e-05
1.67155e-05
4.0732e-05
1.34044e-05
4.24201e-05
1.00784e-05
4.37656e-05
6.77292e-06
4.47751e-05
3.52631e-06
4.54566e-05
3.81093e-07
4.58204e-05
-2.61549e-06
4.58783e-05
-5.41227e-06
4.56437e-05
-7.9525e-06
4.51309e-05
-1.01738e-05
4.43554e-05
-1.20094e-05
4.33339e-05
-1.33937e-05
4.20838e-05
-1.42714e-05
-1.4609e-05
4.06219e-05
3.1516e-06
2.54737e-05
7.66014e-06
3.12209e-05
1.22426e-05
3.10407e-05
1.65887e-05
2.96456e-05
2.0602e-05
2.77166e-05
2.42536e-05
2.54445e-05
2.75415e-05
2.29256e-05
3.04747e-05
2.02239e-05
3.30649e-05
1.73877e-05
3.53233e-05
1.44572e-05
3.7259e-05
1.14687e-05
3.88802e-05
8.45711e-06
4.01945e-05
5.45856e-06
4.12095e-05
2.5112e-06
4.19341e-05
-3.4368e-07
4.23784e-05
-3.05983e-06
4.25542e-05
-5.58817e-06
4.24748e-05
-7.87321e-06
4.21553e-05
-9.85422e-06
4.16125e-05
-1.14667e-05
4.0866e-05
-1.26472e-05
3.99373e-05
-1.33427e-05
-1.35205e-05
3.88487e-05
2.81196e-06
2.26617e-05
6.7977e-06
2.72356e-05
1.08771e-05
2.69612e-05
1.47854e-05
2.57373e-05
1.84296e-05
2.40726e-05
2.17723e-05
2.21018e-05
2.4802e-05
1.98958e-05
2.75196e-05
1.75062e-05
2.99312e-05
1.4976e-05
3.20448e-05
1.23436e-05
3.38683e-05
9.64508e-06
3.54096e-05
6.91573e-06
3.66765e-05
4.19155e-06
3.76773e-05
1.51033e-06
3.84207e-05
-1.08718e-06
3.89176e-05
-3.55678e-06
3.91795e-05
-5.85019e-06
3.92201e-05
-7.91383e-06
3.90548e-05
-9.68901e-06
3.8702e-05
-1.11138e-05
3.81829e-05
-1.21281e-05
3.75215e-05
-1.26814e-05
-1.27427e-05
3.67437e-05
2.52513e-06
2.01369e-05
6.04626e-06
2.37146e-05
9.66213e-06
2.33454e-05
1.31509e-05
2.22485e-05
1.64286e-05
2.0795e-05
1.94566e-05
1.90738e-05
2.22186e-05
1.71338e-05
2.471e-05
1.50147e-05
2.69326e-05
1.27532e-05
2.88913e-05
1.03849e-05
3.05919e-05
7.94435e-06
3.20414e-05
5.4663e-06
3.32468e-05
2.98613e-06
3.42161e-05
5.40935e-07
3.49583e-05
-1.82951e-06
3.54841e-05
-4.08257e-06
3.58052e-05
-6.17137e-06
3.59354e-05
-8.04411e-06
3.58908e-05
-9.64445e-06
3.56904e-05
-1.09134e-05
3.53564e-05
-1.17941e-05
3.49144e-05
-1.22394e-05
-1.22204e-05
3.4392e-05
2.28543e-06
1.78518e-05
5.39634e-06
2.06039e-05
8.58793e-06
2.01539e-05
1.16796e-05
1.9157e-05
1.46001e-05
1.78746e-05
1.7314e-05
1.636e-05
1.98038e-05
1.4644e-05
2.20623e-05
1.27561e-05
2.40882e-05
1.07272e-05
2.58836e-05
8.5894e-06
2.74523e-05
6.37563e-06
2.87993e-05
4.11927e-06
2.99308e-05
1.85462e-06
3.0854e-05
-3.82325e-07
3.15776e-05
-2.55323e-06
3.21121e-05
-4.61708e-06
3.24692e-05
-6.52859e-06
3.2663e-05
-8.23792e-06
3.27097e-05
-9.69118e-06
3.26287e-05
-1.08324e-05
3.24428e-05
-1.16082e-05
3.21779e-05
-1.19745e-05
-1.1905e-05
3.18625e-05
2.08373e-06
1.57682e-05
4.83276e-06
1.78551e-05
7.63728e-06
1.73495e-05
1.03565e-05
1.64379e-05
1.2934e-05
1.52974e-05
1.53401e-05
1.3954e-05
1.75591e-05
1.24251e-05
1.95829e-05
1.07323e-05
2.14084e-05
8.90169e-06
2.30353e-05
6.96244e-06
2.44654e-05
4.94554e-06
2.57018e-05
2.88288e-06
2.67491e-05
8.07211e-07
2.76137e-05
-1.24698e-06
2.83037e-05
-3.24342e-06
2.88294e-05
-5.14282e-06
2.92025e-05
-6.90173e-06
2.94369e-05
-8.47238e-06
2.9549e-05
-9.80337e-06
2.95584e-05
-1.08418e-05
2.94877e-05
-1.15375e-05
2.93627e-05
-1.18495e-05
-1.17541e-05
2.92118e-05
1.90818e-06
1.38603e-05
4.33579e-06
1.54277e-05
6.78785e-06
1.48977e-05
9.1607e-06
1.40653e-05
1.14134e-05
1.30448e-05
1.35239e-05
1.18437e-05
1.54791e-05
1.047e-05
1.72717e-05
8.93985e-06
1.88976e-05
7.27588e-06
2.03548e-05
5.50524e-06
2.1643e-05
3.6574e-06
2.27632e-05
1.76266e-06
2.37184e-05
-1.48118e-07
2.45139e-05
-2.0427e-06
2.51576e-05
-3.88726e-06
2.56592e-05
-5.64451e-06
2.60304e-05
-7.273e-06
2.62851e-05
-8.72713e-06
2.64396e-05
-9.95799e-06
2.65134e-05
-1.09156e-05
2.65287e-05
-1.15528e-05
2.65108e-05
-1.18316e-05
-1.17308e-05
2.64874e-05
1.74715e-06
1.21134e-05
3.88561e-06
1.32894e-05
6.01701e-06
1.27665e-05
8.07074e-06
1.20117e-05
1.00206e-05
1.1095e-05
1.1852e-05
1.00124e-05
1.35556e-05
8.76652e-06
1.51254e-05
7.37021e-06
1.6557e-05
5.84432e-06
1.78472e-05
4.21505e-06
1.89933e-05
2.51118e-06
1.99944e-05
7.61469e-07
2.08518e-05
-1.00561e-06
2.157e-05
-2.76102e-06
2.21563e-05
-4.47369e-06
2.26203e-05
-6.10863e-06
2.29738e-05
-7.62654e-06
2.32305e-05
-8.98396e-06
2.34068e-05
-1.01343e-05
2.35216e-05
-1.10304e-05
2.35966e-05
-1.16279e-05
2.36565e-05
-1.18916e-05
-1.18021e-05
2.37277e-05
1.59184e-06
1.05216e-05
3.46643e-06
1.14148e-05
5.3066e-06
1.09264e-05
7.06929e-06
1.02489e-05
8.74077e-06
9.42344e-06
1.03131e-05
8.44001e-06
1.17808e-05
7.29879e-06
1.31397e-05
6.01127e-06
1.4386e-05
4.59801e-06
1.55152e-05
3.08583e-06
1.65221e-05
1.5041e-06
1.74034e-05
-1.19888e-07
1.81588e-05
-1.76117e-06
1.87925e-05
-3.39482e-06
1.93117e-05
-4.99295e-06
1.97262e-05
-6.52316e-06
2.00478e-05
-7.94821e-06
2.02904e-05
-9.22658e-06
2.04698e-05
-1.03139e-05
2.06046e-05
-1.11653e-05
2.07159e-05
-1.17392e-05
2.0827e-05
-1.20028e-05
-1.19387e-05
2.09635e-05
1.43747e-06
9.08398e-06
3.06922e-06
9.78313e-06
4.64629e-06
9.34919e-06
6.14641e-06
8.74867e-06
7.56512e-06
8.0046e-06
8.90002e-06
7.10501e-06
1.01494e-05
6.04934e-06
1.13116e-05
4.84905e-06
1.23836e-05
3.52593e-06
1.33599e-05
2.10942e-06
1.42323e-05
6.31677e-07
1.4994e-05
-8.8165e-07
1.5644e-05
-2.41127e-06
1.61866e-05
-3.9375e-06
1.66297e-05
-5.43618e-06
1.69839e-05
-6.87738e-06
1.72612e-05
-8.22559e-06
1.74754e-05
-9.44081e-06
1.76418e-05
-1.04804e-05
1.77782e-05
-1.13018e-05
1.79046e-05
-1.18657e-05
1.80433e-05
-1.21416e-05
-1.21138e-05
1.82182e-05
1.28407e-06
7.79984e-06
2.69344e-06
8.37383e-06
4.03553e-06
8.00691e-06
5.30147e-06
7.48265e-06
6.49284e-06
6.81316e-06
7.61164e-06
5.98612e-06
8.65992e-06
5.00097e-06
9.63916e-06
3.86974e-06
1.05483e-05
2.61673e-06
1.13808e-05
1.27688e-06
1.21232e-05
-1.10716e-07
1.27649e-05
-1.52333e-06
1.33049e-05
-2.95136e-06
1.37494e-05
-4.38204e-06
1.4108e-05
-5.79499e-06
1.43926e-05
-7.16203e-06
1.46154e-05
-8.44847e-06
1.47896e-05
-9.61514e-06
1.49298e-05
-1.06207e-05
1.50523e-05
-1.14243e-05
1.51756e-05
-1.19892e-05
1.53208e-05
-1.22869e-05
-1.2303e-05
1.55099e-05
1.13752e-06
6.66243e-06
2.34838e-06
7.16296e-06
3.48444e-06
6.87079e-06
4.54369e-06
6.42342e-06
5.53138e-06
5.82544e-06
6.45315e-06
5.06424e-06
7.315e-06
4.139e-06
8.12257e-06
3.06208e-06
8.87815e-06
1.86115e-06
9.57464e-06
5.80436e-07
1.01896e-05
-7.25624e-07
1.07073e-05
-2.04106e-06
1.11299e-05
-3.37404e-06
1.14679e-05
-4.72023e-06
1.17345e-05
-6.06171e-06
1.19424e-05
-7.37007e-06
1.21037e-05
-8.6099e-06
1.22303e-05
-9.74189e-06
1.23349e-05
-1.07255e-05
1.24319e-05
-1.15215e-05
1.25378e-05
-1.20953e-05
1.26716e-05
-1.24208e-05
-1.24849e-05
1.28534e-05
1.01127e-06
5.65129e-06
2.05417e-06
6.11997e-06
3.01382e-06
5.91117e-06
3.89165e-06
5.54559e-06
4.69597e-06
5.02101e-06
5.43578e-06
4.32426e-06
6.12098e-06
3.45364e-06
6.7625e-06
2.42048e-06
7.36843e-06
1.25524e-06
7.93289e-06
1.60345e-08
8.4172e-06
-1.20989e-06
8.80012e-06
-2.42402e-06
9.09342e-06
-3.66745e-06
9.31623e-06
-4.9432e-06
9.48546e-06
-6.23111e-06
9.61401e-06
-7.49877e-06
9.71204e-06
-8.70807e-06
9.78872e-06
-9.81871e-06
9.85382e-06
-1.07907e-05
9.91885e-06
-1.15867e-05
9.9977e-06
-1.21743e-05
1.01067e-05
-1.25299e-05
-1.26417e-05
1.02634e-05
9.29978e-07
4.72132e-06
1.84351e-06
5.20631e-06
2.65432e-06
5.10036e-06
3.37113e-06
4.82866e-06
4.00749e-06
4.38445e-06
4.57525e-06
3.75627e-06
5.0867e-06
2.94202e-06
5.55809e-06
1.94905e-06
6.00743e-06
8.05948e-07
6.43683e-06
-4.13303e-07
6.77594e-06
-1.54898e-06
7.00224e-06
-2.65037e-06
7.15077e-06
-3.81607e-06
7.2527e-06
-5.04524e-06
7.32622e-06
-6.30475e-06
7.38065e-06
-7.55331e-06
7.42131e-06
-8.74886e-06
7.4528e-06
-9.85034e-06
7.48087e-06
-1.0819e-05
7.51352e-06
-1.16195e-05
7.56137e-06
-1.22223e-05
7.63757e-06
-1.26062e-05
-1.27609e-05
7.75672e-06
9.38309e-07
3.78289e-06
1.76117e-06
4.38336e-06
2.4402e-06
4.42122e-06
3.00776e-06
4.26092e-06
3.48696e-06
3.90502e-06
3.88928e-06
3.35377e-06
4.22353e-06
2.60769e-06
4.50614e-06
1.66647e-06
4.76925e-06
5.42914e-07
5.04688e-06
-6.90864e-07
5.20535e-06
-1.70743e-06
5.23991e-06
-2.68496e-06
5.23303e-06
-3.80924e-06
5.22194e-06
-5.03421e-06
5.21564e-06
-6.29852e-06
5.21316e-06
-7.55091e-06
5.21186e-06
-8.74768e-06
5.21062e-06
-9.84923e-06
5.21089e-06
-1.08194e-05
5.21709e-06
-1.16258e-05
5.23638e-06
-1.22417e-05
5.27839e-06
-1.26482e-05
-1.28368e-05
5.35441e-06
1.10866e-06
2.67412e-06
1.84859e-06
3.64339e-06
2.38439e-06
3.88529e-06
2.80857e-06
3.83655e-06
3.14667e-06
3.56678e-06
3.39901e-06
3.10135e-06
3.55933e-06
2.44739e-06
3.62659e-06
1.5993e-06
3.63025e-06
5.39351e-07
3.67856e-06
-7.39116e-07
3.57915e-06
-1.60802e-06
3.38781e-06
-2.49365e-06
3.24983e-06
-3.67131e-06
3.16662e-06
-4.95104e-06
3.11867e-06
-6.25063e-06
3.09016e-06
-7.52246e-06
3.07084e-06
-8.72843e-06
3.05537e-06
-9.83386e-06
3.04237e-06
-1.08065e-05
3.03354e-06
-1.1617e-05
3.03296e-06
-1.22411e-05
3.04636e-06
-1.26615e-05
-1.28702e-05
3.07988e-06
1.29555e-06
1.95577e-06
2.39e-06
2.72628e-06
2.9803e-06
3.13808e-06
3.1747e-06
3.05124e-06
2.70749e-06
2.14497e-06
1.57254e-06
1.27534e-06
1.13527e-06
1.0679e-06
1.03416e-06
1.0157e-06
1.00331e-06
9.92802e-07
9.82818e-07
9.73709e-07
9.66902e-07
9.6437e-07
9.67429e-07
-1.48411e-06
-1.1424e-05
7.67352e-06
-9.15762e-06
1.43208e-05
-6.64727e-06
-5.08131e-06
1.94021e-05
-2.1865e-05
-1.61394e-05
-1.71934e-05
-1.38293e-05
-1.2654e-05
-1.11866e-05
-9.08003e-06
-8.65526e-06
-3.48015e-05
-1.90675e-05
-3.19562e-05
-1.66745e-05
-2.90621e-05
-1.40807e-05
-1.22088e-05
-2.59333e-05
-4.36036e-05
-2.20985e-05
-4.06318e-05
-1.96463e-05
-3.74924e-05
-1.72201e-05
-1.60688e-05
-3.36325e-05
-4.62965e-05
-2.5957e-05
-4.19868e-05
-2.3956e-05
-3.72456e-05
-2.19613e-05
-2.08247e-05
-3.24897e-05
-4.82265e-05
-2.93213e-05
-4.41854e-05
-2.79972e-05
-3.96806e-05
-2.6466e-05
-2.56196e-05
-3.48857e-05
-5.3264e-05
-3.19995e-05
-4.97292e-05
-3.15319e-05
-4.53462e-05
-3.0849e-05
-3.09534e-05
-4.00125e-05
-4.91591e-05
-3.4162e-05
-4.51081e-05
-3.55829e-05
-4.10042e-05
-3.4953e-05
-3.37074e-05
-3.82502e-05
-4.79983e-05
-3.58816e-05
-4.66961e-05
-3.68852e-05
-4.48098e-05
-3.68394e-05
-3.72289e-05
-4.12879e-05
-4.52934e-05
-3.64333e-05
-4.55568e-05
-3.66217e-05
-4.48342e-05
-3.7562e-05
-3.84408e-05
-4.36222e-05
-4.44578e-05
-3.47316e-05
-4.47136e-05
-3.63656e-05
-4.47517e-05
-3.75238e-05
-3.85313e-05
-4.4661e-05
-4.2557e-05
-3.425e-05
-4.29683e-05
-3.59543e-05
-4.32568e-05
-3.72352e-05
-3.81965e-05
-4.35917e-05
-3.59237e-05
-3.34122e-05
-3.68062e-05
-3.50717e-05
-3.77473e-05
-3.6294e-05
-3.70844e-05
-3.88594e-05
-2.5823e-05
-3.19099e-05
-2.74606e-05
-3.34344e-05
-2.92338e-05
-3.45206e-05
-3.51403e-05
-3.11779e-05
-1.39605e-05
-2.97417e-05
-1.63191e-05
-3.1076e-05
-1.88375e-05
-3.20021e-05
-3.24776e-05
-2.15002e-05
-1.84352e-06
-2.70662e-05
-4.72894e-06
-2.81906e-05
-7.77756e-06
-2.89535e-05
-2.9309e-05
-1.09462e-05
9.42293e-06
-2.41106e-05
6.25682e-06
-2.50244e-05
2.93242e-06
-2.56292e-05
-2.58826e-05
-4.93985e-07
1.91499e-05
-2.1102e-05
1.5941e-05
-2.18155e-05
1.25818e-05
-2.227e-05
-2.24312e-05
9.13029e-06
2.70099e-05
-1.82282e-05
2.39523e-05
-1.87579e-05
2.0754e-05
-1.90717e-05
-1.91454e-05
1.74682e-05
3.29565e-05
-1.56181e-05
3.01836e-05
-1.59848e-05
2.72829e-05
-1.6171e-05
-1.61616e-05
2.4299e-05
3.71284e-05
-1.33414e-05
3.47126e-05
-1.3569e-05
3.21853e-05
-1.36437e-05
-1.35581e-05
2.95818e-05
3.97593e-05
-1.142e-05
3.77235e-05
-1.15331e-05
3.55943e-05
-1.15144e-05
-1.13625e-05
3.33988e-05
4.1113e-05
-9.84283e-06
3.94449e-05
-9.86493e-06
3.77021e-05
-9.77146e-06
-9.56503e-06
3.59046e-05
4.14419e-05
-8.57974e-06
4.01088e-05
-8.53174e-06
3.87183e-05
-8.38092e-06
-8.13226e-06
3.72855e-05
4.09663e-05
-7.59147e-06
3.99259e-05
-7.49131e-06
3.88435e-05
-7.29856e-06
-7.01932e-06
3.77305e-05
3.98672e-05
-6.83677e-06
3.90754e-05
-6.69948e-06
3.82547e-05
-6.47789e-06
-6.17839e-06
3.74137e-05
3.82886e-05
-6.27676e-06
3.77039e-05
-6.11473e-06
3.71011e-05
-5.87511e-06
-5.56409e-06
3.64868e-05
3.63439e-05
-5.87704e-06
3.59296e-05
-5.70038e-06
3.55059e-05
-5.45146e-06
-5.13605e-06
3.50778e-05
3.41233e-05
-5.60831e-06
3.38481e-05
-5.42513e-06
3.35704e-05
-5.17384e-06
-4.85975e-06
3.32941e-05
3.17002e-05
-5.44599e-06
3.15377e-05
-5.2627e-06
3.13784e-05
-5.01446e-06
-4.70616e-06
3.12248e-05
2.91352e-05
-5.36936e-06
2.90634e-05
-5.19094e-06
2.8999e-05
-4.94997e-06
-4.65091e-06
2.89437e-05
2.64785e-05
-5.36054e-06
2.64784e-05
-5.19083e-06
2.64888e-05
-4.96041e-06
-4.67327e-06
2.65111e-05
2.37707e-05
-5.40353e-06
2.38253e-05
-5.2455e-06
2.3893e-05
-5.0282e-06
-4.75511e-06
2.39748e-05
2.10435e-05
-5.48361e-06
2.11375e-05
-5.33952e-06
2.12466e-05
-5.13735e-06
-4.88004e-06
2.13715e-05
1.83214e-05
-5.58689e-06
1.84403e-05
-5.45838e-06
1.85758e-05
-5.27289e-06
-5.03279e-06
1.87285e-05
1.56232e-05
-5.70031e-06
1.57532e-05
-5.5884e-06
1.5901e-05
-5.42065e-06
-5.19886e-06
1.6067e-05
1.29649e-05
-5.81186e-06
1.30934e-05
-5.71686e-06
1.324e-05
-5.56729e-06
-5.36443e-06
1.34056e-05
1.03627e-05
-5.91108e-06
1.04782e-05
-5.83241e-06
1.06116e-05
-5.70063e-06
-5.51663e-06
1.07638e-05
7.83546e-06
-5.98976e-06
7.92887e-06
-5.92576e-06
8.03861e-06
-5.81032e-06
-5.64406e-06
8.1661e-06
5.40728e-06
-6.04252e-06
5.47202e-06
-5.9904e-06
5.5503e-06
-5.88851e-06
-5.73728e-06
5.64359e-06
3.10686e-06
-6.0694e-06
3.14134e-06
-6.0248e-06
3.1852e-06
-5.9323e-06
-5.79244e-06
3.24041e-06
9.72951e-07
9.80914e-07
9.92455e-07
1.00886e-06
1.0827e-05
-1.23943e-05
1.30017e-05
1.10415e-06
1.89623e-05
2.82289e-05
2.92805e-05
4.71843e-05
3.11405e-05
3.25543e-06
3.09976e-05
-4.12849e-05
3.24697e-05
-6.06954e-05
3.42373e-05
-5.19028e-05
2.56623e-05
-9.95742e-06
2.51714e-05
-7.29744e-06
3.20631e-05
-1.7767e-05
3.84104e-05
-1.42172e-05
3.67865e-05
1.05527e-05
3.20468e-06
5.61356e-05
-2.55011e-05
5.76581e-05
-1.9436e-05
2.00987e-05
-8.71825e-06
-5.01489e-06
-1.00683e-06
-1.40406e-05
2.97557e-05
-4.91864e-06
-1.61309e-05
-6.1506e-07
-3.19943e-06
9.74214e-06
1.78717e-05
3.55146e-05
2.14118e-05
4.78587e-05
-9.08864e-06
4.67806e-05
-4.02067e-05
4.33291e-05
-5.7244e-05
3.99822e-05
-4.8556e-05
3.27261e-05
-2.70124e-06
2.32559e-05
2.17273e-06
2.35317e-05
-1.80427e-05
2.31743e-05
-1.38598e-05
1.46184e-05
1.91087e-05
-1.15384e-05
8.22925e-05
-1.82187e-05
6.43384e-05
-1.13535e-05
1.32335e-05
-6.55832e-06
-9.81004e-06
-5.13759e-06
-1.54613e-05
2.46181e-05
-1.97386e-05
-2.23256e-05
-1.14587e-05
-1.14793e-05
9.20819e-06
-2.79517e-06
3.85959e-05
-7.97597e-06
5.58531e-05
-2.63459e-05
5.54291e-05
-3.97826e-05
4.45461e-05
-4.6361e-05
3.02386e-05
-3.42485e-05
2.83679e-05
-8.30576e-07
2.65125e-05
4.02821e-06
1.43347e-05
-5.86505e-06
4.77226e-06
-4.29733e-06
-8.75725e-06
3.26382e-05
-2.27628e-05
9.62981e-05
-1.00232e-05
5.15988e-05
-3.55177e-06
6.76209e-06
-2.14992e-06
-1.12119e-05
-6.54545e-06
-1.10658e-05
1.80727e-05
-2.33318e-05
-3.26264e-05
-7.99783e-06
-2.68133e-05
1.42168e-05
-2.50098e-05
3.68152e-05
-3.05744e-05
4.95532e-05
-3.90839e-05
5.10546e-05
-4.1284e-05
3.61427e-05
-3.14492e-05
1.93639e-05
-1.74696e-05
2.48583e-05
-6.32486e-06
3.16999e-05
-2.81337e-06
2.18035e-05
4.03119e-06
-8.59186e-07
1.83654e-05
-1.88428e-05
5.06219e-05
-1.22144e-05
8.96697e-05
6.85739e-07
3.86987e-05
4.7895e-06
2.65835e-06
4.86267e-06
-1.12851e-05
5.21726e-07
-6.72482e-06
1.85944e-05
-2.02248e-05
-4.48912e-05
-6.27366e-06
-4.07644e-05
9.53805e-06
-4.08215e-05
2.41242e-05
-4.51606e-05
3.27112e-05
-4.76709e-05
3.27493e-05
-4.13221e-05
2.86438e-05
-2.73436e-05
2.39668e-05
-1.27926e-05
3.03869e-05
-1.2745e-05
3.76809e-05
-1.01073e-05
4.1555e-05
1.57129e-07
3.48213e-05
2.50992e-05
1.76684e-05
6.77749e-05
1.49218e-05
9.24164e-05
1.65937e-05
3.70268e-05
1.55593e-05
3.69274e-06
9.96493e-06
-5.69068e-06
3.74816e-06
-5.08062e-07
2.23426e-05
-2.24528e-05
-5.73241e-05
-8.96552e-06
-5.42517e-05
3.78552e-06
-5.35725e-05
1.37504e-05
-5.51254e-05
1.83135e-05
-5.2234e-05
2.19555e-05
-4.49641e-05
2.74426e-05
-3.28306e-05
3.05852e-05
-1.59352e-05
3.32129e-05
-1.53726e-05
3.76467e-05
-1.45412e-05
4.22271e-05
-4.4232e-06
4.54672e-05
2.18591e-05
4.72043e-05
6.60379e-05
4.09905e-05
9.86303e-05
3.34276e-05
4.45897e-05
2.32589e-05
1.38615e-05
5.65779e-06
1.19105e-05
-8.90525e-07
6.04024e-06
2.1452e-05
-2.5487e-05
-7.18496e-05
-9.65749e-06
-7.00812e-05
2.57712e-06
-6.58071e-05
7.78348e-06
-6.03318e-05
1.077e-05
-5.52206e-05
1.85694e-05
-5.27634e-05
2.68759e-05
-4.11371e-05
3.09038e-05
-1.99631e-05
3.12642e-05
-1.57331e-05
3.19564e-05
-1.52334e-05
3.33483e-05
-5.81509e-06
3.70883e-05
1.81192e-05
4.71281e-05
5.59981e-05
5.90424e-05
8.67161e-05
4.73435e-05
5.62886e-05
1.84374e-05
4.27676e-05
-1.30474e-05
4.33952e-05
-1.43745e-05
7.36731e-06
7.07756e-06
-2.89439e-05
-8.11558e-05
-1.8327e-05
-8.0698e-05
-9.05645e-06
-7.50776e-05
-2.38137e-06
-6.70068e-05
4.09125e-06
-6.16932e-05
1.04621e-05
-5.91342e-05
1.80697e-05
-4.87447e-05
2.36683e-05
-2.55618e-05
2.59627e-05
-1.80275e-05
2.15665e-05
-1.08371e-05
1.59293e-05
-1.77843e-07
1.97612e-05
1.42873e-05
3.03726e-05
4.53868e-05
4.62462e-05
7.08424e-05
3.3384e-05
6.91508e-05
6.32024e-07
7.55195e-05
-2.57816e-05
6.98087e-05
-2.08389e-05
2.42463e-06
-1.37614e-05
-3.35547e-05
-8.88888e-05
-2.58071e-05
-8.84454e-05
-1.88704e-05
-8.20142e-05
-1.10949e-05
-7.47823e-05
-4.63658e-06
-6.81515e-05
-1.75154e-06
-6.20193e-05
-4.60645e-07
-5.00357e-05
2.86552e-06
-2.88877e-05
2.96155e-06
-1.81234e-05
3.21418e-06
-1.10897e-05
3.2297e-06
-1.93401e-07
2.12131e-06
1.53958e-05
8.97346e-06
3.85347e-05
1.67871e-05
6.30287e-05
1.28693e-05
7.30686e-05
1.16527e-06
8.72233e-05
-5.687e-06
7.66609e-05
-8.0116e-06
4.74921e-06
-2.17729e-05
-4.01023e-05
-9.24087e-05
-3.67032e-05
-9.18445e-05
-3.12044e-05
-8.75129e-05
-2.47334e-05
-8.12532e-05
-1.9542e-05
-7.3343e-05
-1.84263e-05
-6.31351e-05
-1.99932e-05
-4.84686e-05
-1.83132e-05
-3.05676e-05
-1.75382e-05
-1.88986e-05
-1.6595e-05
-1.20329e-05
-1.63291e-05
-4.59365e-07
-1.64899e-05
1.55566e-05
-1.46977e-05
3.67423e-05
-8.23383e-06
5.65646e-05
-2.7212e-06
6.75557e-05
7.30761e-06
7.71945e-05
1.89685e-05
6.49999e-05
1.10363e-05
1.26814e-05
-1.07367e-05
-4.40852e-05
-9.29843e-05
-4.30639e-05
-9.28657e-05
-4.12894e-05
-8.92871e-05
-3.92646e-05
-8.32781e-05
-3.79016e-05
-7.47062e-05
-3.79585e-05
-6.3078e-05
-3.83044e-05
-4.81225e-05
-3.69922e-05
-3.18796e-05
-3.59463e-05
-1.99444e-05
-3.67556e-05
-1.12236e-05
-3.86651e-05
1.4503e-06
-4.1626e-05
1.85176e-05
-4.05813e-05
3.56974e-05
-3.36003e-05
4.95834e-05
-2.33781e-05
5.73334e-05
-6.03816e-06
5.98544e-05
1.01923e-05
4.87693e-05
8.64485e-06
1.42288e-05
-2.09186e-06
-4.48518e-05
-9.17242e-05
-4.63148e-05
-9.1403e-05
-4.76035e-05
-8.79985e-05
-4.89078e-05
-8.19739e-05
-5.04003e-05
-7.32136e-05
-5.19876e-05
-6.14905e-05
-5.29559e-05
-4.71542e-05
-5.27272e-05
-3.21083e-05
-5.31993e-05
-1.94722e-05
-5.6519e-05
-7.90385e-06
-6.11359e-05
6.0671e-06
-6.41324e-05
2.1514e-05
-6.2622e-05
3.41869e-05
-5.50256e-05
4.1987e-05
-4.29914e-05
4.52991e-05
-2.61959e-05
4.30587e-05
-8.65079e-06
3.12241e-05
-2.11305e-06
7.69105e-06
-4.20486e-06
-4.21318e-05
-8.84515e-05
-4.58573e-05
-8.76775e-05
-4.9648e-05
-8.42076e-05
-5.34661e-05
-7.81559e-05
-5.71615e-05
-6.9518e-05
-6.04131e-05
-5.82389e-05
-6.29099e-05
-4.46574e-05
-6.46908e-05
-3.03274e-05
-6.72708e-05
-1.68921e-05
-7.14334e-05
-3.74113e-06
-7.56252e-05
1.02588e-05
-7.7374e-05
2.32628e-05
-7.43448e-05
3.11576e-05
-6.67243e-05
3.43665e-05
-5.52101e-05
3.37847e-05
-4.0495e-05
2.83436e-05
-2.49096e-05
1.56387e-05
-1.17012e-05
-5.51729e-06
-1.59061e-05
-3.63111e-05
-8.33182e-05
-4.18915e-05
-8.20971e-05
-4.7582e-05
-7.85171e-05
-5.32248e-05
-7.2513e-05
-5.85941e-05
-6.41487e-05
-6.32849e-05
-5.35479e-05
-6.71358e-05
-4.08066e-05
-7.03259e-05
-2.71373e-05
-7.36723e-05
-1.35455e-05
-7.7225e-05
-1.88452e-07
-7.97325e-05
1.27663e-05
-7.95834e-05
2.31136e-05
-7.57579e-05
2.7332e-05
-6.90529e-05
2.76614e-05
-5.99802e-05
2.4712e-05
-4.85038e-05
1.68671e-05
-3.4634e-05
1.76889e-06
-1.76135e-05
-2.25378e-05
-3.35196e-05
-2.81726e-05
-7.66458e-05
-3.51644e-05
-7.51053e-05
-4.21945e-05
-7.1487e-05
-4.90544e-05
-6.5653e-05
-5.55064e-05
-5.76968e-05
-6.1216e-05
-4.78382e-05
-6.59545e-05
-3.6068e-05
-6.97814e-05
-2.33105e-05
-7.29705e-05
-1.03563e-05
-7.53296e-05
2.17044e-06
-7.60299e-05
1.34665e-05
-7.42373e-05
2.1321e-05
-7.05521e-05
2.36468e-05
-6.48338e-05
2.19429e-05
-5.71975e-05
1.70755e-05
-4.75784e-05
7.24784e-06
-3.47972e-05
-1.10123e-05
-1.85481e-05
-3.87868e-05
-5.20677e-05
-1.86792e-05
-6.89127e-05
-2.659e-05
-6.71944e-05
-3.44358e-05
-6.36411e-05
-4.19938e-05
-5.80949e-05
-4.90391e-05
-5.06516e-05
-5.53227e-05
-4.15545e-05
-6.05076e-05
-3.08831e-05
-6.44851e-05
-1.93332e-05
-6.72e-05
-7.64139e-06
-6.84463e-05
3.41662e-06
-6.77819e-05
1.2802e-05
-6.49897e-05
1.85287e-05
-6.08667e-05
1.95236e-05
-5.53383e-05
1.64143e-05
-4.78904e-05
9.62752e-06
-3.86794e-05
-1.96324e-06
-2.84645e-05
-2.12273e-05
-1.68026e-05
-5.04488e-05
-6.88704e-05
-8.75521e-06
-6.06514e-05
-1.7088e-05
-5.88615e-05
-2.52647e-05
-5.54644e-05
-3.30565e-05
-5.03032e-05
-4.0263e-05
-4.34451e-05
-4.66965e-05
-3.51211e-05
-5.19733e-05
-2.56062e-05
-5.58565e-05
-1.545e-05
-5.81785e-05
-5.31953e-06
-5.86953e-05
3.93328e-06
-5.71666e-05
1.12732e-05
-5.38269e-05
1.51888e-05
-4.92081e-05
1.49045e-05
-4.34382e-05
1.06443e-05
-3.64371e-05
2.62623e-06
-2.8465e-05
-9.93548e-06
-2.04981e-05
-2.91943e-05
-1.29092e-05
-5.80378e-05
-8.17797e-05
8.42693e-07
-5.23637e-05
-7.46275e-06
-5.0556e-05
-1.55662e-05
-4.7361e-05
-2.3233e-05
-4.26364e-05
-3.02514e-05
-3.64266e-05
-3.64175e-05
-2.89552e-05
-4.1457e-05
-2.05668e-05
-4.51068e-05
-1.18002e-05
-4.71127e-05
-3.31374e-06
-4.72705e-05
4.09086e-06
-4.54754e-05
9.47789e-06
-4.20502e-05
1.17635e-05
-3.74611e-05
1.03152e-05
-3.19792e-05
5.16212e-06
-2.57682e-05
-3.58494e-06
-1.92568e-05
-1.6447e-05
-1.3268e-05
-3.51832e-05
-7.93992e-06
-6.33661e-05
-8.97196e-05
9.57541e-06
-4.44708e-05
1.66867e-06
-4.26493e-05
-6.03559e-06
-3.96567e-05
-1.33036e-05
-3.53684e-05
-1.99083e-05
-2.98218e-05
-2.56316e-05
-2.32319e-05
-3.02383e-05
-1.59602e-05
-3.35038e-05
-8.53484e-06
-3.52208e-05
-1.59684e-06
-3.52472e-05
4.11712e-06
-3.35755e-05
7.80592e-06
-3.04663e-05
8.65401e-06
-2.63341e-05
6.18282e-06
-2.15117e-05
3.39547e-07
-1.62664e-05
-8.83041e-06
-1.10438e-05
-2.16696e-05
-6.68904e-06
-3.95381e-05
-3.65687e-06
-6.63983e-05
-9.33765e-05
1.71108e-05
-3.72826e-05
9.88349e-06
-3.5422e-05
2.8264e-06
-3.25996e-05
-3.83232e-06
-2.87095e-05
-9.86555e-06
-2.37885e-05
-1.50555e-05
-1.8042e-05
-1.9189e-05
-1.18266e-05
-2.20786e-05
-5.6454e-06
-2.3571e-05
-1.04591e-07
-2.35887e-05
4.13455e-06
-2.21843e-05
6.40131e-06
-1.95936e-05
6.06306e-06
-1.61593e-05
2.74828e-06
-1.21986e-05
-3.6213e-06
-7.99237e-06
-1.30367e-05
-3.93784e-06
-2.57242e-05
-8.37205e-07
-4.26388e-05
-7.5684e-08
-6.71598e-05
-9.34521e-05
2.32868e-05
-3.09875e-05
1.69226e-05
-2.90577e-05
1.06805e-05
-2.63573e-05
4.77478e-06
-2.28036e-05
-5.7688e-07
-1.84368e-05
-5.1687e-06
-1.34502e-05
-8.81231e-06
-8.18299e-06
-1.13549e-05
-3.10289e-06
-1.26923e-05
1.23256e-06
-1.27974e-05
4.23947e-06
-1.17505e-05
5.35417e-06
-9.77e-06
4.08233e-06
-7.14959e-06
1.27705e-07
-4.17655e-06
-6.59444e-06
-1.1196e-06
-1.60938e-05
1.68463e-06
-2.85285e-05
3.57919e-06
-4.45334e-05
2.36772e-06
-6.59483e-05
-9.10843e-05
2.80739e-05
-2.56623e-05
2.26608e-05
-2.36444e-05
1.73231e-05
-2.10194e-05
1.22506e-05
-1.7731e-05
7.64064e-06
-1.38268e-05
3.67944e-06
-9.48899e-06
5.28669e-07
-5.03227e-06
-1.69108e-06
-8.83231e-07
-2.91712e-06
2.45845e-06
-3.15794e-06
4.48012e-06
-2.51046e-06
4.70652e-06
-1.17661e-06
2.74836e-06
5.81133e-07
-1.63013e-06
2.49059e-06
-8.50396e-06
4.27674e-06
-1.788e-05
5.61738e-06
-2.98692e-05
6.03052e-06
-4.49464e-05
4.14875e-06
-6.40664e-05
-8.69354e-05
3.15378e-05
-2.12953e-05
2.70808e-05
-1.91873e-05
2.26646e-05
-1.6603e-05
1.84469e-05
-1.35132e-05
1.45957e-05
-9.97554e-06
1.127e-05
-6.1633e-06
8.60301e-06
-2.36535e-06
6.68585e-06
1.03389e-06
5.55112e-06
3.59313e-06
5.16514e-06
4.86604e-06
5.4191e-06
4.45253e-06
6.12565e-06
2.04177e-06
7.04317e-06
-2.54769e-06
7.90502e-06
-9.36587e-06
8.42445e-06
-1.83994e-05
8.26721e-06
-2.97119e-05
7.03699e-06
-4.37161e-05
4.89344e-06
-6.19226e-05
-8.20419e-05
3.38054e-05
-1.7815e-05
3.02476e-05
-1.56294e-05
2.6711e-05
-1.30665e-05
2.33187e-05
-1.01209e-05
2.02045e-05
-6.8613e-06
1.74955e-05
-3.45423e-06
1.5295e-05
-1.64887e-07
1.36667e-05
2.66231e-06
1.26203e-05
4.63955e-06
1.21057e-05
5.38074e-06
1.20099e-05
4.54837e-06
1.21587e-05
1.89297e-06
1.23317e-05
-2.72072e-06
1.22828e-05
-9.31701e-06
1.17468e-05
-1.78634e-05
1.04356e-05
-2.84007e-05
8.11607e-06
-4.13965e-05
5.35686e-06
-5.91633e-05
-7.6685e-05
3.50338e-05
-1.51182e-05
3.22808e-05
-1.28763e-05
2.95421e-05
-1.03278e-05
2.69078e-05
-7.48662e-06
2.44774e-05
-4.43081e-06
2.2345e-05
-1.32177e-06
2.05843e-05
1.59587e-06
1.92333e-05
4.01347e-06
1.82836e-05
5.58943e-06
1.76752e-05
5.98922e-06
1.72963e-05
4.92734e-06
1.69877e-05
2.20157e-06
1.65561e-05
-2.28914e-06
1.57928e-05
-8.55367e-06
1.44908e-05
-1.65614e-05
1.24654e-05
-2.63752e-05
9.62164e-06
-3.85527e-05
6.02852e-06
-5.55701e-05
-7.06565e-05
3.53872e-05
-1.30917e-05
3.33287e-05
-1.08178e-05
3.12857e-05
-8.28489e-06
2.93197e-05
-5.52058e-06
2.74989e-05
-2.61001e-06
2.58871e-05
2.90088e-07
2.45299e-05
2.95317e-06
2.34427e-05
5.10084e-06
2.26023e-05
6.43003e-06
2.19427e-05
6.64886e-06
2.13565e-05
5.51364e-06
2.07006e-05
2.85758e-06
1.98093e-05
-1.39784e-06
1.85143e-05
-7.25866e-06
1.66693e-05
-1.47163e-05
1.41835e-05
-2.38894e-05
1.10191e-05
-3.53882e-05
6.72803e-06
-5.12791e-05
-6.39286e-05
3.50211e-05
-1.1626e-05
3.35466e-05
-9.34335e-06
3.20927e-05
-6.83102e-06
3.06975e-05
-4.12534e-06
2.9403e-05
-1.31558e-06
2.82468e-05
1.44636e-06
2.72502e-05
3.94987e-06
2.64097e-05
5.94144e-06
2.56903e-05
7.14953e-06
2.50226e-05
7.31673e-06
2.43042e-05
6.23212e-06
2.34069e-05
3.75496e-06
2.21887e-05
-1.79546e-07
2.05121e-05
-5.58189e-06
1.82673e-05
-1.24714e-05
1.54018e-05
-2.10238e-05
1.19565e-05
-3.19429e-05
7.33682e-06
-4.66596e-05
-5.65919e-05
3.40745e-05
-1.06227e-05
3.30825e-05
-8.35142e-06
3.2117e-05
-5.86561e-06
3.11981e-05
-3.20642e-06
3.0347e-05
-4.64526e-07
2.95797e-05
2.21359e-06
2.88986e-05
4.63107e-06
2.82852e-05
6.55492e-06
2.76957e-05
7.73913e-06
2.70589e-05
7.95369e-06
2.62781e-05
7.01301e-06
2.5238e-05
4.79521e-06
2.38153e-05
1.24338e-06
2.18938e-05
-3.66022e-06
1.93833e-05
-9.96083e-06
1.62391e-05
-1.78797e-05
1.2544e-05
-2.82481e-05
7.5825e-06
-4.16984e-05
-4.90096e-05
3.26677e-05
-9.99639e-06
3.20692e-05
-7.7529e-06
3.15028e-05
-5.29932e-06
3.09749e-05
-2.67859e-06
3.0491e-05
1.93772e-08
3.00506e-05
2.65393e-06
2.96417e-05
5.04002e-06
2.92351e-05
6.9616e-06
2.87812e-05
8.19316e-06
2.82088e-05
8.52624e-06
2.74273e-05
7.79461e-06
2.63326e-05
5.89009e-06
2.48161e-05
2.7601e-06
2.27779e-05
-1.62185e-06
2.0145e-05
-7.32794e-06
1.68947e-05
-1.46295e-05
1.29685e-05
-2.43221e-05
7.68115e-06
-3.64113e-05
-4.13286e-05
3.09027e-05
-9.67433e-06
3.06216e-05
-7.47186e-06
3.0378e-05
-5.05575e-06
3.01679e-05
-2.46858e-06
2.99852e-05
2.02104e-07
2.98175e-05
2.82166e-06
2.96423e-05
5.21523e-06
2.94234e-05
7.18062e-06
2.91081e-05
8.50854e-06
2.86272e-05
9.00722e-06
2.78966e-05
8.5254e-06
2.68213e-05
6.96556e-06
2.53026e-05
4.27902e-06
2.3248e-05
4.32805e-07
2.059e-05
-4.66993e-06
1.73138e-05
-1.13534e-05
1.3335e-05
-2.03434e-05
7.97137e-06
-3.1048e-05
-3.33573e-05
2.88643e-05
-9.595e-06
2.88368e-05
-7.44436e-06
2.8852e-05
-5.07097e-06
2.88988e-05
-2.51536e-06
2.89625e-05
1.38472e-07
2.90222e-05
2.76199e-06
2.90483e-05
5.18917e-06
2.9e-05
7.22892e-06
2.88244e-05
8.68429e-06
2.84558e-05
9.37596e-06
2.7817e-05
9.16429e-06
2.68214e-05
7.96132e-06
2.53759e-05
5.72467e-06
2.33861e-05
2.42265e-06
2.07674e-05
-2.05128e-06
1.74781e-05
-8.06419e-06
1.37443e-05
-1.66098e-05
8.19473e-06
-2.54985e-05
-2.51626e-05
2.66221e-05
-9.70601e-06
2.67944e-05
-7.61664e-06
2.70153e-05
-5.29193e-06
2.7269e-05
-2.76899e-06
2.75347e-05
-1.27163e-07
2.77854e-05
2.51134e-06
2.79864e-05
4.98829e-06
2.80941e-05
7.12121e-06
2.80568e-05
8.72167e-06
2.78143e-05
9.61857e-06
2.7298e-05
9.68076e-06
2.64303e-05
8.82909e-06
2.51245e-05
7.03049e-06
2.32833e-05
4.26387e-06
2.08009e-05
4.31172e-07
1.75925e-05
-4.8559e-06
1.38733e-05
-1.28906e-05
8.08983e-06
-1.97151e-05
-1.70727e-05
2.42309e-05
-9.96205e-06
2.45572e-05
-7.94298e-06
2.49397e-05
-5.67445e-06
2.53596e-05
-3.18875e-06
2.57919e-05
-5.59378e-07
2.62049e-05
2.09843e-06
2.65594e-05
4.63378e-06
2.681e-05
6.8707e-06
2.69066e-05
8.62514e-06
2.67959e-05
9.72936e-06
2.64192e-05
1.00575e-05
2.57104e-05
9.53794e-06
2.45921e-05
8.14885e-06
2.29699e-05
5.88607e-06
2.07234e-05
2.67774e-06
1.76943e-05
-1.8268e-06
1.36014e-05
-8.79766e-06
7.40546e-06
-1.35191e-05
-9.66721e-06
2.17324e-05
-1.0323e-05
2.2173e-05
-8.38359e-06
2.26795e-05
-6.1809e-06
2.32318e-05
-3.74089e-06
2.38021e-05
-1.12968e-06
2.43548e-05
1.54581e-06
2.48459e-05
4.14267e-06
2.52268e-05
6.48989e-06
2.54488e-05
8.40315e-06
2.54661e-05
9.7121e-06
2.52304e-05
1.02932e-05
2.46861e-05
1.00822e-05
2.37638e-05
9.07122e-06
2.23686e-05
7.28132e-06
2.03634e-05
4.68292e-06
1.74913e-05
1.04539e-06
1.28534e-05
-4.15971e-06
6.29491e-06
-6.96048e-06
-3.37226e-06
1.91576e-05
-1.07521e-05
1.96766e-05
-8.90252e-06
2.02734e-05
-6.77771e-06
2.09286e-05
-4.39599e-06
2.16131e-05
-1.81416e-06
2.22873e-05
8.71606e-07
2.29014e-05
3.52863e-06
2.34004e-05
5.9908e-06
2.3736e-05
8.0676e-06
2.387e-05
9.57806e-06
2.37635e-05
1.03998e-05
2.33674e-05
1.04783e-05
2.26139e-05
9.82479e-06
2.13951e-05
8.50017e-06
1.95425e-05
6.53555e-06
1.67108e-05
3.87714e-06
1.18748e-05
6.76385e-07
5.63355e-06
-7.1918e-07
2.2613e-06
1.65299e-05
-1.12149e-05
1.70929e-05
-9.46555e-06
1.77479e-05
-7.43266e-06
1.84778e-05
-5.12592e-06
1.92543e-05
-2.59073e-06
2.00346e-05
9.12414e-08
2.07608e-05
2.80243e-06
2.13673e-05
5.38432e-06
2.18033e-05
7.63151e-06
2.20416e-05
9.33979e-06
2.20507e-05
1.03908e-05
2.17836e-05
1.07454e-05
2.11678e-05
1.04407e-05
2.00709e-05
9.59712e-06
1.82987e-05
8.30779e-06
1.54873e-05
6.68862e-06
1.10354e-05
5.12825e-06
5.38344e-06
4.93283e-06
7.64474e-06
1.3869e-05
-1.16782e-05
1.44419e-05
-1.00385e-05
1.51214e-05
-8.1122e-06
1.58959e-05
-5.90045e-06
1.67408e-05
-3.43568e-06
1.76122e-05
-7.80223e-07
1.84423e-05
1.97225e-06
1.91474e-05
4.67914e-06
1.96732e-05
7.10571e-06
2.00105e-05
9.00253e-06
2.01343e-05
1.0267e-05
1.99967e-05
1.08831e-05
1.95073e-05
1.09301e-05
1.85255e-05
1.0579e-05
1.6856e-05
9.97737e-06
1.41938e-05
9.35087e-06
1.02439e-05
9.07811e-06
5.26122e-06
9.91554e-06
1.2906e-05
1.11959e-05
-1.21103e-05
1.17436e-05
-1.05862e-05
1.24104e-05
-8.7791e-06
1.31934e-05
-6.68344e-06
1.40768e-05
-4.3192e-06
1.50214e-05
-1.72496e-06
1.59502e-05
1.04341e-06
1.67494e-05
3.87989e-06
1.73589e-05
6.49619e-06
1.78045e-05
8.55703e-06
1.80643e-05
1.00073e-05
1.80763e-05
1.08713e-05
1.77328e-05
1.12737e-05
1.69038e-05
1.14081e-05
1.54065e-05
1.14747e-05
1.30151e-05
1.17422e-05
9.54939e-06
1.25439e-05
5.10022e-06
1.43647e-05
1.80062e-05
8.53704e-06
-1.24812e-05
9.0232e-06
-1.10723e-05
9.63466e-06
-9.39059e-06
1.03799e-05
-7.42873e-06
1.126e-05
-5.19941e-06
1.22527e-05
-2.71776e-06
1.32801e-05
1.58817e-08
1.41812e-05
2.97879e-06
1.48751e-05
5.8023e-06
1.54618e-05
7.97043e-06
1.59019e-05
9.56729e-06
1.6104e-05
1.06693e-05
1.5959e-05
1.14189e-05
1.53474e-05
1.20198e-05
1.41141e-05
1.27081e-05
1.20839e-05
1.37724e-05
9.08835e-06
1.55395e-05
5.05437e-06
1.83987e-05
2.30606e-05
5.92812e-06
-1.27656e-05
6.31605e-06
-1.14602e-05
6.82293e-06
-9.89748e-06
7.46985e-06
-8.07572e-06
8.28314e-06
-6.01279e-06
9.28082e-06
-3.71551e-06
1.04161e-05
-1.11943e-06
1.14701e-05
1.92475e-06
1.22647e-05
5.00773e-06
1.30756e-05
7.15969e-06
1.3769e-05
8.874e-06
1.422e-05
1.02184e-05
1.43271e-05
1.13118e-05
1.39941e-05
1.23529e-05
1.3108e-05
1.35943e-05
1.15253e-05
1.53552e-05
9.03125e-06
1.80335e-05
5.34019e-06
2.20898e-05
2.84008e-05
3.41667e-06
-1.29418e-05
3.6711e-06
-1.17146e-05
4.01846e-06
-1.02449e-05
4.48702e-06
-8.54433e-06
5.12769e-06
-6.65353e-06
6.02713e-06
-4.615e-06
7.25998e-06
-2.35231e-06
8.62341e-06
5.61328e-07
9.67385e-06
3.95734e-06
1.08916e-05
5.94198e-06
1.19219e-05
7.84378e-06
1.26519e-05
9.48848e-06
1.30188e-05
1.0945e-05
1.29722e-05
1.23995e-05
1.24591e-05
1.41074e-05
1.14009e-05
1.64134e-05
9.5971e-06
1.98373e-05
6.36384e-06
2.53231e-05
3.47646e-05
1.06598e-06
1.15671e-06
1.28815e-06
1.48069e-06
1.78025e-06
2.30198e-06
3.33806e-06
5.2985e-06
7.63314e-06
9.44679e-06
1.07904e-05
1.17272e-05
1.22656e-05
1.24006e-05
1.21288e-05
1.14426e-05
1.02425e-05
7.79973e-06
)
;

boundaryField
{
    leftWall
    {
        type            calculated;
        value           uniform 0;
    }
    rightWall
    {
        type            calculated;
        value           uniform 0;
    }
    lowerWall
    {
        type            calculated;
        value           uniform 0;
    }
    atmosphere
    {
        type            calculated;
        value           nonuniform List<scalar> 
46
(
1.37854e-06
2.98307e-06
3.45094e-06
3.50016e-06
3.31272e-06
2.9436e-06
2.41086e-06
1.72287e-06
8.83185e-07
-1.7658e-07
-1.03562e-06
-2.19652e-06
-3.53129e-06
-4.8837e-06
-6.2169e-06
-7.50402e-06
-8.71609e-06
-9.8234e-06
-1.07965e-05
-1.16079e-05
-1.22342e-05
-1.26589e-05
-1.28732e-05
-6.07487e-06
-6.03271e-06
-5.9438e-06
-5.80881e-06
-1.29989e-05
-1.18053e-05
-1.03763e-05
-8.7369e-06
-6.95313e-06
-5.13676e-06
-3.38839e-06
-1.3991e-06
1.62274e-06
4.12839e-06
6.50021e-06
8.55173e-06
1.04066e-05
1.22645e-05
1.43793e-05
1.70997e-05
2.10375e-05
2.77658e-05
4.25644e-05
)
;
    }
    defaultFaces
    {
        type            empty;
        value           nonuniform 0();
    }
}


// ************************************************************************* //
