/*--------------------------------*- C++ -*----------------------------------*\
| =========                 |                                                 |
| \\      /  F ield         | OpenFOAM: The Open Source CFD Toolbox           |
|  \\    /   O peration     | Version:  2.3.0                                 |
|   \\  /    A nd           | Web:      www.OpenFOAM.org                      |
|    \\/     M anipulation  |                                                 |
\*---------------------------------------------------------------------------*/
FoamFile
{
    version     2.0;
    format      ascii;
    class       volVectorField;
    location    "2.95";
    object      U;
}
// * * * * * * * * * * * * * * * * * * * * * * * * * * * * * * * * * * * * * //

dimensions      [0 1 -1 0 0 0 0];

internalField   nonuniform List<vector> 
2268
(
(0.00920749 -0.00473208 0)
(0.0250147 -0.00451324 0)
(0.0363019 -0.00305905 0)
(0.0449215 -0.00199418 0)
(0.0509632 -0.00132987 0)
(0.0551625 -0.000890124 0)
(0.0580765 -0.000590242 0)
(0.0600676 -0.000380303 0)
(0.0614012 -0.000242083 0)
(0.0622697 -0.000169389 0)
(0.0628539 -0.000152206 0)
(0.0632989 -0.000189237 0)
(0.0637497 -0.000303136 0)
(0.0644052 -0.000539346 0)
(0.065539 -0.000974161 0)
(0.0675425 -0.00150871 0)
(0.0688216 -0.000179964 0)
(0.0664167 0.00120726 0)
(0.0607386 0.00184163 0)
(0.0541462 0.00169379 0)
(0.0463668 0.00267303 0)
(0.0350631 0.005524 0)
(0.0179679 0.00739882 0)
(0.00909874 -0.0119003 0)
(0.0225253 -0.0100806 0)
(0.0318486 -0.00738893 0)
(0.0396045 -0.00524447 0)
(0.0452847 -0.00369783 0)
(0.0493446 -0.0025847 0)
(0.0522184 -0.00178958 0)
(0.0542545 -0.00122634 0)
(0.0557222 -0.00083516 0)
(0.0568094 -0.00057799 0)
(0.05765 -0.00042662 0)
(0.0583152 -0.000359963 0)
(0.0588276 -0.000388414 0)
(0.059189 -0.000556018 0)
(0.0593671 -0.000905039 0)
(0.0592321 -0.00114057 0)
(0.0584571 0.000703301 0)
(0.0563442 0.00284631 0)
(0.0526429 0.00413888 0)
(0.0474109 0.00486135 0)
(0.0403886 0.00702262 0)
(0.0317595 0.0114379 0)
(0.0215364 0.0174822 0)
(0.00839188 -0.0186099 0)
(0.020456 -0.0147307 0)
(0.0287322 -0.0110102 0)
(0.0358847 -0.00807059 0)
(0.0412809 -0.0058086 0)
(0.0452419 -0.0041161 0)
(0.048114 -0.00289268 0)
(0.0502174 -0.00203256 0)
(0.0518041 -0.00144089 0)
(0.0530354 -0.00104563 0)
(0.0540037 -0.000790697 0)
(0.0547233 -0.000621584 0)
(0.0551351 -0.000521336 0)
(0.0551298 -0.000513062 0)
(0.0545352 -0.000600153 0)
(0.0530335 -0.000445317 0)
(0.0509774 0.00149572 0)
(0.0486198 0.00404487 0)
(0.0453308 0.00591929 0)
(0.0406352 0.00739309 0)
(0.0343189 0.0103091 0)
(0.0267617 0.0159453 0)
(0.0187767 0.0274967 0)
(0.00731606 -0.0250284 0)
(0.0184338 -0.0193185 0)
(0.0262853 -0.0146064 0)
(0.0331752 -0.010916 0)
(0.0384745 -0.00797113 0)
(0.0424481 -0.00571598 0)
(0.0453975 -0.00407384 0)
(0.0476197 -0.00292189 0)
(0.0493415 -0.00212742 0)
(0.050692 -0.00158013 0)
(0.0517236 -0.0011876 0)
(0.0524005 -0.000855823 0)
(0.0526019 -0.000538286 0)
(0.0521559 -0.000238457 0)
(0.0508557 6.44819e-05 0)
(0.0484413 0.000687871 0)
(0.0454207 0.00269331 0)
(0.0424416 0.00539258 0)
(0.0390546 0.00774886 0)
(0.0345054 0.00986505 0)
(0.0285774 0.0133953 0)
(0.0217191 0.0201854 0)
(0.014688 0.0367074 0)
(0.00621107 -0.0307116 0)
(0.0166908 -0.0236997 0)
(0.0245268 -0.0181574 0)
(0.0314536 -0.0137735 0)
(0.0368605 -0.010178 0)
(0.0409856 -0.00738031 0)
(0.0441123 -0.00533067 0)
(0.0465191 -0.0038891 0)
(0.0484031 -0.00288202 0)
(0.0498558 -0.00215691 0)
(0.0508908 -0.00158157 0)
(0.0514287 -0.00101804 0)
(0.0513036 -0.000390992 0)
(0.0503164 0.000306692 0)
(0.0482847 0.00108942 0)
(0.045085 0.00219005 0)
(0.0412455 0.00429428 0)
(0.0374629 0.00700994 0)
(0.033541 0.0096707 0)
(0.0287707 0.0123477 0)
(0.0228208 0.0163817 0)
(0.0162282 0.0239896 0)
(0.00999678 0.0438749 0)
(0.0052965 -0.0357771 0)
(0.0155125 -0.0279874 0)
(0.0236353 -0.021754 0)
(0.0308519 -0.0167066 0)
(0.0365623 -0.0124729 0)
(0.0409848 -0.0091407 0)
(0.0443982 -0.0066857 0)
(0.0470617 -0.00494531 0)
(0.0491361 -0.00369974 0)
(0.0506699 -0.00275219 0)
(0.0516386 -0.00193141 0)
(0.0519278 -0.00105448 0)
(0.0513426 -2.2521e-05 0)
(0.0496843 0.00116582 0)
(0.0468238 0.00248524 0)
(0.0427769 0.00404775 0)
(0.0380913 0.00628085 0)
(0.0334429 0.00898746 0)
(0.0287858 0.0118289 0)
(0.023545 0.0149477 0)
(0.0174323 0.0194172 0)
(0.0110046 0.0274963 0)
(0.00480078 0.0487649 0)
(0.00477463 -0.0403816 0)
(0.015116 -0.0323438 0)
(0.023752 -0.025514 0)
(0.0314663 -0.0198097 0)
(0.0376575 -0.0149285 0)
(0.0425212 -0.0110517 0)
(0.0463333 -0.00817639 0)
(0.0493273 -0.0061087 0)
(0.0516186 -0.00457566 0)
(0.0532048 -0.00333624 0)
(0.0540256 -0.00218538 0)
(0.053942 -0.000895577 0)
(0.0527472 0.000643645 0)
(0.0502682 0.00241038 0)
(0.0464475 0.00431159 0)
(0.0414307 0.0063232 0)
(0.0358024 0.00868871 0)
(0.0302323 0.0113631 0)
(0.0247992 0.0142904 0)
(0.0190952 0.0176992 0)
(0.0129423 0.0224847 0)
(0.00684043 0.0308775 0)
(-0.000439617 0.0521379 0)
(0.00478864 -0.0449455 0)
(0.0155762 -0.0370297 0)
(0.024851 -0.029628 0)
(0.0331948 -0.0232461 0)
(0.0400057 -0.0176931 0)
(0.0454358 -0.0132428 0)
(0.049752 -0.0099061 0)
(0.0531493 -0.00744719 0)
(0.0556847 -0.00553211 0)
(0.0572952 -0.00387929 0)
(0.0578886 -0.00226207 0)
(0.0573128 -0.000413306 0)
(0.055367 0.00176732 0)
(0.0519288 0.00421674 0)
(0.0470259 0.00675002 0)
(0.0409247 0.00920216 0)
(0.0342683 0.0116783 0)
(0.0277572 0.014254 0)
(0.0216049 0.0171165 0)
(0.0156038 0.0205674 0)
(0.00981313 0.0253378 0)
(0.00468436 0.0333884 0)
(-0.000308755 0.0520315 0)
(-0.0378051 0.0089971 0)
(-0.0297977 -0.00747382 0)
(-0.00825252 -0.00838181 0)
(0.00799088 -0.00601741 0)
(0.0195986 -0.00384521 0)
(0.0256547 -0.0014065 0)
(0.025627 -9.14577e-05 0)
(0.0236554 -0.000566591 0)
(0.0166222 0.00789026 0)
(-0.0226167 0.013412 0)
(-0.0515396 0.00312397 0)
(-0.0522153 0.00382982 0)
(-0.0730706 0.00977964 0)
(-0.113934 0.0105473 0)
(-0.139369 0.00239738 0)
(-0.131557 -0.00783444 0)
(-0.0997537 -0.0144962 0)
(-0.0575933 -0.015462 0)
(-0.0164604 -0.00820337 0)
(-0.0267147 0.0210536 0)
(-0.0134753 -0.00961506 0)
(-0.00496055 -0.0115939 0)
(0.00200157 -0.00842763 0)
(0.00699127 -0.00498408 0)
(0.00830639 -0.000792344 0)
(0.00443399 0.00163049 0)
(-0.00283962 0.00278533 0)
(-0.00949924 0.0143578 0)
(-0.0282411 0.0215117 0)
(-0.0446324 0.00822207 0)
(-0.051819 0.00862813 0)
(-0.0691685 0.0179699 0)
(-0.0960738 0.0198904 0)
(-0.1096 0.00716133 0)
(-0.105623 -0.0101879 0)
(-0.088898 -0.0229604 0)
(-0.0621113 -0.0286422 0)
(-0.0272949 -0.0230352 0)
(-0.00689379 0.0259378 0)
(-0.00475663 -0.0110043 0)
(-0.00473917 -0.0128231 0)
(-0.00383065 -0.00934628 0)
(-0.00305885 -0.00514203 0)
(-0.00478852 0.000533379 0)
(-0.0107763 0.00422945 0)
(-0.0192544 0.00627413 0)
(-0.0258305 0.0174544 0)
(-0.0333581 0.0248052 0)
(-0.0417566 0.0125572 0)
(-0.0483333 0.0130903 0)
(-0.0577306 0.0236815 0)
(-0.0718021 0.025305 0)
(-0.0815581 0.00966666 0)
(-0.0821404 -0.0123815 0)
(-0.0722258 -0.0295577 0)
(-0.0548074 -0.040056 0)
(-0.026555 -0.0420844 0)
(0.00590918 0.0256959 0)
(-0.000586324 -0.00949093 0)
(-0.00653614 -0.0118641 0)
(-0.0102379 -0.00883436 0)
(-0.0125693 -0.00431653 0)
(-0.016418 0.0026201 0)
(-0.0237163 0.00725236 0)
(-0.0319772 0.00955226 0)
(-0.0371668 0.0196281 0)
(-0.0395503 0.0261862 0)
(-0.0426691 0.0152794 0)
(-0.0459473 0.0154942 0)
(-0.048889 0.0264738 0)
(-0.0534047 0.0283505 0)
(-0.0582979 0.0119728 0)
(-0.0595091 -0.0135105 0)
(-0.0527826 -0.0345389 0)
(-0.0413853 -0.0484165 0)
(-0.0195787 -0.057874 0)
(0.0108191 0.0229551 0)
(-0.000311427 -0.0057274 0)
(-0.0104094 -0.00883838 0)
(-0.0175407 -0.00695441 0)
(-0.0221548 -0.00260026 0)
(-0.0274267 0.00531296 0)
(-0.0355648 0.0105526 0)
(-0.043367 0.0122777 0)
(-0.0470749 0.0209731 0)
(-0.0462573 0.026102 0)
(-0.0451125 0.0161616 0)
(-0.0444052 0.0156795 0)
(-0.0417536 0.0266409 0)
(-0.0387252 0.0285362 0)
(-0.0375173 0.0129787 0)
(-0.037133 -0.0142106 0)
(-0.0322023 -0.0380746 0)
(-0.0254103 -0.0536669 0)
(-0.0102268 -0.0685618 0)
(0.0105083 0.0202791 0)
(-0.00361605 -0.000405772 0)
(-0.0163423 -0.00439206 0)
(-0.0257061 -0.00406253 0)
(-0.031907 -0.000244037 0)
(-0.0380502 0.00840079 0)
(-0.0467169 0.0140512 0)
(-0.054271 0.0145239 0)
(-0.0561708 0.0213443 0)
(-0.0521355 0.0245299 0)
(-0.0474731 0.0153436 0)
(-0.0433725 0.0139042 0)
(-0.0363257 0.0243934 0)
(-0.0273341 0.0259582 0)
(-0.0199551 0.0118203 0)
(-0.0160674 -0.0151611 0)
(-0.0120824 -0.0403705 0)
(-0.00924379 -0.0564045 0)
(-0.000317318 -0.0738091 0)
(0.00408177 0.0195406 0)
(-0.0100426 0.00564589 0)
(-0.023725 0.000758901 0)
(-0.0344251 -0.00050115 0)
(-0.0417153 0.00248838 0)
(-0.0482013 0.011671 0)
(-0.0568533 0.0176191 0)
(-0.0639568 0.016314 0)
(-0.0636502 0.0202959 0)
(-0.0561518 0.0216121 0)
(-0.0487116 0.0131434 0)
(-0.0428267 0.0109515 0)
(-0.032782 0.0199795 0)
(-0.0189081 0.0211756 0)
(-0.00630145 0.00839222 0)
(0.00196622 -0.0171058 0)
(0.00580066 -0.0415823 0)
(0.00550702 -0.0572864 0)
(0.00894841 -0.0733705 0)
(-0.00879397 0.0231748 0)
(-0.0177633 0.0117994 0)
(-0.0314589 0.00632811 0)
(-0.0432185 0.00371499 0)
(-0.051492 0.00551009 0)
(-0.0577863 0.0147784 0)
(-0.0653082 0.0208474 0)
(-0.0709576 0.0174687 0)
(-0.0685109 0.0178719 0)
(-0.0585799 0.0174816 0)
(-0.0490742 0.0100416 0)
(-0.0419167 0.00734185 0)
(-0.0298772 0.013697 0)
(-0.0125931 0.0143012 0)
(0.00417474 0.00276298 0)
(0.0158718 -0.020178 0)
(0.0197935 -0.0419643 0)
(0.0175561 -0.0564731 0)
(0.0164234 -0.0679913 0)
(0.00534002 -0.0533806 0)
(0.0170829 -0.0453452 0)
(0.0274555 -0.0369588 0)
(0.0368604 -0.0294278 0)
(0.0447205 -0.0227697 0)
(0.051125 -0.0173554 0)
(0.0563094 -0.0131909 0)
(0.0603914 -0.00996163 0)
(0.0633201 -0.00722609 0)
(0.0649256 -0.00464821 0)
(0.0650707 -0.00200037 0)
(0.0636002 0.00104099 0)
(0.0603456 0.00449667 0)
(0.0553012 0.00819135 0)
(0.0486454 0.0117809 0)
(0.0408159 0.0148886 0)
(0.0325553 0.0174553 0)
(0.0246601 0.0196909 0)
(0.0175889 0.0220941 0)
(0.011517 0.0250081 0)
(0.00711121 0.0287073 0)
(0.00563123 0.0340618 0)
(0.0152529 0.0404016 0)
(0.0056869 -0.0650669 0)
(0.0182226 -0.0578983 0)
(0.0298279 -0.0480861 0)
(0.0402192 -0.0388469 0)
(0.0490714 -0.030625 0)
(0.0564897 -0.0238227 0)
(0.0626309 -0.0183521 0)
(0.0674812 -0.0137839 0)
(0.0708468 -0.00954707 0)
(0.0723871 -0.00529056 0)
(0.0719228 -0.000945758 0)
(0.0693054 0.00379509 0)
(0.0643736 0.00878957 0)
(0.0573907 0.0137736 0)
(0.0488483 0.0183603 0)
(0.0393033 0.0220001 0)
(0.0294792 0.0244883 0)
(0.0202752 0.0260389 0)
(0.0126107 0.0273141 0)
(0.00718551 0.0286103 0)
(0.00448355 0.0296899 0)
(0.00465138 0.0307219 0)
(0.00933182 0.0314027 0)
(0.00703997 -0.0646467 0)
(0.0173152 -0.0652119 0)
(0.0282032 -0.0559551 0)
(0.0385832 -0.0458333 0)
(0.0482029 -0.0365312 0)
(0.0567443 -0.0287665 0)
(0.0639958 -0.022403 0)
(0.0697253 -0.0169037 0)
(0.0737516 -0.0115796 0)
(0.0757408 -0.00594415 0)
(0.075507 -0.000171462 0)
(0.0728083 0.00627808 0)
(0.0667728 0.0131636 0)
(0.05812 0.0199146 0)
(0.0484825 0.0259312 0)
(0.0383335 0.030172 0)
(0.0275984 0.0323025 0)
(0.0166872 0.0325445 0)
(0.00732467 0.032163 0)
(0.00228314 0.0318093 0)
(0.00237662 0.0309841 0)
(0.0053599 0.0305555 0)
(0.0101546 0.0316784 0)
(0.0284543 -0.0793737 0)
(0.0173006 -0.0750094 0)
(0.021236 -0.0652766 0)
(0.0298708 -0.0547488 0)
(0.0417302 -0.0445424 0)
(0.0532355 -0.0361969 0)
(0.0627003 -0.028653 0)
(0.0696172 -0.0213804 0)
(0.0743301 -0.0139884 0)
(0.0769305 -0.00550284 0)
(0.0768358 0.00155881 0)
(0.0746162 0.0100771 0)
(0.0650496 0.0196752 0)
(0.0515326 0.0271504 0)
(0.0428735 0.033713 0)
(0.0374214 0.0384462 0)
(0.0297302 0.0410834 0)
(0.0157101 0.0411674 0)
(-0.00263682 0.0396282 0)
(-0.0110928 0.034316 0)
(-0.00274853 0.0282386 0)
(0.00988879 0.0260375 0)
(0.0237676 0.0272851 0)
(0.097451 -0.137782 0)
(0.0279654 -0.067133 0)
(-0.00396215 -0.0672679 0)
(-0.004625 -0.0696374 0)
(0.0161999 -0.0611679 0)
(0.0335901 -0.0515195 0)
(0.0424899 -0.0399049 0)
(0.045024 -0.0303838 0)
(0.0476673 -0.0220853 0)
(0.0542873 -0.0121523 0)
(0.0613577 -0.000190726 0)
(0.0625021 0.0218673 0)
(0.0578994 0.0576467 0)
(0.0393271 0.0596352 0)
(0.0379447 0.049007 0)
(0.0506699 0.0520033 0)
(0.0516752 0.0732577 0)
(0.0234435 0.0898609 0)
(-0.0184679 0.0816217 0)
(-0.0191125 0.0237479 0)
(0.00279151 0.00251173 0)
(0.0210046 0.0022492 0)
(0.0370413 0.00469017 0)
(0.0189577 -0.226472 0)
(0.0259767 0.0304866 0)
(-0.0641164 -0.0371235 0)
(-0.0565462 -0.0957403 0)
(-0.0271752 -0.0985505 0)
(0.0023069 -0.0742934 0)
(0.0151901 -0.0465381 0)
(0.0168094 -0.0312812 0)
(0.0146852 -0.0229738 0)
(0.0103725 -0.0147977 0)
(0.0032377 0.00197035 0)
(-0.00841865 0.0254169 0)
(-0.00989251 0.0470306 0)
(0.00796805 0.0439188 0)
(0.0180761 0.0265116 0)
(0.0281152 0.0301752 0)
(0.0413454 0.0632667 0)
(0.0404433 0.107048 0)
(0.0261474 0.0914203 0)
(0.0235549 0.0154482 0)
(0.0241435 -0.00742009 0)
(0.0167125 -0.00267305 0)
(0.00334356 0.0019377 0)
(-0.0687941 -0.21785 0)
(-0.00145969 0.0854487 0)
(-0.0392502 0.00265771 0)
(-0.0391879 -0.100192 0)
(-0.0304114 -0.113324 0)
(-0.013334 -0.0848515 0)
(-0.0032759 -0.0463637 0)
(-0.00602216 -0.0278556 0)
(-0.0178308 -0.0160005 0)
(-0.0425458 -0.00613964 0)
(-0.0696103 0.0120208 0)
(-0.0690441 0.0183127 0)
(-0.0444681 0.02147 0)
(-0.0196048 0.0256919 0)
(-0.00594561 0.0179383 0)
(0.000512091 0.0194728 0)
(0.0136166 0.0478526 0)
(0.0343207 0.0973572 0)
(0.0513277 0.0875477 0)
(0.0548712 0.0178242 0)
(0.0401462 0.000892593 0)
(0.0162229 0.0223426 0)
(-0.028103 0.0153212 0)
(-0.131042 -0.158463 0)
(-0.0690438 0.0736049 0)
(-0.0432609 0.00453622 0)
(-0.0222823 -0.114114 0)
(-0.0293172 -0.135205 0)
(-0.0289656 -0.0944879 0)
(-0.0348898 -0.0414213 0)
(-0.0506693 -0.0151184 0)
(-0.0710005 0.00934553 0)
(-0.0921836 0.0284559 0)
(-0.0958455 0.025603 0)
(-0.0818051 0.00345416 0)
(-0.0630433 0.00145564 0)
(-0.0425988 0.0129888 0)
(-0.0294658 0.0121996 0)
(-0.0261019 0.010411 0)
(-0.0195079 0.0327074 0)
(0.00291271 0.0775074 0)
(0.0353423 0.0795556 0)
(0.0454076 0.0280252 0)
(0.00778226 0.0281133 0)
(-0.0116129 0.0651899 0)
(-0.0259952 0.051804 0)
(-0.152947 -0.0427856 0)
(-0.130621 0.0338066 0)
(-0.1095 -0.0550901 0)
(-0.0890519 -0.125785 0)
(-0.0824624 -0.13343 0)
(-0.0779045 -0.0883574 0)
(-0.0866642 -0.0246467 0)
(-0.105292 0.00585477 0)
(-0.116327 0.0251251 0)
(-0.116897 0.033439 0)
(-0.105352 0.0197054 0)
(-0.0910478 -0.0127361 0)
(-0.0862093 -0.0178081 0)
(-0.0752588 -0.00391928 0)
(-0.0620776 0.00455513 0)
(-0.0582808 0.00588208 0)
(-0.0614409 0.0203827 0)
(-0.0493826 0.0510727 0)
(-0.0290108 0.0547209 0)
(-0.0285994 0.0452269 0)
(-0.0388992 0.0521488 0)
(-0.0417263 0.0645997 0)
(-0.0397469 0.0566298 0)
(-0.159746 0.0923965 0)
(-0.147791 0.02681 0)
(-0.131908 -0.070379 0)
(-0.121507 -0.127191 0)
(-0.128376 -0.126864 0)
(-0.142671 -0.079087 0)
(-0.153091 -0.0122956 0)
(-0.1584 0.0133294 0)
(-0.156139 0.0229367 0)
(-0.147618 0.0189379 0)
(-0.136444 0.00119358 0)
(-0.129393 -0.0215201 0)
(-0.125269 -0.0282355 0)
(-0.11672 -0.0188962 0)
(-0.107286 -0.00488655 0)
(-0.104381 0.00650444 0)
(-0.105063 0.0182055 0)
(-0.0976387 0.033796 0)
(-0.0844991 0.0420288 0)
(-0.077051 0.0445247 0)
(-0.0739742 0.0508747 0)
(-0.0678268 0.056165 0)
(-0.0596348 0.0493085 0)
(-0.121445 0.219638 0)
(-0.11908 0.0364066 0)
(-0.122187 -0.075337 0)
(-0.135596 -0.12038 0)
(-0.161999 -0.109422 0)
(-0.19452 -0.0608374 0)
(-0.203296 -0.00975961 0)
(-0.194991 0.00685462 0)
(-0.181583 0.011338 0)
(-0.166677 0.00468289 0)
(-0.155052 -0.00682253 0)
(-0.150414 -0.0202949 0)
(-0.14962 -0.028642 0)
(-0.14594 -0.0245061 0)
(-0.14071 -0.00960693 0)
(-0.137106 0.00598828 0)
(-0.133904 0.0171561 0)
(-0.126825 0.0265728 0)
(-0.116353 0.0326967 0)
(-0.106921 0.0367711 0)
(-0.0980554 0.042546 0)
(-0.0874763 0.0458133 0)
(-0.0767663 0.0401642 0)
(-0.0698542 0.31206 0)
(-0.0706037 0.0659225 0)
(-0.102893 -0.058529 0)
(-0.148205 -0.0947824 0)
(-0.191851 -0.0738935 0)
(-0.212995 -0.0396299 0)
(-0.214108 -0.0141831 0)
(-0.203721 -0.00569752 0)
(-0.190493 -0.00328454 0)
(-0.177363 -0.00775081 0)
(-0.167865 -0.013828 0)
(-0.1634 -0.0216477 0)
(-0.162561 -0.0296089 0)
(-0.161983 -0.0274247 0)
(-0.159754 -0.0133633 0)
(-0.154903 0.00111505 0)
(-0.148427 0.0113677 0)
(-0.140616 0.0182874 0)
(-0.131544 0.0229719 0)
(-0.122066 0.0267695 0)
(-0.111771 0.0312458 0)
(-0.100016 0.0341813 0)
(-0.088486 0.0298387 0)
(-0.0366502 0.358384 0)
(-0.0451473 0.11076 0)
(-0.102638 -0.0117628 0)
(-0.155045 -0.0435935 0)
(-0.188246 -0.0442426 0)
(-0.202948 -0.0315657 0)
(-0.203188 -0.0200534 0)
(-0.196399 -0.0157181 0)
(-0.187339 -0.0146188 0)
(-0.178379 -0.0175336 0)
(-0.171217 -0.0209648 0)
(-0.166052 -0.0251552 0)
(-0.164016 -0.0300311 0)
(-0.164399 -0.027984 0)
(-0.162681 -0.0170789 0)
(-0.157397 -0.005533 0)
(-0.150197 0.0036486 0)
(-0.142257 0.00998024 0)
(-0.133967 0.0139946 0)
(-0.125394 0.0171663 0)
(-0.11596 0.0202683 0)
(-0.105049 0.0224286 0)
(-0.093874 0.0193013 0)
(-0.0192825 0.377274 0)
(-0.034498 0.160274 0)
(-0.0924708 0.0447547 0)
(-0.135787 -0.00492551 0)
(-0.163275 -0.0229367 0)
(-0.176479 -0.0248831 0)
(-0.178875 -0.0227342 0)
(-0.175615 -0.0221725 0)
(-0.170283 -0.0226867 0)
(-0.164598 -0.0244928 0)
(-0.15967 -0.0265557 0)
(-0.155984 -0.028932 0)
(-0.154376 -0.0307883 0)
(-0.154222 -0.0283179 0)
(-0.15266 -0.0206878 0)
(-0.148325 -0.0117099 0)
(-0.142048 -0.00384793 0)
(-0.134823 0.00203454 0)
(-0.12737 0.005943 0)
(-0.119826 0.00874864 0)
(-0.111717 0.0108455 0)
(-0.102448 0.0118349 0)
(-0.0926429 0.009359 0)
(-0.00288044 0.389105 0)
(-0.0152406 0.204061 0)
(-0.0672745 0.0890546 0)
(-0.102091 0.0270328 0)
(-0.126264 -0.00376068 0)
(-0.139677 -0.0166852 0)
(-0.144861 -0.0216698 0)
(-0.145244 -0.0243422 0)
(-0.143445 -0.0262517 0)
(-0.140896 -0.0280904 0)
(-0.138479 -0.0297542 0)
(-0.136696 -0.0311081 0)
(-0.136022 -0.0314407 0)
(-0.135959 -0.0289754 0)
(-0.134849 -0.0233865 0)
(-0.13173 -0.0165148 0)
(-0.126899 -0.0100387 0)
(-0.121027 -0.00482505 0)
(-0.11469 -0.00111974 0)
(-0.108137 0.0013832 0)
(-0.101205 0.00286577 0)
(-0.0935888 0.00302648 0)
(-0.0855624 0.00071682 0)
(0.0151604 0.382042 0)
(0.0114818 0.244772 0)
(-0.0322611 0.125513 0)
(-0.0611631 0.0547065 0)
(-0.0832599 0.0145164 0)
(-0.0974611 -0.006595 0)
(-0.105355 -0.0173474 0)
(-0.109178 -0.0232183 0)
(-0.110758 -0.0267283 0)
(-0.111247 -0.0290942 0)
(-0.111387 -0.0307063 0)
(-0.111615 -0.0315985 0)
(-0.112191 -0.0313726 0)
(-0.112788 -0.0292202 0)
(-0.112473 -0.0250548 0)
(-0.110623 -0.0198449 0)
(-0.107313 -0.0146768 0)
(-0.102946 -0.010274 0)
(-0.0979472 -0.0069698 0)
(-0.0925706 -0.0047837 0)
(-0.0868356 -0.00372303 0)
(-0.0806887 -0.00403588 0)
(-0.0743712 -0.00626692 0)
(0.0316959 0.350598 0)
(0.0398754 0.273574 0)
(0.00794263 0.156472 0)
(-0.0178329 0.079547 0)
(-0.0386861 0.0326164 0)
(-0.0539129 0.00538626 0)
(-0.0642761 -0.00999669 0)
(-0.0711508 -0.0188444 0)
(-0.0757938 -0.0241109 0)
(-0.0790849 -0.0273821 0)
(-0.0816262 -0.029381 0)
(-0.0837859 -0.0303533 0)
(-0.0857365 -0.0301961 0)
(-0.0872928 -0.0285977 0)
(-0.0879494 -0.0255935 0)
(-0.087334 -0.0217531 0)
(-0.0854482 -0.0177857 0)
(-0.0825332 -0.0142569 0)
(-0.0788942 -0.0115152 0)
(-0.0747685 -0.00972047 0)
(-0.0702795 -0.00899105 0)
(-0.0655233 -0.00953161 0)
(-0.0607502 -0.0116171 0)
(0.0416721 0.299464 0)
(0.0621009 0.28363 0)
(0.0448235 0.181117 0)
(0.023034 0.102252 0)
(0.00329136 0.0508202 0)
(-0.0127428 0.0190868 0)
(-0.025068 -4.56817e-05 0)
(-0.0344131 -0.0116163 0)
(-0.0415879 -0.0187384 0)
(-0.0472391 -0.0232114 0)
(-0.0518384 -0.0259789 0)
(-0.0556919 -0.0274737 0)
(-0.0589429 -0.0278109 0)
(-0.0615141 -0.0269544 0)
(-0.0631521 -0.0250159 0)
(-0.0636558 -0.0223728 0)
(-0.0630213 -0.0195098 0)
(-0.0614049 -0.0168637 0)
(-0.0590331 -0.0147591 0)
(-0.0561206 -0.0134086 0)
(-0.0528394 -0.012976 0)
(-0.0493628 -0.0136334 0)
(-0.0459486 -0.0155275 0)
(0.040997 0.240852 0)
(0.0713114 0.273564 0)
(0.0696286 0.195828 0)
(0.0551097 0.121451 0)
(0.0381632 0.06847 0)
(0.022536 0.0337826 0)
(0.00928678 0.0117474 0)
(-0.00161894 -0.00222847 0)
(-0.0105492 -0.0112069 0)
(-0.0179136 -0.0170689 0)
(-0.0240568 -0.0208812 0)
(-0.0292207 -0.0232108 0)
(-0.0335344 -0.0243248 0)
(-0.0369913 -0.0243473 0)
(-0.0394843 -0.023441 0)
(-0.0409237 -0.0218914 0)
(-0.0413236 -0.0200515 0)
(-0.0408006 -0.0182642 0)
(-0.0395323 -0.0168165 0)
(-0.0377107 -0.0159287 0)
(-0.0355218 -0.0157757 0)
(-0.0331695 -0.016506 0)
(-0.0309089 -0.0182048 0)
(0.0311851 0.187959 0)
(0.0666457 0.249087 0)
(0.0785471 0.198101 0)
(0.0738612 0.134086 0)
(0.0622374 0.0833705 0)
(0.0490198 0.047904 0)
(0.0364504 0.0241284 0)
(0.0252762 0.00829265 0)
(0.0156124 -0.00236197 0)
(0.00734641 -0.00963129 0)
(0.000299878 -0.0146136 0)
(-0.00568435 -0.0179479 0)
(-0.0107073 -0.0199944 0)
(-0.0147972 -0.0209693 0)
(-0.0179255 -0.0210687 0)
(-0.0200691 -0.020534 0)
(-0.0212607 -0.0196417 0)
(-0.0215987 -0.0186683 0)
(-0.0212298 -0.0178626 0)
(-0.0203237 -0.0174329 0)
(-0.0190611 -0.0175485 0)
(-0.017648 -0.0183403 0)
(-0.0163257 -0.0198653 0)
(0.018812 0.148258 0)
(0.0537406 0.218058 0)
(0.0746167 0.188845 0)
(0.0795291 0.138232 0)
(0.0747146 0.0933134 0)
(0.0656254 0.0595169 0)
(0.0553084 0.0355016 0)
(0.0452066 0.0186652 0)
(0.0359179 0.00678795 0)
(0.0276409 -0.00169255 0)
(0.0203968 -0.00779349 0)
(0.0141401 -0.0121532 0)
(0.00882124 -0.015167 0)
(0.00441573 -0.017095 0)
(0.000921198 -0.0181503 0)
(-0.00167088 -0.0185503 0)
(-0.00340303 -0.0185247 0)
(-0.00436201 -0.0183037 0)
(-0.00467201 -0.0181022 0)
(-0.00448091 -0.0181091 0)
(-0.00395337 -0.0184818 0)
(-0.00328227 -0.0193381 0)
(-0.00268751 -0.0207231 0)
(0.0096052 0.121597 0)
(0.0398728 0.186525 0)
(0.0644667 0.171833 0)
(0.0762534 0.134474 0)
(0.0778016 0.09741 0)
(0.0734411 0.0673205 0)
(0.0663186 0.0445731 0)
(0.0582669 0.0277386 0)
(0.0502487 0.0152692 0)
(0.0427343 0.00595361 0)
(0.0359333 -0.00105478 0)
(0.029924 -0.00632253 0)
(0.0247257 -0.0102282 0)
(0.0203402 -0.0130369 0)
(0.0167649 -0.014961 0)
(0.0139843 -0.0161986 0)
(0.0119567 -0.016947 0)
(0.0106086 -0.0174018 0)
(0.00983667 -0.0177494 0)
(0.00951546 -0.0181586 0)
(0.00950182 -0.0187731 0)
(0.00962326 -0.0197006 0)
(0.00968673 -0.020982 0)
(0.00499393 0.103922 0)
(0.0293781 0.158028 0)
(0.0536751 0.15155 0)
(0.0688994 0.125243 0)
(0.0750445 0.0963441 0)
(0.0748728 0.0710796 0)
(0.0710585 0.0507294 0)
(0.0654656 0.0347963 0)
(0.0592292 0.0223856 0)
(0.0529949 0.0126852 0)
(0.0471122 0.00507379 0)
(0.0417616 -0.000894947 0)
(0.0370312 -0.00553989 0)
(0.0329597 -0.00909963 0)
(0.0295606 -0.0117692 0)
(0.0268262 -0.0137255 0)
(0.0247247 -0.0151399 0)
(0.0231981 -0.0161806 0)
(0.0221637 -0.0170092 0)
(0.0215193 -0.0177756 0)
(0.0211456 -0.01861 0)
(0.0208938 -0.0196118 0)
(0.020599 -0.0208212 0)
(0.0035741 0.0911501 0)
(0.0229281 0.133827 0)
(0.0448513 0.13132 0)
(0.0608489 0.113252 0)
(0.0695974 0.0916451 0)
(0.0724705 0.0714173 0)
(0.071458 0.0540488 0)
(0.0682212 0.0396305 0)
(0.0638894 0.0278021 0)
(0.0591666 0.0181296 0)
(0.0544721 0.0102319 0)
(0.0500483 0.00380586 0)
(0.0460313 -0.00138522 0)
(0.0424952 -0.00553225 0)
(0.0394738 -0.00880051 0)
(0.0369744 -0.0113423 0)
(0.0349798 -0.0133048 0)
(0.0334494 -0.0148322 0)
(0.0323213 -0.0160651 0)
(0.031516 -0.0171356 0)
(0.0309385 -0.0181612 0)
(0.0304643 -0.0192344 0)
(0.0299555 -0.0203953 0)
(0.00354711 0.0806293 0)
(0.0192954 0.113604 0)
(0.0383259 0.112749 0)
(0.0536429 0.100473 0)
(0.0634543 0.084874 0)
(0.0681686 0.06933 0)
(0.0691832 0.055046 0)
(0.0678987 0.0424203 0)
(0.0653245 0.0314933 0)
(0.0621208 0.0221526 0)
(0.0587048 0.014238 0)
(0.0553358 0.00758682 0)
(0.0521721 0.00204942 0)
(0.0493095 -0.00251061 0)
(0.0468013 -0.00622213 0)
(0.04467 -0.00921041 0)
(0.0429148 -0.011599 0)
(0.0415126 -0.0135109 0)
(0.0404216 -0.0150671 0)
(0.0395841 -0.0163839 0)
(0.0389277 -0.0175668 0)
(0.0383514 -0.0187016 0)
(0.0377423 -0.0198282 0)
(0.00381046 0.0710862 0)
(0.0170337 0.0965226 0)
(0.0334299 0.0962201 0)
(0.047541 0.087969 0)
(0.057477 0.0772137 0)
(0.0630648 0.0658039 0)
(0.0653528 0.0543772 0)
(0.0655467 0.0435301 0)
(0.0644731 0.0336184 0)
(0.0626736 0.024786 0)
(0.0605074 0.0170515 0)
(0.0582138 0.0103706 0)
(0.0559514 0.00467036 0)
(0.0538244 -0.00013491 0)
(0.0519001 -0.00413792 0)
(0.0502147 -0.0074367 0)
(0.0487823 -0.0101324 0)
(0.0475967 -0.0123279 0)
(0.0466345 -0.0141269 0)
(0.0458576 -0.0156308 0)
(0.0452145 -0.016934 0)
(0.0446252 -0.0181153 0)
(0.0439993 -0.0192141 0)
(0.00385893 0.0621495 0)
(0.0150859 0.0818734 0)
(0.0292716 0.0815055 0)
(0.042082 0.076072 0)
(0.0516522 0.069365 0)
(0.0574915 0.0616003 0)
(0.0605247 0.0526019 0)
(0.0618452 0.0433159 0)
(0.0620444 0.0343855 0)
(0.0615039 0.0261394 0)
(0.060499 0.0187193 0)
(0.0592319 0.0121646 0)
(0.0578499 0.00645986 0)
(0.0564589 0.00156073 0)
(0.0551337 -0.00259403 0)
(0.0539227 -0.00607715 0)
(0.0528527 -0.0089687 0)
(0.0519323 -0.0113534 0)
(0.0511539 -0.0133187 0)
(0.050497 -0.0149524 0)
(0.0499279 -0.0163381 0)
(0.0493857 -0.0175476 0)
(0.0487992 -0.0186188 0)
(0.00311185 0.0544306 0)
(0.0129077 0.0690762 0)
(0.0253346 0.0685838 0)
(0.0364455 0.0652759 0)
(0.0452029 0.0617159 0)
(0.0511568 0.057057 0)
(0.0548748 0.049971 0)
(0.0572229 0.0419758 0)
(0.0585683 0.0339525 0)
(0.0591574 0.0263353 0)
(0.0591992 0.0193321 0)
(0.0588659 0.0130313 0)
(0.0582947 0.00745639 0)
(0.0575919 0.00259457 0)
(0.0568377 -0.00158905 0)
(0.0560897 -0.00514461 0)
(0.0553851 -0.0081328 0)
(0.0547445 -0.0106215 0)
(0.0541739 -0.0126836 0)
(0.053667 -0.014394 0)
(0.0532055 -0.0158259 0)
(0.0527451 -0.017044 0)
(0.052231 -0.0180838 0)
(0.00160491 0.048544 0)
(0.0104231 0.0576158 0)
(0.0212203 0.0574949 0)
(0.0305011 0.0560003 0)
(0.0380993 0.0545908 0)
(0.044107 0.052042 0)
(0.0487253 0.0464099 0)
(0.0521299 0.0395508 0)
(0.0545223 0.0324257 0)
(0.0560974 0.0255 0)
(0.0570398 0.0190098 0)
(0.0575104 0.0130724 0)
(0.0576431 0.00773956 0)
(0.0575454 0.00302439 0)
(0.0573016 -0.00108492 0)
(0.0569752 -0.00461803 0)
(0.056611 -0.0076179 0)
(0.0562385 -0.0101371 0)
(0.0558742 -0.012235 0)
(0.0555237 -0.0139748 0)
(0.0551813 -0.01542 0)
(0.0548167 -0.0166276 0)
(0.0543888 -0.0176299 0)
(0.00197319 0.043759 0)
(0.00896802 0.0480637 0)
(0.0173542 0.0483965 0)
(0.0248281 0.0483361 0)
(0.031424 0.0480814 0)
(0.0375312 0.04637 0)
(0.0429245 0.0418937 0)
(0.0471797 0.0361451 0)
(0.0503879 0.029967 0)
(0.0527268 0.0238068 0)
(0.0543724 0.0179129 0)
(0.0554799 0.0124254 0)
(0.05618 0.007421 0)
(0.0565794 0.00293695 0)
(0.0567629 -0.00101693 0)
(0.056796 -0.00445148 0)
(0.056727 -0.00739355 0)
(0.0565915 -0.00988205 0)
(0.0564134 -0.0119645 0)
(0.0562073 -0.0136936 0)
(0.055978 -0.0151234 0)
(0.0557067 -0.0163034 0)
(0.0553643 -0.0172619 0)
(0.00369641 0.0385903 0)
(0.00872474 0.0410698 0)
(0.0146095 0.0414193 0)
(0.0205877 0.041939 0)
(0.0266168 0.0419069 0)
(0.0326916 0.0403495 0)
(0.0382714 0.0368034 0)
(0.0428855 0.0321036 0)
(0.0465335 0.0268725 0)
(0.0493395 0.0215045 0)
(0.0514501 0.0162473 0)
(0.0530027 0.0112577 0)
(0.0541171 0.0066347 0)
(0.0548925 0.00243771 0)
(0.0554082 -0.00130343 0)
(0.0557264 -0.0045827 0)
(0.0558952 -0.00741317 0)
(0.0559523 -0.00982235 0)
(0.0559264 -0.0118479 0)
(0.0558393 -0.0135334 0)
(0.055704 -0.0149245 0)
(0.0555116 -0.016063 0)
(0.0552427 -0.0169728 0)
(0.0038547 0.0328979 0)
(0.00827137 0.0358055 0)
(0.0131175 0.036014 0)
(0.0183634 0.0363255 0)
(0.0239417 0.0360296 0)
(0.0295873 0.0345475 0)
(0.0348459 0.0317012 0)
(0.0393702 0.0278811 0)
(0.0430933 0.0234993 0)
(0.0460739 0.0188744 0)
(0.048414 0.014236 0)
(0.0502225 0.00974706 0)
(0.0515992 0.00552212 0)
(0.0526288 0.00163891 0)
(0.0533793 -0.00185541 0)
(0.0539039 -0.00494095 0)
(0.054246 -0.00762044 0)
(0.0544428 -0.00991325 0)
(0.054526 -0.0118498 0)
(0.0545229 -0.0134664 0)
(0.0544532 -0.0148012 0)
(0.0543166 -0.0158887 0)
(0.0541021 -0.0167472 0)
(0.00349582 0.027456 0)
(0.00783256 0.0309169 0)
(0.012524 0.0311405 0)
(0.0174232 0.03114 0)
(0.0224984 0.0306478 0)
(0.0275509 0.0292963 0)
(0.0322859 0.0269611 0)
(0.0364663 0.0238232 0)
(0.040012 0.0201429 0)
(0.0429403 0.0161621 0)
(0.0453148 0.012081 0)
(0.0472148 0.00805801 0)
(0.0487179 0.00421652 0)
(0.0498902 0.000648473 0)
(0.050783 -0.00258466 0)
(0.0514359 -0.00545308 0)
(0.0518842 -0.00795403 0)
(0.0521626 -0.0101032 0)
(0.0523053 -0.0119272 0)
(0.0523444 -0.0134571 0)
(0.052306 -0.0147243 0)
(0.0521971 -0.0157559 0)
(0.0520136 -0.016564 0)
(0.00341115 0.0223602 0)
(0.00771329 0.0259552 0)
(0.0123528 0.0263539 0)
(0.0169846 0.0263198 0)
(0.0215875 0.0258279 0)
(0.0260504 0.0246592 0)
(0.0302155 0.0227249 0)
(0.0339417 0.0201143 0)
(0.0371662 0.0169946 0)
(0.0398904 0.0135471 0)
(0.0421545 0.00994148 0)
(0.0440157 0.00632739 0)
(0.045532 0.00283311 0)
(0.0467504 -0.000437044 0)
(0.0477023 -0.00340868 0)
(0.0484088 -0.00604674 0)
(0.0488946 -0.00834987 0)
(0.0491928 -0.0103361 0)
(0.0493407 -0.0120317 0)
(0.0493763 -0.0134647 0)
(0.0493316 -0.0146601 0)
(0.0492203 -0.0156371 0)
(0.0490435 -0.0164004 0)
(0.00344332 0.0173074 0)
(0.00773718 0.0209697 0)
(0.0123035 0.0216883 0)
(0.0166837 0.0218525 0)
(0.0208514 0.0215328 0)
(0.0247679 0.0206054 0)
(0.0283781 0.0190203 0)
(0.0316164 0.0168342 0)
(0.0344476 0.0141635 0)
(0.0368739 0.0111488 0)
(0.0389258 0.00793486 0)
(0.0406481 0.00466308 0)
(0.0420855 0.00146705 0)
(0.043269 -0.00153442 0)
(0.044206 -0.00425183 0)
(0.0448939 -0.00665061 0)
(0.0453466 -0.00874118 0)
(0.0455984 -0.0105513 0)
(0.045694 -0.0121112 0)
(0.0456786 -0.0134461 0)
(0.0455905 -0.0145739 0)
(0.0454481 -0.0155047 0)
(0.0452563 -0.0162343 0)
(0.00346861 0.0122314 0)
(0.0077796 0.0160117 0)
(0.0122656 0.017179 0)
(0.016404 0.0177211 0)
(0.0201612 0.0177163 0)
(0.0235673 0.0170909 0)
(0.0266486 0.0158368 0)
(0.0293961 0.014011 0)
(0.0318002 0.0117087 0)
(0.0338705 0.00904526 0)
(0.0356365 0.00614748 0)
(0.0371401 0.00315073 0)
(0.0384211 0.000197505 0)
(0.0394998 -0.00257173 0)
(0.0403547 -0.00504319 0)
(0.0409508 -0.0071918 0)
(0.0412936 -0.00905676 0)
(0.0414281 -0.0106847 0)
(0.0414121 -0.0121117 0)
(0.0413007 -0.0133587 0)
(0.0411366 -0.0144339 0)
(0.0409409 -0.0153354 0)
(0.0407189 -0.0160481 0)
(0.00349432 0.00715034 0)
(0.00785854 0.0110744 0)
(0.0122896 0.0128164 0)
(0.0161929 0.0139145 0)
(0.0195345 0.0143594 0)
(0.0224364 0.0140905 0)
(0.0250036 0.01316 0)
(0.0272653 0.0116537 0)
(0.0292265 0.0096644 0)
(0.0309014 0.00729195 0)
(0.0323221 0.00464834 0)
(0.0335348 0.0018639 0)
(0.0345853 -0.000905677 0)
(0.0354932 -0.00348495 0)
(0.0361997 -0.0057125 0)
(0.0366227 -0.00759063 0)
(0.0367681 -0.0092181 0)
(0.0367096 -0.010669 0)
(0.0365264 -0.0119818 0)
(0.0362827 -0.0131668 0)
(0.0360222 -0.0142167 0)
(0.0357628 -0.0151144 0)
(0.0355061 -0.0158327 0)
(0.00358345 0.00203474 0)
(0.00807965 0.0061123 0)
(0.0125108 0.00858753 0)
(0.0161703 0.0104661 0)
(0.0190473 0.0115006 0)
(0.0214152 0.0116136 0)
(0.0234729 0.0109856 0)
(0.0252607 0.00976535 0)
(0.0267759 0.00805259 0)
(0.0280276 0.00593283 0)
(0.0290479 0.00349995 0)
(0.0298925 0.000874176 0)
(0.030626 -0.00177507 0)
(0.03129 -0.00421786 0)
(0.0317722 -0.00618706 0)
(0.0319217 -0.00775458 0)
(0.0317674 -0.0091379 0)
(0.0314422 -0.0104384 0)
(0.0310512 -0.0116805 0)
(0.0306603 -0.0128494 0)
(0.0303037 -0.0139147 0)
(0.0299884 -0.0148417 0)
(0.029707 -0.0155908 0)
(0.00382252 -0.00314638 0)
(0.0086318 0.00104793 0)
(0.0130348 0.00451975 0)
(0.0163736 0.00750786 0)
(0.0187002 0.00926737 0)
(0.0204964 0.00970114 0)
(0.0220779 0.00930769 0)
(0.0234353 0.00833633 0)
(0.0245265 0.00688251 0)
(0.0253423 0.00500489 0)
(0.025909 0.00276791 0)
(0.0262905 0.000267075 0)
(0.0265837 -0.00232766 0)
(0.0269037 -0.00471593 0)
(0.0270542 -0.00638547 0)
(0.0267985 -0.00757338 0)
(0.0262316 -0.00872752 0)
(0.025589 -0.0099447 0)
(0.0249881 -0.0111939 0)
(0.0244736 -0.0124135 0)
(0.0240528 -0.0135444 0)
(0.0237126 -0.0145356 0)
(0.0234322 -0.0153386 0)
(0.00438723 -0.00901764 0)
(0.00947362 -0.00413691 0)
(0.0134083 0.000637463 0)
(0.0162907 0.0051011 0)
(0.0181445 0.00768961 0)
(0.019481 0.00826704 0)
(0.0207624 0.00802681 0)
(0.0218266 0.00730018 0)
(0.0225689 0.00613552 0)
(0.022968 0.00454507 0)
(0.023039 0.00255201 0)
(0.0228406 0.00020525 0)
(0.0224976 -0.00236098 0)
(0.0223037 -0.00481365 0)
(0.0219085 -0.00613584 0)
(0.0210877 -0.00689161 0)
(0.0200224 -0.00791688 0)
(0.0190845 -0.00918936 0)
(0.0183465 -0.0105606 0)
(0.0177888 -0.011909 0)
(0.0173731 -0.0131526 0)
(0.0170611 -0.014234 0)
(0.0168203 -0.0151048 0)
(0.00388179 -0.0167788 0)
(0.00817013 -0.00929841 0)
(0.0112046 -0.00322062 0)
(0.0138652 0.00243982 0)
(0.0163238 0.00581867 0)
(0.0179342 0.00658451 0)
(0.0194297 0.0067074 0)
(0.0204822 0.00642732 0)
(0.0210296 0.00572367 0)
(0.0210894 0.00458623 0)
(0.020673 0.00301649 0)
(0.0198016 0.00101163 0)
(0.0185491 -0.001392 0)
(0.0174857 -0.00392532 0)
(0.0158586 -0.00497015 0)
(0.0143938 -0.0055257 0)
(0.0129154 -0.00675294 0)
(0.0118774 -0.00830239 0)
(0.0111896 -0.00991209 0)
(0.0107315 -0.01144 0)
(0.0104188 -0.0128112 0)
(0.0101988 -0.013981 0)
(0.0100366 -0.0149121 0)
(-0.00500521 -0.0172022 0)
(0.00298474 -0.0144507 0)
(0.00459262 -0.00701456 0)
(0.00639178 -0.00145459 0)
(0.0126227 0.00248933 0)
(0.0160155 0.00354422 0)
(0.0183353 0.00479155 0)
(0.0196294 0.0054367 0)
(0.0201521 0.0054825 0)
(0.0200225 0.00503097 0)
(0.019252 0.00415483 0)
(0.0177897 0.00288945 0)
(0.0155925 0.00118116 0)
(0.0130014 -0.00135831 0)
(0.007366 -0.00183277 0)
(0.00590556 -0.00308211 0)
(0.0047125 -0.00526926 0)
(0.00407868 -0.00743733 0)
(0.00373539 -0.00939869 0)
(0.00353954 -0.0111292 0)
(0.00341904 -0.0126208 0)
(0.00333991 -0.0138651 0)
(0.00328357 -0.0148419 0)
(0.0229383 0.0242619 0)
(0.0102334 0.0186435 0)
(-0.00263692 0.0186282 0)
(-0.0151456 0.0218195 0)
(0.00781182 0.0301728 0)
(0.00299083 0.0312574 0)
(-0.00335814 0.0322362 0)
(-0.00997465 0.0327047 0)
(0.00870882 0.0344884 0)
(0.0052903 0.0369008 0)
(0.0003339 0.0390182 0)
(-0.00537399 0.0404132 0)
(0.027927 0.0391771 0)
(0.0216068 0.0477779 0)
(0.00932896 0.0506969 0)
(-0.00240261 0.0509419 0)
(0.0482437 0.0432066 0)
(0.0477312 0.0867683 0)
(0.0347023 0.106559 0)
(0.0220891 0.101454 0)
(-0.000829653 0.0411077 0)
(-0.00166952 0.0829841 0)
(0.00154925 0.100505 0)
(0.00769615 0.0883204 0)
(-0.0383307 0.0440122 0)
(-0.0329167 0.0730556 0)
(-0.0183767 0.0768474 0)
(-0.00446797 0.0656997 0)
(-0.0370391 0.0457855 0)
(-0.0303198 0.0534632 0)
(-0.019128 0.0486444 0)
(-0.00918204 0.0409343 0)
(-0.0376586 0.0450559 0)
(-0.034191 0.037185 0)
(-0.029647 0.0290418 0)
(-0.0260515 0.0234863 0)
(-0.0546652 0.0386378 0)
(-0.0514967 0.0312154 0)
(-0.0484944 0.0251576 0)
(-0.0456453 0.0215338 0)
(-0.0704198 0.0309704 0)
(-0.0668263 0.0245209 0)
(-0.0637438 0.0192538 0)
(-0.0608802 0.016073 0)
(-0.0816677 0.0223794 0)
(-0.0778447 0.0172537 0)
(-0.0746421 0.012835 0)
(-0.0717957 0.00999378 0)
(-0.0870674 0.0134883 0)
(-0.083206 0.00965524 0)
(-0.0798926 0.00631107 0)
(-0.0769841 0.00396492 0)
(-0.0862861 0.00482827 0)
(-0.0826067 0.00199837 0)
(-0.079335 -0.000341157 0)
(-0.0764354 -0.00199031 0)
(-0.080139 -0.0029215 0)
(-0.0769485 -0.00507256 0)
(-0.0740383 -0.00669374 0)
(-0.0714081 -0.00768099 0)
(-0.0700552 -0.0092673 0)
(-0.0675137 -0.0109506 0)
(-0.0651689 -0.0120769 0)
(-0.0630216 -0.0125768 0)
(-0.0574879 -0.0141203 0)
(-0.0555962 -0.0154594 0)
(-0.0538516 -0.0162329 0)
(-0.0522489 -0.0163916 0)
(-0.0436214 -0.0176144 0)
(-0.0423106 -0.0186808 0)
(-0.0411142 -0.0191945 0)
(-0.0400205 -0.0191193 0)
(-0.029371 -0.0199466 0)
(-0.0285463 -0.0207921 0)
(-0.0278114 -0.021114 0)
(-0.0271498 -0.0208853 0)
(-0.0154237 -0.0213316 0)
(-0.0149856 -0.0220009 0)
(-0.014617 -0.022185 0)
(-0.0142992 -0.0218635 0)
(-0.00227366 -0.0219771 0)
(-0.00212778 -0.02251 0)
(-0.00203442 -0.0226003 0)
(-0.00197465 -0.0222319 0)
(0.00974774 -0.0220776 0)
(0.00968511 -0.022509 0)
(0.00958351 -0.0225396 0)
(0.00946043 -0.0221568 0)
(0.020423 -0.0217981 0)
(0.020223 -0.0221555 0)
(0.0199944 -0.0221518 0)
(0.0197528 -0.0217767 0)
(0.0296382 -0.0212812 0)
(0.0293593 -0.0215862 0)
(0.0290594 -0.021566 0)
(0.0287519 -0.0212119 0)
(0.0373588 -0.0206412 0)
(0.0370466 -0.0209094 0)
(0.0367184 -0.0208836 0)
(0.0363856 -0.0205568 0)
(0.0436048 -0.019965 0)
(0.0432925 -0.0202066 0)
(0.0429673 -0.0201809 0)
(0.0426386 -0.0198821 0)
(0.0484309 -0.0193137 0)
(0.0481407 -0.0195346 0)
(0.0478391 -0.0195104 0)
(0.0475339 -0.0192368 0)
(0.0519105 -0.0187258 0)
(0.0516553 -0.0189287 0)
(0.051389 -0.0189048 0)
(0.0511181 -0.0186513 0)
(0.0541251 -0.0182209 0)
(0.05391 -0.0184062 0)
(0.0536835 -0.0183801 0)
(0.0534512 -0.0181408 0)
(0.0551567 -0.0178033 0)
(0.0549808 -0.0179708 0)
(0.0547932 -0.0179395 0)
(0.0545987 -0.0177088 0)
(0.0550834 -0.0174664 0)
(0.0549418 -0.0176158 0)
(0.0547884 -0.0175767 0)
(0.0546273 -0.01735 0)
(0.0539787 -0.017196 0)
(0.0538636 -0.0173274 0)
(0.0537373 -0.0172793 0)
(0.0536032 -0.0170535 0)
(0.0519113 -0.0169729 0)
(0.0518137 -0.0170878 0)
(0.0517061 -0.017031 0)
(0.0515917 -0.016805 0)
(0.0489473 -0.0167764 0)
(0.0488582 -0.0168781 0)
(0.0487612 -0.0168147 0)
(0.048659 -0.0165894 0)
(0.0451532 -0.0165872 0)
(0.045065 -0.0166806 0)
(0.0449717 -0.0166146 0)
(0.0448758 -0.0163931 0)
(0.0406004 -0.0163904 0)
(0.0405081 -0.0164821 0)
(0.0404142 -0.0164192 0)
(0.0403208 -0.0162061 0)
(0.0353704 -0.0161785 0)
(0.0352729 -0.0162761 0)
(0.0351776 -0.0162227 0)
(0.0350859 -0.0160234 0)
(0.0295603 -0.0159543 0)
(0.0294613 -0.0160652 0)
(0.0293677 -0.0160276 0)
(0.0292804 -0.015847 0)
(0.0232888 -0.0157309 0)
(0.0231961 -0.0158607 0)
(0.0231108 -0.0158431 0)
(0.0230334 -0.0156845 0)
(0.0166997 -0.0155328 0)
(0.0166236 -0.0156838 0)
(0.0165549 -0.0156871 0)
(0.016494 -0.0155502 0)
(0.00995822 -0.0153699 0)
(0.00990986 -0.0155388 0)
(0.00986707 -0.0155582 0)
(0.00983012 -0.0154357 0)
(0.00325768 -0.0153168 0)
(0.00324176 -0.0154946 0)
(0.00322786 -0.0155258 0)
(0.00321622 -0.0154207 0)
(-0.0213335 0.0275678 0)
(-0.027921 0.0211496 0)
(-0.0421736 0.0157393 0)
(-0.0562515 0.0115412 0)
(-0.0667838 0.0108143 0)
(-0.0721902 0.018631 0)
(-0.0753907 0.024369 0)
(-0.0768711 0.0181651 0)
(-0.0717248 0.0127109 0)
(-0.0599173 0.00983393 0)
(-0.0483545 0.00410339 0)
(-0.0384229 0.000574605 0)
(-0.024113 0.00213056 0)
(-0.00452129 0.00107928 0)
(0.0153566 -0.00885367 0)
(0.0296681 -0.0261407 0)
(0.0339794 -0.0416015 0)
(0.0296784 -0.0518862 0)
(0.021708 -0.0540938 0)
(-0.0194523 0.0332945 0)
(-0.0321458 0.0313986 0)
(-0.0501233 0.0277857 0)
(-0.0698543 0.0229481 0)
(-0.0858859 0.0183867 0)
(-0.0911207 0.0197826 0)
(-0.0857452 0.0221312 0)
(-0.0769137 0.0135731 0)
(-0.0670115 0.0027886 0)
(-0.0545416 -0.00199019 0)
(-0.0414557 -0.00661256 0)
(-0.0285631 -0.0109123 0)
(-0.013247 -0.0133013 0)
(0.00555371 -0.01619 0)
(0.0242347 -0.0237365 0)
(0.0365172 -0.0333967 0)
(0.0376766 -0.0397031 0)
(0.0281848 -0.0416887 0)
(0.014151 -0.0333976 0)
(-0.0152733 0.0414396 0)
(-0.0304114 0.0427843 0)
(-0.0508742 0.0414926 0)
(-0.0758435 0.0369046 0)
(-0.0964608 0.0257144 0)
(-0.0996221 0.0169305 0)
(-0.0883428 0.0135795 0)
(-0.07265 0.00546984 0)
(-0.059118 -0.00540567 0)
(-0.046813 -0.0110331 0)
(-0.0336829 -0.0156751 0)
(-0.0199585 -0.0202422 0)
(-0.00459389 -0.0240958 0)
(0.013593 -0.0279446 0)
(0.0314085 -0.0333354 0)
(0.0410375 -0.0371124 0)
(0.0352343 -0.0354725 0)
(0.0147684 -0.0310094 0)
(-0.00822319 -0.0205671 0)
(-0.0163993 0.0508051 0)
(-0.0306201 0.0567896 0)
(-0.0459551 0.0589097 0)
(-0.0620045 0.0569209 0)
(-0.0781473 0.0360085 0)
(-0.0878497 0.0148312 0)
(-0.0797754 0.00782393 0)
(-0.0604658 -0.000133475 0)
(-0.0469628 -0.0097827 0)
(-0.0380836 -0.0151119 0)
(-0.0271479 -0.0206283 0)
(-0.0146248 -0.0258979 0)
(0.000445007 -0.0306511 0)
(0.0188946 -0.0354555 0)
(0.0357668 -0.0395396 0)
(0.0414039 -0.0378207 0)
(0.0315609 -0.0271069 0)
(0.00881878 -0.01959 0)
(-0.0209023 -0.0270097 0)
(0.0119644 0.0856695 0)
(0.0123026 0.0875518 0)
(0.0104712 0.0926025 0)
(0.0098472 0.0916919 0)
(0.0144364 0.0582177 0)
(0.0273017 0.00870515 0)
(0.0495741 -0.0333765 0)
(0.0796641 -0.0498058 0)
(0.106775 -0.0487703 0)
(0.120486 -0.0443771 0)
(0.110109 -0.0465418 0)
(0.093737 -0.0633143 0)
(0.0918578 -0.0781916 0)
(0.0914466 -0.079361 0)
(0.0772837 -0.0690408 0)
(0.055082 -0.0328374 0)
(0.0268534 0.0184951 0)
(-0.00323886 0.0398495 0)
(-0.0191838 -0.0298639 0)
(0.0183735 0.0694746 0)
(0.0299718 0.0678357 0)
(0.0380318 0.0713654 0)
(0.0478988 0.0661049 0)
(0.0603034 0.0340168 0)
(0.0728859 -0.00287857 0)
(0.0837335 -0.0382539 0)
(0.0939469 -0.0523838 0)
(0.10371 -0.0442853 0)
(0.108984 -0.0251426 0)
(0.10547 -0.0110383 0)
(0.092226 -0.0315809 0)
(0.0808627 -0.0483404 0)
(0.0735465 -0.0418659 0)
(0.063604 -0.0291084 0)
(0.043415 -0.000156632 0)
(0.017629 0.0312268 0)
(-0.00779742 0.035279 0)
(-0.0194195 -0.04732 0)
(0.01226 0.054555 0)
(0.0282288 0.0561515 0)
(0.0423731 0.0605762 0)
(0.060355 0.0525515 0)
(0.0790552 0.0214667 0)
(0.0926612 -0.00848058 0)
(0.093199 -0.0422747 0)
(0.0814936 -0.0566719 0)
(0.07179 -0.0468241 0)
(0.0658945 -0.0258331 0)
(0.0649922 -0.00863811 0)
(0.063134 -0.0220781 0)
(0.0519325 -0.0395997 0)
(0.04244 -0.0371734 0)
(0.0356763 -0.0181963 0)
(0.0233915 0.017907 0)
(0.00905356 0.0487462 0)
(-0.00318031 0.048992 0)
(-0.00354346 -0.0590849 0)
(0.00271733 0.038022 0)
(0.0147252 0.0432954 0)
(0.0290977 0.0468573 0)
(0.0471464 0.0349306 0)
(0.0590921 0.00565672 0)
(0.0590578 -0.0165395 0)
(0.0533233 -0.0358338 0)
(0.0432449 -0.0449508 0)
(0.0320127 -0.0367805 0)
(0.0250975 -0.0218323 0)
(0.0262527 -0.0120775 0)
(0.0292671 -0.0184384 0)
(0.0262635 -0.0304999 0)
(0.0193522 -0.0312495 0)
(0.00993219 -0.0101429 0)
(0.00172264 0.0267655 0)
(0.000211962 0.0536656 0)
(0.00764895 0.0482029 0)
(0.0210573 -0.0499523 0)
(-0.0212747 0.022955 0)
(-0.0119707 0.0280216 0)
(0.000295577 0.0291519 0)
(0.0131589 0.0199005 0)
(0.0211213 0.00282943 0)
(0.0225123 -0.0127752 0)
(0.0187458 -0.0272606 0)
(0.0100921 -0.0339191 0)
(-0.000230047 -0.0279435 0)
(-0.00602231 -0.019704 0)
(-0.00394641 -0.0165814 0)
(0.00111307 -0.0210566 0)
(0.00218837 -0.0280028 0)
(-0.00290738 -0.0249022 0)
(-0.0100697 -0.00343288 0)
(-0.011381 0.0266228 0)
(-0.00279915 0.0443894 0)
(0.0167601 0.0311292 0)
(0.0296877 -0.0275795 0)
(-0.0407843 0.0195884 0)
(-0.0326591 0.0216283 0)
(-0.0223593 0.0208963 0)
(-0.0119853 0.0136235 0)
(-0.00558187 0.00113419 0)
(-0.00443033 -0.011231 0)
(-0.00817631 -0.0216655 0)
(-0.0162979 -0.0252521 0)
(-0.0250196 -0.0210426 0)
(-0.0285634 -0.0191521 0)
(-0.0256037 -0.0209352 0)
(-0.0211224 -0.0247373 0)
(-0.0201093 -0.0268964 0)
(-0.0237964 -0.0197995 0)
(-0.0271943 -0.00186836 0)
(-0.0229844 0.019703 0)
(-0.00976299 0.0293126 0)
(0.00867494 0.0150708 0)
(0.0146 -0.00757888 0)
(-0.0561011 0.0139149 0)
(-0.0487576 0.0141824 0)
(-0.0395308 0.0123476 0)
(-0.0306735 0.00694708 0)
(-0.0252996 -0.001531 0)
(-0.0245505 -0.010034 0)
(-0.0279103 -0.0167736 0)
(-0.0341002 -0.0184563 0)
(-0.0394273 -0.0168076 0)
(-0.0408843 -0.0195957 0)
(-0.0393632 -0.0237372 0)
(-0.0376066 -0.0265263 0)
(-0.0387178 -0.0252953 0)
(-0.0437401 -0.0158459 0)
(-0.047715 -0.00251752 0)
(-0.0435602 0.0115041 0)
(-0.0315658 0.017173 0)
(-0.0184899 0.0050715 0)
(-0.0132412 -0.00511284 0)
(-0.0670765 0.00778661 0)
(-0.0600472 0.00667745 0)
(-0.0518547 0.00444393 0)
(-0.0444274 0.000826247 0)
(-0.0398505 -0.00415063 0)
(-0.0388444 -0.00926361 0)
(-0.0405703 -0.0134681 0)
(-0.043425 -0.0145711 0)
(-0.0453482 -0.0149744 0)
(-0.0465146 -0.0189672 0)
(-0.04824 -0.0236125 0)
(-0.0508903 -0.0251984 0)
(-0.055516 -0.0213201 0)
(-0.0620911 -0.0102708 0)
(-0.0671566 -0.00159102 0)
(-0.0648989 0.00426493 0)
(-0.0536602 0.00502841 0)
(-0.0377784 -0.00886948 0)
(-0.0198417 -0.0288299 0)
(-0.0723093 0.00180288 0)
(-0.0658912 1.21792e-05 0)
(-0.0591088 -0.00211655 0)
(-0.052981 -0.00433037 0)
(-0.0488006 -0.00666394 0)
(-0.0472019 -0.00941307 0)
(-0.0475432 -0.0122605 0)
(-0.048498 -0.0133827 0)
(-0.049155 -0.0142519 0)
(-0.0504473 -0.0168939 0)
(-0.0537799 -0.0201833 0)
(-0.0591931 -0.0204627 0)
(-0.0658648 -0.0154539 0)
(-0.0713973 -0.00541955 0)
(-0.07353 -0.000475355 0)
(-0.070017 -0.00250879 0)
(-0.0585373 -0.00978605 0)
(-0.040119 -0.0303806 0)
(-0.0170785 -0.0552533 0)
(-0.072026 -0.00366569 0)
(-0.0666582 -0.0054379 0)
(-0.0614029 -0.00731089 0)
(-0.056653 -0.00866423 0)
(-0.0530502 -0.00925994 0)
(-0.0510599 -0.0103081 0)
(-0.0506096 -0.0120042 0)
(-0.0510122 -0.0129599 0)
(-0.0516484 -0.0135311 0)
(-0.053023 -0.014712 0)
(-0.0560378 -0.0159716 0)
(-0.0606309 -0.0149997 0)
(-0.0653437 -0.0104681 0)
(-0.0675936 -0.00383264 0)
(-0.0661446 -0.00210325 0)
(-0.061088 -0.0091965 0)
(-0.0513349 -0.023248 0)
(-0.0363078 -0.0500579 0)
(-0.0155513 -0.0783189 0)
(-0.0674503 -0.00852373 0)
(-0.0629801 -0.00972324 0)
(-0.0591093 -0.0111438 0)
(-0.0558319 -0.0119124 0)
(-0.0531584 -0.0116206 0)
(-0.0512683 -0.0115862 0)
(-0.0504042 -0.0122239 0)
(-0.0503735 -0.0126533 0)
(-0.0507916 -0.0127674 0)
(-0.0518162 -0.0130108 0)
(-0.0538574 -0.0130319 0)
(-0.0566123 -0.0116512 0)
(-0.058708 -0.00847891 0)
(-0.0581838 -0.00514378 0)
(-0.0543229 -0.00620133 0)
(-0.0483192 -0.0152786 0)
(-0.0406866 -0.0326279 0)
(-0.031009 -0.0637959 0)
(-0.0144848 -0.0992564 0)
(-0.0597498 -0.0126749 0)
(-0.0560796 -0.0130852 0)
(-0.0532524 -0.0137878 0)
(-0.0511262 -0.0140511 0)
(-0.0493401 -0.0134241 0)
(-0.0478246 -0.0128447 0)
(-0.0468821 -0.0127278 0)
(-0.0465581 -0.0126156 0)
(-0.0466338 -0.0123332 0)
(-0.0470972 -0.0120241 0)
(-0.0480269 -0.0115148 0)
(-0.0490382 -0.0103558 0)
(-0.0490873 -0.00870888 0)
(-0.0469451 -0.00801318 0)
(-0.0423426 -0.0112062 0)
(-0.0363956 -0.0209551 0)
(-0.0301685 -0.0391046 0)
(-0.0248211 -0.0726408 0)
(-0.0130207 -0.118623 0)
(-0.0498012 -0.0159533 0)
(-0.047012 -0.0156391 0)
(-0.0449567 -0.0156308 0)
(-0.043519 -0.0154302 0)
(-0.0423482 -0.0146806 0)
(-0.0412709 -0.0138734 0)
(-0.0404682 -0.0133074 0)
(-0.0400235 -0.0128291 0)
(-0.0398126 -0.0123023 0)
(-0.0397432 -0.0117801 0)
(-0.0397286 -0.0112144 0)
(-0.0394274 -0.0105684 0)
(-0.0381547 -0.0102626 0)
(-0.0352111 -0.0114501 0)
(-0.0305517 -0.016068 0)
(-0.025034 -0.0260891 0)
(-0.0196417 -0.0438556 0)
(-0.0167184 -0.0773187 0)
(-0.008754 -0.134203 0)
(-0.0383562 -0.0183228 0)
(-0.0364032 -0.017459 0)
(-0.0350022 -0.0169102 0)
(-0.0340509 -0.016338 0)
(-0.0332983 -0.0155078 0)
(-0.0325832 -0.0146147 0)
(-0.0319664 -0.0138435 0)
(-0.0315002 -0.013185 0)
(-0.0311057 -0.0125885 0)
(-0.0306622 -0.0121017 0)
(-0.0300204 -0.0117648 0)
(-0.0289114 -0.011721 0)
(-0.0269359 -0.0124852 0)
(-0.0237406 -0.0149849 0)
(-0.0193886 -0.0205427 0)
(-0.0145087 -0.0306795 0)
(-0.009805 -0.0477154 0)
(-0.00826249 -0.0791231 0)
(-0.00369559 -0.143716 0)
(-0.0261557 -0.0198692 0)
(-0.0249284 -0.0186446 0)
(-0.0240722 -0.0177341 0)
(-0.0235118 -0.0169151 0)
(-0.0230773 -0.0160223 0)
(-0.0226431 -0.0151148 0)
(-0.0222023 -0.0142952 0)
(-0.0217662 -0.0136031 0)
(-0.0212797 -0.0130632 0)
(-0.0206369 -0.0127551 0)
(-0.0196902 -0.0127752 0)
(-0.0182361 -0.0133244 0)
(-0.0160485 -0.0149151 0)
(-0.0129904 -0.0183092 0)
(-0.00919555 -0.0244531 0)
(-0.00516235 -0.034556 0)
(-0.00141046 -0.0507167 0)
(-0.00071963 -0.0793545 0)
(0.000970393 -0.147038 0)
(-0.0138407 -0.0207321 0)
(-0.0132041 -0.0193042 0)
(-0.0127892 -0.0181795 0)
(-0.0125472 -0.0172176 0)
(-0.0123653 -0.0162975 0)
(-0.0121523 -0.0154212 0)
(-0.0118744 -0.0146442 0)
(-0.0115135 -0.0140192 0)
(-0.0110237 -0.0136129 0)
(-0.010331 -0.0135344 0)
(-0.00932603 -0.0139252 0)
(-0.00786446 -0.0149976 0)
(-0.00581792 -0.0172165 0)
(-0.00316954 -0.0211955 0)
(-9.43309e-05 -0.02765 0)
(0.00298458 -0.0375544 0)
(0.00548696 -0.0527452 0)
(0.0056872 -0.0789985 0)
(0.00533911 -0.144509 0)
(-0.00192077 -0.0210605 0)
(-0.00173751 -0.0195486 0)
(-0.00166571 -0.0183203 0)
(-0.00167625 -0.0172938 0)
(-0.001695 -0.0163815 0)
(-0.00166019 -0.0155653 0)
(-0.00153328 -0.0148766 0)
(-0.001286 -0.014371 0)
(-0.000879442 -0.0141325 0)
(-0.000262004 -0.0142863 0)
(0.000630874 -0.0149985 0)
(0.00188798 -0.0164908 0)
(0.00356812 -0.0191593 0)
(0.00562797 -0.0234918 0)
(0.00788968 -0.0300543 0)
(0.00999387 -0.0396418 0)
(0.0113646 -0.053813 0)
(0.011055 -0.0774845 0)
(0.00886246 -0.137921 0)
(0.00922526 -0.0209973 0)
(0.00908147 -0.0194844 0)
(0.0089015 -0.0182295 0)
(0.00870026 -0.017193 0)
(0.00852553 -0.0163138 0)
(0.00841541 -0.0155708 0)
(0.00840178 -0.0149848 0)
(0.00851108 -0.0146103 0)
(0.0087718 -0.0145374 0)
(0.00921533 -0.0148962 0)
(0.00987545 -0.0158587 0)
(0.0107899 -0.0176508 0)
(0.0119654 -0.0206015 0)
(0.0133331 -0.0251103 0)
(0.0147316 -0.0316411 0)
(0.0158752 -0.0408544 0)
(0.0162658 -0.0540429 0)
(0.0156193 -0.0752309 0)
(0.0119722 -0.127539 0)
(0.0193287 -0.0206647 0)
(0.0189698 -0.0192037 0)
(0.0186197 -0.0179719 0)
(0.0182848 -0.0169591 0)
(0.0179943 -0.0161259 0)
(0.0177675 -0.0154552 0)
(0.0176248 -0.0149642 0)
(0.0175843 -0.0147053 0)
(0.0176616 -0.014768 0)
(0.017869 -0.0152806 0)
(0.0182135 -0.0164119 0)
(0.018694 -0.0183774 0)
(0.0192806 -0.0214592 0)
(0.0198891 -0.0259948 0)
(0.0203709 -0.0323835 0)
(0.0204941 -0.0411933 0)
(0.0198428 -0.0535014 0)
(0.018594 -0.0724141 0)
(0.0138632 -0.114109 0)
(0.0282207 -0.0201683 0)
(0.0277389 -0.0187878 0)
(0.0272876 -0.0176061 0)
(0.0268687 -0.0166333 0)
(0.026498 -0.0158471 0)
(0.0261797 -0.0152367 0)
(0.0259217 -0.0148184 0)
(0.0257302 -0.0146418 0)
(0.0256069 -0.0147922 0)
(0.0255458 -0.0153913 0)
(0.0255299 -0.0165983 0)
(0.0255276 -0.0186121 0)
(0.0254791 -0.0216794 0)
(0.0252826 -0.0260929 0)
(0.0247839 -0.0322064 0)
(0.0237542 -0.0405154 0)
(0.0218061 -0.051905 0)
(0.0191044 -0.0685927 0)
(0.0133618 -0.0998072 0)
(0.0358109 -0.0195914 0)
(0.0352772 -0.0183018 0)
(0.0347794 -0.0171804 0)
(0.0343175 -0.0162508 0)
(0.033897 -0.0155034 0)
(0.0335103 -0.0149331 0)
(0.0331528 -0.0145563 0)
(0.0328186 -0.0144186 0)
(0.0324949 -0.0145987 0)
(0.0321582 -0.0152082 0)
(0.0317708 -0.0163924 0)
(0.0312751 -0.01833 0)
(0.030585 -0.0212368 0)
(0.029576 -0.0253675 0)
(0.0280725 -0.0310323 0)
(0.0258234 -0.0386538 0)
(0.0224624 -0.0489255 0)
(0.0179835 -0.0633173 0)
(0.0113139 -0.0866984 0)
(0.0420666 -0.0189956 0)
(0.0415324 -0.017795 0)
(0.0410288 -0.0167326 0)
(0.0405554 -0.0158405 0)
(0.0401103 -0.0151174 0)
(0.0396762 -0.0145625 0)
(0.0392376 -0.0141915 0)
(0.0387766 -0.0140453 0)
(0.0382669 -0.0141936 0)
(0.0376697 -0.0147357 0)
(0.0369287 -0.0157994 0)
(0.0359648 -0.017541 0)
(0.0346691 -0.0201457 0)
(0.0328936 -0.0238307 0)
(0.0304382 -0.02886 0)
(0.0270336 -0.0355852 0)
(0.0223704 -0.0445476 0)
(0.0163652 -0.0567725 0)
(0.00904541 -0.0753756 0)
(0.0469956 -0.0184234 0)
(0.0464945 -0.017302 0)
(0.0460133 -0.0162906 0)
(0.0455517 -0.0154248 0)
(0.045102 -0.0147085 0)
(0.0446397 -0.0141428 0)
(0.0441401 -0.0137419 0)
(0.0435745 -0.0135404 0)
(0.0429051 -0.0135978 0)
(0.0420799 -0.0139988 0)
(0.0410275 -0.0148524 0)
(0.0396524 -0.0162899 0)
(0.0378275 -0.0184651 0)
(0.0353861 -0.0215571 0)
(0.032109 -0.0257825 0)
(0.0277146 -0.0314311 0)
(0.0219533 -0.0389608 0)
(0.0146745 -0.0493152 0)
(0.00683235 -0.0658825 0)
(0.0506318 -0.0179013 0)
(0.0501834 -0.0168453 0)
(0.049742 -0.0158731 0)
(0.0493079 -0.0150206 0)
(0.0488694 -0.014293 0)
(0.0483965 -0.013692 0)
(0.047857 -0.0132281 0)
(0.0472137 -0.0129292 0)
(0.0464193 -0.0128433 0)
(0.0454116 -0.0130397 0)
(0.0441088 -0.0136072 0)
(0.0424043 -0.0146518 0)
(0.0401606 -0.0162958 0)
(0.0372014 -0.0186792 0)
(0.0333002 -0.0219725 0)
(0.0281742 -0.0264135 0)
(0.0216138 -0.0324266 0)
(0.0133587 -0.0411346 0)
(0.00506577 -0.0580711 0)
(0.0530247 -0.0174423 0)
(0.0526374 -0.0164371 0)
(0.052245 -0.0154919 0)
(0.0518483 -0.0146396 0)
(0.051433 -0.0138847 0)
(0.0509652 -0.0132271 0)
(0.0504074 -0.0126728 0)
(0.0497158 -0.0122416 0)
(0.0488364 -0.0119701 0)
(0.0477002 -0.0119119 0)
(0.0462194 -0.0121363 0)
(0.0442831 -0.0127249 0)
(0.0417525 -0.0137701 0)
(0.0384545 -0.0153765 0)
(0.0341736 -0.0176734 0)
(0.0286517 -0.0208597 0)
(0.0217308 -0.0253623 0)
(0.013212 -0.0325999 0)
(0.00491319 -0.0510453 0)
(0.0542321 -0.0170499 0)
(0.0539062 -0.0160819 0)
(0.0535656 -0.0151527 0)
(0.0532117 -0.0142898 0)
(0.0528285 -0.013495 0)
(0.05238 -0.0127646 0)
(0.0518249 -0.0120992 0)
(0.0511154 -0.0115101 0)
(0.0501929 -0.0110225 0)
(0.048985 -0.0106754 0)
(0.0474023 -0.0105201 0)
(0.0453357 -0.0106173 0)
(0.0426537 -0.0110345 0)
(0.0391983 -0.011848 0)
(0.0347804 -0.0131573 0)
(0.0291847 -0.0151408 0)
(0.0223081 -0.0182573 0)
(0.0141647 -0.024217 0)
(0.00623336 -0.0433741 0)
(0.0543153 -0.0167204 0)
(0.0540455 -0.0157787 0)
(0.0537552 -0.0148572 0)
(0.0534461 -0.0139763 0)
(0.0531016 -0.0131333 0)
(0.0526848 -0.0123198 0)
(0.0521524 -0.0115302 0)
(0.0514541 -0.0107672 0)
(0.0505294 -0.0100452 0)
(0.0493049 -0.00939014 0)
(0.0476929 -0.0088385 0)
(0.0455906 -0.00843435 0)
(0.0428794 -0.00822718 0)
(0.0394235 -0.00827399 0)
(0.0350653 -0.0086562 0)
(0.0296279 -0.00954299 0)
(0.0230224 -0.0114197 0)
(0.0153594 -0.0161647 0)
(0.00760705 -0.0345391 0)
(0.0533371 -0.0164454 0)
(0.0531147 -0.0155229 0)
(0.0528703 -0.0146044 0)
(0.0526058 -0.0137019 0)
(0.0523048 -0.0128073 0)
(0.0519303 -0.0119065 0)
(0.0514386 -0.0109872 0)
(0.0507786 -0.0100437 0)
(0.0498893 -0.0090802 0)
(0.048698 -0.00811161 0)
(0.0471207 -0.00716283 0)
(0.0450629 -0.0062669 0)
(0.0424218 -0.00546244 0)
(0.0390857 -0.00479526 0)
(0.0349291 -0.00433577 0)
(0.0298061 -0.00424206 0)
(0.0236217 -0.00498077 0)
(0.0165047 -0.00836431 0)
(0.00881169 -0.0246515 0)
(0.0513611 -0.016214 0)
(0.051176 -0.0153077 0)
(0.0509718 -0.0143914 0)
(0.0507506 -0.0134681 0)
(0.0504962 -0.0125233 0)
(0.0501728 -0.0115369 0)
(0.0497376 -0.0104896 0)
(0.0491399 -0.0093673 0)
(0.0483192 -0.00816481 0)
(0.0472041 -0.00688747 0)
(0.0457142 -0.00555211 0)
(0.0437634 -0.00418626 0)
(0.0412645 -0.0028247 0)
(0.0381292 -0.00150877 0)
(0.03426 -0.000302419 0)
(0.0295392 0.000651827 0)
(0.0238723 0.000951876 0)
(0.0174634 -0.000898027 0)
(0.010096 -0.0137402 0)
(0.0484538 -0.0160147 0)
(0.0482963 -0.0151261 0)
(0.0481264 -0.0142148 0)
(0.0479463 -0.0132751 0)
(0.0477406 -0.012286 0)
(0.0474755 -0.0112212 0)
(0.04711 -0.010054 0)
(0.046595 -0.00876205 0)
(0.0458713 -0.00733069 0)
(0.0448685 -0.00575672 0)
(0.0435078 -0.00405159 0)
(0.0417092 -0.00224274 0)
(0.0393992 -0.000367648 0)
(0.0365084 0.00153256 0)
(0.0329582 0.0033982 0)
(0.0286468 0.00510332 0)
(0.0234808 0.00632566 0)
(0.0177768 0.00600718 0)
(0.0110108 -0.00200966 0)
(0.0446876 -0.0158375 0)
(0.0445495 -0.0149715 0)
(0.044409 -0.0140711 0)
(0.0442678 -0.0131226 0)
(0.0441117 -0.0120989 0)
(0.0439098 -0.0109675 0)
(0.0436243 -0.00969441 0)
(0.0432092 -0.00824832 0)
(0.0426069 -0.00660458 0)
(0.0417469 -0.00475088 0)
(0.040549 -0.00269471 0)
(0.038935 -0.00046904 0)
(0.0368426 0.00188015 0)
(0.0342163 0.00431288 0)
(0.0309823 0.00677922 0)
(0.0270274 0.00917817 0)
(0.0222246 0.011276 0)
(0.0168314 0.0124507 0)
(0.0103386 0.00968895 0)
(0.0401446 -0.0156748 0)
(0.0400209 -0.0148387 0)
(0.0399062 -0.0139573 0)
(0.0398017 -0.0130097 0)
(0.0396946 -0.0119638 0)
(0.0395584 -0.0107815 0)
(0.0393601 -0.00942165 0)
(0.0390583 -0.0078433 0)
(0.0385986 -0.00600971 0)
(0.0379094 -0.0038969 0)
(0.0369037 -0.00150778 0)
(0.0355004 0.00111196 0)
(0.0336495 0.00390057 0)
(0.0313094 0.00682682 0)
(0.0284016 0.00986547 0)
(0.0247863 0.0129607 0)
(0.0202909 0.0159859 0)
(0.0150123 0.0186943 0)
(0.008652 0.0201704 0)
(0.034921 -0.0155232 0)
(0.0348102 -0.0147253 0)
(0.0347194 -0.013871 0)
(0.034649 -0.0129347 0)
(0.0345886 -0.0118805 0)
(0.0345171 -0.010666 0)
(0.0344086 -0.00924345 0)
(0.0342294 -0.00756143 0)
(0.0339309 -0.00556786 0)
(0.0334406 -0.00322112 0)
(0.0326579 -0.000515042 0)
(0.0314917 0.00247929 0)
(0.0299124 0.00566952 0)
(0.0279007 0.00904865 0)
(0.0253714 0.0126354 0)
(0.0221597 0.0164375 0)
(0.0180687 0.0204372 0)
(0.0131093 0.0246562 0)
(0.00724112 0.029164 0)
(0.0291304 -0.015384 0)
(0.0290347 -0.0146308 0)
(0.028967 -0.0138105 0)
(0.0289273 -0.0128948 0)
(0.0289083 -0.0118462 0)
(0.0288957 -0.0106198 0)
(0.0288733 -0.0091631 0)
(0.0288193 -0.00741393 0)
(0.0286969 -0.0053006 0)
(0.0284372 -0.00275255 0)
(0.0279152 0.000257989 0)
(0.027019 0.00361267 0)
(0.0257544 0.00714983 0)
(0.0241415 0.0109231 0)
(0.022081 0.0150156 0)
(0.019383 0.019508 0)
(0.0158273 0.0244732 0)
(0.0113828 0.0300861 0)
(0.00614035 0.0368791 0)
(0.0229056 -0.0152622 0)
(0.0228293 -0.0145565 0)
(0.022784 -0.0137732 0)
(0.02277 -0.0128845 0)
(0.0227833 -0.0118533 0)
(0.0228175 -0.0106353 0)
(0.0228681 -0.00917587 0)
(0.0229309 -0.00740502 0)
(0.0229921 -0.0052276 0)
(0.0229999 -0.0025249 0)
(0.022794 0.000785164 0)
(0.0222231 0.00448969 0)
(0.021334 0.00828283 0)
(0.0202233 0.0123653 0)
(0.0187484 0.0169025 0)
(0.0166884 0.0220486 0)
(0.0137879 0.0279509 0)
(0.00997392 0.0348545 0)
(0.0053213 0.0435395 0)
(0.0163971 -0.0151639 0)
(0.0163448 -0.0145013 0)
(0.0163201 -0.013753 0)
(0.0163241 -0.0128928 0)
(0.0163563 -0.0118863 0)
(0.0164172 -0.0106929 0)
(0.0165147 -0.00926204 0)
(0.0166673 -0.0075231 0)
(0.0169015 -0.00536233 0)
(0.0172157 -0.00259409 0)
(0.0174081 0.000986429 0)
(0.0172979 0.00501469 0)
(0.0168846 0.00893046 0)
(0.0164117 0.0132386 0)
(0.0156413 0.018168 0)
(0.0143257 0.0239422 0)
(0.0121721 0.0307901 0)
(0.00905369 0.0389856 0)
(0.00488309 0.0494666 0)
(0.00977189 -0.0150744 0)
(0.00974302 -0.0144413 0)
(0.00973417 -0.0137178 0)
(0.00974581 -0.0128794 0)
(0.00977937 -0.0118961 0)
(0.0098396 -0.0107341 0)
(0.0099419 -0.00935346 0)
(0.010125 -0.00769895 0)
(0.0104669 -0.00566733 0)
(0.0110692 -0.00303453 0)
(0.0117311 0.000629325 0)
(0.0125735 0.00483127 0)
(0.012843 0.00878923 0)
(0.0131481 0.0133548 0)
(0.013125 0.018697 0)
(0.0125686 0.0251227 0)
(0.0111772 0.033014 0)
(0.00883956 0.0426486 0)
(0.00504614 0.0548849 0)
(0.00319764 -0.01509 0)
(0.00319 -0.0144867 0)
(0.00318966 -0.0137842 0)
(0.00319683 -0.0129655 0)
(0.00321282 -0.0120046 0)
(0.00324149 -0.0108756 0)
(0.0032946 -0.00955667 0)
(0.00340613 -0.00803256 0)
(0.00366039 -0.00628911 0)
(0.00425538 -0.00421864 0)
(0.00502822 -0.00111029 0)
(0.0087605 0.00360895 0)
(0.0101336 0.00768906 0)
(0.0111688 0.0127311 0)
(0.0116827 0.018571 0)
(0.011637 0.0256854 0)
(0.0107025 0.0348517 0)
(0.00869748 0.0465209 0)
(0.00528824 0.0633772 0)
)
;

boundaryField
{
    leftWall
    {
        type            fixedValue;
        value           uniform (0 0 0);
    }
    rightWall
    {
        type            fixedValue;
        value           uniform (0 0 0);
    }
    lowerWall
    {
        type            fixedValue;
        value           uniform (0 0 0);
    }
    atmosphere
    {
        type            pressureInletOutletVelocity;
        value           nonuniform List<vector> 
46
(
(-0 -0.016971 0)
(0 -0.0150362 0)
(0 -0.00730535 0)
(0 -0.00238045 0)
(0.0126227 0.00248933 0)
(0.0160155 0.00354422 0)
(0.0183353 0.00479155 0)
(0.0196294 0.0054367 0)
(0.0201521 0.0054825 0)
(0.0200225 0.00503097 0)
(0.019252 0.00415483 0)
(0.0177897 0.00288945 0)
(0.0155925 0.00118116 0)
(0.0130014 -0.00135831 0)
(0 -0.000811147 0)
(0 -0.00278156 0)
(0 -0.0051964 0)
(0 -0.00742161 0)
(0 -0.009396 0)
(0 -0.0111278 0)
(0 -0.0126168 0)
(0 -0.0138574 0)
(0 -0.0148312 0)
(0 -0.0153084 0)
(0 -0.0154861 0)
(0 -0.0155164 0)
(0 -0.0154093 0)
(0 -0.0150696 0)
(0 -0.0144629 0)
(0 -0.0137579 0)
(0 -0.0129371 0)
(0 -0.0119747 0)
(0 -0.0108454 0)
(0 -0.0095289 0)
(0 -0.00801359 0)
(0 -0.00630252 0)
(0 -0.00436829 0)
(0 -0.0017593 0)
(0.0087605 0.00360895 0)
(0.0101336 0.00768906 0)
(0.0111688 0.0127311 0)
(0.0116827 0.018571 0)
(0.011637 0.0256854 0)
(0.0107025 0.0348517 0)
(0.00869748 0.0465209 0)
(0.00528824 0.0633772 0)
)
;
    }
    defaultFaces
    {
        type            empty;
    }
}


// ************************************************************************* //
