/*--------------------------------*- C++ -*----------------------------------*\
| =========                 |                                                 |
| \\      /  F ield         | OpenFOAM: The Open Source CFD Toolbox           |
|  \\    /   O peration     | Version:  2.3.0                                 |
|   \\  /    A nd           | Web:      www.OpenFOAM.org                      |
|    \\/     M anipulation  |                                                 |
\*---------------------------------------------------------------------------*/
FoamFile
{
    version     2.0;
    format      ascii;
    class       volVectorField;
    location    "2.8";
    object      U;
}
// * * * * * * * * * * * * * * * * * * * * * * * * * * * * * * * * * * * * * //

dimensions      [0 1 -1 0 0 0 0];

internalField   nonuniform List<vector> 
2268
(
(-0.00742951 -0.00240451 0)
(0.00329884 -0.00857762 0)
(0.0155636 -0.0102261 0)
(0.032536 -0.00655519 0)
(0.050421 -0.00883498 0)
(0.084523 -0.00926909 0)
(0.119997 -0.00194249 0)
(0.10785 0.00593847 0)
(0.0739581 0.00684088 0)
(0.0683907 0.000315852 0)
(0.0932937 -0.00771997 0)
(0.141945 -0.0128229 0)
(0.204551 -0.0140993 0)
(0.263126 -0.0112105 0)
(0.295246 -0.00249026 0)
(0.280563 0.00775546 0)
(0.234322 0.0132921 0)
(0.180796 0.0128568 0)
(0.13543 0.00905237 0)
(0.0981588 0.00751071 0)
(0.0626419 0.00784179 0)
(0.0129043 0.00700703 0)
(-0.00731331 -0.00104688 0)
(-0.00801431 0.00447484 0)
(-0.00675532 -0.00295567 0)
(-0.0342088 -0.00760865 0)
(-0.0218492 -0.00864476 0)
(-0.0151302 -0.0186357 0)
(0.00818727 -0.0230561 0)
(0.0554902 -0.0105105 0)
(0.0860979 0.00856788 0)
(0.0886034 0.0125899 0)
(0.105935 -0.00429843 0)
(0.142782 -0.0267447 0)
(0.194343 -0.0423527 0)
(0.259609 -0.0445454 0)
(0.320983 -0.0291223 0)
(0.3519 -0.0039484 0)
(0.352475 0.0183879 0)
(0.328071 0.0306609 0)
(0.285435 0.0356397 0)
(0.228675 0.034653 0)
(0.170389 0.0313852 0)
(0.118215 0.0308691 0)
(0.0412556 0.029359 0)
(0.00914734 0.00482548 0)
(0.00853782 0.00462103 0)
(0.00534082 0.00796679 0)
(-0.0402139 -0.00367605 0)
(-0.0286032 -0.0129828 0)
(-0.0237937 -0.0235832 0)
(-0.0120698 -0.0360546 0)
(0.0105733 -0.030035 0)
(0.051299 -0.010099 0)
(0.100679 -0.00457093 0)
(0.151434 -0.0222215 0)
(0.198745 -0.0492614 0)
(0.247832 -0.0716885 0)
(0.301761 -0.0777531 0)
(0.358364 -0.0561299 0)
(0.400424 -0.0134559 0)
(0.397951 0.025966 0)
(0.357123 0.0470121 0)
(0.306682 0.0571123 0)
(0.256042 0.0609141 0)
(0.205078 0.0587981 0)
(0.153755 0.0597584 0)
(0.0752801 0.0584169 0)
(0.027695 0.0246937 0)
(0.00277172 -0.00423182 0)
(0.033494 0.0209037 0)
(0.00720426 0.00474847 0)
(0.0114785 -0.0166915 0)
(0.0217715 -0.0294555 0)
(0.0356907 -0.0429404 0)
(0.0590782 -0.0462163 0)
(0.100314 -0.038526 0)
(0.156044 -0.0343251 0)
(0.2137 -0.0463086 0)
(0.265915 -0.0707303 0)
(0.312149 -0.0935636 0)
(0.351493 -0.0999735 0)
(0.385739 -0.0776087 0)
(0.41751 -0.0236878 0)
(0.424864 0.0360616 0)
(0.387331 0.0707989 0)
(0.329524 0.0823325 0)
(0.280123 0.0842214 0)
(0.237925 0.0825939 0)
(0.190217 0.0879029 0)
(0.113962 0.0912654 0)
(0.0476424 0.0577494 0)
(-0.02245 -0.0127491 0)
(0.02622 0.0118141 0)
(0.0481783 0.00640982 0)
(0.0671533 -0.0139373 0)
(0.0818408 -0.0332284 0)
(0.0991575 -0.0520643 0)
(0.126484 -0.0626465 0)
(0.167197 -0.0620512 0)
(0.220163 -0.0600437 0)
(0.277783 -0.0708564 0)
(0.330354 -0.0929528 0)
(0.370695 -0.112319 0)
(0.396114 -0.113873 0)
(0.409126 -0.0880468 0)
(0.42056 -0.03069 0)
(0.428088 0.0406701 0)
(0.406913 0.0907073 0)
(0.360393 0.106865 0)
(0.315881 0.105547 0)
(0.277602 0.10394 0)
(0.231065 0.115175 0)
(0.155584 0.127474 0)
(0.0697549 0.103961 0)
(-0.0421646 -0.00597513 0)
(-0.00960737 -0.00918051 0)
(0.038617 -0.0156924 0)
(0.085559 -0.0275767 0)
(0.120375 -0.0424062 0)
(0.150721 -0.0622999 0)
(0.185977 -0.078091 0)
(0.228874 -0.0841725 0)
(0.278748 -0.0857404 0)
(0.332039 -0.0954477 0)
(0.377925 -0.112684 0)
(0.406762 -0.125174 0)
(0.41654 -0.11979 0)
(0.4137 -0.0894277 0)
(0.409475 -0.0314263 0)
(0.411579 0.0427323 0)
(0.40635 0.101676 0)
(0.382993 0.12439 0)
(0.352355 0.123726 0)
(0.319022 0.123969 0)
(0.273297 0.142422 0)
(0.19894 0.167352 0)
(0.0925705 0.16775 0)
(-0.0415447 0.00918291 0)
(-0.00673372 -0.0299158 0)
(0.0454105 -0.0440752 0)
(0.0949942 -0.0507156 0)
(0.135715 -0.0625577 0)
(0.17443 -0.0819024 0)
(0.216318 -0.0985899 0)
(0.262537 -0.106084 0)
(0.31079 -0.108085 0)
(0.356355 -0.11486 0)
(0.391068 -0.125969 0)
(0.407176 -0.130551 0)
(0.404709 -0.118475 0)
(0.392593 -0.0847352 0)
(0.38208 -0.0280524 0)
(0.381387 0.0428577 0)
(0.386235 0.10327 0)
(0.383844 0.131687 0)
(0.371892 0.136325 0)
(0.350467 0.142429 0)
(0.310989 0.170019 0)
(0.24351 0.207619 0)
(0.127235 0.2405 0)
(-0.0211699 0.0191967 0)
(0.0251492 -0.0465065 0)
(0.0654364 -0.0688194 0)
(0.100849 -0.0706001 0)
(0.133114 -0.0802777 0)
(0.165185 -0.101178 0)
(0.202503 -0.120924 0)
(0.246016 -0.130286 0)
(0.290391 -0.132033 0)
(0.329413 -0.134406 0)
(0.356152 -0.137581 0)
(0.365724 -0.133097 0)
(0.359497 -0.114126 0)
(0.346895 -0.0778882 0)
(0.338372 -0.0233555 0)
(0.340289 0.0428548 0)
(0.352007 0.100733 0)
(0.364987 0.130828 0)
(0.372396 0.139428 0)
(0.369152 0.152722 0)
(0.343428 0.192871 0)
(0.294718 0.250912 0)
(0.136495 0.350009 0)
(0.0114719 -0.00600094 0)
(0.00920765 0.00534275 0)
(-0.0256847 0.014682 0)
(-0.156463 0.0255237 0)
(-0.229184 0.0120045 0)
(-0.156955 -0.0206138 0)
(-0.0644652 -0.0177907 0)
(-0.0176095 -0.00834667 0)
(0.0118051 -0.0155425 0)
(0.0833739 -0.022925 0)
(0.156496 -0.0180943 0)
(0.204591 0.003103 0)
(0.157643 0.0241253 0)
(0.0197021 0.0213081 0)
(-0.0670389 0.0093997 0)
(-0.10422 0.011332 0)
(-0.129459 0.00103512 0)
(-0.0916142 -0.013703 0)
(-0.0318836 -0.0177161 0)
(-0.0132972 -0.00677014 0)
(-0.00610805 0.0158599 0)
(-0.0399209 0.051766 0)
(-0.209667 0.0566358 0)
(-0.203028 0.00441215 0)
(-0.0977704 -0.0686321 0)
(-0.0279569 -0.0475756 0)
(0.0217436 -0.0198274 0)
(0.0388904 -0.030017 0)
(0.0839098 -0.0500396 0)
(0.145552 -0.0386365 0)
(0.179869 0.00462184 0)
(0.1991 0.053977 0)
(0.0929321 0.0703317 0)
(-0.0620502 0.0393898 0)
(-0.0943049 0.0158666 0)
(-0.0890055 -0.00483534 0)
(-0.063098 -0.0292561 0)
(-0.0267669 -0.0428461 0)
(-0.0327059 0.00315116 0)
(-0.0367181 0.0196374 0)
(-0.0195807 0.0844395 0)
(-0.166307 0.0819507 0)
(-0.122132 -0.00791273 0)
(-0.0807155 -0.105382 0)
(-0.0322243 -0.0756968 0)
(0.0191074 -0.0336242 0)
(0.0209311 -0.0394859 0)
(0.0574917 -0.0712892 0)
(0.101313 -0.0580994 0)
(0.134879 -0.00613416 0)
(0.15877 0.0628403 0)
(0.128815 0.1092 0)
(0.00752571 0.0803011 0)
(-0.0223254 0.0223062 0)
(-0.028515 -0.00896406 0)
(-0.0272167 -0.0332536 0)
(-0.0158536 -0.057516 0)
(-0.0491659 0.0224536 0)
(-0.0728367 0.0162199 0)
(0.0136543 0.100763 0)
(-0.109608 0.100405 0)
(-0.0413175 -0.00854508 0)
(-0.0650926 -0.113654 0)
(-0.0621864 -0.0897957 0)
(-0.0213971 -0.037348 0)
(-0.0253353 -0.0476584 0)
(0.0217282 -0.0921995 0)
(0.0458224 -0.0752418 0)
(0.0820674 -0.0110996 0)
(0.0873015 0.0618313 0)
(0.116649 0.126788 0)
(0.0650188 0.108552 0)
(0.0411154 0.038108 0)
(0.0259595 -0.00413119 0)
(-0.00589218 -0.0247967 0)
(-0.000879598 -0.0622429 0)
(-0.0580508 0.0495378 0)
(-0.0898738 0.00400391 0)
(0.0346312 0.0976595 0)
(-0.0554758 0.11099 0)
(-0.00459541 -0.0143896 0)
(-0.0476169 -0.105284 0)
(-0.0948851 -0.0888777 0)
(-0.0673068 -0.0394158 0)
(-0.0598455 -0.0623174 0)
(-0.0261285 -0.10827 0)
(-0.0205894 -0.0828278 0)
(0.00748333 -0.0122855 0)
(-0.00209596 0.0542051 0)
(0.065359 0.120522 0)
(0.0771083 0.114 0)
(0.0672385 0.048799 0)
(0.0460929 0.00811633 0)
(-0.00626753 -0.0153171 0)
(0.0197911 -0.0634589 0)
(-0.0428819 0.0673713 0)
(-0.050123 -0.0152789 0)
(0.0150845 0.0797125 0)
(0.00399768 0.115624 0)
(0.0388054 -0.00150917 0)
(-0.0230147 -0.0835977 0)
(-0.117156 -0.0783771 0)
(-0.0914357 -0.0425315 0)
(-0.0830188 -0.0729693 0)
(-0.0839028 -0.112294 0)
(-0.0981006 -0.0837696 0)
(-0.0822444 -0.0147091 0)
(-0.0745855 0.0450637 0)
(-0.0138165 0.095056 0)
(0.0451904 0.103328 0)
(0.0545112 0.0522997 0)
(0.0304117 0.0232295 0)
(-0.0105685 -0.011891 0)
(0.0361455 -0.0588469 0)
(-0.013202 0.103667 0)
(0.0732218 -0.00308731 0)
(-0.00256154 0.0603755 0)
(0.046033 0.0983707 0)
(0.0813528 0.00944443 0)
(0.00506892 -0.0515876 0)
(-0.125235 -0.0623216 0)
(-0.0983539 -0.0432454 0)
(-0.106032 -0.0711887 0)
(-0.145055 -0.104754 0)
(-0.178808 -0.0810663 0)
(-0.167134 -0.020149 0)
(-0.142134 0.0301932 0)
(-0.0919485 0.0613758 0)
(-0.0157156 0.0783436 0)
(0.00934346 0.0501121 0)
(-0.0135527 0.0359577 0)
(0.0124623 -0.0218857 0)
(0.0348947 -0.0467072 0)
(0.10852 0.0176993 0)
(0.245156 0.00286595 0)
(0.135517 0.0829421 0)
(0.0929984 0.0924957 0)
(0.109352 0.0310677 0)
(0.0340726 -0.00239769 0)
(-0.117825 -0.0403965 0)
(-0.110677 -0.0376828 0)
(-0.137088 -0.0576802 0)
(-0.201892 -0.0882224 0)
(-0.251712 -0.0697441 0)
(-0.251825 -0.0271566 0)
(-0.216965 0.0134234 0)
(-0.170209 0.0404779 0)
(-0.107984 0.0605324 0)
(-0.0726247 0.0531683 0)
(-0.0466667 0.0270657 0)
(0.00504507 -0.0363696 0)
(0.015485 -0.0354789 0)
(0.0183787 0.0095176 0)
(0.0585033 -0.0720201 0)
(0.0455006 -0.0886888 0)
(0.0482783 -0.084924 0)
(0.0681947 -0.0991594 0)
(0.0937784 -0.127689 0)
(0.124596 -0.154021 0)
(0.160364 -0.165193 0)
(0.19259 -0.164219 0)
(0.218722 -0.160594 0)
(0.240417 -0.154022 0)
(0.250987 -0.138606 0)
(0.250958 -0.111673 0)
(0.249151 -0.0739382 0)
(0.253537 -0.0251439 0)
(0.26805 0.0301257 0)
(0.290535 0.0801185 0)
(0.313013 0.111657 0)
(0.327965 0.129637 0)
(0.338218 0.155362 0)
(0.340481 0.206917 0)
(0.372902 0.269472 0)
(0.383958 0.390587 0)
(0.0404658 -0.0858732 0)
(0.0247649 -0.0986868 0)
(-0.074284 -0.081382 0)
(-0.0798019 -0.100745 0)
(-0.053455 -0.131744 0)
(-0.0179146 -0.160193 0)
(0.00986128 -0.181023 0)
(0.0350895 -0.18717 0)
(0.0484957 -0.179231 0)
(0.0550961 -0.171626 0)
(0.0666231 -0.161359 0)
(0.0786324 -0.144302 0)
(0.0933343 -0.117005 0)
(0.108481 -0.0828487 0)
(0.117309 -0.0408267 0)
(0.127985 0.0140663 0)
(0.137805 0.0647191 0)
(0.145767 0.098088 0)
(0.158945 0.120119 0)
(0.182846 0.150085 0)
(0.216162 0.192237 0)
(0.278663 0.23023 0)
(0.359272 0.255577 0)
(-0.144115 -0.0206008 0)
(-0.220012 0.0779965 0)
(-0.25326 0.00211734 0)
(-0.185373 -0.11599 0)
(-0.121092 -0.176447 0)
(-0.0462376 -0.19741 0)
(0.0275463 -0.19654 0)
(0.0597798 -0.181032 0)
(0.0639066 -0.161962 0)
(0.0561829 -0.153542 0)
(0.0379382 -0.149446 0)
(0.0262623 -0.144036 0)
(0.0286174 -0.121089 0)
(0.035694 -0.0770226 0)
(0.0318309 -0.0280467 0)
(0.0319168 0.0261272 0)
(0.0345406 0.069529 0)
(0.0367176 0.0875501 0)
(0.0291367 0.0995023 0)
(0.0354182 0.117807 0)
(0.0645227 0.135073 0)
(0.121348 0.139772 0)
(0.210983 0.11579 0)
(-0.0974749 0.247361 0)
(-0.171987 0.0565727 0)
(-0.103363 -0.079165 0)
(0.0431357 -0.15618 0)
(0.156494 -0.223925 0)
(0.164028 -0.276366 0)
(0.304587 -0.299862 0)
(0.569626 -0.271611 0)
(0.498199 -0.196885 0)
(0.497465 -0.157474 0)
(0.456572 -0.139951 0)
(0.3865 -0.13503 0)
(0.32272 -0.120902 0)
(0.269538 -0.0864705 0)
(0.246753 -0.0348154 0)
(0.2596 0.0226658 0)
(0.257129 0.0736752 0)
(0.231603 0.107429 0)
(0.167964 0.115538 0)
(0.0856374 0.100829 0)
(0.0466831 0.0873111 0)
(0.0891817 0.0705205 0)
(0.206045 0.0376454 0)
(-0.113966 0.284153 0)
(-0.0678346 0.104123 0)
(0.0539178 -0.21899 0)
(0.175247 -0.351585 0)
(0.341975 -0.395232 0)
(0.52171 -0.410375 0)
(0.672571 -0.431348 0)
(0.823308 -0.39432 0)
(1.03528 -0.214187 0)
(1.2656 -0.134345 0)
(1.3855 -0.0448434 0)
(1.35612 0.00237463 0)
(1.21697 0.0224768 0)
(1.04087 -0.0230024 0)
(0.822304 -0.0524077 0)
(0.721073 -0.0294873 0)
(0.693338 0.0231273 0)
(0.723062 0.0902623 0)
(0.797895 0.164114 0)
(0.795045 0.287543 0)
(0.397689 0.254542 0)
(-0.131348 0.0166881 0)
(-0.346061 -0.014584 0)
(-0.103748 0.316556 0)
(-0.00545673 -0.0713928 0)
(0.121043 -0.355344 0)
(0.250695 -0.513601 0)
(0.391692 -0.581961 0)
(0.53275 -0.595952 0)
(0.647388 -0.592937 0)
(0.740289 -0.58849 0)
(0.847097 -0.534888 0)
(1.00182 -0.412967 0)
(1.16313 -0.230986 0)
(1.27003 -0.0372342 0)
(1.32392 0.158111 0)
(1.28114 0.242557 0)
(1.16517 0.241214 0)
(1.02551 0.172671 0)
(0.874287 0.127628 0)
(0.734274 0.183271 0)
(0.443232 0.288237 0)
(0.2098 0.547749 0)
(-0.198505 0.612641 0)
(-0.48942 0.478475 0)
(-0.651254 0.316064 0)
(-0.0365117 0.349318 0)
(0.117021 -0.107938 0)
(0.249348 -0.463267 0)
(0.390435 -0.648144 0)
(0.53762 -0.703944 0)
(0.669297 -0.677737 0)
(0.738907 -0.646809 0)
(0.767765 -0.636021 0)
(0.776827 -0.603189 0)
(0.812766 -0.50138 0)
(0.882121 -0.322417 0)
(0.943908 -0.120292 0)
(0.998304 0.082342 0)
(1.01084 0.24426 0)
(0.949924 0.28137 0)
(0.830397 0.238368 0)
(0.67788 0.271699 0)
(0.414034 0.43103 0)
(0.0307696 0.672378 0)
(-0.257575 0.89788 0)
(-0.519961 0.899817 0)
(-0.660766 0.694508 0)
(-0.727753 0.425832 0)
(0.0220749 0.265457 0)
(0.197709 -0.220754 0)
(0.327772 -0.599757 0)
(0.431374 -0.793545 0)
(0.559884 -0.855638 0)
(0.705174 -0.792505 0)
(0.802708 -0.670191 0)
(0.787448 -0.620529 0)
(0.724377 -0.585477 0)
(0.68348 -0.502926 0)
(0.673965 -0.350771 0)
(0.687605 -0.151855 0)
(0.698992 0.0635983 0)
(0.698183 0.243677 0)
(0.64667 0.322107 0)
(0.541435 0.378344 0)
(0.356915 0.513551 0)
(0.048152 0.768897 0)
(-0.265004 1.01515 0)
(-0.471025 1.12491 0)
(-0.586612 1.01941 0)
(-0.631473 0.749347 0)
(-0.630513 0.430753 0)
(0.0533812 0.104447 0)
(0.226901 -0.390623 0)
(0.310669 -0.701403 0)
(0.384916 -0.901447 0)
(0.508515 -0.989594 0)
(0.622844 -0.925864 0)
(0.731357 -0.720645 0)
(0.716594 -0.576052 0)
(0.601416 -0.489797 0)
(0.497043 -0.42157 0)
(0.406637 -0.333218 0)
(0.401362 -0.14982 0)
(0.388309 0.0848387 0)
(0.378295 0.285469 0)
(0.299023 0.401641 0)
(0.206328 0.552112 0)
(0.0115002 0.778219 0)
(-0.221921 1.04978 0)
(-0.397426 1.21603 0)
(-0.477467 1.2141 0)
(-0.485402 1.03517 0)
(-0.455249 0.740193 0)
(-0.404101 0.407678 0)
(0.0622174 -0.0662418 0)
(0.196269 -0.491768 0)
(0.234375 -0.744128 0)
(0.304541 -1.02266 0)
(0.424977 -1.11131 0)
(0.502934 -1.0159 0)
(0.567756 -0.756604 0)
(0.548288 -0.512106 0)
(0.425725 -0.349087 0)
(0.253924 -0.283265 0)
(0.0864311 -0.249349 0)
(0.0580598 -0.0799788 0)
(0.0379905 0.12854 0)
(0.0347176 0.34691 0)
(-0.0352471 0.488468 0)
(-0.0991857 0.711194 0)
(-0.238693 0.966873 0)
(-0.340729 1.1915 0)
(-0.380539 1.27496 0)
(-0.350941 1.20148 0)
(-0.282696 0.986982 0)
(-0.194772 0.68212 0)
(-0.106319 0.35576 0)
(0.0900398 -0.185984 0)
(0.118673 -0.516464 0)
(0.150408 -0.79274 0)
(0.205836 -1.13853 0)
(0.301278 -1.20255 0)
(0.343883 -1.05871 0)
(0.37082 -0.747719 0)
(0.338582 -0.434759 0)
(0.213696 -0.192251 0)
(0.00586124 -0.116202 0)
(-0.15505 -0.160727 0)
(-0.176602 -0.0381855 0)
(-0.206915 0.172106 0)
(-0.238427 0.376321 0)
(-0.267499 0.554829 0)
(-0.292402 0.792761 0)
(-0.335712 1.03022 0)
(-0.318214 1.19776 0)
(-0.25374 1.22373 0)
(-0.144339 1.11512 0)
(-0.0210997 0.888054 0)
(0.107067 0.585748 0)
(0.221607 0.272065 0)
(0.0853401 -0.287364 0)
(0.0332334 -0.502755 0)
(0.0732218 -0.865935 0)
(0.0694731 -1.20225 0)
(0.120383 -1.25174 0)
(0.132778 -1.07699 0)
(0.154422 -0.717015 0)
(0.134862 -0.352712 0)
(0.0249894 -0.0566616 0)
(-0.116531 0.014952 0)
(-0.268228 -0.087753 0)
(-0.301862 0.00154647 0)
(-0.312655 0.215673 0)
(-0.348922 0.389943 0)
(-0.356863 0.558053 0)
(-0.332743 0.783988 0)
(-0.292322 0.986755 0)
(-0.190852 1.10662 0)
(-0.0572396 1.0971 0)
(0.103119 0.972754 0)
(0.266381 0.745261 0)
(0.42161 0.457011 0)
(0.555668 0.157021 0)
(0.0376998 -0.336933 0)
(0.0244634 -0.468995 0)
(0.0153917 -0.877287 0)
(-0.0697608 -1.19323 0)
(-0.0697015 -1.25857 0)
(-0.089582 -1.08169 0)
(-0.0573239 -0.700836 0)
(-0.0369625 -0.28849 0)
(-0.126332 0.0151444 0)
(-0.161997 0.130077 0)
(-0.282911 0.0134392 0)
(-0.334774 0.030069 0)
(-0.318677 0.206708 0)
(-0.305026 0.401657 0)
(-0.305394 0.535616 0)
(-0.24232 0.711158 0)
(-0.150049 0.874178 0)
(0.00127847 0.955105 0)
(0.176142 0.922632 0)
(0.366501 0.789246 0)
(0.554246 0.571112 0)
(0.725349 0.303273 0)
(0.872304 0.0268607 0)
(-0.0108136 -0.363196 0)
(0.0790226 -0.465551 0)
(0.0142473 -0.793408 0)
(-0.137237 -1.11395 0)
(-0.207276 -1.23469 0)
(-0.270695 -1.07969 0)
(-0.240138 -0.706803 0)
(-0.159408 -0.259555 0)
(-0.210725 0.023848 0)
(-0.190593 0.186855 0)
(-0.250097 0.0915075 0)
(-0.308353 0.0517873 0)
(-0.308563 0.159026 0)
(-0.245535 0.349717 0)
(-0.180356 0.493979 0)
(-0.0802564 0.610962 0)
(0.0468268 0.728229 0)
(0.222279 0.772476 0)
(0.418894 0.724312 0)
(0.622738 0.589479 0)
(0.814355 0.387459 0)
(0.987919 0.142696 0)
(1.13487 -0.107368 0)
(-0.0343003 -0.381698 0)
(0.0953909 -0.512975 0)
(0.081786 -0.642024 0)
(-0.118574 -0.969823 0)
(-0.287422 -1.14248 0)
(-0.406018 -1.05601 0)
(-0.415205 -0.735767 0)
(-0.297136 -0.305929 0)
(-0.248944 0.00980484 0)
(-0.232472 0.163266 0)
(-0.195437 0.149157 0)
(-0.226927 0.0853166 0)
(-0.241416 0.116706 0)
(-0.173483 0.239899 0)
(-0.0524489 0.380427 0)
(0.0847275 0.478809 0)
(0.241185 0.557319 0)
(0.426946 0.573568 0)
(0.628329 0.515151 0)
(0.827611 0.388929 0)
(1.01026 0.205609 0)
(1.17702 -0.0228981 0)
(1.297 -0.23837 0)
(-0.029856 -0.395294 0)
(0.0477659 -0.607993 0)
(0.109885 -0.534254 0)
(-0.0653263 -0.767928 0)
(-0.309743 -0.963758 0)
(-0.493646 -0.970325 0)
(-0.571385 -0.76554 0)
(-0.485809 -0.402813 0)
(-0.319975 -0.0553902 0)
(-0.221665 0.0899188 0)
(-0.123622 0.135454 0)
(-0.0662319 0.128456 0)
(-0.0461334 0.124028 0)
(0.00916687 0.150483 0)
(0.128496 0.223797 0)
(0.271208 0.314817 0)
(0.427944 0.372798 0)
(0.603679 0.372186 0)
(0.792778 0.311739 0)
(0.979536 0.197611 0)
(1.14273 0.0359093 0)
(1.25088 -0.150588 0)
(1.2951 -0.310689 0)
(-0.0133353 -0.392883 0)
(-0.0185175 -0.676222 0)
(0.0768799 -0.501077 0)
(0.0262606 -0.567292 0)
(-0.21583 -0.728344 0)
(-0.465417 -0.802023 0)
(-0.610307 -0.733225 0)
(-0.62709 -0.523102 0)
(-0.484825 -0.251377 0)
(-0.321116 -0.0804937 0)
(-0.170432 0.00601422 0)
(-0.0420538 0.0417388 0)
(0.072511 0.0635705 0)
(0.196218 0.078044 0)
(0.325827 0.112819 0)
(0.44968 0.184213 0)
(0.586438 0.224334 0)
(0.734857 0.20026 0)
(0.891036 0.133372 0)
(1.02817 0.044575 0)
(1.11543 -0.0540268 0)
(1.15028 -0.173359 0)
(1.15838 -0.307526 0)
(-0.0130969 -0.374308 0)
(-0.0660634 -0.68694 0)
(-0.01401 -0.568622 0)
(0.101231 -0.470333 0)
(-0.00163929 -0.488583 0)
(-0.2763 -0.575259 0)
(-0.489671 -0.594486 0)
(-0.597431 -0.490981 0)
(-0.603791 -0.33995 0)
(-0.522146 -0.222894 0)
(-0.409957 -0.155989 0)
(-0.276731 -0.120296 0)
(-0.140385 -0.104272 0)
(0.00232336 -0.0942745 0)
(0.167317 -0.0420082 0)
(0.32737 0.0431512 0)
(0.479597 0.106032 0)
(0.614773 0.0738075 0)
(0.752053 0.0252563 0)
(0.875518 -0.0249773 0)
(0.965772 -0.0970656 0)
(1.01394 -0.209246 0)
(1.02082 -0.316357 0)
(-0.0187956 -0.340932 0)
(-0.0696429 -0.64623 0)
(-0.0749234 -0.680642 0)
(0.0924686 -0.562205 0)
(0.210807 -0.368708 0)
(0.0594141 -0.334562 0)
(-0.174404 -0.40376 0)
(-0.359345 -0.40308 0)
(-0.457963 -0.339926 0)
(-0.467159 -0.282942 0)
(-0.429947 -0.253191 0)
(-0.350964 -0.246636 0)
(-0.245032 -0.254302 0)
(-0.120746 -0.258337 0)
(-0.000796271 -0.197685 0)
(0.133532 -0.110905 0)
(0.271012 -0.0541663 0)
(0.452557 -0.120023 0)
(0.625624 -0.151539 0)
(0.759888 -0.176624 0)
(0.842797 -0.214277 0)
(0.891831 -0.248125 0)
(0.885349 -0.286808 0)
(-0.00431709 -0.316175 0)
(-0.0248444 -0.602388 0)
(-0.0345309 -0.761839 0)
(0.0757419 -0.732431 0)
(0.240919 -0.490667 0)
(0.353977 -0.206712 0)
(0.23257 -0.164191 0)
(0.0266266 -0.247685 0)
(-0.101546 -0.274991 0)
(-0.135769 -0.282518 0)
(-0.117203 -0.295204 0)
(-0.0611859 -0.31956 0)
(0.0153724 -0.347561 0)
(0.111401 -0.361219 0)
(0.159661 -0.310342 0)
(0.236805 -0.238301 0)
(0.34525 -0.262604 0)
(0.466358 -0.319168 0)
(0.585769 -0.279424 0)
(0.651872 -0.226533 0)
(0.647768 -0.227413 0)
(0.621138 -0.247083 0)
(0.614195 -0.261653 0)
(0.0230896 -0.328149 0)
(0.0367292 -0.588625 0)
(0.0803836 -0.800572 0)
(0.115578 -0.846762 0)
(0.182352 -0.652668 0)
(0.315755 -0.328155 0)
(0.40253 -0.082579 0)
(0.368169 -0.0793779 0)
(0.275757 -0.178911 0)
(0.239554 -0.261427 0)
(0.263697 -0.314964 0)
(0.324888 -0.365759 0)
(0.395094 -0.407379 0)
(0.457386 -0.395465 0)
(0.460708 -0.337383 0)
(0.457643 -0.254112 0)
(0.440869 -0.303852 0)
(0.415332 -0.356608 0)
(0.413843 -0.28183 0)
(0.381636 -0.2123 0)
(0.323212 -0.208959 0)
(0.275593 -0.207343 0)
(0.27077 -0.221112 0)
(0.027806 -0.375047 0)
(0.0655504 -0.63341 0)
(0.153268 -0.839283 0)
(0.132756 -0.866486 0)
(0.111185 -0.712162 0)
(0.162763 -0.438331 0)
(0.269881 -0.188763 0)
(0.335778 -0.101195 0)
(0.354804 -0.129965 0)
(0.391263 -0.238714 0)
(0.465148 -0.342743 0)
(0.557802 -0.424053 0)
(0.618369 -0.454574 0)
(0.63807 -0.410974 0)
(0.614608 -0.316511 0)
(0.568052 -0.18687 0)
(0.450524 -0.210721 0)
(0.319205 -0.269338 0)
(0.238313 -0.190683 0)
(0.137538 -0.148708 0)
(0.0277186 -0.131784 0)
(-0.0530959 -0.12214 0)
(-0.200893 -0.121312 0)
(0.00283173 -0.41488 0)
(0.0414228 -0.70042 0)
(0.0983558 -0.860347 0)
(0.0320621 -0.818911 0)
(-0.0257351 -0.667399 0)
(-0.0343215 -0.461198 0)
(0.0372 -0.248895 0)
(0.108254 -0.156552 0)
(0.189446 -0.207376 0)
(0.332453 -0.36355 0)
(0.472202 -0.474483 0)
(0.575102 -0.52616 0)
(0.617616 -0.501526 0)
(0.611915 -0.407643 0)
(0.566083 -0.277414 0)
(0.493452 -0.10909 0)
(0.33274 -0.0741376 0)
(0.175081 -0.1271 0)
(0.0509537 -0.0643993 0)
(-0.108869 -0.0214158 0)
(-0.261992 0.00908816 0)
(-0.387131 -0.0317756 0)
(-0.510389 -0.0768334 0)
(-0.0280552 -0.413517 0)
(-0.000140982 -0.745894 0)
(-0.011604 -0.819358 0)
(-0.115168 -0.738688 0)
(-0.16512 -0.601682 0)
(-0.190001 -0.431381 0)
(-0.156324 -0.282677 0)
(-0.0452693 -0.285142 0)
(0.135273 -0.425416 0)
(0.286496 -0.54404 0)
(0.378709 -0.59561 0)
(0.413526 -0.587115 0)
(0.412902 -0.511709 0)
(0.399573 -0.378377 0)
(0.348789 -0.201148 0)
(0.255644 0.00899601 0)
(0.0996158 0.0540611 0)
(-0.00246694 0.0252193 0)
(-0.145663 0.087602 0)
(-0.327784 0.149364 0)
(-0.499205 0.160488 0)
(-0.658262 0.116404 0)
(-0.813082 0.102757 0)
(-0.0371855 -0.385326 0)
(-0.0354007 -0.740055 0)
(-0.106992 -0.73693 0)
(-0.180078 -0.677002 0)
(-0.20121 -0.579354 0)
(-0.177961 -0.468263 0)
(-0.086573 -0.405972 0)
(0.0593871 -0.464895 0)
(0.160368 -0.561202 0)
(0.191465 -0.609765 0)
(0.181005 -0.603101 0)
(0.149582 -0.558806 0)
(0.11444 -0.465394 0)
(0.0921859 -0.300708 0)
(-0.00174687 -0.0757329 0)
(-0.0639949 0.135044 0)
(-0.111906 0.123738 0)
(-0.156619 0.145916 0)
(-0.298754 0.252098 0)
(-0.488426 0.328871 0)
(-0.642722 0.319135 0)
(-0.780853 0.264128 0)
(-0.912023 0.247819 0)
(-0.0212736 -0.34691 0)
(-0.0512199 -0.684606 0)
(-0.136151 -0.673688 0)
(-0.159068 -0.657216 0)
(-0.16139 -0.603232 0)
(-0.111333 -0.560688 0)
(-0.0133701 -0.539528 0)
(0.0768979 -0.545725 0)
(0.0837426 -0.554432 0)
(0.036975 -0.554912 0)
(-0.0196701 -0.538675 0)
(-0.0769938 -0.50053 0)
(-0.13827 -0.400246 0)
(-0.206069 -0.216303 0)
(-0.23676 -0.00964169 0)
(-0.207428 0.118063 0)
(-0.214261 0.144839 0)
(-0.245343 0.251929 0)
(-0.39847 0.417044 0)
(-0.561267 0.481515 0)
(-0.66992 0.44595 0)
(-0.756411 0.3777 0)
(-0.82965 0.349104 0)
(-0.0040171 -0.318316 0)
(-0.0451278 -0.612965 0)
(-0.107403 -0.645337 0)
(-0.110317 -0.651675 0)
(-0.119012 -0.623821 0)
(-0.0883021 -0.617185 0)
(-0.0416855 -0.608973 0)
(-0.0133004 -0.562373 0)
(-0.0239877 -0.518152 0)
(-0.0667225 -0.500735 0)
(-0.118945 -0.489534 0)
(-0.173657 -0.450247 0)
(-0.221336 -0.351653 0)
(-0.235331 -0.202189 0)
(-0.227344 -0.0524511 0)
(-0.223924 0.0953365 0)
(-0.246583 0.174282 0)
(-0.287703 0.346043 0)
(-0.439383 0.563524 0)
(-0.561779 0.592413 0)
(-0.626353 0.522475 0)
(-0.661615 0.433596 0)
(-0.676688 0.390235 0)
(-0.00385712 -0.301476 0)
(-0.0239292 -0.559868 0)
(-0.0546097 -0.633794 0)
(-0.0665317 -0.635855 0)
(-0.0913583 -0.622111 0)
(-0.0923154 -0.627978 0)
(-0.0971027 -0.62221 0)
(-0.0987985 -0.560638 0)
(-0.108402 -0.499501 0)
(-0.139106 -0.465566 0)
(-0.177211 -0.449445 0)
(-0.204888 -0.413672 0)
(-0.211386 -0.336009 0)
(-0.20134 -0.209227 0)
(-0.184679 -0.0445653 0)
(-0.203591 0.117049 0)
(-0.252862 0.221982 0)
(-0.292555 0.429984 0)
(-0.431794 0.686861 0)
(-0.527541 0.668726 0)
(-0.570289 0.559233 0)
(-0.580422 0.440045 0)
(-0.570806 0.383302 0)
(-0.0171684 -0.289578 0)
(-0.00189139 -0.547209 0)
(-0.00789268 -0.62303 0)
(-0.0362495 -0.603094 0)
(-0.0753743 -0.596297 0)
(-0.104911 -0.606356 0)
(-0.136844 -0.603207 0)
(-0.16231 -0.545829 0)
(-0.178712 -0.477592 0)
(-0.199751 -0.437463 0)
(-0.21636 -0.426167 0)
(-0.217443 -0.405201 0)
(-0.198598 -0.347037 0)
(-0.165754 -0.230142 0)
(-0.134771 -0.0473765 0)
(-0.154991 0.158877 0)
(-0.235172 0.288627 0)
(-0.268546 0.499742 0)
(-0.396636 0.795288 0)
(-0.487495 0.734796 0)
(-0.536182 0.587025 0)
(-0.554922 0.436601 0)
(-0.560569 0.378729 0)
(-0.0214846 -0.279236 0)
(0.0188787 -0.562888 0)
(0.0153327 -0.608471 0)
(-0.0216803 -0.560827 0)
(-0.0644119 -0.552359 0)
(-0.111061 -0.565625 0)
(-0.153772 -0.563297 0)
(-0.191596 -0.516587 0)
(-0.209006 -0.458359 0)
(-0.213738 -0.430267 0)
(-0.209238 -0.430444 0)
(-0.195576 -0.425893 0)
(-0.170777 -0.385429 0)
(-0.135508 -0.274346 0)
(-0.094327 -0.0676657 0)
(-0.0909513 0.197852 0)
(-0.195537 0.371649 0)
(-0.223098 0.555356 0)
(-0.344645 0.903992 0)
(-0.449811 0.815199 0)
(-0.527517 0.634968 0)
(-0.577666 0.458127 0)
(-0.611914 0.404315 0)
(0.00352056 -0.287897 0)
(0.0375831 -0.575907 0)
(0.0140126 -0.585043 0)
(-0.0201649 -0.521528 0)
(-0.0543889 -0.504991 0)
(-0.103631 -0.520047 0)
(-0.141503 -0.522035 0)
(-0.173114 -0.491011 0)
(-0.183416 -0.45522 0)
(-0.177222 -0.441 0)
(-0.169579 -0.443027 0)
(-0.164764 -0.44163 0)
(-0.153812 -0.411909 0)
(-0.124435 -0.311258 0)
(-0.0771883 -0.0944688 0)
(-0.0386524 0.222683 0)
(-0.133644 0.465635 0)
(-0.161014 0.598599 0)
(-0.276898 1.02347 0)
(-0.405652 0.926296 0)
(-0.528605 0.718597 0)
(-0.623456 0.512759 0)
(-0.677627 0.449049 0)
(0.0363901 -0.317101 0)
(0.0427017 -0.570265 0)
(-0.000885608 -0.551859 0)
(-0.0251589 -0.493605 0)
(-0.0449243 -0.467927 0)
(-0.0841262 -0.482041 0)
(-0.110572 -0.494459 0)
(-0.129646 -0.476245 0)
(-0.136788 -0.457754 0)
(-0.134911 -0.446751 0)
(-0.137748 -0.441754 0)
(-0.144276 -0.440596 0)
(-0.142612 -0.427105 0)
(-0.119964 -0.348588 0)
(-0.0730497 -0.138464 0)
(-0.0165334 0.213361 0)
(-0.0498054 0.549754 0)
(-0.0886668 0.638539 0)
(-0.191528 1.15038 0)
(-0.335987 1.07339 0)
(-0.505803 0.848533 0)
(-0.649321 0.603602 0)
(-0.722496 0.481272 0)
(0.0418937 -0.360887 0)
(0.029835 -0.547265 0)
(-0.0173336 -0.517767 0)
(-0.0304473 -0.479134 0)
(-0.0393192 -0.446526 0)
(-0.0629437 -0.455072 0)
(-0.0820994 -0.477202 0)
(-0.094888 -0.464743 0)
(-0.105401 -0.452409 0)
(-0.112221 -0.440812 0)
(-0.120935 -0.432555 0)
(-0.129741 -0.434595 0)
(-0.133191 -0.435562 0)
(-0.120461 -0.380082 0)
(-0.0803827 -0.188015 0)
(-0.0252204 0.16983 0)
(0.0335882 0.584518 0)
(-0.0191811 0.692775 0)
(-0.0927427 1.26729 0)
(-0.221089 1.24289 0)
(-0.417273 1.01956 0)
(-0.594767 0.729291 0)
(-0.688631 0.511054 0)
(0.0324171 -0.393757 0)
(0.0148456 -0.514913 0)
(-0.0259033 -0.491071 0)
(-0.0338797 -0.471267 0)
(-0.0400673 -0.437436 0)
(-0.0497504 -0.437237 0)
(-0.0663604 -0.462901 0)
(-0.0791377 -0.451617 0)
(-0.0921865 -0.440623 0)
(-0.102904 -0.430785 0)
(-0.111745 -0.423497 0)
(-0.120159 -0.426596 0)
(-0.1284 -0.435386 0)
(-0.127014 -0.40179 0)
(-0.0986505 -0.236439 0)
(-0.0479828 0.10724 0)
(0.0701517 0.563733 0)
(0.0379003 0.756476 0)
(0.0118525 1.3411 0)
(-0.0595829 1.40311 0)
(-0.244553 1.21195 0)
(-0.437801 0.886795 0)
(-0.554984 0.579448 0)
(0.0208339 -0.412372 0)
(0.0050588 -0.484036 0)
(-0.0262924 -0.471184 0)
(-0.0353443 -0.46233 0)
(-0.0434595 -0.433755 0)
(-0.0448662 -0.425968 0)
(-0.0590255 -0.448621 0)
(-0.0733719 -0.437797 0)
(-0.0851343 -0.428064 0)
(-0.0962946 -0.420771 0)
(-0.105251 -0.414735 0)
(-0.114565 -0.416264 0)
(-0.12653 -0.427851 0)
(-0.135804 -0.413851 0)
(-0.122183 -0.281243 0)
(-0.0695232 0.0390687 0)
(0.0565805 0.492052 0)
(0.0895019 0.782738 0)
(0.117742 1.34133 0)
(0.114875 1.51643 0)
(-0.0141929 1.39344 0)
(-0.197904 1.05956 0)
(-0.333995 0.691398 0)
(0.0106683 -0.421932 0)
(-0.000631808 -0.460575 0)
(-0.0226289 -0.454872 0)
(-0.0335426 -0.450819 0)
(-0.0434011 -0.43057 0)
(-0.0424589 -0.419236 0)
(-0.052534 -0.435173 0)
(-0.0676521 -0.425081 0)
(-0.0770231 -0.41666 0)
(-0.0884523 -0.410192 0)
(-0.0990838 -0.404304 0)
(-0.110563 -0.403265 0)
(-0.125483 -0.413801 0)
(-0.143583 -0.415227 0)
(-0.143702 -0.320265 0)
(-0.0861233 -0.0395462 0)
(0.0343758 0.364467 0)
(0.121725 0.726647 0)
(0.201052 1.2648 0)
(0.262347 1.55833 0)
(0.197228 1.51847 0)
(0.0702066 1.22528 0)
(-0.0707502 0.821768 0)
(0.00381603 -0.424303 0)
(-0.00374547 -0.444931 0)
(-0.0178846 -0.44204 0)
(-0.0283128 -0.439099 0)
(-0.0380191 -0.426319 0)
(-0.0383304 -0.415125 0)
(-0.0447362 -0.423448 0)
(-0.059327 -0.413673 0)
(-0.0676442 -0.405674 0)
(-0.0796 -0.398133 0)
(-0.0921965 -0.391208 0)
(-0.106399 -0.387195 0)
(-0.124258 -0.393548 0)
(-0.149209 -0.404247 0)
(-0.163838 -0.348977 0)
(-0.114088 -0.123741 0)
(0.00461955 0.238364 0)
(0.118826 0.63709 0)
(0.218839 1.14236 0)
(0.333277 1.53247 0)
(0.32453 1.57167 0)
(0.265686 1.33432 0)
(0.174468 0.943338 0)
(0.000597101 -0.422491 0)
(-0.00484158 -0.435565 0)
(-0.0137698 -0.432792 0)
(-0.0218763 -0.429356 0)
(-0.029977 -0.421218 0)
(-0.0324258 -0.411723 0)
(-0.0373403 -0.413278 0)
(-0.0499481 -0.40322 0)
(-0.0582979 -0.394536 0)
(-0.070147 -0.384998 0)
(-0.0838106 -0.375834 0)
(-0.100399 -0.368027 0)
(-0.121422 -0.367265 0)
(-0.152482 -0.378338 0)
(-0.186744 -0.357175 0)
(-0.170724 -0.198133 0)
(-0.0709487 0.129687 0)
(0.0498987 0.541792 0)
(0.157008 1.02519 0)
(0.29417 1.46389 0)
(0.334149 1.56142 0)
(0.342952 1.36868 0)
(0.319866 1.01429 0)
(-0.000178785 -0.419983 0)
(-0.0043437 -0.428988 0)
(-0.0106491 -0.426165 0)
(-0.01625 -0.422207 0)
(-0.0222539 -0.415952 0)
(-0.0259202 -0.407793 0)
(-0.0307914 -0.404395 0)
(-0.0403813 -0.393924 0)
(-0.0485344 -0.383729 0)
(-0.0593171 -0.371877 0)
(-0.0727658 -0.359348 0)
(-0.0904454 -0.346442 0)
(-0.113951 -0.335951 0)
(-0.149609 -0.33666 0)
(-0.204745 -0.332702 0)
(-0.240829 -0.235846 0)
(-0.192305 0.040689 0)
(-0.0943166 0.450716 0)
(0.0192971 0.926141 0)
(0.1568 1.37901 0)
(0.242313 1.49778 0)
(0.319203 1.33691 0)
(0.360303 1.01881 0)
(-0.000166722 -0.418026 0)
(-0.00310428 -0.423707 0)
(-0.00770894 -0.421127 0)
(-0.0115396 -0.417061 0)
(-0.0156391 -0.411225 0)
(-0.0191191 -0.403526 0)
(-0.0235551 -0.397097 0)
(-0.0300534 -0.386298 0)
(-0.0369789 -0.374268 0)
(-0.0458224 -0.359963 0)
(-0.0576334 -0.343411 0)
(-0.0742879 -0.32428 0)
(-0.0977281 -0.302258 0)
(-0.133223 -0.28296 0)
(-0.201111 -0.272481 0)
(-0.289124 -0.219597 0)
(-0.312672 -0.0178935 0)
(-0.250079 0.360233 0)
(-0.146541 0.828806 0)
(-0.00826466 1.25559 0)
(0.113647 1.37449 0)
(0.247123 1.23845 0)
(0.336973 0.958748 0)
(2.37963e-05 -0.416861 0)
(-0.00166916 -0.420142 0)
(-0.00460053 -0.417668 0)
(-0.00701314 -0.413646 0)
(-0.00946795 -0.407855 0)
(-0.0118149 -0.400238 0)
(-0.014749 -0.392149 0)
(-0.0185579 -0.380988 0)
(-0.0231645 -0.367431 0)
(-0.029115 -0.350893 0)
(-0.0374937 -0.330549 0)
(-0.0500874 -0.305165 0)
(-0.068895 -0.271755 0)
(-0.0963907 -0.227719 0)
(-0.159661 -0.18598 0)
(-0.280206 -0.145068 0)
(-0.38555 -0.00981752 0)
(-0.376226 0.299242 0)
(-0.278305 0.727825 0)
(-0.134612 1.11816 0)
(0.0236503 1.23753 0)
(0.189975 1.1222 0)
(0.310945 0.880412 0)
(0.000157057 -0.417118 0)
(-0.000382435 -0.418996 0)
(-0.00150441 -0.416631 0)
(-0.00235828 -0.412599 0)
(-0.00319424 -0.406791 0)
(-0.00400229 -0.3992 0)
(-0.00496499 -0.390351 0)
(-0.00625082 -0.378849 0)
(-0.00784234 -0.364468 0)
(-0.00995603 -0.346559 0)
(-0.0130381 -0.323834 0)
(-0.0179161 -0.294155 0)
(-0.0259281 -0.253261 0)
(-0.0379771 -0.191722 0)
(-0.06801 -0.0983575 0)
(-0.156581 0.00764335 0)
(-0.259074 0.0976228 0)
(-0.317889 0.270599 0)
(-0.278177 0.569902 0)
(-0.16438 0.875927 0)
(-0.0177508 0.981382 0)
(0.127216 0.899379 0)
(0.231084 0.718569 0)
(0.435605 0.309425 0)
(0.373097 0.198705 0)
(0.29501 0.102214 0)
(0.260261 0.0305507 0)
(0.44297 0.208582 0)
(0.467186 0.128633 0)
(0.478956 0.05078 0)
(0.501889 -0.0204782 0)
(0.291883 0.0712136 0)
(0.374084 0.0230498 0)
(0.528169 -0.0381534 0)
(0.715654 -0.0559424 0)
(0.257019 -0.0217069 0)
(0.273781 -0.324808 0)
(-0.117471 -0.590114 0)
(0.21366 0.248731 0)
(-0.496979 0.217219 0)
(-0.611917 0.0944536 0)
(-0.682758 0.131521 0)
(-0.654124 0.270163 0)
(-0.712006 0.199437 0)
(-0.733276 0.106719 0)
(-0.735555 0.0616433 0)
(-0.696668 0.0576583 0)
(-0.733595 0.235386 0)
(-0.727414 0.136269 0)
(-0.705317 0.0539319 0)
(-0.662365 -0.0124511 0)
(-0.614213 0.197954 0)
(-0.595336 0.0677298 0)
(-0.563791 -0.0469654 0)
(-0.516904 -0.140039 0)
(-0.365558 0.164552 0)
(-0.343911 0.0198645 0)
(-0.315201 -0.118502 0)
(-0.274085 -0.239152 0)
(-0.0479239 0.121817 0)
(-0.0152567 -0.0277242 0)
(0.0173766 -0.169841 0)
(0.0509999 -0.300854 0)
(0.296687 0.0466016 0)
(0.337509 -0.096181 0)
(0.373868 -0.234974 0)
(0.410251 -0.364286 0)
(0.642424 -0.056511 0)
(0.688727 -0.189188 0)
(0.729147 -0.316563 0)
(0.766466 -0.432801 0)
(0.964521 -0.166996 0)
(1.0102 -0.285313 0)
(1.04668 -0.395568 0)
(1.07256 -0.487088 0)
(1.21977 -0.274469 0)
(1.25444 -0.369103 0)
(1.27485 -0.450949 0)
(1.27574 -0.504697 0)
(1.3518 -0.357136 0)
(1.36292 -0.410584 0)
(1.36053 -0.455537 0)
(1.3484 -0.473028 0)
(1.30866 -0.378593 0)
(1.31043 -0.400555 0)
(1.30381 -0.419783 0)
(1.28942 -0.423322 0)
(1.16087 -0.369323 0)
(1.156 -0.395778 0)
(1.14665 -0.407569 0)
(1.1302 -0.391623 0)
(1.00431 -0.364624 0)
(0.975995 -0.375609 0)
(0.942867 -0.353616 0)
(0.902377 -0.288018 0)
(0.849018 -0.289895 0)
(0.804091 -0.276887 0)
(0.755971 -0.234016 0)
(0.704823 -0.145883 0)
(0.578739 -0.242078 0)
(0.535674 -0.209887 0)
(0.494788 -0.162762 0)
(0.44689 -0.0730135 0)
(0.178189 -0.189684 0)
(0.159077 -0.110231 0)
(0.123101 -0.0271529 0)
(0.0738629 0.0759398 0)
(-0.222181 -0.110971 0)
(-0.238957 -0.0541731 0)
(-0.309137 0.0665696 0)
(-0.354218 0.203703 0)
(-0.598129 -0.0223725 0)
(-0.670129 0.0757993 0)
(-0.739202 0.19944 0)
(-0.791022 0.341717 0)
(-0.921401 0.14845 0)
(-0.983816 0.209519 0)
(-1.03654 0.296562 0)
(-1.0766 0.409089 0)
(-1.0009 0.277839 0)
(-1.04805 0.320935 0)
(-1.08753 0.381855 0)
(-1.11132 0.456809 0)
(-0.876624 0.359835 0)
(-0.897948 0.382046 0)
(-0.91241 0.414051 0)
(-0.914793 0.452906 0)
(-0.685588 0.387777 0)
(-0.689008 0.3952 0)
(-0.687062 0.406122 0)
(-0.677507 0.419543 0)
(-0.568915 0.385181 0)
(-0.569961 0.390442 0)
(-0.565771 0.390522 0)
(-0.555334 0.39015 0)
(-0.57216 0.394929 0)
(-0.576801 0.390888 0)
(-0.572668 0.376564 0)
(-0.561176 0.363078 0)
(-0.634945 0.417783 0)
(-0.637417 0.388241 0)
(-0.628449 0.355016 0)
(-0.611151 0.327017 0)
(-0.692508 0.435459 0)
(-0.68662 0.373131 0)
(-0.671677 0.317115 0)
(-0.647224 0.273744 0)
(-0.720631 0.425745 0)
(-0.698542 0.348785 0)
(-0.673241 0.273875 0)
(-0.642736 0.214141 0)
(-0.693363 0.362772 0)
(-0.670882 0.262485 0)
(-0.64273 0.188334 0)
(-0.611293 0.13914 0)
(-0.591231 0.367638 0)
(-0.598696 0.24194 0)
(-0.58906 0.138064 0)
(-0.565478 0.0717732 0)
(-0.391575 0.425406 0)
(-0.422111 0.271292 0)
(-0.436448 0.138039 0)
(-0.425834 0.0430702 0)
(-0.13488 0.532764 0)
(-0.178863 0.358197 0)
(-0.212335 0.200896 0)
(-0.228955 0.0721727 0)
(0.106842 0.639291 0)
(0.0581212 0.449271 0)
(0.0147657 0.275287 0)
(-0.0196689 0.122024 0)
(0.289631 0.731204 0)
(0.255538 0.543074 0)
(0.219376 0.363724 0)
(0.182629 0.200724 0)
(0.373838 0.766825 0)
(0.365219 0.597077 0)
(0.350254 0.429815 0)
(0.329027 0.270504 0)
(0.384261 0.738057 0)
(0.397647 0.589157 0)
(0.401543 0.440235 0)
(0.398205 0.294988 0)
(0.378886 0.688412 0)
(0.405479 0.557742 0)
(0.417271 0.428608 0)
(0.417682 0.305528 0)
(0.284023 0.583995 0)
(0.296093 0.519195 0)
(0.286737 0.441628 0)
(0.26963 0.344713 0)
(0.341538 -0.066059 0)
(0.453076 -0.0295376 0)
(0.40772 0.0722914 0)
(0.259342 0.100384 0)
(0.166522 0.0635543 0)
(0.0918731 0.0508824 0)
(-0.0531405 0.0167575 0)
(-0.140004 -0.014172 0)
(-0.181195 -0.038364 0)
(-0.237293 -0.0507937 0)
(-0.300692 -0.0310856 0)
(-0.324738 -0.0156678 0)
(-0.30778 -0.00729598 0)
(-0.257651 0.00331571 0)
(-0.186539 0.0117503 0)
(-0.115334 0.00402223 0)
(-0.0556325 -0.0187461 0)
(-0.036104 -0.055289 0)
(-0.0164958 -0.0506164 0)
(0.546251 -0.163631 0)
(0.620715 -0.0619956 0)
(0.573837 0.185828 0)
(0.376467 0.233172 0)
(0.199447 0.174613 0)
(0.0755887 0.148642 0)
(-0.0185295 0.118153 0)
(-0.0987752 0.0756571 0)
(-0.126447 0.0295894 0)
(-0.177627 -0.0100369 0)
(-0.239895 -0.0198035 0)
(-0.255898 -0.0345819 0)
(-0.238177 -0.0516645 0)
(-0.21905 -0.0609761 0)
(-0.171458 -0.0577062 0)
(-0.108043 -0.0549835 0)
(-0.0442684 -0.0569563 0)
(-0.0114096 -0.0760221 0)
(-0.00443329 -0.0872902 0)
(0.530832 -0.111089 0)
(0.0615091 0.171614 0)
(0.150252 0.384193 0)
(0.0295571 0.422003 0)
(0.0372408 0.290762 0)
(-0.0331308 0.223641 0)
(-0.0490539 0.177764 0)
(-0.0901241 0.121403 0)
(-0.0831308 0.066399 0)
(-0.0273144 0.0328973 0)
(0.0187017 0.0511869 0)
(0.195698 0.027655 0)
(0.503378 -0.0165495 0)
(0.673049 -0.0378146 0)
(0.391825 -0.0232667 0)
(0.00565714 -0.0375018 0)
(0.00489311 -0.0658131 0)
(0.0819955 -0.0615458 0)
(0.120168 -0.0448543 0)
(-0.587512 0.2056 0)
(-0.214171 0.232256 0)
(-0.176662 0.248966 0)
(-0.0618809 0.506569 0)
(0.0493484 0.323831 0)
(0.0683002 0.258517 0)
(0.0920673 0.163596 0)
(0.173377 0.0817783 0)
(0.283499 -0.0206573 0)
(0.447912 -0.098863 0)
(0.430496 -0.205743 0)
(0.40485 -0.452228 0)
(0.212058 -0.245687 0)
(0.167735 -0.0320596 0)
(0.165498 0.250511 0)
(-0.0637052 0.178199 0)
(0.0284657 -0.136926 0)
(0.101318 -0.161811 0)
(0.107572 0.0835717 0)
(-0.631698 0.263899 0)
(-0.351845 0.0933501 0)
(-0.223527 0.104784 0)
(0.0115757 0.265846 0)
(0.250991 0.199393 0)
(0.45954 0.151215 0)
(0.664258 0.0672871 0)
(0.869006 -0.0294398 0)
(0.990989 -0.115124 0)
(0.999488 -0.121855 0)
(0.93492 -0.074369 0)
(0.80171 0.0179182 0)
(0.517924 0.104298 0)
(0.228631 0.126985 0)
(0.139661 0.295043 0)
(0.0967182 0.204799 0)
(0.250441 -0.159118 0)
(0.243433 -0.163114 0)
(0.145089 0.174519 0)
(-0.581562 0.0138543 0)
(-0.434822 -0.0842911 0)
(-0.267241 -0.0939804 0)
(-0.00602681 -0.0630603 0)
(0.318817 -0.109471 0)
(0.63833 -0.149795 0)
(0.91386 -0.179297 0)
(1.1051 -0.187463 0)
(1.1997 -0.145215 0)
(1.19433 -0.0455818 0)
(1.09347 0.0507354 0)
(0.925194 0.137425 0)
(0.668143 0.244192 0)
(0.365384 0.290324 0)
(0.194556 0.341093 0)
(0.258235 0.0955658 0)
(0.387881 -0.194914 0)
(0.302005 -0.0676997 0)
(0.165832 0.332882 0)
(-0.558064 -0.107844 0)
(-0.399364 -0.223404 0)
(-0.218931 -0.280097 0)
(0.0418894 -0.347663 0)
(0.34434 -0.436964 0)
(0.610026 -0.444695 0)
(0.824128 -0.397495 0)
(0.973739 -0.320835 0)
(1.05227 -0.206168 0)
(1.05597 -0.0404017 0)
(0.9725 0.146752 0)
(0.800256 0.325865 0)
(0.546156 0.469028 0)
(0.290475 0.478272 0)
(0.175924 0.387827 0)
(0.329233 -0.0339648 0)
(0.431714 -0.199326 0)
(0.254328 0.0516259 0)
(0.117214 0.522182 0)
(-0.414042 -0.256609 0)
(-0.261014 -0.388538 0)
(-0.0842158 -0.478186 0)
(0.166531 -0.607846 0)
(0.397128 -0.670355 0)
(0.55235 -0.609387 0)
(0.652175 -0.507112 0)
(0.719986 -0.383883 0)
(0.76082 -0.207892 0)
(0.747652 0.0384753 0)
(0.651673 0.305172 0)
(0.469005 0.546703 0)
(0.235209 0.688489 0)
(-0.0249676 0.674841 0)
(0.134476 0.320285 0)
(0.264542 -0.150256 0)
(0.306979 -0.130798 0)
(0.0467579 0.270694 0)
(0.0116922 0.657128 0)
(-0.183027 -0.384788 0)
(-0.0639585 -0.529917 0)
(0.0773815 -0.652349 0)
(0.26859 -0.788259 0)
(0.402981 -0.788097 0)
(0.427668 -0.630058 0)
(0.399015 -0.521909 0)
(0.403469 -0.412864 0)
(0.411619 -0.208499 0)
(0.386439 0.0963626 0)
(0.279125 0.444545 0)
(0.0748116 0.751931 0)
(-0.179215 0.893418 0)
(-0.283224 0.636935 0)
(0.0370806 -0.0197346 0)
(-0.00143894 -0.16472 0)
(-0.069628 0.0839913 0)
(-0.197553 0.468498 0)
(-0.0920864 0.58895 0)
(0.122042 -0.466735 0)
(0.192149 -0.620112 0)
(0.275533 -0.763062 0)
(0.367739 -0.889803 0)
(0.396559 -0.803425 0)
(0.307608 -0.560023 0)
(0.164908 -0.474908 0)
(0.131509 -0.40777 0)
(0.0900123 -0.170388 0)
(0.031152 0.196193 0)
(-0.0976119 0.614406 0)
(-0.325395 0.977273 0)
(-0.509841 1.00025 0)
(-0.397053 0.456143 0)
(-0.281295 -0.0854982 0)
(-0.361084 -0.0762632 0)
(-0.345301 0.139234 0)
(-0.321176 0.358137 0)
(-0.138657 0.316823 0)
(0.461668 -0.517436 0)
(0.49243 -0.664478 0)
(0.536491 -0.80799 0)
(0.539627 -0.888306 0)
(0.436245 -0.714289 0)
(0.239177 -0.406578 0)
(0.00760316 -0.3585 0)
(-0.109697 -0.326513 0)
(-0.223835 -0.084908 0)
(-0.312062 0.335786 0)
(-0.430396 0.799913 0)
(-0.600476 1.12427 0)
(-0.633231 0.939471 0)
(-0.490554 0.310361 0)
(-0.542127 -0.0563647 0)
(-0.628266 -2.51296e-06 0)
(-0.519238 0.126568 0)
(-0.319888 0.206848 0)
(-0.101201 0.135394 0)
(0.795516 -0.555051 0)
(0.802722 -0.681942 0)
(0.819612 -0.796874 0)
(0.715639 -0.770711 0)
(0.505782 -0.531016 0)
(0.216817 -0.192863 0)
(-0.0430663 -0.201024 0)
(-0.260126 -0.182703 0)
(-0.451626 0.0515591 0)
(-0.545586 0.45434 0)
(-0.59363 0.900697 0)
(-0.629479 1.14536 0)
(-0.55522 0.874679 0)
(-0.429534 0.303687 0)
(-0.528742 -0.0121447 0)
(-0.647891 -0.0960923 0)
(-0.546148 -0.127881 0)
(-0.345281 -0.122183 0)
(-0.115843 -0.0856956 0)
(1.07289 -0.569306 0)
(1.06348 -0.66841 0)
(1.00508 -0.711359 0)
(0.820366 -0.599948 0)
(0.553898 -0.303316 0)
(0.201366 0.0589457 0)
(-0.0579339 0.0106968 0)
(-0.309794 0.0192295 0)
(-0.545789 0.195576 0)
(-0.62237 0.49299 0)
(-0.556052 0.856639 0)
(-0.43105 1.05321 0)
(-0.280113 0.835495 0)
(-0.123192 0.373958 0)
(-0.12631 0.117703 0)
(-0.167982 -0.00888687 0)
(-0.227278 -0.144494 0)
(-0.187618 -0.268518 0)
(-0.0884771 -0.31368 0)
(1.25582 -0.545473 0)
(1.20187 -0.59866 0)
(1.05943 -0.567428 0)
(0.810093 -0.373552 0)
(0.517794 -0.0198322 0)
(0.144032 0.330284 0)
(-0.0841401 0.221162 0)
(-0.339681 0.241007 0)
(-0.559227 0.344281 0)
(-0.583968 0.47892 0)
(-0.412558 0.682446 0)
(-0.143369 0.825566 0)
(0.106194 0.681501 0)
(0.270553 0.351245 0)
(0.277807 0.116905 0)
(0.221501 -0.00383524 0)
(0.167359 -0.0550221 0)
(0.0923468 -0.135823 0)
(0.00129433 -0.321507 0)
(1.31532 -0.484401 0)
(1.21223 -0.477479 0)
(1.01116 -0.373517 0)
(0.737293 -0.133822 0)
(0.413371 0.291223 0)
(0.0689725 0.583067 0)
(-0.124195 0.421137 0)
(-0.367659 0.444983 0)
(-0.5167 0.445634 0)
(-0.452429 0.392401 0)
(-0.219962 0.404097 0)
(0.0640707 0.495986 0)
(0.324733 0.41869 0)
(0.462395 0.257336 0)
(0.463845 0.128581 0)
(0.396299 0.0501017 0)
(0.315441 -0.00808011 0)
(0.239754 -0.0907005 0)
(0.0523688 -0.206888 0)
(1.2403 -0.408447 0)
(1.10733 -0.333221 0)
(0.872441 -0.160704 0)
(0.572892 0.128471 0)
(0.256006 0.587204 0)
(-0.0258272 0.786524 0)
(-0.172168 0.59492 0)
(-0.358574 0.591609 0)
(-0.39204 0.461736 0)
(-0.22413 0.251111 0)
(0.0201745 0.16474 0)
(0.26401 0.248188 0)
(0.472427 0.286842 0)
(0.543789 0.237923 0)
(0.499065 0.163512 0)
(0.413447 0.104113 0)
(0.326605 0.0689521 0)
(0.248464 0.0388978 0)
(0.00426614 -0.0846885 0)
(1.05406 -0.315856 0)
(0.867165 -0.131128 0)
(0.5732 0.13692 0)
(0.312345 0.42203 0)
(0.0984776 0.829935 0)
(-0.122068 0.934983 0)
(-0.207554 0.723658 0)
(-0.305526 0.644283 0)
(-0.218534 0.37538 0)
(0.022161 0.0293405 0)
(0.204229 -0.0792633 0)
(0.386486 0.024103 0)
(0.556927 0.193532 0)
(0.609473 0.278949 0)
(0.52072 0.260345 0)
(0.382099 0.196486 0)
(0.263249 0.161618 0)
(0.182634 0.176855 0)
(-0.124977 0.0206216 0)
(0.784021 -0.127842 0)
(0.604425 0.100774 0)
(0.370083 0.343122 0)
(0.158513 0.597979 0)
(-0.0400137 1.0177 0)
(-0.213572 1.02792 0)
(-0.222758 0.782815 0)
(-0.209602 0.601369 0)
(-0.00805893 0.221279 0)
(0.210341 -0.108973 0)
(0.344904 -0.216613 0)
(0.42521 -0.122044 0)
(0.503841 0.101523 0)
(0.540944 0.30414 0)
(0.451973 0.368482 0)
(0.291782 0.31324 0)
(0.167747 0.277633 0)
(0.0355483 0.326556 0)
(-0.209434 -0.020338 0)
(0.598063 0.00124325 0)
(0.425801 0.256138 0)
(0.215135 0.51372 0)
(0.0112174 0.772742 0)
(-0.206176 1.18063 0)
(-0.310712 1.06368 0)
(-0.225056 0.75485 0)
(-0.0969989 0.470308 0)
(0.166505 0.0506928 0)
(0.336924 -0.255652 0)
(0.424636 -0.288707 0)
(0.418532 -0.141707 0)
(0.379147 0.108543 0)
(0.355859 0.357066 0)
(0.260527 0.476437 0)
(0.143245 0.414537 0)
(0.0691251 0.390719 0)
(-0.073782 0.427042 0)
(-0.0324287 -0.114584 0)
(0.347975 0.142547 0)
(0.188833 0.427996 0)
(-0.00544703 0.685083 0)
(-0.221635 0.989762 0)
(-0.41401 1.29099 0)
(-0.396325 1.01245 0)
(-0.203208 0.607725 0)
(-0.00150774 0.242151 0)
(0.237746 -0.136632 0)
(0.338096 -0.37661 0)
(0.379489 -0.304529 0)
(0.308663 -0.0758564 0)
(0.183239 0.20269 0)
(0.100689 0.457728 0)
(0.0200086 0.553942 0)
(0.00301644 0.456256 0)
(-0.0677782 0.502276 0)
(-0.155307 0.464641 0)
(0.131346 -0.14712 0)
(-0.00555821 0.289097 0)
(-0.146969 0.585318 0)
(-0.339065 0.891289 0)
(-0.534642 1.19708 0)
(-0.600484 1.28551 0)
(-0.421634 0.85876 0)
(-0.162578 0.403896 0)
(0.023566 0.0497382 0)
(0.218712 -0.27768 0)
(0.236626 -0.422521 0)
(0.225479 -0.25122 0)
(0.0898086 0.0434756 0)
(-0.0594452 0.331439 0)
(-0.139872 0.529938 0)
(-0.166219 0.546144 0)
(-0.19697 0.524302 0)
(-0.245077 0.552759 0)
(-0.137455 0.328263 0)
(0.170865 -0.122269 0)
(-0.440071 0.435831 0)
(-0.574571 0.765855 0)
(-0.720214 1.07477 0)
(-0.793564 1.25937 0)
(-0.672212 1.13133 0)
(-0.379797 0.629328 0)
(-0.154005 0.222405 0)
(-0.0186928 -0.0996496 0)
(0.105925 -0.37728 0)
(0.0665369 -0.395121 0)
(0.0078217 -0.124035 0)
(-0.153516 0.168765 0)
(-0.261496 0.419378 0)
(-0.329314 0.5596 0)
(-0.381509 0.585408 0)
(-0.422223 0.577871 0)
(-0.304237 0.421742 0)
(-0.0178512 0.0433925 0)
(0.0893867 -0.0609322 0)
(-0.863385 0.574022 0)
(-0.946778 0.887719 0)
(-0.972135 1.10938 0)
(-0.876916 1.13813 0)
(-0.604998 0.868589 0)
(-0.312576 0.405292 0)
(-0.178722 0.101328 0)
(-0.0865999 -0.196307 0)
(-0.0760479 -0.400661 0)
(-0.141039 -0.308448 0)
(-0.236159 -0.0162364 0)
(-0.358095 0.271201 0)
(-0.455493 0.50031 0)
(-0.548925 0.628555 0)
(-0.606545 0.62582 0)
(-0.560528 0.485492 0)
(-0.360806 0.175917 0)
(-0.207809 -0.0766395 0)
(-0.0555199 -0.0600559 0)
(-1.10991 0.599397 0)
(-1.11252 0.853032 0)
(-1.00051 0.983471 0)
(-0.767608 0.900588 0)
(-0.465693 0.600835 0)
(-0.265894 0.266625 0)
(-0.219779 0.0439466 0)
(-0.203282 -0.226887 0)
(-0.267793 -0.358452 0)
(-0.347939 -0.202037 0)
(-0.456035 0.104317 0)
(-0.568113 0.382686 0)
(-0.666149 0.602821 0)
(-0.748652 0.694002 0)
(-0.752437 0.608244 0)
(-0.63219 0.342545 0)
(-0.458149 -0.0137462 0)
(-0.297694 -0.278404 0)
(-0.113026 -0.262074 0)
(-1.09899 0.582161 0)
(-1.01415 0.739907 0)
(-0.815803 0.772351 0)
(-0.55693 0.641497 0)
(-0.331318 0.410562 0)
(-0.258073 0.223507 0)
(-0.271155 0.0465253 0)
(-0.321213 -0.199618 0)
(-0.425832 -0.282217 0)
(-0.508618 -0.0918781 0)
(-0.612864 0.21986 0)
(-0.708832 0.4781 0)
(-0.772311 0.663524 0)
(-0.783129 0.686147 0)
(-0.688014 0.498732 0)
(-0.502742 0.168212 0)
(-0.331713 -0.167885 0)
(-0.222499 -0.427771 0)
(-0.107079 -0.476617 0)
(-0.875453 0.514988 0)
(-0.760785 0.584927 0)
(-0.567695 0.563338 0)
(-0.37539 0.455516 0)
(-0.264819 0.329852 0)
(-0.266196 0.238563 0)
(-0.303674 0.0918523 0)
(-0.398533 -0.130854 0)
(-0.524163 -0.196667 0)
(-0.582829 -0.00273784 0)
(-0.634339 0.291204 0)
(-0.687124 0.515184 0)
(-0.682178 0.646939 0)
(-0.609017 0.605227 0)
(-0.449594 0.369616 0)
(-0.244225 0.0433449 0)
(-0.0589598 -0.247123 0)
(-0.0241853 -0.428991 0)
(-0.0362106 -0.575147 0)
(-0.63432 0.439641 0)
(-0.536805 0.457124 0)
(-0.404336 0.425637 0)
(-0.300255 0.365481 0)
(-0.259486 0.313878 0)
(-0.2668 0.270152 0)
(-0.298745 0.16015 0)
(-0.410272 -0.0314207 0)
(-0.55852 -0.121453 0)
(-0.597374 0.0268918 0)
(-0.547271 0.304518 0)
(-0.506005 0.488995 0)
(-0.434027 0.559837 0)
(-0.297084 0.483194 0)
(-0.112226 0.232097 0)
(0.0855376 -0.0904208 0)
(0.219919 -0.315994 0)
(0.211931 -0.380818 0)
(0.0524972 -0.497878 0)
(-0.51935 0.387866 0)
(-0.447762 0.379519 0)
(-0.364586 0.352861 0)
(-0.304158 0.323534 0)
(-0.272593 0.303086 0)
(-0.257621 0.28385 0)
(-0.26305 0.22392 0)
(-0.351977 0.0870139 0)
(-0.529105 -0.0352675 0)
(-0.606863 0.016395 0)
(-0.50127 0.217186 0)
(-0.317867 0.395356 0)
(-0.13037 0.437052 0)
(0.052905 0.352104 0)
(0.216544 0.0956835 0)
(0.331097 -0.202999 0)
(0.384331 -0.345293 0)
(0.368032 -0.278991 0)
(0.102312 -0.333094 0)
(-0.525154 0.342555 0)
(-0.459484 0.317159 0)
(-0.38626 0.295471 0)
(-0.327485 0.281844 0)
(-0.282657 0.274041 0)
(-0.247228 0.26666 0)
(-0.224907 0.248946 0)
(-0.249545 0.193595 0)
(-0.378291 0.0981115 0)
(-0.540598 0.0293493 0)
(-0.533091 0.0537564 0)
(-0.336956 0.125912 0)
(-0.0777581 0.161391 0)
(0.129077 0.144255 0)
(0.254749 0.0402514 0)
(0.235163 -0.266176 0)
(0.272931 -0.363103 0)
(0.338818 -0.159975 0)
(0.0719019 -0.152421 0)
(-0.566435 0.288525 0)
(-0.492224 0.24857 0)
(-0.412467 0.230829 0)
(-0.344479 0.228128 0)
(-0.287528 0.230568 0)
(-0.239974 0.23031 0)
(-0.203057 0.230968 0)
(-0.184253 0.227264 0)
(-0.231674 0.204928 0)
(-0.37104 0.160395 0)
(-0.423153 0.0867728 0)
(-0.291048 -0.0134232 0)
(-0.105205 -0.0454432 0)
(0.0215899 0.0222879 0)
(0.0191476 -0.0661157 0)
(0.11143 -0.398233 0)
(0.141078 -0.410234 0)
(0.203322 -0.0721121 0)
(-0.0522007 -0.0442779 0)
(-0.593089 0.220156 0)
(-0.509968 0.171023 0)
(-0.424603 0.159151 0)
(-0.349002 0.165806 0)
(-0.284677 0.179304 0)
(-0.230698 0.18825 0)
(-0.188506 0.199853 0)
(-0.154138 0.221842 0)
(-0.152767 0.245196 0)
(-0.230289 0.210552 0)
(-0.259443 0.0340282 0)
(-0.167886 -0.175647 0)
(-0.0898511 -0.217623 0)
(0.0937244 0.0441082 0)
(0.144892 0.0242114 0)
(0.227963 -0.363964 0)
(0.155194 -0.372974 0)
(0.117801 0.0590961 0)
(-0.168467 -0.0301512 0)
(-0.586976 0.147419 0)
(-0.506165 0.0919548 0)
(-0.419759 0.082334 0)
(-0.336687 0.0970775 0)
(-0.271427 0.123757 0)
(-0.213628 0.143527 0)
(-0.16792 0.16486 0)
(-0.123911 0.199321 0)
(-0.0808002 0.245226 0)
(-0.0776687 0.240893 0)
(-0.101599 0.070151 0)
(-0.077357 -0.172274 0)
(-0.115005 -0.262167 0)
(-0.0806265 -0.153 0)
(0.154631 -0.151173 0)
(0.274378 -0.395398 0)
(0.196501 -0.282474 0)
(0.0352775 0.204486 0)
(-0.151345 -0.0880651 0)
(-0.561845 0.0796035 0)
(-0.48908 0.0185059 0)
(-0.39666 0.000293315 0)
(-0.31143 0.0258377 0)
(-0.247567 0.0673333 0)
(-0.189398 0.0964461 0)
(-0.140548 0.122843 0)
(-0.0899618 0.154765 0)
(-0.0258352 0.196062 0)
(0.054176 0.223241 0)
(0.0584027 0.10382 0)
(0.0461779 -0.11466 0)
(-0.00898825 -0.237513 0)
(-0.0410036 -0.245651 0)
(0.189732 -0.364437 0)
(0.238785 -0.432569 0)
(0.173813 -0.160208 0)
(-0.0339332 0.343469 0)
(-0.0347253 -0.151785 0)
(-0.529768 0.00970664 0)
(-0.456918 -0.065347 0)
(-0.347201 -0.089134 0)
(-0.274001 -0.0431463 0)
(-0.212563 0.0135354 0)
(-0.160805 0.0504785 0)
(-0.113818 0.0784268 0)
(-0.0634913 0.100732 0)
(0.00231367 0.116442 0)
(0.097423 0.150129 0)
(0.140945 0.0897964 0)
(0.143497 -0.0744249 0)
(0.107 -0.203902 0)
(0.105691 -0.313281 0)
(0.203904 -0.434629 0)
(0.146972 -0.39268 0)
(0.069476 -0.000449517 0)
(-0.106154 0.423184 0)
(0.0670413 -0.188077 0)
(-0.403806 -0.0446584 0)
(-0.364538 -0.142316 0)
(-0.269101 -0.168163 0)
(-0.218266 -0.101369 0)
(-0.168616 -0.0312483 0)
(-0.128883 0.0112449 0)
(-0.0904986 0.0383046 0)
(-0.0479734 0.0518203 0)
(0.00698289 0.0474186 0)
(0.0746687 0.0699435 0)
(0.13707 0.0462836 0)
(0.165851 -0.0634928 0)
(0.15284 -0.188422 0)
(0.169369 -0.34813 0)
(0.147504 -0.40686 0)
(0.0101727 -0.277936 0)
(-0.066018 0.145557 0)
(-0.130789 0.392092 0)
(0.117855 -0.195026 0)
(-0.261607 -0.0667122 0)
(-0.214486 -0.195162 0)
(-0.169763 -0.218856 0)
(-0.147491 -0.138684 0)
(-0.119204 -0.0602008 0)
(-0.0960378 -0.0158736 0)
(-0.0709049 0.00784762 0)
(-0.0384363 0.014925 0)
(-0.00537649 0.00654713 0)
(0.041537 0.0150128 0)
(0.102962 -0.0040323 0)
(0.146244 -0.0736027 0)
(0.154581 -0.193083 0)
(0.133349 -0.325744 0)
(0.016931 -0.306564 0)
(-0.114091 -0.14348 0)
(-0.128909 0.164494 0)
(-0.0600235 0.248396 0)
(0.118559 -0.179094 0)
(-0.0585269 -0.0515207 0)
(-0.0428129 -0.215116 0)
(-0.0546119 -0.231673 0)
(-0.0708855 -0.14729 0)
(-0.0687894 -0.069654 0)
(-0.0644053 -0.0288324 0)
(-0.0540778 -0.010832 0)
(-0.0342168 -0.0072649 0)
(-0.0115734 -0.0202662 0)
(0.045399 -0.0372042 0)
(0.0997267 -0.0520448 0)
(0.118814 -0.076471 0)
(0.113697 -0.185906 0)
(0.0155331 -0.241656 0)
(-0.13678 -0.19547 0)
(-0.184605 -0.10912 0)
(-0.130236 0.0768915 0)
(0.010967 0.0999277 0)
(0.0777107 -0.125653 0)
(0.153418 -0.0124145 0)
(0.12288 -0.19305 0)
(0.0549487 -0.204733 0)
(-0.00173734 -0.124899 0)
(-0.0244981 -0.059598 0)
(-0.0378965 -0.0276631 0)
(-0.0415241 -0.0174459 0)
(-0.0356011 -0.0208555 0)
(-0.00398465 -0.0616756 0)
(0.0553362 -0.0955806 0)
(0.0753317 -0.0724815 0)
(0.070602 -0.0539923 0)
(0.00797605 -0.122979 0)
(-0.162373 -0.11775 0)
(-0.253778 -0.12934 0)
(-0.212597 -0.126156 0)
(-0.122399 -0.0425669 0)
(-0.000303042 0.00103827 0)
(0.0375139 -0.0927044 0)
(0.304702 0.0414418 0)
(0.241804 -0.136053 0)
(0.134187 -0.142529 0)
(0.0490941 -0.0769756 0)
(0.00774433 -0.032782 0)
(-0.0188584 -0.0143735 0)
(-0.0378182 -0.0134565 0)
(-0.0461738 -0.0373976 0)
(-0.0193479 -0.100929 0)
(0.0209 -0.132752 0)
(0.00496443 -0.0648641 0)
(-0.0141953 -0.00463423 0)
(-0.16991 -0.00751009 0)
(-0.316144 -0.0171405 0)
(-0.304863 -0.133973 0)
(-0.212737 -0.203344 0)
(-0.127651 -0.130854 0)
(-0.0359786 -0.0721176 0)
(0.00753544 -0.083448 0)
(0.37757 0.0882578 0)
(0.289829 -0.0532279 0)
(0.16514 -0.0557063 0)
(0.0753005 -0.0157381 0)
(0.0257164 0.00761578 0)
(-0.0106115 0.0149713 0)
(-0.0463762 0.0109435 0)
(-0.0619589 -0.0368422 0)
(-0.0566455 -0.126376 0)
(-0.0332567 -0.13493 0)
(-0.0569571 -0.0123176 0)
(-0.154506 0.116516 0)
(-0.321072 0.12441 0)
(-0.382163 0.024446 0)
(-0.298071 -0.21147 0)
(-0.20324 -0.292096 0)
(-0.150825 -0.196555 0)
(-0.0759982 -0.139362 0)
(-0.0126457 -0.106883 0)
(0.385812 0.144596 0)
(0.283338 0.0440701 0)
(0.167653 0.0316166 0)
(0.0893887 0.0404272 0)
(0.0384941 0.0447111 0)
(-0.0050439 0.044231 0)
(-0.0556122 0.0332739 0)
(-0.0803954 -0.0370896 0)
(-0.0550816 -0.141158 0)
(-0.0290131 -0.1151 0)
(-0.0629041 0.0843988 0)
(-0.261791 0.245357 0)
(-0.418626 0.164414 0)
(-0.345544 -0.0451177 0)
(-0.208437 -0.309916 0)
(-0.135306 -0.358383 0)
(-0.122177 -0.247565 0)
(-0.0687653 -0.203971 0)
(-0.0192952 -0.156928 0)
(0.231981 0.227157 0)
(0.16742 0.150973 0)
(0.108727 0.118175 0)
(0.0664201 0.105448 0)
(0.031313 0.102668 0)
(-0.0021439 0.104819 0)
(-0.0363962 0.0733238 0)
(-0.0392569 -0.0522933 0)
(0.0018638 -0.166448 0)
(0.0279191 -0.173177 0)
(0.172416 0.136044 0)
(-0.209961 0.696295 0)
(-0.389596 0.016905 0)
(-0.161577 -0.172771 0)
(-0.0584961 -0.367229 0)
(-0.0378682 -0.381248 0)
(-0.040779 -0.269276 0)
(-0.0226865 -0.220645 0)
(-0.0101444 -0.182076 0)
)
;

boundaryField
{
    leftWall
    {
        type            fixedValue;
        value           uniform (0 0 0);
    }
    rightWall
    {
        type            fixedValue;
        value           uniform (0 0 0);
    }
    lowerWall
    {
        type            fixedValue;
        value           uniform (0 0 0);
    }
    atmosphere
    {
        type            pressureInletOutletVelocity;
        value           nonuniform List<vector> 
46
(
(0 -0.416974 0)
(-0 -0.418759 0)
(-0 -0.416412 0)
(-0 -0.412387 0)
(-0 -0.406588 0)
(-0 -0.399012 0)
(-0 -0.390142 0)
(-0 -0.37864 0)
(-0 -0.364249 0)
(-0 -0.346307 0)
(-0 -0.323502 0)
(-0 -0.293624 0)
(-0 -0.252291 0)
(-0 -0.189869 0)
(-0 -0.0944434 0)
(-0.156581 0.00764335 0)
(-0.259074 0.0976228 0)
(-0.317889 0.270599 0)
(-0.278177 0.569902 0)
(-0.16438 0.875927 0)
(-0.0177508 0.981382 0)
(0.127216 0.899379 0)
(0.231084 0.718569 0)
(0.284023 0.583995 0)
(0.296093 0.519195 0)
(0.286737 0.441628 0)
(0.26963 0.344713 0)
(0.231981 0.227157 0)
(0.16742 0.150973 0)
(0.108727 0.118175 0)
(0.0664201 0.105448 0)
(0.031313 0.102668 0)
(-0.0021439 0.104819 0)
(-0.0363962 0.0733238 0)
(-0 -0.0556301 0)
(0 -0.16996 0)
(0 -0.182949 0)
(0.172416 0.136044 0)
(-0.209961 0.696295 0)
(-0 -0.0142635 0)
(-0 -0.194485 0)
(-0 -0.373751 0)
(-0 -0.38023 0)
(-0 -0.269509 0)
(-0 -0.220792 0)
(-0 -0.18221 0)
)
;
    }
    defaultFaces
    {
        type            empty;
    }
}


// ************************************************************************* //
