/*--------------------------------*- C++ -*----------------------------------*\
| =========                 |                                                 |
| \\      /  F ield         | OpenFOAM: The Open Source CFD Toolbox           |
|  \\    /   O peration     | Version:  2.3.0                                 |
|   \\  /    A nd           | Web:      www.OpenFOAM.org                      |
|    \\/     M anipulation  |                                                 |
\*---------------------------------------------------------------------------*/
FoamFile
{
    version     2.0;
    format      ascii;
    class       surfaceScalarField;
    location    "2.65";
    object      phi;
}
// * * * * * * * * * * * * * * * * * * * * * * * * * * * * * * * * * * * * * //

dimensions      [0 3 -1 0 0 0 0];

internalField   nonuniform List<scalar> 
4432
(
-6.71759e-07
6.71759e-07
-1.5295e-06
8.57739e-07
-2.41734e-06
8.87837e-07
-3.25022e-06
8.32874e-07
-4.01917e-06
7.68938e-07
-4.71949e-06
7.00318e-07
-5.34805e-06
6.2857e-07
-5.9022e-06
5.54158e-07
-6.37806e-06
4.75845e-07
-6.77121e-06
3.93155e-07
-7.07385e-06
3.02651e-07
-7.26826e-06
1.94386e-07
-7.31528e-06
4.70032e-08
-7.14169e-06
-1.73566e-07
-6.65671e-06
-4.85005e-07
-5.8255e-06
-8.31209e-07
-4.84239e-06
-9.83101e-07
-3.78046e-06
-1.06194e-06
-2.33159e-06
-1.44887e-06
-3.1952e-07
-2.01206e-06
1.62757e-06
-1.94708e-06
2.26127e-06
-6.33693e-07
2.26127e-06
-8.24546e-07
1.4963e-06
-1.66241e-06
1.69561e-06
-2.51817e-06
1.74358e-06
-3.33181e-06
1.64651e-06
-4.08225e-06
1.51938e-06
-4.76527e-06
1.38334e-06
-5.38099e-06
1.24429e-06
-5.92942e-06
1.1026e-06
-6.40883e-06
9.55265e-07
-6.815e-06
7.99298e-07
-7.13729e-06
6.24935e-07
-7.35412e-06
4.11211e-07
-7.43061e-06
1.23479e-07
-7.32226e-06
-2.81897e-07
-6.98134e-06
-8.25928e-07
-6.37174e-06
-1.44081e-06
-5.50811e-06
-1.84672e-06
-4.34966e-06
-2.2204e-06
-2.85577e-06
-2.94275e-06
-1.13306e-06
-3.73474e-06
5.75785e-07
-3.65592e-06
1.42078e-06
-1.47869e-06
3.68204e-06
-8.93106e-07
2.3894e-06
-1.72547e-06
2.52797e-06
-2.54669e-06
2.5648e-06
-3.32995e-06
2.42976e-06
-4.05448e-06
2.24391e-06
-4.71711e-06
2.04598e-06
-5.31948e-06
1.84666e-06
-5.86276e-06
1.64588e-06
-6.34606e-06
1.43857e-06
-6.76543e-06
1.21866e-06
-7.11027e-06
9.6978e-07
-7.36003e-06
6.60987e-07
-7.4837e-06
2.47144e-07
-7.44464e-06
-3.20935e-07
-7.2095e-06
-1.06105e-06
-6.75118e-06
-1.89913e-06
-5.98281e-06
-2.61508e-06
-4.8923e-06
-3.3109e-06
-3.53039e-06
-4.30465e-06
-1.95828e-06
-5.30684e-06
-2.78874e-07
-5.33532e-06
7.96031e-07
-2.55359e-06
4.47808e-06
-9.295e-07
3.3189e-06
-1.78345e-06
3.38193e-06
-2.5983e-06
3.37965e-06
-3.368e-06
3.19946e-06
-4.07952e-06
2.95543e-06
-4.73228e-06
2.69875e-06
-5.32932e-06
2.44371e-06
-5.87253e-06
2.18909e-06
-6.3614e-06
1.92744e-06
-6.79213e-06
1.6494e-06
-7.15441e-06
1.33205e-06
-7.42879e-06
9.35371e-07
-7.58719e-06
4.05546e-07
-7.59813e-06
-3.09997e-07
-7.43441e-06
-1.22478e-06
-7.06902e-06
-2.26454e-06
-6.41791e-06
-3.26619e-06
-5.45787e-06
-4.27094e-06
-4.26882e-06
-5.4937e-06
-2.87557e-06
-6.7001e-06
-1.25071e-06
-6.96017e-06
1.64909e-07
-3.9692e-06
4.643e-06
-9.56721e-07
4.27562e-06
-1.84861e-06
4.27382e-06
-2.6804e-06
4.21146e-06
-3.45529e-06
3.97436e-06
-4.16849e-06
3.66863e-06
-4.82278e-06
3.35305e-06
-5.42276e-06
3.04368e-06
-5.9708e-06
2.73712e-06
-6.46637e-06
2.42301e-06
-6.9057e-06
2.08872e-06
-7.27874e-06
1.70508e-06
-7.56695e-06
1.22359e-06
-7.74418e-06
5.82771e-07
-7.78156e-06
-2.72623e-07
-7.65505e-06
-1.35129e-06
-7.34053e-06
-2.57908e-06
-6.7882e-06
-3.81852e-06
-5.98611e-06
-5.07302e-06
-5.02332e-06
-6.45649e-06
-3.92444e-06
-7.79899e-06
-2.51039e-06
-8.37422e-06
-7.21896e-07
-5.75771e-06
3.9211e-06
-9.95536e-07
5.27117e-06
-1.93941e-06
5.21771e-06
-2.80712e-06
5.07918e-06
-3.60506e-06
4.77231e-06
-4.33451e-06
4.39807e-06
-5.00143e-06
4.01997e-06
-5.61178e-06
3.65403e-06
-6.16803e-06
3.29338e-06
-6.66924e-06
2.92422e-06
-7.11132e-06
2.53079e-06
-7.48436e-06
2.07813e-06
-7.7705e-06
1.50974e-06
-7.94497e-06
7.5724e-07
-7.98058e-06
-2.37017e-07
-7.85628e-06
-1.47559e-06
-7.55815e-06
-2.87721e-06
-7.06807e-06
-4.30859e-06
-6.41444e-06
-5.72664e-06
-5.71768e-06
-7.15326e-06
-5.04368e-06
-8.47298e-06
-4.11896e-06
-9.29894e-06
-2.23499e-06
-7.64168e-06
1.68611e-06
-1.06274e-06
6.33392e-06
-2.07254e-06
6.22752e-06
-2.99183e-06
5.99847e-06
-3.82882e-06
5.60931e-06
-4.58782e-06
5.15708e-06
-5.27704e-06
4.70919e-06
-5.9033e-06
4.2803e-06
-6.46856e-06
3.85864e-06
-6.97081e-06
3.42646e-06
-7.40514e-06
2.96513e-06
-7.76174e-06
2.43472e-06
-8.0235e-06
1.77151e-06
-8.16719e-06
9.00929e-07
-8.16757e-06
-2.36638e-07
-8.00827e-06
-1.63488e-06
-7.68959e-06
-3.19588e-06
-7.22749e-06
-4.77068e-06
-6.69381e-06
-6.26032e-06
-6.25608e-06
-7.59099e-06
-6.0636e-06
-8.66545e-06
-5.93233e-06
-9.43022e-06
-4.53717e-06
-9.03682e-06
-2.85104e-06
-1.16596e-06
7.4999e-06
-2.25511e-06
7.31667e-06
-3.23917e-06
6.98254e-06
-4.12772e-06
6.49787e-06
-4.92721e-06
5.95658e-06
-5.64631e-06
5.4283e-06
-6.29128e-06
4.92527e-06
-6.86251e-06
4.42987e-06
-7.35656e-06
3.9205e-06
-7.76742e-06
3.37599e-06
-8.0856e-06
2.7529e-06
-8.29538e-06
1.98129e-06
-8.37615e-06
9.81701e-07
-8.30584e-06
-3.0695e-07
-8.0755e-06
-1.86522e-06
-7.70224e-06
-3.56914e-06
-7.23451e-06
-5.23841e-06
-6.78246e-06
-6.71239e-06
-6.55637e-06
-7.81707e-06
-6.78742e-06
-8.43442e-06
-7.50996e-06
-8.70767e-06
-7.35989e-06
-9.18691e-06
-1.02109e-05
-2.03351e-06
2.03351e-06
4.13596e-07
-2.44711e-06
3.44858e-06
-3.03499e-06
6.18366e-06
-2.73508e-06
8.58519e-06
-2.40152e-06
1.05327e-05
-1.94748e-06
1.15817e-05
-1.04904e-06
1.13456e-05
2.36058e-07
8.33931e-06
3.00631e-06
4.10006e-06
4.23924e-06
2.39426e-06
1.70581e-06
1.35868e-06
1.03558e-06
-1.8639e-06
3.22258e-06
-6.74848e-06
4.88459e-06
-1.04034e-05
3.65496e-06
-1.01845e-05
-2.1895e-07
-7.1104e-06
-3.07407e-06
-2.98296e-06
-4.12743e-06
-2.98297e-06
-3.43634e-07
2.37714e-06
1.6731e-06
-4.46384e-06
3.66348e-06
-5.02536e-06
5.54138e-06
-4.613e-06
7.29778e-06
-4.15791e-06
8.60976e-06
-3.25948e-06
8.95828e-06
-1.39755e-06
8.49749e-06
6.96824e-07
7.07673e-06
4.42709e-06
4.5326e-06
6.78335e-06
2.55984e-06
3.67858e-06
1.22364e-06
2.3718e-06
-1.29819e-06
5.7444e-06
-4.78942e-06
8.37584e-06
-7.2014e-06
6.06694e-06
-7.4836e-06
6.3271e-08
-6.25098e-06
-4.30669e-06
-3.84226e-06
-6.53615e-06
-6.82524e-06
9.78869e-07
1.39826e-06
2.25109e-06
-5.73607e-06
3.52077e-06
-6.29503e-06
4.85147e-06
-5.94371e-06
6.15844e-06
-5.46488e-06
7.07135e-06
-4.1724e-06
7.05805e-06
-1.38425e-06
6.23564e-06
1.51923e-06
5.19701e-06
5.46572e-06
3.80383e-06
8.17653e-06
2.36697e-06
5.11542e-06
1.1734e-06
3.56538e-06
-4.08815e-07
7.32661e-06
-2.30368e-06
1.02707e-05
-4.131e-06
7.89425e-06
-4.97601e-06
9.08289e-07
-4.76531e-06
-4.51739e-06
-3.52758e-06
-7.77388e-06
-1.03528e-05
1.71053e-06
-3.12279e-07
2.40308e-06
-6.42862e-06
3.12505e-06
-7.017e-06
4.04835e-06
-6.86703e-06
5.04182e-06
-6.45835e-06
5.70872e-06
-4.83931e-06
5.48016e-06
-1.15569e-06
4.61165e-06
2.38774e-06
3.71652e-06
6.36085e-06
3.1035e-06
8.78957e-06
2.14203e-06
6.0769e-06
1.27682e-06
4.43059e-06
4.32724e-07
8.1707e-06
-3.91152e-07
1.10946e-05
-1.53975e-06
9.04285e-06
-2.57208e-06
1.94062e-06
-2.95332e-06
-4.13616e-06
-2.52546e-06
-8.20174e-06
-1.28783e-05
1.87476e-06
-2.18705e-06
2.13272e-06
-6.68657e-06
2.47087e-06
-7.35515e-06
3.10421e-06
-7.50038e-06
3.87895e-06
-7.23309e-06
4.43016e-06
-5.39053e-06
4.10004e-06
-8.25556e-07
3.24788e-06
3.23991e-06
2.63779e-06
6.97095e-06
2.48171e-06
8.94565e-06
2.01106e-06
6.54755e-06
1.54477e-06
4.8969e-06
1.28688e-06
8.42859e-06
1.15478e-06
1.12267e-05
5.91851e-07
9.60578e-06
-3.45733e-07
2.87821e-06
-1.09887e-06
-3.38303e-06
-1.2782e-06
-8.0224e-06
-1.41565e-05
1.54717e-06
-3.73423e-06
1.44147e-06
-6.58087e-06
1.5805e-06
-7.49417e-06
2.0247e-06
-7.94459e-06
2.64737e-06
-7.85575e-06
3.18727e-06
-5.93043e-06
2.86719e-06
-5.05459e-07
2.09358e-06
4.01351e-06
1.84077e-06
7.22376e-06
2.04959e-06
8.73681e-06
2.05792e-06
6.53921e-06
1.82037e-06
5.13446e-06
2.06198e-06
8.18697e-06
2.38611e-06
1.09026e-05
2.3106e-06
9.6813e-06
1.55558e-06
3.63323e-06
5.9186e-07
-2.41931e-06
4.4665e-08
-7.4752e-06
-1.41118e-05
5.19597e-07
-4.25382e-06
3.91312e-07
-6.45259e-06
5.04791e-07
-7.60765e-06
8.36745e-07
-8.27655e-06
1.34743e-06
-8.36643e-06
1.92141e-06
-6.50442e-06
1.76115e-06
-3.45199e-07
1.21277e-06
4.56189e-06
1.24797e-06
7.18856e-06
1.8434e-06
8.14138e-06
2.19018e-06
6.19243e-06
2.17897e-06
5.14566e-06
2.70012e-06
7.66581e-06
3.3664e-06
1.02363e-05
3.66823e-06
9.37947e-06
3.08621e-06
4.21525e-06
2.00587e-06
-1.33897e-06
1.03312e-06
-6.50246e-06
-1.30787e-05
-1.07348e-06
-3.18033e-06
-8.72091e-07
-6.65397e-06
-6.73275e-07
-7.80646e-06
-4.12325e-07
-8.53751e-06
-1.77617e-08
-8.761e-06
5.83645e-07
-7.10583e-06
7.73564e-07
-5.35126e-07
5.18506e-07
4.81694e-06
8.96963e-07
6.81011e-06
1.80981e-06
7.22853e-06
2.3804e-06
5.62184e-06
2.61732e-06
4.90875e-06
3.24346e-06
7.03968e-06
4.11139e-06
9.36835e-06
4.66348e-06
8.82737e-06
4.20191e-06
4.67682e-06
3.11758e-06
-2.54628e-07
1.89535e-06
-5.28023e-06
-1.11833e-05
-2.83305e-06
1.0333e-05
-5.47423e-06
9.95785e-06
-7.84459e-06
9.35289e-06
-9.93753e-06
8.59081e-06
-1.17964e-05
7.81546e-06
-1.34401e-05
7.07193e-06
-1.4875e-05
6.36019e-06
-1.60947e-05
5.64961e-06
-1.70854e-05
4.91119e-06
-1.78298e-05
4.12039e-06
-1.83118e-05
3.23489e-06
-1.8506e-05
2.17547e-06
-1.83849e-05
8.60582e-07
-1.79163e-05
-7.75584e-07
-1.71105e-05
-2.671e-06
-1.60654e-05
-4.61425e-06
-1.49819e-05
-6.32188e-06
-1.41733e-05
-7.52098e-06
-1.41693e-05
-7.82108e-06
-1.55653e-05
-7.03845e-06
-1.84091e-05
-5.86384e-06
-2.17972e-05
-5.79877e-06
-6.91269e-06
-2.50955e-05
-3.20727e-06
1.35402e-05
-6.30116e-06
1.30517e-05
-8.98293e-06
1.20347e-05
-1.13463e-05
1.09542e-05
-1.34738e-05
9.94296e-06
-1.53043e-05
8.90239e-06
-1.68119e-05
7.86779e-06
-1.79843e-05
6.82205e-06
-1.88194e-05
5.74629e-06
-1.93114e-05
4.61239e-06
-1.94467e-05
3.37012e-06
-1.92143e-05
1.94307e-06
-1.86364e-05
2.82719e-07
-1.77373e-05
-1.67468e-06
-1.65191e-05
-3.88918e-06
-1.51612e-05
-5.97215e-06
-1.3962e-05
-7.52109e-06
-1.3251e-05
-8.232e-06
-1.34879e-05
-7.58423e-06
-1.50804e-05
-5.44593e-06
-1.77124e-05
-3.23184e-06
-2.0306e-05
-3.20514e-06
-5.79301e-06
-2.14257e-05
-3.5969e-06
1.71371e-05
-6.66723e-06
1.61221e-05
-9.67308e-06
1.50405e-05
-1.26003e-05
1.38814e-05
-1.53126e-05
1.26553e-05
-1.7457e-05
1.10467e-05
-1.88358e-05
9.24658e-06
-1.96321e-05
7.6184e-06
-2.01017e-05
6.21587e-06
-2.01644e-05
4.67514e-06
-1.98167e-05
3.02242e-06
-1.90457e-05
1.17206e-06
-1.79742e-05
-7.88868e-07
-1.66605e-05
-2.98831e-06
-1.51795e-05
-5.37025e-06
-1.37371e-05
-7.41454e-06
-1.26779e-05
-8.58029e-06
-1.23194e-05
-8.59046e-06
-1.2969e-05
-6.93469e-06
-1.47795e-05
-3.63531e-06
-1.67995e-05
-1.21195e-06
-1.79031e-05
-2.10154e-06
-5.38705e-06
-1.8309e-05
-6.19027e-06
2.33274e-05
-4.63894e-06
1.45708e-05
-8.55064e-06
1.89522e-05
-1.35499e-05
1.88807e-05
-1.82009e-05
1.73063e-05
-2.16707e-05
1.45166e-05
-2.24014e-05
9.97729e-06
-2.16827e-05
6.89972e-06
-2.13238e-05
5.85695e-06
-2.05849e-05
3.93625e-06
-1.94155e-05
1.85304e-06
-1.76938e-05
-5.49547e-07
-1.56359e-05
-2.84675e-06
-1.39736e-05
-4.65063e-06
-1.24292e-05
-6.91464e-06
-1.10793e-05
-8.76448e-06
-1.08474e-05
-8.8122e-06
-1.29932e-05
-6.44453e-06
-1.67793e-05
-3.14863e-06
-2.10188e-05
6.0426e-07
-2.08122e-05
-1.41851e-06
-1.5257e-05
-7.65671e-06
-1.06087e-05
-1.00354e-05
-1.13744e-05
3.47017e-05
-1.59214e-05
1.91181e-05
-2.46585e-05
2.76892e-05
-3.64176e-05
3.06396e-05
-4.65736e-05
2.74624e-05
-5.14409e-05
1.93837e-05
-5.05503e-05
9.08672e-06
-4.52326e-05
1.58209e-06
-3.84899e-05
-8.85819e-07
-3.19273e-05
-2.62631e-06
-2.56516e-05
-4.42263e-06
-1.93333e-05
-6.86788e-06
-1.38836e-05
-8.29644e-06
-1.1731e-05
-6.80329e-06
-1.23676e-05
-6.27808e-06
-1.20184e-05
-9.11368e-06
-1.19831e-05
-8.84739e-06
-1.72085e-05
-1.21908e-06
-2.80476e-05
7.69042e-06
-3.51045e-05
7.66118e-06
-2.75514e-05
-8.97173e-06
-1.68763e-05
-1.83317e-05
-1.92367e-05
-8.24814e-06
-1.90099e-05
5.37114e-05
-3.16479e-05
3.1756e-05
-3.9599e-05
3.56405e-05
-4.65714e-05
3.76121e-05
-5.29916e-05
3.38828e-05
-5.82388e-05
2.4631e-05
-5.96767e-05
1.05246e-05
-5.52625e-05
-2.83204e-06
-4.91486e-05
-6.99977e-06
-4.35722e-05
-8.20268e-06
-3.8355e-05
-9.63985e-06
-3.29083e-05
-1.23146e-05
-2.80443e-05
-1.31604e-05
-2.58576e-05
-8.99007e-06
-2.4563e-05
-7.57262e-06
-1.99333e-05
-1.37434e-05
-1.52631e-05
-1.35175e-05
-1.59174e-05
-5.64878e-07
-2.17539e-05
1.35269e-05
-2.45754e-05
1.04827e-05
-2.01727e-05
-1.33745e-05
-1.47532e-05
-2.37513e-05
-2.27422e-05
-1.12476e-05
-2.11806e-05
7.48921e-05
-3.94755e-05
5.00508e-05
-4.64334e-05
4.25983e-05
-4.89852e-05
4.01638e-05
-5.18934e-05
3.67907e-05
-5.60977e-05
2.88355e-05
-5.57942e-05
1.02209e-05
-5.27343e-05
-5.89188e-06
-4.949e-05
-1.0244e-05
-4.70152e-05
-1.06775e-05
-4.51442e-05
-1.15109e-05
-4.37615e-05
-1.36974e-05
-4.28993e-05
-1.40226e-05
-4.06831e-05
-1.12062e-05
-3.42701e-05
-1.39856e-05
-2.79254e-05
-2.0088e-05
-2.21071e-05
-1.93358e-05
-1.54873e-05
-7.18474e-06
-1.34055e-05
1.1445e-05
-1.3843e-05
1.09201e-05
-1.28631e-05
-1.43543e-05
-1.13845e-05
-2.52298e-05
-2.29844e-05
-1.11422e-05
-1.90247e-05
9.3917e-05
-3.56975e-05
6.67238e-05
-4.49761e-05
5.18772e-05
-4.90877e-05
4.42756e-05
-5.16202e-05
3.93229e-05
-4.97445e-05
2.696e-05
-4.5588e-05
6.0644e-06
-4.46092e-05
-6.8707e-06
-4.45262e-05
-1.03271e-05
-4.5064e-05
-1.01396e-05
-4.5684e-05
-1.0891e-05
-4.83499e-05
-1.10315e-05
-4.82535e-05
-1.41191e-05
-4.48465e-05
-1.46132e-05
-4.00683e-05
-1.87637e-05
-3.44564e-05
-2.56999e-05
-2.88001e-05
-2.49921e-05
-2.22946e-05
-1.36902e-05
-1.43185e-05
3.46899e-06
-7.97156e-06
4.57323e-06
-7.63978e-06
-1.4686e-05
-1.16499e-05
-2.12198e-05
-1.69689e-05
-1.76654e-05
-1.19619e-05
0.000105879
-2.52904e-05
8.00521e-05
-3.68315e-05
6.34186e-05
-4.51841e-05
5.26282e-05
-4.67873e-05
4.09261e-05
-4.10775e-05
2.12501e-05
-3.78705e-05
2.85733e-06
-3.6954e-05
-7.78723e-06
-3.71954e-05
-1.00857e-05
-3.75707e-05
-9.76441e-06
-3.9158e-05
-9.30378e-06
-4.09543e-05
-9.23516e-06
-4.34558e-05
-1.16175e-05
-4.32861e-05
-1.47828e-05
-4.0857e-05
-2.11928e-05
-3.7867e-05
-2.86899e-05
-3.4769e-05
-2.80901e-05
-3.13022e-05
-1.7157e-05
-2.24032e-05
-5.43011e-06
-1.28119e-05
-5.0181e-06
-1.412e-05
-1.33779e-05
-1.91254e-05
-1.62146e-05
-1.37771e-05
-2.23178e-05
-6.09008e-06
0.00011197
-1.56226e-05
8.95843e-05
-2.53943e-05
7.31903e-05
-3.26515e-05
5.98853e-05
-3.44974e-05
4.27723e-05
-3.17917e-05
1.85443e-05
-3.09032e-05
1.96878e-06
-3.09552e-05
-7.73537e-06
-3.07233e-05
-1.03176e-05
-3.01546e-05
-1.03331e-05
-3.04198e-05
-9.03854e-06
-3.19311e-05
-7.72379e-06
-3.452e-05
-9.02865e-06
-3.56235e-05
-1.36793e-05
-3.50033e-05
-2.1813e-05
-3.65917e-05
-2.71014e-05
-3.80351e-05
-2.66468e-05
-3.52217e-05
-1.99703e-05
-2.85238e-05
-1.2128e-05
-2.33543e-05
-1.01876e-05
-2.33133e-05
-1.34189e-05
-2.48158e-05
-1.4712e-05
-1.35436e-05
-2.50491e-05
-1.3292e-06
0.000113299
-6.64585e-06
9.49016e-05
-1.23771e-05
7.89214e-05
-1.66929e-05
6.42009e-05
-1.86085e-05
4.46877e-05
-1.98071e-05
1.97428e-05
-2.14743e-05
3.63587e-06
-2.39277e-05
-5.28201e-06
-2.55035e-05
-8.74183e-06
-2.59967e-05
-9.84002e-06
-2.56392e-05
-9.39607e-06
-2.52766e-05
-8.08631e-06
-2.68769e-05
-7.42835e-06
-2.86391e-05
-1.1917e-05
-2.94882e-05
-2.09639e-05
-3.04132e-05
-2.61764e-05
-3.09698e-05
-2.60903e-05
-3.00811e-05
-2.0859e-05
-2.79994e-05
-1.42096e-05
-2.60275e-05
-1.21594e-05
-2.58537e-05
-1.35926e-05
-2.59826e-05
-1.45834e-05
-1.43523e-05
-2.51742e-05
3.30835e-06
0.00010999
1.65161e-06
9.6559e-05
1.17108e-07
8.04558e-05
-7.65472e-07
6.50836e-05
-1.95007e-06
4.58718e-05
-5.84429e-06
2.36369e-05
-1.03005e-05
8.09185e-06
-1.50618e-05
-5.20727e-07
-1.90308e-05
-4.77291e-06
-2.11612e-05
-7.70963e-06
-2.14934e-05
-9.06392e-06
-2.10505e-05
-8.5291e-06
-2.08801e-05
-7.59877e-06
-2.1625e-05
-1.11721e-05
-2.33696e-05
-1.92193e-05
-2.50981e-05
-2.4448e-05
-2.641e-05
-2.47784e-05
-2.68552e-05
-2.04137e-05
-2.60143e-05
-1.50506e-05
-2.49756e-05
-1.31981e-05
-2.4704e-05
-1.38644e-05
-2.44613e-05
-1.48261e-05
-1.53089e-05
-2.35048e-05
6.85947e-06
0.000103131
8.47136e-06
9.49472e-05
1.00653e-05
7.8862e-05
1.15556e-05
6.35932e-05
1.11772e-05
4.62499e-05
6.8334e-06
2.79808e-05
9.67686e-07
1.39576e-05
-4.55995e-06
5.00693e-06
-8.85432e-06
-4.78699e-07
-1.22277e-05
-4.3365e-06
-1.45807e-05
-6.71105e-06
-1.54781e-05
-7.63166e-06
-1.47804e-05
-8.29656e-06
-1.46844e-05
-1.12681e-05
-1.68863e-05
-1.70174e-05
-1.95419e-05
-2.17922e-05
-2.20262e-05
-2.22941e-05
-2.33485e-05
-1.90914e-05
-2.26695e-05
-1.57297e-05
-2.17706e-05
-1.4097e-05
-2.14276e-05
-1.42075e-05
-2.12342e-05
-1.50197e-05
-1.59145e-05
-2.06287e-05
9.04094e-06
9.40902e-05
1.31759e-05
9.08119e-05
1.65272e-05
7.5511e-05
1.89603e-05
6.11599e-05
1.90133e-05
4.61972e-05
1.58131e-05
3.11812e-05
1.09043e-05
1.88663e-05
5.93889e-06
9.97191e-06
1.68595e-06
3.77399e-06
-1.90451e-06
-7.46088e-07
-4.70134e-06
-3.91424e-06
-6.38331e-06
-5.94968e-06
-6.9814e-06
-7.69841e-06
-7.65461e-06
-1.05947e-05
-9.8266e-06
-1.48452e-05
-1.32314e-05
-1.83873e-05
-1.62086e-05
-1.93169e-05
-1.75084e-05
-1.77915e-05
-1.75182e-05
-1.57201e-05
-1.70738e-05
-1.45414e-05
-1.68461e-05
-1.44352e-05
-1.68773e-05
-1.49885e-05
-1.5947e-05
-1.68448e-05
9.91514e-06
8.41752e-05
1.57666e-05
8.49605e-05
2.00509e-05
7.12267e-05
2.29375e-05
5.82732e-05
2.36359e-05
4.54992e-05
2.17176e-05
3.30994e-05
1.8172e-05
2.24118e-05
1.41536e-05
1.39901e-05
1.0338e-05
7.58951e-06
6.91062e-06
2.68137e-06
4.03687e-06
-1.0404e-06
1.93145e-06
-3.84421e-06
5.24334e-07
-6.29127e-06
-9.21975e-07
-9.14844e-06
-3.25741e-06
-1.25099e-05
-6.34233e-06
-1.53024e-05
-9.17277e-06
-1.64865e-05
-1.08862e-05
-1.6078e-05
-1.15266e-05
-1.50796e-05
-1.16716e-05
-1.43965e-05
-1.17955e-05
-1.43114e-05
-1.20496e-05
-1.47344e-05
-1.54949e-05
-1.25017e-05
9.78563e-06
7.43894e-05
1.66273e-05
7.81191e-05
2.1427e-05
6.64269e-05
2.46102e-05
5.50902e-05
2.5863e-05
4.42466e-05
2.50604e-05
3.39017e-05
2.27878e-05
2.46842e-05
1.98081e-05
1.69698e-05
1.66734e-05
1.07244e-05
1.36569e-05
5.69803e-06
1.09472e-05
1.6693e-06
8.69438e-06
-1.59135e-06
6.84355e-06
-4.44029e-06
4.97787e-06
-7.28263e-06
2.63103e-06
-1.0163e-05
-1.15515e-07
-1.25558e-05
-2.68847e-06
-1.39134e-05
-4.55313e-06
-1.42133e-05
-5.65383e-06
-1.39789e-05
-6.29593e-06
-1.37544e-05
-6.80199e-06
-1.38054e-05
-7.36794e-06
-1.41684e-05
-1.47925e-05
-8.0703e-06
9.00915e-06
6.53802e-05
1.62283e-05
7.09e-05
2.12826e-05
6.13724e-05
2.46628e-05
5.17103e-05
2.63623e-05
4.2547e-05
2.64143e-05
3.38496e-05
2.5183e-05
2.59154e-05
2.31668e-05
1.89861e-05
2.0787e-05
1.31043e-05
1.83154e-05
8.16965e-06
1.59375e-05
4.04708e-06
1.37721e-05
5.74057e-07
1.17997e-05
-2.46777e-06
9.81011e-06
-5.29298e-06
7.57419e-06
-7.92699e-06
5.13828e-06
-1.01199e-05
2.82272e-06
-1.15978e-05
9.51827e-07
-1.23425e-05
-4.01916e-07
-1.26252e-05
-1.38472e-06
-1.27717e-05
-2.20099e-06
-1.29892e-05
-3.01215e-06
-1.33573e-05
-1.38873e-05
-3.9173e-06
7.89813e-06
5.74823e-05
1.5022e-05
6.37762e-05
2.01298e-05
5.62648e-05
2.36263e-05
4.82142e-05
2.5659e-05
4.05141e-05
2.63373e-05
3.31713e-05
2.59111e-05
2.63417e-05
2.47122e-05
2.01852e-05
2.30494e-05
1.47671e-05
2.11556e-05
1.00636e-05
1.91969e-05
6.00566e-06
1.72769e-05
2.49399e-06
1.54079e-05
-5.98804e-07
1.35014e-05
-3.38644e-06
1.14591e-05
-5.88466e-06
9.31781e-06
-7.97856e-06
7.25788e-06
-9.53798e-06
5.47192e-06
-1.05565e-05
4.02639e-06
-1.11797e-05
2.85702e-06
-1.16023e-05
1.84167e-06
-1.19738e-05
8.62532e-07
-1.2378e-05
-1.28561e-05
-1.6865e-07
6.70825e-06
5.07742e-05
1.34057e-05
5.70787e-05
1.83968e-05
5.12743e-05
2.19287e-05
4.46823e-05
2.41906e-05
3.82521e-05
2.53171e-05
3.20449e-05
2.54944e-05
2.61647e-05
2.49518e-05
2.0728e-05
2.3914e-05
1.5805e-05
2.25668e-05
1.14108e-05
2.10509e-05
7.5216e-06
1.94587e-05
4.08635e-06
1.78231e-05
1.03684e-06
1.61222e-05
-1.68557e-06
1.43272e-05
-4.08976e-06
1.24732e-05
-6.12456e-06
1.06671e-05
-7.73187e-06
9.02529e-06
-8.9146e-06
7.60079e-06
-9.75513e-06
6.36977e-06
-1.03712e-05
5.26287e-06
-1.08669e-05
4.20032e-06
-1.13155e-05
-1.17686e-05
3.11267e-06
5.61451e-06
4.51598e-05
1.16957e-05
5.09977e-05
1.64364e-05
4.65341e-05
1.99235e-05
4.1195e-05
2.23201e-05
3.58556e-05
2.37542e-05
3.06109e-05
2.43705e-05
2.55485e-05
2.43347e-05
2.07638e-05
2.38118e-05
1.63278e-05
2.29463e-05
1.22762e-05
2.1853e-05
8.61478e-06
2.06131e-05
5.32635e-06
1.92695e-05
2.38042e-06
1.78339e-05
-2.50004e-07
1.63125e-05
-2.56836e-06
1.47398e-05
-4.55189e-06
1.31849e-05
-6.17695e-06
1.17214e-05
-7.45104e-06
1.03899e-05
-8.42365e-06
9.18607e-06
-9.16745e-06
8.07295e-06
-9.75384e-06
6.9998e-06
-1.02425e-05
-1.06849e-05
5.91599e-06
4.70892e-06
4.04508e-05
1.01116e-05
4.55953e-05
1.45178e-05
4.21278e-05
1.78893e-05
3.78236e-05
2.0334e-05
3.34109e-05
2.19588e-05
2.89861e-05
2.2879e-05
2.46284e-05
2.32192e-05
2.04236e-05
2.31029e-05
1.6444e-05
2.26409e-05
1.2738e-05
2.19251e-05
9.33047e-06
2.10246e-05
6.22688e-06
1.99845e-05
3.42056e-06
1.88311e-05
9.03357e-07
1.75865e-05
-1.32381e-06
1.62844e-05
-3.24979e-06
1.49735e-05
-4.86612e-06
1.37037e-05
-6.18134e-06
1.25066e-05
-7.22667e-06
1.13871e-05
-8.04805e-06
1.03278e-05
-8.69461e-06
9.29851e-06
-9.21322e-06
-9.65098e-06
8.2646e-06
4.01472e-06
3.64361e-05
8.77552e-06
4.08346e-05
1.28179e-05
3.80849e-05
1.60194e-05
3.46223e-05
1.84342e-05
3.0996e-05
2.01499e-05
2.72704e-05
2.12622e-05
2.35161e-05
2.1868e-05
1.98177e-05
2.20606e-05
1.62514e-05
2.19241e-05
1.28746e-05
2.15299e-05
9.72466e-06
2.09351e-05
6.82177e-06
2.01818e-05
4.17395e-06
1.93009e-05
1.78427e-06
1.83199e-05
-3.42902e-07
1.72706e-05
-2.2006e-06
1.61905e-05
-3.7861e-06
1.5116e-05
-5.10694e-06
1.40728e-05
-6.18343e-06
1.307e-05
-7.0453e-06
1.2102e-05
-7.72662e-06
1.11527e-05
-8.26383e-06
-8.6984e-06
1.02002e-05
3.50474e-06
3.29315e-05
7.72309e-06
3.6616e-05
1.14184e-05
3.43894e-05
1.44152e-05
3.16256e-05
1.6733e-05
2.8678e-05
1.8456e-05
2.55472e-05
1.96706e-05
2.23015e-05
2.04535e-05
1.90347e-05
2.08737e-05
1.58312e-05
2.09925e-05
1.27558e-05
2.08636e-05
9.85365e-06
2.0532e-05
7.15342e-06
2.00344e-05
4.67155e-06
1.94011e-05
2.41752e-06
1.86599e-05
3.98188e-07
1.784e-05
-1.38083e-06
1.6972e-05
-2.91813e-06
1.60844e-05
-4.21944e-06
1.51991e-05
-5.29804e-06
1.43273e-05
-6.17347e-06
1.34705e-05
-6.86966e-06
1.26217e-05
-7.41496e-06
-7.84541e-06
1.17687e-05
3.1194e-06
2.98121e-05
6.91588e-06
3.28189e-05
1.03106e-05
3.09949e-05
1.3084e-05
2.88519e-05
1.52521e-05
2.65096e-05
1.69207e-05
2.38783e-05
1.81747e-05
2.10473e-05
1.90717e-05
1.81376e-05
1.9658e-05
1.52449e-05
1.99749e-05
1.24389e-05
2.00602e-05
9.76827e-06
1.99484e-05
7.2652e-06
1.96699e-05
4.94995e-06
1.92522e-05
2.83508e-06
1.87215e-05
9.2887e-07
1.81039e-05
-7.63276e-07
1.74254e-05
-2.23964e-06
1.67099e-05
-3.5039e-06
1.59765e-05
-4.56455e-06
1.52376e-05
-5.43447e-06
1.44986e-05
-6.1306e-06
1.37589e-05
-6.67518e-06
-7.09952e-06
1.3013e-05
2.81037e-06
2.70015e-05
6.25279e-06
2.93762e-05
9.39099e-06
2.78569e-05
1.19347e-05
2.63079e-05
1.39254e-05
2.45187e-05
1.55168e-05
2.22868e-05
1.6784e-05
1.978e-05
1.77616e-05
1.716e-05
1.84742e-05
1.45322e-05
1.89462e-05
1.19669e-05
1.92031e-05
9.51137e-06
1.92707e-05
7.19752e-06
1.91744e-05
5.0462e-06
1.89385e-05
3.07091e-06
1.85869e-05
1.28052e-06
1.8143e-05
-3.19359e-07
1.76296e-05
-1.72619e-06
1.70675e-05
-2.9417e-06
1.64739e-05
-3.9709e-06
1.58616e-05
-4.82215e-06
1.52385e-05
-5.50749e-06
1.46078e-05
-6.0445e-06
-6.46046e-06
1.39687e-05
2.54385e-06
2.44574e-05
5.60148e-06
2.63187e-05
8.37892e-06
2.50794e-05
1.07575e-05
2.39293e-05
1.262e-05
2.26562e-05
1.41773e-05
2.07295e-05
1.54771e-05
1.84803e-05
1.65307e-05
1.61064e-05
1.73485e-05
1.37145e-05
1.79447e-05
1.13707e-05
1.83378e-05
9.11825e-06
1.85488e-05
6.98647e-06
1.85998e-05
4.99523e-06
1.85126e-05
3.158e-06
1.83093e-05
1.48391e-06
1.80109e-05
-2.10015e-08
1.7638e-05
-1.35323e-06
1.7209e-05
-2.51268e-06
1.67399e-05
-3.50179e-06
1.62435e-05
-4.32569e-06
1.57288e-05
-4.99286e-06
1.52016e-05
-5.51729e-06
-5.92282e-06
1.46639e-05
2.15884e-06
2.22984e-05
4.84945e-06
2.36282e-05
7.2655e-06
2.26632e-05
9.41917e-06
2.17758e-05
1.12702e-05
2.08053e-05
1.28789e-05
1.91209e-05
1.42495e-05
1.71098e-05
1.53847e-05
1.49713e-05
1.62926e-05
1.28066e-05
1.69869e-05
1.06764e-05
1.74849e-05
8.62015e-06
1.78066e-05
6.66478e-06
1.79724e-05
4.82928e-06
1.80032e-05
3.1271e-06
1.79193e-05
1.56781e-06
1.77401e-05
1.58176e-07
1.74841e-05
-1.09728e-06
1.71682e-05
-2.19678e-06
1.68072e-05
-3.14076e-06
1.64134e-05
-3.93195e-06
1.59968e-05
-4.57621e-06
1.55641e-05
-5.08465e-06
-5.47815e-06
1.51195e-05
1.7713e-06
2.05271e-05
4.09453e-06
2.13048e-05
6.20261e-06
2.05551e-05
8.12312e-06
1.98554e-05
1.00179e-05
1.89105e-05
1.1701e-05
1.74378e-05
1.31413e-05
1.56695e-05
1.43416e-05
1.3771e-05
1.53145e-05
1.18337e-05
1.60772e-05
9.91376e-06
1.66489e-05
8.04831e-06
1.70502e-05
6.26346e-06
1.73012e-05
4.57813e-06
1.7422e-05
3.00629e-06
1.74314e-05
1.55836e-06
1.73476e-05
2.42097e-07
1.71871e-05
-9.36793e-07
1.69654e-05
-1.97508e-06
1.66963e-05
-2.87155e-06
1.63915e-05
-3.62714e-06
1.60611e-05
-4.24574e-06
1.57126e-05
-4.73615e-06
-5.11658e-06
1.53511e-05
1.70957e-06
1.88175e-05
3.55175e-06
1.94625e-05
5.37148e-06
1.87354e-05
7.21098e-06
1.80158e-05
9.06535e-06
1.70561e-05
1.07461e-05
1.57571e-05
1.21975e-05
1.42181e-05
1.34158e-05
1.25526e-05
1.44137e-05
1.08358e-05
1.52094e-05
9.11801e-06
1.5823e-05
7.43472e-06
1.62746e-05
5.81181e-06
1.65841e-05
4.26872e-06
1.67701e-05
2.82037e-06
1.68502e-05
1.47836e-06
1.68408e-05
2.51664e-07
1.67569e-05
-8.52799e-07
1.66125e-05
-1.83052e-06
1.642e-05
-2.679e-06
1.61908e-05
-3.39785e-06
1.59346e-05
-3.98947e-06
1.56594e-05
-4.46083e-06
-4.82772e-06
1.53706e-05
1.70334e-06
1.7114e-05
3.30347e-06
1.78625e-05
4.97064e-06
1.70683e-05
6.71448e-06
1.62718e-05
8.43674e-06
1.53338e-05
1.00226e-05
1.41713e-05
1.14119e-05
1.28288e-05
1.25927e-05
1.13718e-05
1.35725e-05
9.85605e-06
1.43663e-05
8.32426e-06
1.4992e-05
6.80908e-06
1.54682e-05
5.33576e-06
1.58128e-05
3.9242e-06
1.60431e-05
2.59033e-06
1.61746e-05
1.34699e-06
1.6222e-05
2.04498e-07
1.61984e-05
-8.29071e-07
1.61162e-05
-1.74817e-06
1.59866e-05
-2.5494e-06
1.58203e-05
-3.23148e-06
1.56267e-05
-3.79579e-06
1.54138e-05
-4.24784e-06
-4.60117e-06
1.51874e-05
1.64295e-06
1.54711e-05
3.25022e-06
1.62554e-05
4.83971e-06
1.54787e-05
6.44184e-06
1.46696e-05
8.00338e-06
1.37723e-05
9.44663e-06
1.27281e-05
1.07274e-05
1.1548e-05
1.18308e-05
1.02683e-05
1.27592e-05
8.9277e-06
1.3523e-05
7.56043e-06
1.41369e-05
6.19533e-06
1.46164e-05
4.85632e-06
1.49774e-05
3.56334e-06
1.52347e-05
2.33316e-06
1.54019e-05
1.17989e-06
1.54914e-05
1.15143e-07
1.55143e-05
-8.51927e-07
1.54813e-05
-1.71506e-06
1.54024e-05
-2.47041e-06
1.52872e-05
-3.11632e-06
1.51451e-05
-3.65357e-06
1.49839e-05
-4.08655e-06
-4.42672e-06
1.48095e-05
1.61733e-06
1.3854e-05
3.226e-06
1.46467e-05
4.75076e-06
1.39538e-05
6.22354e-06
1.31968e-05
7.62623e-06
1.23697e-05
8.91946e-06
1.14348e-05
1.00754e-05
1.03921e-05
1.10821e-05
9.2616e-06
1.19395e-05
8.07024e-06
1.26549e-05
6.84496e-06
1.32397e-05
5.61058e-06
1.37068e-05
4.38926e-06
1.40694e-05
3.2007e-06
1.43403e-05
2.06238e-06
1.45305e-05
9.89686e-07
1.46501e-05
-4.41386e-09
1.47079e-05
-9.09749e-07
1.47127e-05
-1.71975e-06
1.46731e-05
-2.43077e-06
1.45981e-05
-3.04134e-06
1.44967e-05
-3.55211e-06
1.43769e-05
-3.96664e-06
-4.29441e-06
1.42446e-05
1.57866e-06
1.22754e-05
3.15745e-06
1.30677e-05
4.60647e-06
1.25046e-05
5.9589e-06
1.18444e-05
7.21885e-06
1.11097e-05
8.37205e-06
1.02815e-05
9.40464e-06
9.35939e-06
1.03097e-05
8.35645e-06
1.10877e-05
7.29224e-06
1.17443e-05
6.18832e-06
1.22888e-05
5.06607e-06
1.2732e-05
3.946e-06
1.30853e-05
2.84747e-06
1.33589e-05
1.78876e-06
1.35619e-05
7.86685e-07
1.37016e-05
-1.44113e-07
1.37843e-05
-9.924e-07
1.38164e-05
-1.75182e-06
1.38055e-05
-2.41981e-06
1.37601e-05
-2.99588e-06
1.3689e-05
-3.48096e-06
1.36004e-05
-3.87802e-06
-4.19461e-06
1.35006e-05
1.50906e-06
1.07662e-05
3.0173e-06
1.15591e-05
4.37493e-06
1.11468e-05
5.61286e-06
1.06064e-05
6.74555e-06
9.97692e-06
7.77262e-06
9.25435e-06
8.69002e-06
8.44192e-06
9.49589e-06
7.55055e-06
1.01923e-05
6.59587e-06
1.07848e-05
5.59582e-06
1.12817e-05
4.56919e-06
1.16926e-05
3.53507e-06
1.20275e-05
2.5127e-06
1.2295e-05
1.52132e-06
1.2502e-05
5.79731e-07
1.2653e-05
-2.95135e-07
1.27512e-05
-1.09055e-06
1.28006e-05
-1.80114e-06
1.28077e-05
-2.42687e-06
1.27811e-05
-2.96918e-06
1.27298e-05
-3.42969e-06
1.26627e-05
-3.81078e-06
-4.118e-06
1.25861e-05
1.40762e-06
9.3583e-06
2.8119e-06
1.01545e-05
4.06471e-06
9.89391e-06
5.19104e-06
9.47995e-06
6.20753e-06
8.96024e-06
7.12026e-06
8.34151e-06
7.93114e-06
7.631e-06
8.64218e-06
6.8395e-06
9.25731e-06
5.98077e-06
9.78273e-06
5.07046e-06
1.02265e-05
4.12548e-06
1.05979e-05
3.16381e-06
1.0906e-05
2.20468e-06
1.11588e-05
1.26864e-06
1.13614e-05
3.77223e-07
1.15154e-05
-4.491e-07
1.16198e-05
-1.19486e-06
1.16758e-05
-1.85704e-06
1.16895e-05
-2.44053e-06
1.16703e-05
-2.94994e-06
1.16283e-05
-3.38768e-06
1.15728e-05
-3.75521e-06
-4.05575e-06
1.15106e-05
1.28528e-06
8.0728e-06
2.56594e-06
8.87389e-06
3.70576e-06
8.75403e-06
4.72198e-06
8.46358e-06
5.62921e-06
8.05288e-06
6.43576e-06
7.53492e-06
7.14678e-06
6.91999e-06
7.76682e-06
6.21949e-06
8.3013e-06
5.44634e-06
8.75704e-06
4.6148e-06
9.14228e-06
3.74033e-06
9.46632e-06
2.83989e-06
9.73853e-06
1.93257e-06
9.96691e-06
1.04036e-06
1.01558e-05
1.88428e-07
1.03038e-05
-5.97095e-07
1.0404e-05
-1.29502e-06
1.04542e-05
-1.90717e-06
1.04615e-05
-2.44783e-06
1.04376e-05
-2.92596e-06
1.03942e-05
-3.34423e-06
1.03412e-05
-3.70216e-06
-3.99994e-06
1.02855e-05
1.15976e-06
6.91305e-06
2.31244e-06
7.72131e-06
3.33775e-06
7.72867e-06
4.24555e-06
7.55571e-06
5.04768e-06
7.25074e-06
5.75313e-06
6.82952e-06
6.36874e-06
6.30444e-06
6.90046e-06
5.68783e-06
7.35439e-06
4.99249e-06
7.73751e-06
4.23177e-06
8.05806e-06
3.41986e-06
8.32557e-06
2.57244e-06
8.55031e-06
1.70788e-06
8.74168e-06
8.49025e-07
8.90492e-06
2.52123e-08
9.03627e-06
-7.28432e-07
9.1196e-06
-1.37835e-06
9.14858e-06
-1.93616e-06
9.13433e-06
-2.43358e-06
9.09276e-06
-2.88439e-06
9.03786e-06
-3.28928e-06
8.97966e-06
-3.64387e-06
-3.94435e-06
8.9242e-06
1.05325e-06
5.85993e-06
2.08868e-06
6.68587e-06
3.00396e-06
6.81335e-06
3.80552e-06
6.75416e-06
4.50502e-06
6.55132e-06
5.11261e-06
6.22204e-06
5.63611e-06
5.78105e-06
6.08177e-06
5.24227e-06
6.45535e-06
4.61901e-06
6.76301e-06
3.9242e-06
7.01218e-06
3.17076e-06
7.21217e-06
2.37248e-06
7.37432e-06
1.54571e-06
7.51096e-06
7.12352e-07
7.63148e-06
-9.53443e-08
7.73193e-06
-8.28929e-07
7.78135e-06
-1.42781e-06
7.76891e-06
-1.92377e-06
7.71557e-06
-2.38027e-06
7.64409e-06
-2.81291e-06
7.56999e-06
-3.21515e-06
7.50179e-06
-3.57559e-06
-3.88562e-06
7.44318e-06
9.94602e-07
4.8654e-06
1.93613e-06
5.74417e-06
2.74791e-06
6.0015e-06
3.44416e-06
6.05796e-06
4.04218e-06
5.95339e-06
4.55471e-06
5.70962e-06
4.98991e-06
5.34596e-06
5.3531e-06
4.8792e-06
5.64823e-06
4.32398e-06
5.87926e-06
3.69326e-06
6.05126e-06
2.9988e-06
6.17177e-06
2.25196e-06
6.25218e-06
1.46526e-06
6.30867e-06
6.55799e-07
6.35866e-06
-1.45401e-07
6.40908e-06
-8.79427e-07
6.39918e-06
-1.41797e-06
6.3177e-06
-1.84236e-06
6.20685e-06
-2.26947e-06
6.0971e-06
-2.70318e-06
6.00167e-06
-3.1197e-06
5.92392e-06
-3.49777e-06
-3.82458e-06
5.86296e-06
1.02819e-06
3.83711e-06
1.90019e-06
4.8719e-06
2.60751e-06
5.29407e-06
3.1946e-06
5.47085e-06
3.69176e-06
5.45626e-06
4.11398e-06
5.28745e-06
4.46789e-06
4.99211e-06
4.75599e-06
4.59117e-06
4.97888e-06
4.10117e-06
5.13658e-06
3.53562e-06
5.22975e-06
2.90565e-06
5.2612e-06
2.22049e-06
5.23844e-06
1.48799e-06
5.1787e-06
7.15488e-07
5.10866e-06
-7.54101e-08
5.08068e-06
-8.51509e-07
4.96889e-06
-1.30625e-06
4.78089e-06
-1.65441e-06
4.59966e-06
-2.0883e-06
4.45468e-06
-2.55823e-06
4.34623e-06
-3.01125e-06
4.26697e-06
-3.4185e-06
-3.76725e-06
4.20967e-06
1.21677e-06
2.6201e-06
2.01321e-06
4.07524e-06
2.5911e-06
4.71608e-06
3.06316e-06
4.99873e-06
3.46674e-06
5.05266e-06
3.81185e-06
4.94233e-06
4.09967e-06
4.70429e-06
4.32806e-06
4.3628e-06
4.49313e-06
3.93612e-06
4.58992e-06
3.43885e-06
4.61297e-06
2.88263e-06
4.55693e-06
2.27655e-06
4.41817e-06
1.62674e-06
4.19974e-06
9.33908e-07
3.92535e-06
1.98949e-07
3.73045e-06
-6.56654e-07
3.43633e-06
-1.01218e-06
3.1059e-06
-1.32403e-06
2.8719e-06
-1.85434e-06
2.7209e-06
-2.40726e-06
2.62359e-06
-2.91395e-06
2.55953e-06
-3.35445e-06
-3.7239e-06
2.51619e-06
1.40294e-06
2.11581e-06
2.59674e-06
2.99732e-06
3.3479e-06
3.65139e-06
3.90454e-06
4.10189e-06
4.23645e-06
4.29957e-06
4.28051e-06
4.16565e-06
3.93657e-06
3.56207e-06
3.0023e-06
2.22548e-06
1.54099e-06
1.18201e-06
1.00749e-06
9.18934e-07
8.70891e-07
8.42982e-07
8.25436e-07
-2.17237e-05
-3.37176e-06
-1.83898e-05
-3.33394e-06
-1.50568e-05
-3.33299e-06
-3.26106e-06
-1.17957e-05
-2.06877e-05
-4.10979e-06
-1.94169e-05
-4.60473e-06
-1.78329e-05
-4.917e-06
-4.97561e-06
-1.61183e-05
-1.83624e-05
-4.05641e-06
-1.82312e-05
-4.73586e-06
-1.77203e-05
-5.42797e-06
-5.82342e-06
-1.68725e-05
-9.80921e-06
-4.28272e-06
-1.08147e-05
-3.73044e-06
-1.26002e-05
-3.6424e-06
-4.15533e-06
-1.42684e-05
-5.87992e-06
-6.65084e-06
-5.11789e-06
-4.49241e-06
-6.64969e-06
-2.11062e-06
-1.6037e-06
-9.20131e-06
-1.08222e-05
-7.07638e-06
-1.11529e-05
-4.1617e-06
-1.23924e-05
-8.71083e-07
-5.77114e-07
-1.3419e-05
-1.33962e-05
-4.82256e-06
-1.53425e-05
-2.21558e-06
-1.53984e-05
-8.15427e-07
-1.91892e-06
-1.40567e-05
-1.7523e-05
-4.96478e-06
-1.63138e-05
-3.42456e-06
-1.40952e-05
-3.03382e-06
-3.65577e-06
-1.23583e-05
-2.19711e-05
-5.31179e-06
-2.05838e-05
-4.812e-06
-1.88593e-05
-4.75849e-06
-5.18382e-06
-1.73313e-05
-2.43176e-05
-6.0433e-06
-2.31835e-05
-5.94623e-06
-2.18966e-05
-6.04541e-06
-6.36127e-06
-2.07192e-05
-2.44534e-05
-6.76417e-06
-2.35647e-05
-6.83496e-06
-2.26214e-05
-6.98875e-06
-7.23743e-06
-2.17453e-05
-2.29208e-05
-7.34826e-06
-2.23052e-05
-7.4506e-06
-2.17022e-05
-7.59167e-06
-7.7698e-06
-2.11698e-05
-2.02497e-05
-7.72735e-06
-1.98974e-05
-7.80288e-06
-1.95884e-05
-7.90073e-06
-8.00207e-06
-1.93561e-05
-1.67461e-05
-7.82596e-06
-1.66545e-05
-7.8945e-06
-1.65975e-05
-7.95762e-06
-8.00748e-06
-1.65921e-05
-1.2699e-05
-7.62865e-06
-1.28604e-05
-7.7331e-06
-1.30247e-05
-7.79325e-06
-7.82191e-06
-1.32103e-05
-8.45585e-06
-7.24308e-06
-8.81808e-06
-7.3709e-06
-9.16622e-06
-7.44507e-06
-7.47423e-06
-9.51394e-06
-4.3811e-06
-6.77926e-06
-4.8553e-06
-6.89672e-06
-5.32674e-06
-6.97362e-06
-7.00998e-06
-5.79102e-06
-6.83833e-07
-6.26413e-06
-1.21204e-06
-6.36855e-06
-1.7434e-06
-6.44234e-06
-6.48349e-06
-2.26993e-06
2.57789e-06
-5.72945e-06
2.03176e-06
-5.82249e-06
1.48157e-06
-5.89222e-06
-5.93678e-06
9.34855e-07
5.38846e-06
-5.20197e-06
4.85215e-06
-5.28624e-06
4.31276e-06
-5.35282e-06
-5.40044e-06
3.77644e-06
7.76424e-06
-4.70159e-06
7.25771e-06
-4.7797e-06
6.74918e-06
-4.84426e-06
-4.89457e-06
6.2433e-06
9.74034e-06
-4.24175e-06
9.27638e-06
-4.31572e-06
8.81119e-06
-4.37908e-06
-4.43163e-06
8.3482e-06
1.13571e-05
-3.83016e-06
1.09427e-05
-3.90129e-06
1.05275e-05
-3.96385e-06
-4.01802e-06
1.01138e-05
1.26528e-05
-3.47e-06
1.22905e-05
-3.53897e-06
1.19273e-05
-3.60072e-06
-3.65575e-06
1.15651e-05
1.36598e-05
-3.16111e-06
1.3349e-05
-3.22817e-06
1.30371e-05
-3.28884e-06
-3.34389e-06
1.27252e-05
1.44038e-05
-2.90103e-06
1.41417e-05
-2.96614e-06
1.38782e-05
-3.02534e-06
-3.0796e-06
1.36139e-05
1.49043e-05
-2.68586e-06
1.4687e-05
-2.74883e-06
1.44679e-05
-2.80616e-06
-2.85891e-06
1.42472e-05
1.51762e-05
-2.51088e-06
1.4999e-05
-2.57153e-06
1.48194e-05
-2.62662e-06
-2.67725e-06
1.46378e-05
1.52309e-05
-2.37106e-06
1.50886e-05
-2.42923e-06
1.49439e-05
-2.48181e-06
-2.5299e-06
1.47965e-05
1.50777e-05
-2.26133e-06
1.49654e-05
-2.31694e-06
1.48505e-05
-2.36687e-06
-2.41212e-06
1.47327e-05
1.47249e-05
-2.17673e-06
1.46378e-05
-2.22982e-06
1.45479e-05
-2.27704e-06
-2.31935e-06
1.44551e-05
1.41803e-05
-2.11247e-06
1.41137e-05
-2.1632e-06
1.40445e-05
-2.20783e-06
-2.24723e-06
1.39724e-05
1.34522e-05
-2.06402e-06
1.34017e-05
-2.11268e-06
1.33488e-05
-2.15495e-06
-2.19162e-06
1.32932e-05
1.25492e-05
-2.02709e-06
1.25107e-05
-2.07412e-06
1.24702e-05
-2.11444e-06
-2.14874e-06
1.24274e-05
1.14813e-05
-1.99771e-06
1.1451e-05
-2.04373e-06
1.14193e-05
-2.08265e-06
-2.1151e-06
1.13857e-05
1.02603e-05
-1.97244e-06
1.02349e-05
-2.01823e-06
1.02088e-05
-2.05648e-06
-2.08775e-06
1.01816e-05
8.90049e-06
-1.94861e-06
8.87745e-06
-1.99511e-06
8.85458e-06
-2.03353e-06
-2.06441e-06
8.83131e-06
7.41947e-06
-1.92481e-06
7.3974e-06
-1.97299e-06
7.37637e-06
-2.01243e-06
-2.04372e-06
7.35573e-06
5.83945e-06
-1.90125e-06
5.81839e-06
-1.95189e-06
5.79905e-06
-1.99305e-06
-2.0254e-06
5.78077e-06
4.18837e-06
-1.87994e-06
4.16985e-06
-1.93334e-06
4.15333e-06
-1.9765e-06
-2.01018e-06
4.13813e-06
2.50071e-06
-1.86445e-06
2.48752e-06
-1.92015e-06
2.47603e-06
-1.96501e-06
-1.99997e-06
2.46583e-06
8.19431e-07
8.14373e-07
8.10016e-07
8.06245e-07
-7.61639e-06
-7.35963e-06
-6.07233e-06
-8.19804e-06
-5.27785e-06
-8.60094e-06
-4.94277e-06
-8.87259e-06
-4.64296e-06
-9.0608e-06
-3.62631e-06
-8.12248e-06
-1.7393e-06
-2.42213e-06
-6.04971e-07
3.68261e-06
1.49371e-06
4.71143e-06
4.05011e-06
4.67213e-06
5.95742e-06
3.71453e-06
7.20221e-06
3.66397e-06
8.68585e-06
5.55604e-06
1.06283e-05
7.42591e-06
1.20393e-05
7.41638e-06
1.14857e-05
5.23042e-06
9.45327e-06
1.77779e-06
5.95868e-06
-1.78564e-06
-5.22465e-06
-1.24126e-05
-1.10654e-05
-1.01521e-05
-1.04585e-05
-9.13276e-06
-9.62026e-06
-9.15512e-06
-8.85024e-06
-9.80744e-06
-8.40849e-06
-9.62443e-06
-8.3055e-06
-6.89061e-06
-5.15595e-06
-2.52549e-06
-6.82514e-07
1.5221e-06
6.63837e-07
5.1321e-06
1.06214e-06
7.79255e-06
1.05408e-06
9.61046e-06
1.84606e-06
1.11948e-05
3.97173e-06
1.27893e-05
5.83142e-06
1.38196e-05
6.38606e-06
1.33823e-05
5.66771e-06
1.10543e-05
4.10583e-06
6.76908e-06
2.49955e-06
1.54444e-06
-1.43069e-05
-1.3631e-05
-1.21306e-05
-1.26348e-05
-1.11263e-05
-1.06246e-05
-1.13693e-05
-8.60724e-06
-1.27266e-05
-7.05115e-06
-1.25668e-05
-8.46533e-06
-9.09683e-06
-8.6259e-06
-3.59858e-06
-6.18077e-06
1.47988e-06
-4.41463e-06
5.7671e-06
-3.22508e-06
8.63356e-06
-1.81238e-06
1.04332e-05
4.63943e-08
1.20871e-05
2.31781e-06
1.37686e-05
4.14994e-06
1.48627e-05
5.29201e-06
1.41973e-05
6.33306e-06
1.06612e-05
7.64196e-06
5.20892e-06
7.9518e-06
6.75335e-06
-1.51622e-05
-1.27372e-05
-1.35673e-05
-1.42298e-05
-1.20766e-05
-1.21152e-05
-1.15249e-05
-9.15898e-06
-1.13846e-05
-7.19149e-06
-1.14855e-05
-8.36445e-06
-1.00253e-05
-1.0086e-05
-4.12689e-06
-1.20792e-05
1.82423e-06
-1.03657e-05
6.57352e-06
-7.97435e-06
8.45045e-06
-3.6893e-06
9.13754e-06
-6.40696e-07
1.0618e-05
8.37331e-07
1.30377e-05
1.73014e-06
1.48355e-05
3.49428e-06
1.42055e-05
6.96302e-06
8.91098e-06
1.29365e-05
1.75396e-06
1.51088e-05
8.5073e-06
-1.2597e-05
-9.34141e-06
-1.13756e-05
-1.54512e-05
-8.04546e-06
-1.54454e-05
-3.78912e-06
-1.34152e-05
1.05929e-06
-1.20399e-05
4.9509e-06
-1.22562e-05
6.86997e-06
-1.20052e-05
6.37646e-06
-1.15857e-05
8.35836e-06
-1.23476e-05
1.23867e-05
-1.20027e-05
1.79543e-05
-9.2569e-06
2.20882e-05
-4.77467e-06
1.98098e-05
3.11561e-06
1.66706e-05
4.86933e-06
1.42751e-05
5.88984e-06
1.13129e-05
9.92522e-06
7.94497e-06
1.63044e-05
4.8863e-06
1.81674e-05
1.33936e-05
-1.27428e-05
-1.00175e-05
-1.07574e-05
-1.74365e-05
-7.52698e-06
-1.86758e-05
-3.08349e-06
-1.78586e-05
1.91438e-06
-1.70377e-05
6.60471e-06
-1.69465e-05
1.02376e-05
-1.56381e-05
1.32438e-05
-1.45919e-05
1.615e-05
-1.52539e-05
1.84596e-05
-1.43125e-05
1.95914e-05
-1.03888e-05
2.02854e-05
-5.46872e-06
2.13233e-05
2.07765e-06
2.0214e-05
5.97864e-06
1.47822e-05
1.13216e-05
8.97399e-06
1.57334e-05
3.88944e-06
2.13889e-05
-1.61647e-06
2.36733e-05
1.1777e-05
-1.2302e-05
-1.17723e-05
-1.04454e-05
-1.92932e-05
-8.00456e-06
-2.11167e-05
-4.43914e-06
-2.14241e-05
-1.17125e-07
-2.13597e-05
4.66047e-06
-2.17241e-05
8.96712e-06
-1.99447e-05
1.1377e-05
-1.70019e-05
1.22032e-05
-1.60802e-05
1.13775e-05
-1.3487e-05
1.0149e-05
-9.1604e-06
8.73883e-06
-4.05854e-06
1.08341e-05
-1.76127e-08
1.07426e-05
6.07017e-06
7.64411e-06
1.442e-05
3.6793e-06
1.96981e-05
6.3649e-07
2.44316e-05
-7.25143e-07
2.50349e-05
1.10519e-05
-1.07174e-05
-1.3413e-05
-1.06085e-05
-1.94022e-05
-9.47943e-06
-2.22458e-05
-7.47662e-06
-2.3427e-05
-5.1041e-06
-2.37324e-05
-3.47276e-06
-2.33555e-05
-1.71693e-06
-2.17007e-05
6.55684e-07
-1.93746e-05
9.65934e-07
-1.63906e-05
-9.44044e-08
-1.24268e-05
-1.23716e-06
-8.01771e-06
-1.35651e-06
-3.93924e-06
-1.03655e-06
-3.3766e-07
-1.25866e-06
6.29221e-06
-1.30651e-06
1.44678e-05
-1.7154e-06
2.0107e-05
-5.4001e-07
2.32562e-05
2.03181e-06
2.2463e-05
1.30837e-05
-1.56883e-05
-1.50561e-05
-1.51836e-05
-1.9907e-05
-1.46859e-05
-2.27436e-05
-1.39674e-05
-2.41456e-05
-1.31219e-05
-2.4578e-05
-1.21762e-05
-2.43015e-05
-1.09735e-05
-2.29037e-05
-9.86127e-06
-2.0487e-05
-9.71463e-06
-1.65372e-05
-1.06489e-05
-1.14924e-05
-1.14494e-05
-7.21722e-06
-1.16164e-05
-3.77229e-06
-1.17164e-05
-2.37686e-07
-1.0676e-05
5.25174e-06
-8.33885e-06
1.21307e-05
-5.48903e-06
1.72573e-05
-1.51783e-06
1.92851e-05
2.32764e-06
1.86175e-05
1.54113e-05
-1.88969e-05
-1.68784e-05
-1.82558e-05
-2.05483e-05
-1.80878e-05
-2.29117e-05
-1.80436e-05
-2.41899e-05
-1.80517e-05
-2.457e-05
-1.8169e-05
-2.41844e-05
-1.81661e-05
-2.29066e-05
-1.81268e-05
-2.05262e-05
-1.85209e-05
-1.61431e-05
-1.91822e-05
-1.0831e-05
-1.9845e-05
-6.55443e-06
-1.96544e-05
-3.96287e-06
-1.89179e-05
-9.74132e-07
-1.69753e-05
3.30911e-06
-1.35901e-05
8.74556e-06
-9.3791e-06
1.30463e-05
-5.4835e-06
1.53895e-05
-1.72337e-06
1.48573e-05
1.36879e-05
-2.03069e-05
-1.83169e-05
-1.99265e-05
-2.09287e-05
-2.00272e-05
-2.28111e-05
-2.03754e-05
-2.38418e-05
-2.09299e-05
-2.40155e-05
-2.17602e-05
-2.33541e-05
-2.26704e-05
-2.19962e-05
-2.35711e-05
-1.96254e-05
-2.42538e-05
-1.54603e-05
-2.4463e-05
-1.06217e-05
-2.46802e-05
-6.33732e-06
-2.42996e-05
-4.34347e-06
-2.33253e-05
-1.94851e-06
-2.1456e-05
1.4399e-06
-1.86424e-05
5.93201e-06
-1.55626e-05
9.96665e-06
-1.18621e-05
1.1689e-05
-7.15977e-06
1.0155e-05
6.52817e-06
-2.03821e-05
-1.91047e-05
-2.03416e-05
-2.09691e-05
-2.06778e-05
-2.24749e-05
-2.12676e-05
-2.32518e-05
-2.21168e-05
-2.31665e-05
-2.32102e-05
-2.22606e-05
-2.45587e-05
-2.06476e-05
-2.59538e-05
-1.82302e-05
-2.65431e-05
-1.48709e-05
-2.65411e-05
-1.06237e-05
-2.62684e-05
-6.61005e-06
-2.63365e-05
-4.27536e-06
-2.59006e-05
-2.38436e-06
-2.48389e-05
3.78318e-07
-2.33337e-05
4.42687e-06
-2.12638e-05
7.89681e-06
-1.67211e-05
7.14638e-06
-9.44529e-06
2.87912e-06
-2.91715e-06
-1.91726e-05
-1.92881e-05
-1.94349e-05
-2.07067e-05
-2.00298e-05
-2.18801e-05
-2.08312e-05
-2.24504e-05
-2.18102e-05
-2.21874e-05
-2.30423e-05
-2.10283e-05
-2.44302e-05
-1.92596e-05
-2.56964e-05
-1.69638e-05
-2.64177e-05
-1.41496e-05
-2.6475e-05
-1.05664e-05
-2.61731e-05
-6.91206e-06
-2.61778e-05
-4.27055e-06
-2.61588e-05
-2.40327e-06
-2.57836e-05
3.27639e-09
-2.46277e-05
3.27102e-06
-2.19582e-05
5.22739e-06
-1.71949e-05
2.38309e-06
-9.25799e-06
-5.05789e-06
-1.21752e-05
-1.68261e-05
-1.90542e-05
-1.74741e-05
-2.00588e-05
-1.83276e-05
-2.10266e-05
-1.93266e-05
-2.14513e-05
-2.04059e-05
-2.11078e-05
-2.15943e-05
-1.98397e-05
-2.28589e-05
-1.79948e-05
-2.39819e-05
-1.58408e-05
-2.47799e-05
-1.33515e-05
-2.50018e-05
-1.03445e-05
-2.47667e-05
-7.14704e-06
-2.43785e-05
-4.65859e-06
-2.40797e-05
-2.70191e-06
-2.33951e-05
-6.81198e-07
-2.14974e-05
1.37334e-06
-1.81636e-05
1.89358e-06
-1.39767e-05
-1.80391e-06
-8.30873e-06
-1.07259e-05
-2.04839e-05
-1.37749e-05
-1.84898e-05
-1.4685e-05
-1.91486e-05
-1.58065e-05
-1.99051e-05
-1.69936e-05
-2.02641e-05
-1.81982e-05
-1.9903e-05
-1.93429e-05
-1.86949e-05
-2.04798e-05
-1.68578e-05
-2.14495e-05
-1.48711e-05
-2.21588e-05
-1.26422e-05
-2.24106e-05
-1.00925e-05
-2.2097e-05
-7.46056e-06
-2.15042e-05
-5.25123e-06
-2.06889e-05
-3.51702e-06
-1.93118e-05
-2.05824e-06
-1.68379e-05
-1.10057e-06
-1.31916e-05
-1.7528e-06
-9.32997e-06
-5.66554e-06
-5.70434e-06
-1.43515e-05
-2.61883e-05
-1.03716e-05
-1.76322e-05
-1.14315e-05
-1.80886e-05
-1.27148e-05
-1.86218e-05
-1.40715e-05
-1.89072e-05
-1.53841e-05
-1.85902e-05
-1.65796e-05
-1.74994e-05
-1.75959e-05
-1.58414e-05
-1.8426e-05
-1.40409e-05
-1.89871e-05
-1.2081e-05
-1.91322e-05
-9.94719e-06
-1.87843e-05
-7.80834e-06
-1.80419e-05
-5.99344e-06
-1.69204e-05
-4.63846e-06
-1.51983e-05
-3.7803e-06
-1.26016e-05
-3.69726e-06
-9.20028e-06
-5.15417e-06
-5.59201e-06
-9.27385e-06
-2.71549e-06
-1.72281e-05
-2.89037e-05
-6.87072e-06
-1.65524e-05
-8.05918e-06
-1.69001e-05
-9.37997e-06
-1.73009e-05
-1.08069e-05
-1.74802e-05
-1.21971e-05
-1.72001e-05
-1.34183e-05
-1.62781e-05
-1.43701e-05
-1.48896e-05
-1.50966e-05
-1.33142e-05
-1.55454e-05
-1.16321e-05
-1.5618e-05
-9.87448e-06
-1.52475e-05
-8.17869e-06
-1.44658e-05
-6.77502e-06
-1.32745e-05
-5.82968e-06
-1.15673e-05
-5.48751e-06
-9.24886e-06
-6.01574e-06
-6.45348e-06
-7.9496e-06
-3.67484e-06
-1.20525e-05
-1.50938e-06
-1.93935e-05
-3.04131e-05
-3.48012e-06
-1.53422e-05
-4.73987e-06
-1.56403e-05
-6.08088e-06
-1.59599e-05
-7.47647e-06
-1.60845e-05
-8.84735e-06
-1.58292e-05
-1.00365e-05
-1.50889e-05
-1.0965e-05
-1.3961e-05
-1.16386e-05
-1.26405e-05
-1.20342e-05
-1.12365e-05
-1.20864e-05
-9.8221e-06
-1.17482e-05
-8.51679e-06
-1.10289e-05
-7.4942e-06
-9.94242e-06
-6.91619e-06
-8.46646e-06
-6.96352e-06
-6.61863e-06
-7.86365e-06
-4.58297e-06
-9.98531e-06
-2.77001e-06
-1.38655e-05
-1.63495e-06
-2.05286e-05
-3.2048e-05
-3.25604e-07
-1.40817e-05
-1.59741e-06
-1.43685e-05
-2.9128e-06
-1.46445e-05
-4.25038e-06
-1.47469e-05
-5.53959e-06
-1.454e-05
-6.67027e-06
-1.39581e-05
-7.56763e-06
-1.30636e-05
-8.21551e-06
-1.19926e-05
-8.59767e-06
-1.08542e-05
-8.67413e-06
-9.74555e-06
-8.41663e-06
-8.77425e-06
-7.83207e-06
-8.07876e-06
-6.94485e-06
-7.80347e-06
-5.78388e-06
-8.12457e-06
-4.42263e-06
-9.22497e-06
-3.04282e-06
-1.13652e-05
-1.95359e-06
-1.49547e-05
-1.44794e-06
-2.10341e-05
-3.34959e-05
2.53967e-06
-1.28449e-05
1.30002e-06
-1.31289e-05
4.43704e-08
-1.33888e-05
-1.20904e-06
-1.34935e-05
-2.4044e-06
-1.33446e-05
-3.46153e-06
-1.29009e-05
-4.31841e-06
-1.22067e-05
-4.94965e-06
-1.13613e-05
-5.33837e-06
-1.04654e-05
-5.46582e-06
-9.61806e-06
-5.31664e-06
-8.92344e-06
-4.90205e-06
-8.49339e-06
-4.2477e-06
-8.45789e-06
-3.40793e-06
-8.96444e-06
-2.47024e-06
-1.01627e-05
-1.58094e-06
-1.22545e-05
-9.35218e-07
-1.56004e-05
-7.44135e-07
-2.12252e-05
-3.424e-05
5.0739e-06
-1.16756e-05
3.90878e-06
-1.19639e-05
2.73981e-06
-1.22199e-05
1.58501e-06
-1.23388e-05
4.88362e-07
-1.2248e-05
-4.90581e-07
-1.1922e-05
-1.30213e-06
-1.13951e-05
-1.91929e-06
-1.07441e-05
-2.3265e-06
-1.00581e-05
-2.51447e-06
-9.43007e-06
-2.48179e-06
-8.95614e-06
-2.23995e-06
-8.73529e-06
-1.81895e-06
-8.87897e-06
-1.27649e-06
-9.507e-06
-6.95633e-07
-1.07437e-05
-1.91216e-07
-1.27589e-05
9.70378e-08
-1.58886e-05
1.00485e-07
-2.12285e-05
-3.41394e-05
7.27654e-06
-1.0604e-05
6.20978e-06
-1.08972e-05
5.14373e-06
-1.11539e-05
4.09482e-06
-1.129e-05
3.09784e-06
-1.1251e-05
2.19759e-06
-1.10218e-05
1.43339e-06
-1.06309e-05
8.29934e-07
-1.01406e-05
4.00397e-07
-9.62848e-06
1.49174e-07
-9.17883e-06
7.13439e-08
-8.87834e-06
1.51643e-07
-8.81566e-06
3.57389e-07
-9.08482e-06
6.35724e-07
-9.78543e-06
9.14302e-07
-1.10223e-05
1.10411e-06
-1.29488e-05
1.10435e-06
-1.58888e-05
7.49968e-07
-2.08741e-05
-3.33894e-05
9.15521e-06
-9.64545e-06
8.19899e-06
-9.94099e-06
7.24312e-06
-1.01981e-05
6.30186e-06
-1.03488e-05
5.40265e-06
-1.03518e-05
4.57965e-06
-1.01987e-05
3.8636e-06
-9.91476e-06
3.27524e-06
-9.55212e-06
2.82512e-06
-9.17831e-06
2.51446e-06
-8.86819e-06
2.33537e-06
-8.69929e-06
2.26972e-06
-8.75009e-06
2.28585e-06
-9.10103e-06
2.33599e-06
-9.83564e-06
2.35862e-06
-1.1045e-05
2.27662e-06
-1.28667e-05
1.98734e-06
-1.55995e-05
1.32212e-06
-2.02088e-05
-3.20673e-05
1.0724e-05
-8.80442e-06
9.88141e-06
-9.09842e-06
9.03621e-06
-9.35294e-06
8.20021e-06
-9.51278e-06
7.39491e-06
-9.54656e-06
6.64641e-06
-9.45019e-06
5.97842e-06
-9.2467e-06
5.40735e-06
-8.981e-06
4.94097e-06
-8.71191e-06
4.57825e-06
-8.50549e-06
4.30952e-06
-8.43062e-06
4.11595e-06
-8.55659e-06
3.96802e-06
-8.95316e-06
3.82419e-06
-9.69184e-06
3.63227e-06
-1.0853e-05
3.32361e-06
-1.2558e-05
2.79482e-06
-1.50706e-05
1.84893e-06
-1.92628e-05
-3.02183e-05
1.19988e-05
-8.07811e-06
1.12667e-05
-8.36632e-06
1.05279e-05
-8.61422e-06
9.79188e-06
-8.77678e-06
9.07522e-06
-8.82989e-06
8.3977e-06
-8.77261e-06
7.77718e-06
-8.62611e-06
7.22589e-06
-8.42969e-06
6.74877e-06
-8.23478e-06
6.34287e-06
-8.09961e-06
5.99742e-06
-8.0852e-06
5.6938e-06
-8.253e-06
5.40518e-06
-8.66455e-06
5.09654e-06
-9.38319e-06
4.72505e-06
-1.04815e-05
4.23474e-06
-1.20677e-05
3.53288e-06
-1.43688e-05
2.39013e-06
-1.81201e-05
-2.78283e-05
1.2995e-05
-7.45924e-06
1.23662e-05
-7.73758e-06
1.17267e-05
-7.97476e-06
1.10836e-05
-8.13369e-06
1.04495e-05
-8.19572e-06
9.83899e-06
-8.16203e-06
9.26507e-06
-8.05214e-06
8.73612e-06
-7.9007e-06
8.25424e-06
-7.75287e-06
7.8146e-06
-7.65996e-06
7.40542e-06
-7.67602e-06
7.00825e-06
-7.85583e-06
6.59845e-06
-8.25472e-06
6.1461e-06
-8.93083e-06
5.61731e-06
-9.95271e-06
4.97184e-06
-1.14222e-05
4.14459e-06
-1.35416e-05
2.9272e-06
-1.69028e-05
-2.49012e-05
1.3726e-05
-6.93816e-06
1.31916e-05
-7.20311e-06
1.26428e-05
-7.42593e-06
1.20848e-05
-7.57563e-06
1.15268e-05
-7.63764e-06
1.09792e-05
-7.61443e-06
1.0451e-05
-7.52389e-06
9.94705e-06
-7.39665e-06
9.46661e-06
-7.27238e-06
9.00287e-06
-7.19618e-06
8.5427e-06
-7.21581e-06
8.06703e-06
-7.38013e-06
7.55158e-06
-7.73926e-06
6.96813e-06
-8.34739e-06
6.28627e-06
-9.27091e-06
5.473e-06
-1.06091e-05
4.4824e-06
-1.25511e-05
3.162e-06
-1.55825e-05
-2.17392e-05
1.4204e-05
-6.50437e-06
1.37541e-05
-6.75313e-06
1.32869e-05
-6.9587e-06
1.2806e-05
-7.09465e-06
1.23178e-05
-7.14937e-06
1.18294e-05
-7.12597e-06
1.13462e-05
-7.04063e-06
1.087e-05
-6.92035e-06
1.03974e-05
-6.79977e-06
9.91959e-06
-6.71829e-06
9.42152e-06
-6.71771e-06
8.88248e-06
-6.84108e-06
8.27633e-06
-7.13315e-06
7.57217e-06
-7.6433e-06
6.73469e-06
-8.43353e-06
5.72249e-06
-9.59699e-06
4.47691e-06
-1.13057e-05
2.85817e-06
-1.39639e-05
-1.88811e-05
1.44396e-05
-6.14738e-06
1.40644e-05
-6.37792e-06
1.36699e-05
-6.56417e-06
1.32583e-05
-6.68306e-06
1.2834e-05
-6.725e-06
1.24013e-05
-6.69317e-06
1.19627e-05
-6.60196e-06
1.15173e-05
-6.47488e-06
1.10595e-05
-6.34193e-06
1.05783e-05
-6.23703e-06
1.00567e-05
-6.19613e-06
9.47184e-06
-6.25626e-06
8.79459e-06
-6.45598e-06
7.98918e-06
-6.83801e-06
7.01158e-06
-7.45606e-06
5.80507e-06
-8.39062e-06
4.28956e-06
-9.79028e-06
2.34418e-06
-1.20186e-05
-1.65369e-05
1.44424e-05
-5.85707e-06
1.41326e-05
-6.06813e-06
1.38023e-05
-6.2339e-06
1.34529e-05
-6.33365e-06
1.30871e-05
-6.35906e-06
1.27069e-05
-6.31295e-06
1.23128e-05
-6.20775e-06
1.19016e-05
-6.06362e-06
1.14658e-05
-5.90611e-06
1.09926e-05
-5.76389e-06
1.04636e-05
-5.66713e-06
9.85394e-06
-5.6467e-06
9.13228e-06
-5.73444e-06
8.25946e-06
-5.96533e-06
7.1861e-06
-6.38282e-06
5.84801e-06
-7.05263e-06
4.16209e-06
-8.10441e-06
2.05089e-06
-9.90744e-06
-1.4486e-05
1.42218e-05
-5.62378e-06
1.39686e-05
-5.81493e-06
1.36947e-05
-5.95997e-06
1.34008e-05
-6.03975e-06
1.30884e-05
-6.04657e-06
1.2758e-05
-5.98253e-06
1.24084e-05
-5.85803e-06
1.20348e-05
-5.68997e-06
1.16283e-05
-5.49962e-06
1.1175e-05
-5.31064e-06
1.06554e-05
-5.14764e-06
1.00441e-05
-5.03553e-06
9.30936e-06
-4.9998e-06
8.41215e-06
-5.06823e-06
7.30464e-06
-5.27538e-06
5.92744e-06
-5.67546e-06
4.21192e-06
-6.38888e-06
2.13614e-06
-7.83163e-06
-1.23499e-05
1.37869e-05
-5.43836e-06
1.35821e-05
-5.61006e-06
1.33572e-05
-5.73504e-06
1.31127e-05
-5.79517e-06
1.28491e-05
-5.78289e-06
1.2566e-05
-5.69932e-06
1.22607e-05
-5.55278e-06
1.19278e-05
-5.35703e-06
1.15574e-05
-5.12928e-06
1.11351e-05
-4.88845e-06
1.06413e-05
-4.65394e-06
1.0051e-05
-4.44527e-06
9.33367e-06
-4.28256e-06
8.45369e-06
-4.18829e-06
7.36983e-06
-4.19154e-06
6.03438e-06
-4.33998e-06
4.39202e-06
-4.74648e-06
2.41566e-06
-5.85525e-06
-9.93421e-06
1.31472e-05
-5.29225e-06
1.2983e-05
-5.44581e-06
1.28003e-05
-5.5523e-06
1.25994e-05
-5.59414e-06
1.23802e-05
-5.5636e-06
1.21416e-05
-5.46068e-06
1.18805e-05
-5.29163e-06
1.15906e-05
-5.06722e-06
1.12621e-05
-4.80085e-06
1.08806e-05
-4.50697e-06
1.04267e-05
-4.20017e-06
9.87654e-06
-3.89515e-06
9.20177e-06
-3.60781e-06
8.37099e-06
-3.35751e-06
7.35084e-06
-3.17135e-06
6.10578e-06
-3.09489e-06
4.59108e-06
-3.23176e-06
2.67613e-06
-3.94032e-06
-7.25815e-06
1.23127e-05
-5.17745e-06
1.2182e-05
-5.31505e-06
1.20353e-05
-5.4054e-06
1.18725e-05
-5.43122e-06
1.16933e-05
-5.38437e-06
1.14963e-05
-5.26371e-06
1.12782e-05
-5.07356e-06
1.10328e-05
-4.82191e-06
1.07505e-05
-4.51857e-06
1.04172e-05
-4.17375e-06
1.00145e-05
-3.79744e-06
9.51916e-06
-3.39983e-06
8.90462e-06
-2.99324e-06
8.14256e-06
-2.59539e-06
7.20552e-06
-2.23427e-06
6.0665e-06
-1.95587e-06
4.68822e-06
-1.85352e-06
2.93564e-06
-2.18786e-06
-4.32264e-06
1.12951e-05
-5.08673e-06
1.11915e-05
-5.2113e-06
1.10748e-05
-5.28851e-06
1.09448e-05
-5.3012e-06
1.08013e-05
-5.2408e-06
1.06426e-05
-5.10512e-06
1.04658e-05
-4.89675e-06
1.0265e-05
-4.62116e-06
1.00313e-05
-4.28485e-06
9.75147e-06
-3.89395e-06
9.40783e-06
-3.45377e-06
8.97774e-06
-2.96966e-06
8.43461e-06
-2.45004e-06
7.75031e-06
-1.91103e-06
6.89839e-06
-1.38233e-06
5.85152e-06
-9.09049e-07
4.56381e-06
-5.65934e-07
2.91498e-06
-5.39232e-07
-1.40783e-06
1.01087e-05
-5.01379e-06
1.00265e-05
-5.12885e-06
9.93436e-06
-5.19631e-06
9.83235e-06
-5.19915e-06
9.71997e-06
-5.12842e-06
9.59594e-06
-4.98113e-06
9.45757e-06
-4.75841e-06
9.3e-06
-4.4636e-06
9.11538e-06
-4.10021e-06
8.89194e-06
-3.67045e-06
8.61288e-06
-3.17462e-06
8.25567e-06
-2.61235e-06
7.79226e-06
-1.98655e-06
7.19168e-06
-1.3104e-06
6.42507e-06
-6.15737e-07
5.45986e-06
5.60614e-08
4.23262e-06
6.61132e-07
2.58132e-06
1.11181e-06
1.17332e-06
8.77135e-06
-4.95371e-06
8.70567e-06
-5.06305e-06
8.63367e-06
-5.12424e-06
8.55505e-06
-5.12051e-06
8.4694e-06
-5.04278e-06
8.37576e-06
-4.8875e-06
8.27214e-06
-4.6548e-06
8.1549e-06
-4.34634e-06
8.01792e-06
-3.96317e-06
7.85142e-06
-3.50385e-06
7.64039e-06
-2.96348e-06
7.36266e-06
-2.3345e-06
6.98787e-06
-1.61168e-06
6.48022e-06
-8.02712e-07
5.80937e-06
5.50721e-08
4.94327e-06
9.22048e-07
3.81085e-06
1.79336e-06
2.27048e-06
2.65192e-06
3.44366e-06
7.30542e-06
-4.9033e-06
7.253e-06
-5.01054e-06
7.19744e-06
-5.06863e-06
7.13826e-06
-5.06131e-06
7.07505e-06
-4.97959e-06
7.00728e-06
-4.81974e-06
6.93381e-06
-4.58133e-06
6.85251e-06
-4.26499e-06
6.7595e-06
-3.87007e-06
6.64804e-06
-3.39228e-06
6.50637e-06
-2.82168e-06
6.31418e-06
-2.14219e-06
6.03892e-06
-1.33634e-06
5.63734e-06
-4.01113e-07
5.07953e-06
6.1284e-07
4.34338e-06
1.65809e-06
3.35488e-06
2.7817e-06
1.99034e-06
4.01624e-06
5.43392e-06
5.73892e-06
-4.86139e-06
5.69789e-06
-4.96944e-06
5.65622e-06
-5.02695e-06
5.61324e-06
-5.01833e-06
5.56861e-06
-4.93497e-06
5.52216e-06
-4.77329e-06
5.47362e-06
-4.53276e-06
5.42242e-06
-4.21373e-06
5.36735e-06
-3.81491e-06
5.30577e-06
-3.33058e-06
5.23153e-06
-2.74732e-06
5.12973e-06
-2.04028e-06
4.96773e-06
-1.17427e-06
4.69025e-06
-1.23608e-07
4.26473e-06
1.03834e-06
3.69308e-06
2.22967e-06
2.89043e-06
3.58423e-06
1.73418e-06
5.17234e-06
7.16806e-06
4.10556e-06
-4.82878e-06
4.07545e-06
-4.93931e-06
4.04622e-06
-4.99771e-06
4.01708e-06
-4.98921e-06
3.98778e-06
-4.90567e-06
3.95842e-06
-4.74391e-06
3.92936e-06
-4.50368e-06
3.90134e-06
-4.18565e-06
3.87563e-06
-3.78911e-06
3.85425e-06
-3.3091e-06
3.83925e-06
-2.73222e-06
3.82789e-06
-2.02884e-06
3.79597e-06
-1.14228e-06
3.67117e-06
1.22019e-09
3.39821e-06
1.31129e-06
3.03151e-06
2.59633e-06
2.44905e-06
4.16663e-06
1.51795e-06
6.10334e-06
8.68599e-06
2.44421e-06
-4.80714e-06
2.42552e-06
-4.92061e-06
2.40816e-06
-4.98035e-06
2.39135e-06
-4.9724e-06
2.37491e-06
-4.88925e-06
2.35907e-06
-4.72806e-06
2.34442e-06
-4.489e-06
2.33222e-06
-4.1734e-06
2.32508e-06
-3.78191e-06
2.32832e-06
-3.31226e-06
2.35206e-06
-2.75589e-06
2.41364e-06
-2.09036e-06
2.52366e-06
-1.25226e-06
2.60487e-06
-7.99637e-08
2.54118e-06
1.37498e-06
2.43526e-06
2.70223e-06
2.09585e-06
4.506e-06
1.38813e-06
6.81102e-06
1.00741e-05
7.98112e-07
7.91609e-07
7.85691e-07
7.80055e-07
7.74688e-07
7.69727e-07
7.65505e-07
7.62779e-07
7.63362e-07
7.71628e-07
7.97838e-07
8.68054e-07
1.04707e-06
1.44795e-06
1.879e-06
2.07179e-06
1.85857e-06
1.23739e-06
)
;

boundaryField
{
    leftWall
    {
        type            calculated;
        value           uniform 0;
    }
    rightWall
    {
        type            calculated;
        value           uniform 0;
    }
    lowerWall
    {
        type            calculated;
        value           uniform 0;
    }
    atmosphere
    {
        type            calculated;
        value           nonuniform List<scalar> 
46
(
1.21693e-06
3.36223e-06
4.23505e-06
4.59808e-06
4.70202e-06
4.6388e-06
4.45111e-06
4.16543e-06
3.80158e-06
3.37575e-06
2.90172e-06
2.39143e-06
1.85584e-06
1.30841e-06
7.58705e-07
1.20134e-07
-3.27722e-07
-9.65077e-07
-1.67985e-06
-2.31873e-06
-2.86592e-06
-3.32655e-06
-3.70636e-06
-1.85845e-06
-1.91509e-06
-1.96065e-06
-1.99619e-06
-4.799e-06
-4.91411e-06
-4.97443e-06
-4.96677e-06
-4.88388e-06
-4.7231e-06
-4.48476e-06
-4.17064e-06
-3.78246e-06
-3.32049e-06
-2.78206e-06
-2.16055e-06
-1.43126e-06
-4.8084e-07
9.4394e-07
2.50944e-06
4.71921e-06
7.43217e-06
1.13115e-05
)
;
    }
    defaultFaces
    {
        type            empty;
        value           nonuniform 0();
    }
}


// ************************************************************************* //
