/*--------------------------------*- C++ -*----------------------------------*\
| =========                 |                                                 |
| \\      /  F ield         | OpenFOAM: The Open Source CFD Toolbox           |
|  \\    /   O peration     | Version:  2.3.0                                 |
|   \\  /    A nd           | Web:      www.OpenFOAM.org                      |
|    \\/     M anipulation  |                                                 |
\*---------------------------------------------------------------------------*/
FoamFile
{
    version     2.0;
    format      ascii;
    class       volScalarField;
    location    "6e-06";
    object      p;
}
// * * * * * * * * * * * * * * * * * * * * * * * * * * * * * * * * * * * * * //

dimensions      [1 -1 -2 0 0 0 0];

internalField   nonuniform List<scalar> 
7500
(
19895.837
4308.1799
-56881.931
34872.604
62574.489
-1261.6315
-46092.311
64693.441
36745.231
-60252.151
112989.25
6690.5629
-24059.727
98828.512
12433.084
-25349.435
107440.9
33248.786
-44637.013
160754.99
28520.393
43277.527
172356.43
2055.8087
57838.726
173563.58
269351.88
90323.794
-202226.23
85707.33
187069.09
61094.218
325526.2
189748.69
-14610.934
148287.73
21592.888
-34812.994
192311.76
207480.99
-618.99983
36019.994
118888.91
-30291.745
-44387.984
-97663.083
-300595.91
-279795.09
-268597.34
-458648.8
-583901.09
-463245.57
-240160.65
-244524.83
-186930
-234267.26
-240791.65
277305.91
211347.28
1195084.7
1692631.6
1814684.4
1529371.1
1218859.9
952404.17
736998.07
568862.24
439268.49
338939.15
259993.15
196311.79
143330.46
97646.853
56704.324
18384.602
18436.252
6327.5867
-55880.457
32306.414
63926.667
-2286.7642
-44714.251
64509.249
35847.969
-57499.654
108700.66
7970.2692
-21997.685
96166.014
13992.753
-25701.752
106421.58
33298.1
-42398.172
160772.77
26209.143
41769.667
171744.12
7140.9416
59376.178
169956.66
267399.01
91594.624
-199081.25
81659.55
185520.23
63733.871
322040.8
193580.92
-14489.804
139534.97
26895.837
-31183.842
186590.16
206919.84
-2787.624
34494.379
125949.35
-35440.921
-37238.608
-80778.213
-307118.14
-314430.71
-270806.99
-435652.01
-589364.16
-457786.4
-236276.95
-245885.09
-215934.29
-246083.82
-245464.65
220238.4
454506.31
1163353.7
1669939.3
1825728.8
1529013.4
1216743.9
950356.05
735405.79
567712.65
438461.3
338378.77
259606.63
196047.22
143152.63
97532.906
56640.162
18362.264
16337.162
8079.6456
-51854.303
27788.921
64207.956
-2366.2152
-42951.318
65290.935
31724.962
-51564.557
103799.39
7261.7695
-18246.607
91847.806
16684.826
-23891.279
104630.72
30094.532
-37660.536
161169.41
24065.175
41322.329
165559.44
13363.507
64012.442
166902.46
260764.05
88683.946
-183444.69
78732.401
173519.31
73359.047
316343.9
194306.21
-2751.2065
126219.68
24591.762
-23832.095
182003.62
205008.79
4808.7552
34328.135
128538.39
-31785.258
-47815.138
-67133.737
-318798.11
-339337.32
-269539.06
-434080.71
-580236.05
-442329.79
-231528.85
-283848.62
-231726.86
-274697.54
-299087.81
191478.89
626320.08
1237015
1619659.5
1832362.6
1526225.8
1210594.3
944740.55
731124.12
564636.99
436306.17
336884.45
258576.47
195342.17
142679.03
97230.226
56471.178
18306.864
11881.52
9896.6115
-44663.834
22162.903
64662.128
-3419.9956
-39902.577
66627.595
24949.338
-43612.942
97346.006
6545.1087
-13019.687
85380.758
20402.616
-21852.62
103201.78
25661.338
-32345.076
161244.75
23087.644
44875.337
155270.69
19262.616
72245.567
160521.08
251640.34
86345.987
-165771.5
74994.278
161127.66
85534.524
307733.71
195657.12
10980.498
111605.35
24270.824
-17314.667
172619.63
212907.34
9625.3462
15068.67
122016.38
-15182.355
-14232.372
-46003.019
-336903.45
-366795.42
-270074.93
-452592.18
-586190.49
-416840.28
-243318.7
-176255.3
-228548.22
-334369.36
-330250.94
185271.98
684003.85
1258765.9
1393096
1817598.6
1512764.5
1200338.9
936059.2
724661.88
560024.58
433076.46
334643.89
257030.64
194283.3
141967.32
96775.39
56217.834
18225.191
8328.9893
10602.134
-37111.413
17112.842
63782.697
-3653.0896
-36803.832
67827.176
18934.006
-36062.591
89501.982
6515.1123
-7123.6221
78286.769
22561.169
-20144.836
102764.6
22942.372
-27364.004
158922.17
24522.005
49016.359
144625.8
27139.741
81143.932
154864.4
236354.66
82813.151
-139836.07
66120.931
144009.53
101738.56
300116.61
198182.29
23037.363
93097.948
27137.781
-11124.97
164540.03
222454
20596.835
1243.0681
108544.29
-10405.043
-5038.9728
-40585.817
-334207.42
-346713.4
-295318.24
-469730.62
-587575.21
-417562.78
-252951.45
-292003.95
-240303.77
-293856.99
-344583.06
168920.81
708461.8
1169971.2
1376803.1
1717997.9
1484233.1
1183556
924138.76
716068.46
553932.54
428814.94
331686.4
254988.31
192882.64
141024.69
96172.393
55881.948
18117.604
4457.2641
12641.083
-30689.9
12169.352
63511.178
-5192.8607
-31908.971
67417.087
13132.139
-26338.089
79351.854
7028.1389
-840.28774
71429.807
25419.821
-19569.178
100847.15
20875.142
-19404.904
153926
24594.528
53833.244
131976.78
41152.118
91642.935
147340.53
223310.31
73950.662
-114751.48
62307.339
124020.86
113506.13
293367.04
208030.87
35102.436
67088.894
27552.091
-3582.0674
156130.13
239601.81
29768.093
-3814.9688
108016.44
-16470.181
-4423.8317
-28383.655
-336348.68
-356976.97
-329026.11
-466216.21
-472197.11
-413022.43
-281013.55
-238284.98
-316044.6
-400582.83
-273771.91
218456.03
728282.1
1043050.6
1662016
1617533.3
1450773.6
1160955.8
909277.35
705472.13
546436.97
423573.15
328047.11
252472.81
191155.24
139860.54
95426.768
55466.381
17984.957
1316.8033
13666.801
-24256.744
7073.6846
62705.347
-5638.192
-27658.935
67495.478
7049.6706
-17535.644
71215.405
7155.4378
4131.483
65200.254
28422.723
-17719.296
97045.984
17844.775
-10369.449
150768.38
23408.667
54049.926
122410.59
56989.223
103129.45
139057.24
209933.15
69966.883
-94578.899
54373.399
109695.4
122770.97
284600.91
218031.31
50060.435
45307.612
20202.146
-1641.3698
158933.82
248087.84
33054.028
-3910.929
101466.38
-9643.6028
16538.09
-33085.279
-340214.81
-346221.34
-365522.51
-467740.87
-527928.77
-395031.12
-199029.95
-248494.84
-298073.67
-517808.66
-455349.67
241669.95
706031.49
965166.7
1688289.3
1583348.2
1407342
1133947.5
891909.08
693017.94
537615.23
417402.26
323760.99
249507.38
189116
138484.08
94543.901
54973.867
17828.015
-1773.2475
15131.788
-17933.287
2825.0236
60535.009
-5024.8712
-23655.025
65879.657
4071.4523
-12208.599
63593.76
10463.322
6376.3621
59980.19
31530.064
-16707.631
94873.751
14430.382
-3223.2128
145905.47
27038.555
52938.449
109119.3
77099.809
111371.23
133697.85
196333.84
64825.863
-68856.988
44144.997
91066.547
132015.73
280135.11
229217.19
57817.689
25989.353
21023.07
-9398.2326
156039.54
264498.92
38430.886
-402.29707
93384.785
-7609.6217
35462.24
-49906.345
-338728.55
-337524.63
-349336.88
-493215.22
-543559.18
-358628.35
-247726.02
-229910.91
-219130.89
-394381.86
-464156.95
-86136.603
785546.75
1258770.4
1675180.8
1588112.9
1368917.4
1105489.4
872641.68
678873.35
527547.31
410355.34
318864.8
246116.57
186780.73
136905.15
93529.579
54407.377
17647.632
-4599.8162
14915.15
-11875.025
146.90034
57172.249
-4000.9412
-18354.367
62009.913
2922.7289
-6416.0591
53401.832
14981.625
9536.825
54600.602
35000.542
-16151.432
91207.464
14663.2
2260.6147
137403.06
30878.524
54167.952
97904.097
94305.063
117852.52
129771.83
188144.56
55501.59
-45650.502
41566.989
73635.043
133033.54
277045.94
242640.93
66001.644
5837.3074
18377.425
-9859.2549
154568.41
264134.71
40908.129
16415.701
93817.471
-1799.8276
51340.672
-72934.027
-352247.66
-322955.01
-364535.2
-477069
-533979.31
-337806.58
-244896.77
-255125.06
-332131.05
-356333.78
-239562.78
-185430.51
552101.49
1372994.8
1685409.5
1592728.4
1331735.4
1074959.2
851452.66
663107.06
516304.16
402487.62
313397.95
242326.84
184166.52
135134.4
92390.101
53770.168
17444.75
-6283.5821
15112.625
-7923.9832
-430.69808
53586.771
-4356.7475
-12131.184
58302.76
683.51404
-123.09996
45606.34
16223.827
13202.459
52228.514
36322.333
-14482.782
87539.95
13614.393
10668.982
126746.83
33750.837
53963.743
90240.989
109960.75
119238.9
128854.4
179104.36
50245.044
-26120.175
40178.552
61054.609
134060.29
273106.35
252668.98
67858.588
-7452.4034
15904.02
-13871.249
166802.8
262863.13
25837.777
21623.815
90476.475
28295.279
74548.884
-89366.616
-376723.68
-326111.53
-369708.15
-534619.04
-495839
-322551.55
-226315.58
-227828.42
-357150.91
-423792.28
-374200.44
28276.19
489835.54
963244.16
1719619
1597171.8
1292570.1
1042312.2
828633.71
645833.53
503962.24
393857.67
307402.53
238166.46
181291.6
133183.27
91132.274
53065.785
17220.406
-8376.6919
15448.338
-4736.8038
-1548.7273
51697.304
-5092.8161
-7415.8775
56544.582
-348.35176
1791.1272
41368.655
18270.673
12816.43
52404.779
38336.271
-14119.245
84095.383
14827.805
16402.961
118884.04
33735.937
53317.311
86903.219
122006.64
117047.27
131308.03
170197.47
41521.717
-2225.5161
41547.775
48461.786
135944.41
278126.45
260555.61
58056.284
-29270.677
17798.947
-13920.447
185879.1
262797.43
19998.469
16298.034
59799.244
39801.225
151045.87
-104808.62
-390293.67
-338212.77
-381826.84
-518066.24
-504199.68
-351243.74
-228126.58
-196123.1
-291710.23
-427553.19
-406235.76
-211743.99
359894.94
620763.4
1598808.3
1635863.3
1255968.3
1008352.6
804524.98
627150.14
490595.2
384526.83
300923.19
233665.32
178175.3
131063.88
89763.354
52298.034
16975.725
-10108.213
15909.88
-1593.8958
-3147.9646
48984.133
-3432.1545
-4803.7856
53838.053
2324.6893
1371.9925
34750.754
24508.013
12376.799
48868.747
41811.482
-10790.96
77675.221
17051.638
23569.447
109136.54
36933.499
45872.6
88729.947
136542.56
111860.6
131735.23
161077.17
34359.635
16132.884
47514.557
37397.082
132707.73
291298.45
279215.79
47611.725
-56630.196
-1966.052
-15574.91
222904.3
264989.09
8061.9891
25322.428
34127.598
23500.867
196925.14
-83213.26
-398590.44
-363675.09
-380263.2
-510151.63
-484264.86
-356114.99
-229621.88
-197798.49
-304439.61
-399590.99
-432218.51
-644929.83
-143442.54
453430.11
1163518.9
1461296.6
1231423
978672.27
780019.61
607154.37
476271.81
374559.47
294007.13
228854.82
174837.79
128788.93
88290.976
51470.945
16711.913
-11813.662
16162.241
1630.1437
-4017.5088
44645.303
-1084.5504
-305.3414
48262.32
5681.9761
3546.3613
25160.012
28538.844
18194.465
43116.632
39828.665
-3724.0729
74524.213
15369.122
31248.937
100154.44
38627.127
43922.041
82526.135
148496.3
115397.9
136806.24
141092.47
25377.068
39499.172
51770.217
27958.632
121328.41
301245.94
310053.89
49821.349
-81590.708
-12953.428
-31509.478
228006.15
289381.42
78.925107
21920.577
38458.636
23494.391
186982.03
-73664.964
-377107.98
-358580
-388965.28
-526427.87
-504171.43
-345121.11
-227383.83
-199708.42
-297071.47
-431211.09
-402008.11
-400076.17
-487441.04
-220931.46
619436.38
1048530.9
1193868.9
940279.55
753976.68
585590.25
461025.55
364022.42
286704.09
223767.6
171299.99
126371.6
86723.097
50588.742
16430.244
-12767.032
16024.383
4225.296
-3139.6462
39718.176
-617.13979
6133.4201
43856.313
5520.1433
7714.7937
18451.587
27114.55
24996.262
43646.493
33762.826
-2152.4946
76184.961
16111.286
35739.061
93980.65
34071.525
46006.032
85377.16
146284.88
114256.49
156288.73
124445.09
6332.2779
54023.902
66216.566
28620.16
107525.14
293720.63
335121.38
55615.92
-83115.736
-13327.007
-28048.447
229570.43
283492.03
2035.4176
20547.91
37380.729
26964.767
183277.21
-71570.114
-374358.6
-357339.13
-398953.15
-542446.03
-503789.8
-350271.8
-228153.88
-199662.42
-309733.39
-402931.52
-433709.83
-381857.71
-555232.15
-768927.7
139483.32
404093.62
776035.65
881571.1
718532.74
561597.01
444898.41
352991.92
279066.71
218437.34
167583.33
123825.42
85067.917
49655.804
16132.055
-13575.489
16149.566
5380.6743
-1385.7166
36410.59
-1852.0946
11246.567
42928.694
4085.7166
8269.1716
16252.37
27275.61
25381.359
45800.222
34704.694
-5966.7003
73376.652
21651.993
39810.23
90165.729
31025.38
38468.365
92169.03
154294.89
108892.09
159812.98
124270.06
-716.28395
50844.865
70111.674
31780.07
106344.9
291958.49
332065.11
53914.809
-82219.121
-14642.823
-28805.61
236030.24
279355.76
-1044.4548
20163.114
36163.897
25927.425
181185.19
-77652.277
-369510.89
-357637.48
-417888.95
-548513.67
-508077.44
-349698.79
-222947.9
-195520.66
-320801.3
-413846.05
-443326.92
-769215.77
-746751.84
-808028.3
-45019.852
165557.08
539634.19
820357.35
674757.6
535845.38
428081.6
341563.21
271150.66
212898.43
163709.55
121164.11
83333.809
48676.625
15818.728
-14278.774
16525.928
5889.6844
-769.23461
34641.199
-1893.5908
13723.215
42714.732
5472.2
5071.6498
11362.312
34740.916
26517.787
39176.115
38393.22
-1760.9884
62645.861
25534.547
46403.926
81092.875
38548.955
34828.788
79851.562
161689.35
109903.94
161611.29
124352.34
-3659.8416
50950.964
71609.589
29424.411
111123.57
298619.08
321699.27
56182.826
-92012.077
-20963.322
-28903.856
239569.57
273917.45
-3235.4386
14684.734
31899.832
29781.505
178037.05
-84483.613
-371336
-360984.28
-432841.59
-561676.41
-509199.27
-342025.68
-209744.64
-190358.57
-342589.56
-451956.48
-450128.64
-256424.02
-975234.1
-1019372.2
-42438.265
168634.3
450616.43
731597.25
628065.61
509297.56
410820.35
329841.49
263012.97
207185.43
159700.45
118401.52
81529.244
47655.774
15491.686
-15106.835
17129.331
6841.4028
-1320.809
31968.331
104.18008
16202.303
40618.336
9052.2512
3931.0256
104.35734
41232.972
36682.483
31914.851
31468.704
9600.4481
54702.322
22391.608
54100.09
72434.642
42714.286
33826.535
79702.1
162928.58
110168.06
162631.1
125622.37
-147.61173
45980.588
65999.314
33259.265
105513.84
293058.21
305193.55
50191.991
-105118.02
-21833.132
-32000.748
232649.22
270601.8
3324.5307
5932.2707
27759.252
27138.081
166960.89
-99639.839
-368751.68
-366502.69
-459187.67
-566193.21
-503447
-340139.6
-207276.38
-179291.91
-353569.55
-486353.07
-457325.71
-471042.6
-882608.4
-1493944.1
-127825.7
167624.94
440866.39
654375.27
583059.77
482603.63
393349.24
317931.16
254710.23
201332.53
155577.67
115551.42
79662.713
46597.86
15152.382
-16035.984
17367.216
8677.096
-1525.5508
27836.568
1224.6141
20455.51
37873.871
11091.365
6531.5234
-9412.3947
38972.757
45347.506
36512.464
18603.916
16038.039
52650.386
23117.101
55311.149
70390.582
45059.376
34351.938
78670.505
162107.14
113943.67
157494.55
112265.43
3045.6018
41465.336
59906.096
42020.219
103022.17
277475.19
281294.89
41559.312
-122015.35
-28605.717
-42255.038
227218.39
265849.1
8068.261
-4334.2964
24049.701
15404.656
151720.6
-120169.14
-377094.03
-372379.36
-479218.02
-579007.12
-497920.5
-327282.58
-201151.41
-201932.52
-359526.82
-513063.46
-475577.92
-552432.81
-687628.23
-766526.13
-430879.35
135736.66
417324.7
588420.2
540665.3
456235.37
375872.28
305930.52
246297.08
195373.06
151362.41
112627.43
77742.66
45507.483
14802.288
-16839.452
17154.032
10303.581
-292.15423
24421.234
191.75361
24255.767
36713.448
11381.555
6070.5261
-10844.811
35584.378
42630.31
40191.691
17588.188
17180.062
52030.625
23268.073
57489.471
70070.627
43823.665
36596.051
74690.216
156960.19
117585.61
156457.32
104131.95
2252.0955
36310.047
56990.811
49158.091
101294.21
251016.05
250102.23
35464.092
-125967.26
-63371.833
-61969.594
207722.2
253732.89
16819.767
-10014.421
14696.124
-8803.2067
152107.03
-137928.24
-384792.38
-385323.62
-504039.92
-581627.53
-494504.88
-326266.83
-209222.71
-190878.89
-336012.18
-504316.98
-478869.98
-534697.75
-695808.99
-708279.21
-391719.48
116178.98
387136.43
531687.2
501183.44
430549.07
358560.94
293929.08
237825.1
189338.95
147075.24
109642.87
75777.408
44389.203
14442.887
-17469.223
16870.897
10704.776
1105.4936
23449.271
-551.09889
26066.416
35844.045
14468.446
-975.02508
-10592.93
36171.436
43103.964
40596.445
17549.249
18098.03
52075.94
21839.374
57712.536
68979.91
41571.779
38519.91
71780.931
152673.2
121289.66
156059.08
95428.734
-4794.9502
30636.295
59218.4
45101.904
101535.67
231473.05
233987.13
16298.905
-121400.78
-101675.18
-84858.682
154501.13
230042.06
18761.127
-18772.763
-516.52855
-29859.14
168600.05
-152495.37
-399640.57
-395189
-518850.45
-590267.25
-477019.51
-314797.86
-203078.15
-173331.65
-326404.56
-506375.26
-486704.33
-520357.66
-661030.73
-661404.06
-352903.02
109527.3
357766.18
482664.56
464691.72
405796.09
341555
282006.16
229341.95
183260.42
142735.89
106610.65
73775.1
43247.5
14075.622
-17810.613
17065.53
10224.827
719.37359
22731.111
1800.6016
26888.079
33596.213
19730.46
-1543.6524
-11224.397
37212.684
44194.669
40606.737
16235.879
17068.689
52967.326
22285.141
57915.463
66376.387
39689.908
39423.05
69428.311
150359.2
124580.27
154992.65
85748.266
-15068.054
20295.401
56725.033
46360.692
102939.6
212003.98
220110.23
-1914.6153
-120620.21
-104504.68
-67661.238
111449.16
208643.19
13051.984
-35544.244
-16598.03
-32775.139
177703.16
-164397.58
-409215.43
-408339.93
-529441.43
-592869.72
-508025.98
-340260.58
-232920.17
-165136.58
-290093.14
-494579.96
-495237.06
-512815.19
-598983.41
-573897.26
-284407.26
115397.42
331658.42
440095.23
431136.68
382139.81
324964.82
270230.26
220890.88
177165.64
138363.1
103543.2
71743.637
42086.712
13696.976
-18095.194
18070.493
10142.269
-756.78358
18203.085
6191.8604
27823.869
32487.677
20460.638
-939.11159
-11161.5
37331.938
43424.001
40441.579
17094.057
17300.931
51704.451
18946.917
56989.614
62939.15
37360.606
43073.936
65961.198
148678.82
128082.16
156078.85
78988.956
-22608.225
10170.739
46000.617
43890.03
100781.16
204048.89
198862.7
-11132.121
-129545.49
-112366.79
-64321.377
96019.615
189508.98
16924.999
-61266.323
-41269.123
-30318.504
174001.23
-177179.99
-419723.07
-413132.63
-543973.36
-594821.08
-485268.85
-325966.86
-193137.93
-150005.69
-298265.58
-502343.24
-522603.83
-506513.71
-524558.82
-468794.26
-211382.72
122327.18
308422.24
402924.53
400379.19
359673.01
308874.85
258659.05
212510.4
171080.56
133974.47
100452.35
69690.639
40911.342
13317.786
-18535.356
19427.759
11656.465
-187.4115
9947.0952
8703.2273
28671.47
32523.516
20801.823
-1555.8392
-11722.1
38427.517
43515.894
39973.357
15192.523
16429.67
49510.302
18750.523
57698.706
59804.531
34437.027
44269.909
56593.241
138212.99
130792.51
156137.88
73349.852
-23339.193
7509.5789
35323.98
42934.802
100401.39
201851.42
180280.72
-11526.969
-138994
-125229.28
-76688.36
84771.252
159934.88
19338.127
-75008.665
-67798.354
-34230.578
223046.31
-198275.16
-437950.06
-411217.64
-539064.68
-615676.96
-499204.59
-342942.71
-202192.32
-149424.8
-302184.32
-522757.54
-560384.52
-502215.25
-452566.65
-368651.78
-146912.1
126960.27
287565.42
370292.16
372232.28
338435.76
293346.26
247339.88
204234.23
165028.72
129586.37
97349.284
67623.379
39725.466
12934.501
-19568.346
20206.474
14423.656
4335.4929
4396.834
9177.0411
29831.884
32175.831
20810.774
-1952.9262
-12393.981
39220.074
43311.493
39590.104
14095.237
13789.693
47031.21
23475.215
59651.129
57573.864
32846.975
46982.153
41295.529
116852.99
132437.48
153558.88
65755.174
-22220.927
12182.122
28604.488
44286.687
104474.39
199075.63
143351.72
-18082.232
-143529.06
-132285
-97303.881
69125.883
92615.741
18827.671
-117608.75
-78741.138
-45024.366
233090.72
-231629.92
-447583.51
-416306.96
-538729.65
-614935.28
-477168.81
-329537.77
-198007.08
-154972.45
-316374.1
-554855.93
-606762.8
-500264.73
-383322.87
-279296.34
-92832.929
130043.36
268814.88
341490
346488.65
318430.07
278420.23
236310.44
196091.34
159031.29
125213.9
94244.499
65548.754
38532.984
12548.435
-21583.662
19486.844
16509.222
8638.2619
3816.1816
9158.1395
29540.441
31984.709
21634.755
-2264.0805
-13642.831
39984.561
42433.907
38675.641
13671.652
12445.928
44627.275
24675.466
60820.617
55729.155
31621.883
48015.85
21829.723
84640.941
130408.13
151241.84
59575.189
-23562.438
14817.91
18050.1
45817.547
113274.54
214257.53
119866.9
-47432.278
-156530.82
-145845.58
-98955.244
63074.353
99333.301
49.439276
-151804.19
-72707.971
-55359.967
132707.33
-254856.09
-443378.32
-413482.26
-542459.66
-619646.8
-473311.37
-319447.36
-194226.92
-155934.81
-337117.74
-601018.72
-660260.84
-502419.35
-317863.58
-199753.42
-47879.728
132223.49
251930.98
315931.74
322937.2
299631.19
264121.08
225599.72
188106.2
153106.99
120870.8
91147.739
63473.258
37337.611
12160.849
-24004.325
16975.922
16137.407
9621.3425
3683.7208
9043.3429
29182.266
31358.232
22312.21
-2466.6632
-15362.058
39730.109
40803.371
37430.064
13650.579
11677.924
43621.753
26082.452
61278.19
53440.161
30287.699
44440.577
6487.7375
52982.175
125379.88
147371.57
55209.24
-25690.602
14612.639
5661.0788
48066.555
118249.74
235345.25
115001.21
-66398.899
-178332.14
-155649.29
-111929.43
72509.261
170012.03
-20220.207
-193112.79
-53700.56
-59470.997
-86706.158
-308435.82
-434268.9
-414650.51
-544003.16
-620326.28
-463772.3
-311484.46
-191735.3
-170051.7
-359912.63
-653808.57
-721542.01
-510615.73
-260096.36
-127732.23
-10344.578
133727.4
236673.75
293129.62
301372.48
281996.31
250459.4
215229.13
180299.02
147272.18
116569.51
88067.991
61402.96
36142.858
11772.929
-22984.453
12925.581
14894.103
10156.695
3641.002
9199.1366
28672.834
30646.579
22983.625
-2730.7512
-16159.764
39140.46
39481.083
36164.189
13870.782
11482.925
42601.489
26832.457
60641.225
51083.621
28532.685
39411.199
2460.1793
37974.2
118850.8
142203.13
50478.23
-27029.349
11934.235
-3478.1788
54177.186
116642.03
232428.38
105627.3
-73216.744
-181718.08
-160915.32
-137464.45
81430.174
197828.62
-28373.661
-199054.41
-61634.246
-89331.361
-169794.59
-316097.81
-453768.76
-442837.92
-532670.33
-550817.06
-475593.83
-308798.47
-171521.27
-162201.01
-371067.29
-709888.07
-795087.86
-525517.24
-197414.96
-60666.13
21144.925
134605.21
222813.05
272675.81
281600.26
265471.09
237434.86
205213.37
172686.08
141540.95
112321.12
85013.467
59343.488
34952.017
11385.791
-11929.725
8893.0181
14111.808
10334.897
3731.2449
9481.2783
28277.576
29899.253
23681.255
-3134.8149
-16024.024
38487.129
38651.332
34951.003
14016.676
11924.706
41784.818
26240.652
59302.859
48445.852
26520.736
34610.88
5677.9521
30454.307
111563.04
135537.14
45924.271
-28342.512
7520.6147
-10167.791
48967.275
111626.19
214229.27
89920.087
-82530.689
-183144.28
-168914.6
-115075.56
77737.368
225684.97
-34819.743
-179494.02
-65833.787
-80241.295
-176557.46
-321715.56
-466372.09
-496348.41
-517326.77
-482847.13
-472879.88
-305446.23
-169056.99
-161585.29
-396957.65
-778775.97
-874843.42
-539203.78
-133726.91
3420.3096
47139.539
134798.96
210134.01
254228.05
263440.49
249994.54
225038.86
195561.42
165280.11
135925.25
108135.43
81991.611
57300.023
33768.153
11000.47
8765.081
7710.9664
13988.173
10199.766
3850.2798
9869.5644
27953.925
29251.402
24474.452
-3750.3881
-16113.882
36903.948
37893.681
33751.453
14824.434
13195.43
41807.644
25995.378
57556.603
45286.388
24567.358
30350.501
10728.651
29156.052
105936.26
127901.64
39290.015
-29960.754
2799.9388
-18708.78
38559.632
107091.2
189722.28
76215.607
-91643.826
-195503.94
-168837.44
-107828.81
66728.411
233112.09
-49380.241
-189300.27
-74431.58
-107338.35
-275891.73
-383909.02
-453977.06
-528944.36
-515054.79
-483111.14
-441174.95
-315631.1
-169245.82
-170589.69
-419270.04
-809129.8
-957994.91
-529443.08
-68458.01
64960.435
67804.96
134194.21
198440.87
237498.62
246728.69
235502.63
213256.52
186277.4
158090.63
130435.01
104021.02
79009.103
55277.299
32594.096
10617.924
15493.677
9276.3349
13911.002
10126.191
3981.5844
10329.274
27715.267
28741.905
25385.093
-4557.9705
-17764.788
34741.716
37569.372
32796.619
15845.825
14932.108
41732.082
25255.887
55354.732
42217.594
23329.869
27025.992
17861.299
32370.844
99951.11
123527.73
30768.048
-32239.888
-1393.3526
-30488.914
34188.193
96925.487
147114.59
64578.085
-100055.76
-203749.36
-165409.78
-102058.68
55294.741
210943.87
-74211.171
-192473.73
-94273.26
-98310.543
-280241.56
-428228.75
-451476.37
-494557.07
-512485.66
-477184.8
-408686.35
-334636.31
-181164.41
-193907.63
-423989.33
-810777.35
-1347152.3
-517061.49
-5099.0401
122807.71
82908.363
132642.46
187560.33
222245.69
231316.2
221930.76
202068.55
177361.42
151124.37
125078.32
99985.259
76071.886
53279.602
31432.442
10239.04
6725.474
10250.765
13977.798
10095.589
4051.3369
10744.732
27485.98
28266.839
26189.085
-5577.4255
-18961.767
32370.759
37103.973
32019.645
16831.836
16428.891
41696.694
24918.647
52983.906
39359.179
22401.773
23597.737
25342.211
35914.475
92995.649
119718.45
22691.555
-34112.505
-6926.6079
-18423.484
16931.931
77559.873
80511.357
44626.318
-114570.03
-209119.75
-161785.88
-97520.856
52172.157
206853.5
-117512.21
-263889.86
-98935.706
-140253
-450954.5
-402376.68
-451594.9
-494590.79
-505173.39
-481469.31
-395775.74
-353833.2
-173874.37
-244778.13
-423184.27
-747947.49
-501062.17
-372569.1
5947.1715
144074.02
91976.085
129965.44
177271.39
208174.57
216986.06
209149.26
191404.05
168776.75
144363.49
119847.9
96026.74
73181.688
51310.082
30286.55
9866.4323
6646.7462
10108.217
14033.533
10110.715
4135.3628
11072.22
27214.709
27842.232
26959.925
-6848.7355
-20173.67
29631.622
36376.33
30974.941
17781.732
17765.024
41173.801
24698.947
50621.924
36132.59
20708.056
20101.245
32593.065
39643.33
84828.999
113180.98
11753.649
-40842.833
-10707.026
-21862.677
-8010.7491
56181.055
11209.129
18816.112
-133947.33
-215491.87
-159795.84
-92399.946
61131.953
195585.76
-137981.91
-284112.08
-161947.32
-305351.58
-467552.4
-362522.77
-405063.97
-465271.33
-511631.38
-514252.93
-448028.57
-400207.81
-172289.56
-259997.14
-379518.99
-517484.83
-327902.81
-218233.6
-9488.4895
127820.08
92636.558
126052.77
167458.92
195124.6
203622.92
197094.7
181232.95
160510.69
137803.31
114742.46
92145.338
70338.461
49368.186
29154.998
9497.5304
6815.4665
10335.58
14145.252
10081.181
4219.7783
11353.268
26875.84
27410.86
27573.583
-8362.388
-21783.872
26852.515
35560.947
29973.334
18644.754
18855.651
39683.147
24245.441
48641.904
29909.683
18120.472
17431.531
39977.575
40273.987
74831.477
101265.35
-100.09921
-52545.112
-13791.968
-13913.233
-19974.247
31048.587
-21612.298
-1353.2971
-149604.39
-227023.79
-162092.17
-83741.476
61980.391
163208.99
-126443.74
-270737.58
-235577.69
-342007.84
-436805.9
-362094.84
-364993.99
-422268.17
-504712.32
-566862.32
-620069.58
-493101.4
-203731.06
-220766
-363223.78
-486765.36
-360603.77
-211163.26
-31628.839
100291.19
89382.562
121261.17
158101.82
183024.73
191186.79
185762.49
171570.13
152584.47
131464.48
109779.24
88354.358
67551.827
47460.414
28041.795
9134.3967
7151.7969
10492.553
14221.43
10032.325
4311.6558
11595.177
26464.008
26951.413
28006.29
-10068.429
-23472.331
24365.046
34504.844
28936.26
19443.049
19437.266
38223.526
24299.207
47542.151
21581.854
13979.082
14142.394
44080.396
41112.389
66627.06
86280.118
-9424.3844
-57956.262
-14480.091
-7872.1507
-32557.123
982.33244
-48178.27
-11975.041
-162542.91
-235667.65
-158256.85
-74322.74
51854.83
137425.08
-128297.17
-269739.51
-196869.39
-309763.54
-405990.23
-355815.3
-363062.96
-426038
-495850.75
-571887.33
-778255.18
-625149.46
-220992.44
-170129.72
-348371.68
-430077.35
-330763.68
-196825.04
-35500.903
79643.241
85188.504
115956.56
149166.58
171765.96
179590.32
175102.54
162392.76
144990.71
125347.02
104961.27
84657.581
64825.28
45589.484
26948.647
8777.6011
7482.2795
10704.41
14250.4
9950.2164
4409.105
11804.083
26009.202
26468.786
28237.346
-11873.444
-25220.404
22318.767
33359.545
27956.521
20175.725
19793.768
37066.44
24488.837
47851.632
16198.608
8668.7923
9872.8312
45545.914
43810.248
62254.618
81070.148
-13338.488
-53548.722
-15027.642
-6817.039
-38590.531
-52734.776
-66466.541
-22028.198
-173645.65
-237812.52
-159365.42
-63109.684
51349.769
115647.13
-143908.01
-252039.66
-169158.04
-279006.8
-355639.52
-333193.02
-364717.06
-446896.58
-491537.77
-565934.19
-815788.44
-882250.38
-252669.5
-126990.18
-300824.05
-379756.04
-302639.37
-177555.27
-35397.715
64419.512
80520.893
110366.79
140631.78
161257.84
168756.33
165067.83
153677.74
137720.69
119449.63
100290.44
81057.969
62161.741
43757.729
25877.042
8427.6513
7886.3372
10814.594
14235.721
9859.2492
4534.0554
12000.92
25549.742
25964.812
28294.629
-13798.679
-26962.197
20747.827
31959.964
26951.543
21025.546
20023.86
36058.565
25533.354
49403.807
12609.393
7212.4
4342.5796
42286.602
44118.716
60251.799
77808.968
-12727.957
-45715.185
-15320.633
1331.8389
-42205.356
-60343.022
-66817.276
-37029.845
-186462.15
-244463.44
-159691.15
-61831.073
44071.792
94074.739
-148607.92
-264234.93
-181709.2
-245156.37
-341534.6
-327288.17
-375539.87
-456520.72
-475572.72
-576836.52
-924527.92
-969764.54
-323922.8
-76442.447
-238848.19
-332717.67
-272087.97
-158882.36
-35134.684
52531.718
75586.252
104644.09
132480.34
151424.56
158616.54
155614.55
145402.1
130764.71
113769.82
95767.668
77557.733
59563.593
41967.126
24828.264
8084.9922
8274.7172
11050.836
14182.864
9810.4008
4734.261
12209.204
25084.759
25447.017
28225.231
-15752.823
-28510.062
19338.27
30151.61
25615.91
21126.915
20084.854
35169.465
26701.588
50956.298
9503.8801
9273.6522
-1133.6498
38041.944
44327.242
59323.651
70293.752
-10064.251
-37069.129
-17839.342
-224.20194
-48587.849
-80974.556
-64018.091
-42838.127
-213874.1
-261392.79
-168544.35
-62080.373
40412.692
74766.516
-142014.64
-276538.2
-214273.7
-232310
-318670.49
-306856.47
-392719.16
-471561.54
-467250.74
-568661.63
-926060.58
-921172.73
-309090.23
8111.0977
-187332.51
-290250.87
-240854.96
-141730.76
-34427.053
43170.734
70589.556
98898.346
124697.86
142201.98
149110.55
146702.02
137543.29
124112.38
108304.18
91393.03
74158.411
57032.725
40219.321
23803.404
7750.0055
8722.0852
11127.373
14119.737
9886.4263
5073.6097
12437.77
24600.094
24923.971
28106.85
-17664.115
-30041.193
18343.713
28388.497
24061.944
20533.178
19896.534
34222.568
28575.19
51886.269
9497.9393
12530.618
-3320.3976
33260.067
47391.405
61486.168
63769.986
-5573.8757
-25558.879
-19074.654
3521.6115
-32290.932
-77536.978
-62091.47
-43601.682
-248942.83
-280156.43
-169204.9
-60133.894
40466.1
58579.454
-136532.46
-259311.37
-215568.42
-215784.92
-306639.43
-299389.66
-388583.22
-515590.92
-467711.01
-550493.3
-913687.27
-885439.89
-264808.04
36835.75
-155033.39
-253902.04
-210498.94
-125706.42
-33131.577
35798.436
65671.835
93209.001
117271.28
133535.34
140184.8
138292.67
130079.43
117752.91
103048.54
87165.856
70860.932
54570.572
38515.652
22803.369
7423.0135
9139.5251
11421.252
14035.036
10120.096
5563.8413
12673.1
24090.115
24356.517
27938.932
-19376.908
-31288.83
18163.119
27087.638
22670.495
19416.411
19703.587
33352.18
30892.427
51693.351
12615.883
18958.996
256.38872
28985.294
51977.917
63334.122
60291.573
-1618.9265
-17888.713
-15298.518
13027.224
-6262.64
-54801.589
-51056.777
-60909.768
-266142.49
-285945.44
-169482.93
-58663.128
38019.104
49964.921
-119622.32
-226645.39
-181952.58
-195158.04
-282872.21
-406550.05
-325768.89
-631998.51
-475100.61
-537212.25
-871958.76
-839354.9
-244872.7
21606.039
-142428.74
-222251.04
-182044.96
-110873.74
-31426.836
29949.391
60915.76
87632.025
110187.95
125377.43
131791.75
130351.83
122989.43
111675.25
97998.135
83084.848
67665.688
52178.158
36857.163
21828.89
7104.2833
9563.9802
11484.725
13955.219
10476.226
6104.0999
12891.046
23557.85
23757.79
27711.536
-20664.225
-31896.203
18567.158
26422.444
21312.213
18435.664
19842.85
32659.718
32299.025
50367.679
17439.686
31057.546
10656.071
24028.073
53617.916
61927.749
57898.899
-1785.0183
-13597.864
-11329.754
23196.514
22935.498
-55898.427
-29092.811
-79299.007
-281482.41
-294559.69
-174696.8
-56379.052
38442.803
42437.022
-90402.711
-173224.73
-148277.8
-179104.45
-248712.77
-367477.21
-354632.53
-671756.33
-495148.57
-536171.89
-863423.72
-800521.43
-235673.62
-4146.0927
-141497.05
-194717.7
-155869.87
-97348.156
-29504.769
25250.954
56364.217
82205.335
103435.12
117687.15
123889.03
122847.61
116253.12
105868.25
93147.719
79148.176
64572.591
49856.127
35244.629
20880.546
6794.0306
9916.1489
11816.493
13841.812
10808.133
6620.5635
13109.423
22947.439
23093.867
27463.343
-21659.874
-32086.006
19474.752
25996.262
19654.389
17444.914
20086.594
31927.654
32868.263
47467.981
22571.698
38976.486
20846.941
22232.741
53094.778
58737.533
56370.742
-3713.9782
-10818.86
-5406.3441
24283.792
46819.482
18633.767
-404.76823
-96257.747
-303523.84
-308102.99
-187721.38
-50107.539
38056.848
40037.071
-54481.796
-121015.38
-115335.36
-169046.84
-219773.73
-308631.83
-360298.36
-539775.63
-508316.98
-498574.54
-864299.33
-772325.34
-222969.47
-23857.405
-136381.1
-171100.81
-131623.83
-85127.148
-27511.16
21412.32
52033.49
76953.056
96999.806
110428.37
116438.79
115750.65
109851.27
100320.85
88491.706
75353.558
61581.135
47604.782
33678.584
19958.766
6492.4223
10279.945
11773.978
13735.32
11115.312
7123.9767
13255.84
22182.224
22430.002
27173.59
-22281.107
-31172.212
20266.92
25868.743
17714.094
16527.103
20113.123
31284.196
32572.241
45100.141
26943.783
44211.73
29221.855
24166.141
53209.689
55712.338
54776.681
-5084.9134
-11984.207
-3347.3642
21312.994
60803.828
18849.516
24162.944
-106375.58
-323969.81
-317224.43
-199386.84
-43458.69
39946.201
38495.805
-22526.892
-85862.642
-94662.023
-166629.26
-206055.93
-280212.36
-359160.06
-552943.64
-628221.69
-447641.09
-741797.2
-724582.07
-223878.35
-45046.528
-142586.44
-149961.02
-108599.91
-74181.676
-25576.636
18205.603
47922.596
71888.928
90868.728
103569.08
109407.12
109033.96
103765.64
95022.095
84024.267
71698.345
58690.448
45424.124
32159.343
19063.845
6199.5777
10560.968
12151.531
13585.547
11269.4
7610.0414
13433.136
21553.429
21926.516
27001.664
-22449.931
-29291.784
19736.649
25820.869
15790.589
15956.497
20053.048
30424.013
33259.872
44103.033
29194.724
45362.115
35099.17
27659.255
54740.712
51858.295
53002.6
-2904.9627
-14015.997
-4441.0745
18911.224
67762.134
42688.861
39256.552
-117829.64
-347174.9
-336654.68
-198298.7
-37318.115
42109.223
34909.923
-14011.574
-70038.077
-107241.1
-165054.72
-189249.75
-275744.03
-366951.94
-589070.2
-608105.24
-439705.61
-683899.15
-671699.85
-238710.19
-54052.271
-141320.73
-133232.58
-86367.744
-64607.184
-23835.066
15450.633
44020.002
67019.042
85028.423
97080.689
102763.52
102672.73
97978.954
89961.282
79739.407
68179.583
55899.342
43313.885
30687.016
18195.951
5915.575
10908.049
11981.096
13515.075
11546.94
8072.8807
13636.291
21154.965
21673.074
27019.777
-22457.295
-27144.9
18428.41
25795.529
14453.732
15231.432
19772.138
29922.477
33552.47
43371.246
29162.629
42430.163
38543.809
31616.09
55020.777
48418.556
52494.104
-1543.8912
-15573.634
-5154.6584
20094.223
78835.15
57814.225
57727.834
-132022.32
-375567.34
-347865.12
-200137.48
-29930.815
43074.609
34914.826
-11835.304
-81113.088
-128381.83
-171501.75
-181300.99
-264690.47
-372243.84
-621192.31
-608752.19
-446863.64
-608957
-598157.39
-311734.97
-67402.674
-148190.27
-107440.71
-65244.657
-56568.494
-22401.308
13004.311
40308.65
62344.055
79465.367
90937.505
96480.479
96644.132
92474.925
85127.969
75631.043
64794.08
53206.362
41273.559
29261.529
17355.141
5640.4557
11193.118
12527.636
13403.673
11558.823
8536.0424
13892.944
20774.268
21601.833
26468.04
-21319.057
-22652.34
17588.543
25906.961
13882.849
15292.248
19377.312
28677.549
32821.062
42658.142
29283.955
39545.621
40717.699
36119.582
54235.792
46916.464
50279.383
-1173.6907
-15661.569
-5411.3483
22148.157
81018.276
65791.601
69925.739
-141478.22
-398595.73
-358255.71
-198225.91
-21412.398
45025.179
33518.849
224.39256
-87034.917
-152192.33
-177456.14
-177657.74
-263587.79
-372542.7
-646311.68
-604723.14
-448819.66
-595884.61
-561110.92
-536046.26
-193405.29
-187984.34
-98395.419
-47691.217
-50044.171
-21387.715
10753.529
36769.368
57860.939
74166.155
85116.307
90533.123
90927.136
87238.191
80512.036
71693.063
61538.456
50609.827
39302.432
27882.649
16541.373
5374.2257
11460.94
12147.084
13408.324
11819.094
8974.949
14139.389
20340.349
21491.247
24946.681
-18041.066
-15427.38
17813.931
26150.951
13566.867
15307.597
19379.798
28265.262
32750.037
41964.637
31637.039
37548.329
43266.848
41415.67
55102.438
46544.081
43924.081
1709.4152
-20944.714
-5432.8261
23558.11
80108.111
73164.622
62069.244
-150313.04
-418039.49
-371013.4
-193418.31
-12726.942
34715.209
30121.001
23381.87
-83580.944
-170943.8
-187339.44
-183270.76
-273057.88
-371314.32
-661285.28
-583242.25
-430592.91
-609141.26
-591165.49
-559958.66
-406814.81
-230119.65
-91373.951
-43244.401
-46918.189
-20954.301
8610.9841
33383.602
53564.384
69117.675
79596.028
84898.881
85502.385
82254.299
76103.709
67919.37
58409.189
48107.867
37399.606
26550.001
15754.513
5116.8573
11650.173
12579.219
13194.126
11621.769
9306.8625
14401.864
19933.411
21237.754
22349.784
-13196.015
-7836.3171
18724.029
26332.139
13497.799
15243.336
19894.425
27935.87
33150.681
40801.001
33456.046
35856.964
46150.903
48402.71
54696.728
44105.694
39549.238
3591.7619
-29058.764
-6008.2131
23759.735
75881.633
78088.694
51094.918
-167642.61
-436918.56
-371165.23
-188990.44
-3625.6715
-8939.0975
34158.774
22933.894
-90152.168
-176711.49
-202073.62
-184204.65
-272839.45
-371682.85
-646728.7
-538943.12
-395107.95
-604403.4
-604603.07
-579679.64
-439472.88
-244892.2
-100301.44
-47692.672
-46109.324
-21036.484
6527.1972
30135.945
49447.928
64307.262
74357.487
79557.23
80352.029
77509.661
71893.582
64303.926
55402.661
45698.459
35564.028
25263.085
14994.343
4868.2953
11858.964
12155.054
13251.459
11714.797
9545.8914
14584.766
19243.329
20791.823
19777.062
-7848.3709
-1105.5689
19506.173
26180.336
13648.339
15649.291
20288.426
27502.994
32909.243
39110.707
34744.052
34231.859
48024.742
50210.802
55410.835
42013.344
37880.875
4896.2274
-35369.449
-6060.9286
27645.715
62025.404
69339.475
45545.659
-197259.25
-433623.13
-394875.67
-177371.33
3649.377
8373.1483
47139.962
14963.591
-102963.67
-178197.47
-215061.01
-180491.78
-255873.88
-368343.8
-589922.9
-490823.74
-361493.67
-563762.91
-605237.29
-585621.02
-443404.19
-253601.09
-108429.27
-55173.798
-46058.577
-21487.012
4481.5761
27014.517
45504.69
59722.815
69383.176
74489.461
75459.596
72991.512
67872.623
60840.783
52515.188
43379.452
33794.513
24021.283
14260.578
4628.4643
11862.999
12919.153
12996.198
11539.649
9756.1303
14682.488
18736.942
20019.307
17938.106
-2918.2433
3043.3201
19859.844
25643.959
13921.371
16505.015
20033.381
26495.018
32279.332
37881.418
35230.324
33020.107
48508.829
53466.511
55328.189
41613.062
35567.847
3178.7549
-34481.529
5340.5424
38886.225
51324.119
67251.941
48978.755
-225495.56
-411093.97
-393734.51
-157509.36
-22147.679
27731.923
46663.699
9820.9077
-98354.21
-205463.42
-240203.65
-175588.99
-244317.13
-363342.87
-542865.92
-453611.5
-343447.84
-513784.67
-586225.41
-568872.26
-428371.38
-249035.33
-111866.56
-61315.417
-46385.232
-22205.588
2465.6524
24010.333
41727.793
55352.872
64657.085
69678.484
70809.869
68687.864
64032.183
57524.107
49743.056
41148.603
32089.766
22823.885
13552.871
4397.2629
12373.122
11935.467
13303.215
11970.765
10241.882
14586.42
18157.671
18965.864
17107.246
447.40799
4998.864
20501.23
24697.701
14280.71
18675.013
19057.034
24047.517
30928.058
36498.16
34868.229
32848.129
48479.682
54439.223
51791.396
42814.378
37090.719
-1356.4625
-18170.752
22410.959
46113.254
50497.398
72205.02
56764.824
-212451.28
-438546.24
-382656.19
-139777.96
-5631.9441
27354.127
35945.786
877.83499
-83033.244
-207008.74
-226383.78
-174780.43
-242884.05
-357847.57
-516969.03
-439240.15
-335043.28
-473858.58
-553043.8
-534552.29
-403149.33
-238588.58
-114586.6
-66041.183
-46991.99
-23121.66
477.08193
21116.84
38110.629
51186.659
60164.546
65108.657
66388.783
64587.466
60363.992
54348.203
47082.541
39003.588
30448.399
21670.108
12870.812
4174.5638
12300.504
13414.24
12999.514
11456.271
10256.049
14998.024
17574.402
18328.436
16338.636
2920.8447
6764.42
21229.018
23709.44
14002.288
20915.416
18248.365
22477.133
29052.148
35212.087
34109.898
31321.878
47792.158
54116.407
49772.694
44536.215
41283.753
-5378.2606
-6671.4805
23687.61
45877.454
47941.351
72209.009
59471.732
-211902.55
-421005.44
-351326.83
-134394.03
-22233.506
15897.968
23586.922
-6121.4049
-81910.082
-186330.46
-203834.81
-176449.2
-240290.98
-348655.68
-495996.58
-427175.14
-330688.15
-445009.17
-513124.52
-492645.1
-373925.58
-227168.78
-117017.16
-69451.651
-47783.942
-24173.019
-1481.1523
18329.508
34647.005
47214.099
55892.111
60765.64
62183.32
60679.76
56860.155
51307.521
44529.937
36942.035
28868.949
20559.09
12213.95
3960.2305
12551.781
12131.08
12997.695
11633.786
10627.033
15223.378
17126.647
17885.246
15850.262
4789.587
7625.3085
20756.602
22945.462
13607.242
21604.025
18162.594
21797.576
28808.94
34304.724
34507.232
28858.893
45947.728
56280.932
49450.555
43704.728
41168.482
-2695.2757
-833.11834
18426.246
41526.13
44884.275
66182.793
49736.659
-216451.42
-410332.51
-327042.67
-130166.1
-20533.217
11162.616
19056.809
-9996.4864
-77800.324
-174194.8
-195272.22
-177066.86
-238540.75
-336998.39
-468205.36
-408301.76
-329080.11
-423660.44
-475898.78
-451334.63
-344827.25
-215862.6
-118484.6
-72245.517
-48692.596
-25306.497
-3402.9074
15645.386
31331.211
43425.819
51827.431
56636.264
58181.424
56954.837
53513.147
48396.679
42081.569
34961.535
27349.897
19489.913
11581.796
3754.1133
12374.177
13666.817
13100.078
11616.773
10624.224
15288.891
16621.893
17807.841
14761.967
6637.6049
8887.4002
19458.022
22415.814
14509.129
22400.509
19362.6
21863.939
29839.872
33675.102
35167.368
30417.643
43364.978
55602.167
50741.992
41957.272
40199.686
6911.7969
5609.2149
21513.391
39361.396
44301.738
62940.772
38804.113
-180436.08
-426884.52
-320097.95
-128858.57
-26110.596
5746.3123
11757.721
-17275.317
-75763.452
-162339.93
-185106.85
-177388.59
-235787.18
-324582.07
-433567.38
-382892.18
-328100.56
-404583.44
-441465.26
-413769.85
-318398.83
-205370.58
-119136.86
-74423.295
-49643.731
-26478.016
-5280.6138
13062.689
28158.031
39813.119
47959.158
52708.417
54371.917
53403.402
50315.802
45610.461
39733.812
33059.661
25889.677
18461.616
10973.827
3556.0463
12471.841
11225.722
13084.078
11239.321
11022.156
15150.97
16297.492
17447.08
14998.271
8355.3522
10021.157
19190.255
22546.933
15163.927
22577.624
19017.705
22143.558
29643.613
32980.147
35423.387
33598.065
44608.475
52792.586
52226.686
39665.998
38909.331
11080.423
10233.575
26275.991
37916.613
40406.358
49996.412
27262.631
-146851.55
-240075.27
-278986.57
-124969.34
-29680.952
3776.2023
6191.2054
-23049.203
-77626.162
-152315.46
-177067.92
-177486.15
-232431.47
-311766.7
-399014.46
-358816.25
-324786.68
-385625.55
-410190.46
-380548.49
-295196.8
-195877.61
-119108.55
-76048.793
-50573.657
-27651.763
-7106.38
10580.447
25122.724
36367.951
44276.857
48970.949
50744.431
50016.731
47261.305
42943.83
37483.101
31233.983
24486.688
17473.2
10389.489
3365.8551
12845.677
13786.637
13026.188
11540.745
9158.3967
15795.096
15216.236
17011.185
12916.962
8049.8597
10597.565
18302.277
22229.088
14661.103
21073.559
20387.935
21945.406
28879.098
32935.434
35807.408
34056.883
43298.004
48701.845
48797.086
35672.199
34490.622
13042.657
12515.358
24297.684
34195.93
36052.836
43004.032
15722.501
-133214.22
-193414.11
-219173.66
-119545.53
-27324.547
8214.9213
2460.4525
-27515.731
-77681.191
-143937.95
-170012.76
-177102.41
-228717.53
-298745.21
-367629.32
-337941.45
-318983.3
-366765.8
-381779.03
-351165.39
-274758.37
-187209.22
-118508.26
-77195.112
-51424.256
-28798.946
-8872.6987
8198.2286
22220.983
33082.876
40770.925
45413.581
47289.338
46786.64
44343.175
40391.928
35325.945
29482.078
23139.311
16523.635
9828.2097
3183.3571
12335.304
10892.547
12942.093
12065.767
10876.252
14628.949
14255.035
16532.151
12882.226
8863.1017
11322.857
17500.61
21861.221
16657.94
22466.991
14114.308
20152.845
27987.381
32570.515
36106.701
33821.803
41020.979
45812.613
44098.923
33398.503
34253.574
16885.681
15286.884
24741.808
32599.134
37002.713
38840.907
17090.916
-126175.32
-232008.18
-227635.02
-113350.63
-28090.556
469.23939
-6292.1564
-33906.485
-79068.294
-137326.11
-163796.74
-176266.73
-224350.54
-285754.08
-340289.91
-319993.6
-311252.95
-348117.32
-355865
-325022.82
-256571.03
-179178.36
-117423.61
-77948.46
-52131.058
-29897.746
-10572.887
5915.9362
19448.896
29951.028
37432.516
42026.826
43997.695
43705.448
41555.26
37950.076
33258.932
27801.545
21845.913
15611.873
9289.3996
3008.3632
12784.949
13522.78
12964.251
11965.513
10816.583
16370.083
14933.848
17033.68
15174.63
10054.542
10655.696
16240.839
20491.642
13240.845
18219.308
16812.763
19731.24
25441.468
30159.555
36201.908
35165.932
38916.185
44196.376
44680.597
32695.413
34041.543
21591.521
18232.139
24821.018
30464.296
28880.352
29753.046
14232.903
-102628.36
-208098.98
-224326.32
-108152.01
-30946.873
-6707.1888
-13293.951
-38942.667
-81219.802
-131585.42
-158288.74
-174919.6
-219490.32
-272957.05
-316686.95
-304153.65
-302051.48
-329836.18
-332128.54
-301633.36
-240257.1
-171651.13
-115931.87
-78456.237
-52576.621
-30935.575
-12201.234
3733.6613
16802.894
26966.069
34253.48
38801.925
40861.188
40765.95
38891.72
35613.78
31278.737
26190.006
20604.859
14736.854
8772.4541
2840.676
12195.912
10901.978
12796.49
10639.451
10947.305
15502.46
12793.598
15269.646
12982.596
10527.254
8902.9079
16207.882
19957.77
13567.805
23549.662
16785.17
20118.696
26800.279
29756.969
35574.287
31926.486
35143.967
41260.95
43603.479
32047.153
31526.433
21935.562
19356.611
22686.993
26633.803
31493.6
26512.085
-1933.8828
-80416.678
-178888.33
-170095.66
-97701.993
-33102.537
-14233.042
-20457.785
-43888.383
-82730.448
-126986.43
-153305.38
-173055.94
-214094.53
-260490.53
-296148.85
-289755.3
-291711.06
-312056.92
-310301.35
-280593.56
-225512.11
-164534.39
-114091.38
-78556.166
-52952.53
-31910.66
-13752.766
1651.5935
14279.715
24122.151
31226.302
35730.782
37872.088
37961.384
36347.017
33378.724
29382.128
24645.125
19414.52
13897.509
8276.7549
2680.0918
12497.661
13127.285
12651.982
13147.454
12711.932
14947.169
13898.086
14518.043
13378.282
10627.43
9601.7513
13792.543
18196.06
12305.919
20673.287
17031.316
19172.459
26149.207
32960.97
32255.313
30617.351
34865.76
36851.923
41265.718
31031.449
29173.983
22416.878
20438.724
23951.054
27454.641
25430.756
22098.351
1353.6237
-75611.059
-146248.26
-139987.63
-85887.952
-35193.666
-20677.113
-26829.41
-48336.712
-84585.66
-123088.21
-148783.74
-170659.64
-208235.3
-248419.78
-278044.53
-276330.84
-280521.66
-294878.99
-290161.95
-261564.71
-212093.24
-157754.59
-111955.04
-78317.053
-53226.433
-32816.593
-15223.088
-330.04586
11876.358
21413.873
28344.052
32805.911
35023.202
35285.409
33915.903
31240.772
27565.97
23164.603
18273.275
13092.764
7801.6828
2526.4096
12055.287
10970.942
12472.87
10809.618
11991.988
15050.115
14025.34
15082.406
13834.836
9695.0862
11730.358
15001.522
17492.104
14416.503
23220.997
12516.772
17143.128
26872.645
27413.735
33814.898
30896.934
34855.095
39045.545
35062.062
26846.395
30029.96
23295.667
20990.369
19390.728
18507.434
16370.578
10320.004
-9718.74
-62913.719
-121036.79
-117172.96
-76154.349
-37222.056
-26516.871
-32739.306
-52553.506
-85799.576
-119810.46
-144653.23
-167725.28
-201970.27
-236792.31
-261853.37
-263559.92
-268744.55
-278365.83
-271526.68
-244266.14
-199798.42
-151259.3
-109571.22
-77794.578
-53382.231
-33648.142
-16608.262
-2211.0332
9590.0543
18836.253
25600.336
30020.391
32307.843
32732.074
31593.407
29195.964
25827.227
21746.193
17179.523
12321.546
7346.6194
2379.4267
12104.3
12631.812
12324.643
12842.582
12625.076
14636.827
13672.955
15060.639
16024.167
10752.842
10600.362
13886.809
15927.957
14082.412
19850.007
9568.4464
20327.274
26832.853
31901.033
28874.558
31715.36
33635.296
36062.834
34514.661
28937.651
27555.729
22526.635
20742.659
18988.085
21200.719
21040.556
9225.6711
-9298.6502
-54959.818
-101361.2
-98497.094
-68902.018
-39238.4
-31683.248
-38033.625
-56485.204
-86690.857
-116941.05
-140843.55
-164274.47
-195373.23
-225634.64
-247167.56
-251234.07
-256610.8
-262549.89
-254239.59
-228462.59
-188466.75
-145007.83
-106984.87
-77028.16
-53414.158
-34401.871
-17904.504
-3991.1648
7418.2287
16384.684
22989.256
27367.819
29719.79
30295.806
29374.827
27240.515
24162.966
20387.698
16131.682
11582.79
6910.9437
2238.9373
11852.743
11055.762
12147.292
11368.97
12196.427
14316.963
13126.56
15177.025
9669.0149
6364.3412
8730.2169
11354.198
16100.623
15993.582
18014.628
12613.231
24582.661
27100.296
26027.797
32029.379
28177.591
32736.482
34018.247
31474.118
25900.172
26808.703
21464.982
20838.308
17703.396
17424.695
11999.1
1352.9443
-8023.1706
-50951.613
-84736.269
-84616.904
-63220.384
-41158.622
-36192.472
-42735.134
-60025.047
-87225.945
-114343.99
-137257.36
-160362.48
-188521.61
-214933.85
-233679.01
-239231.33
-244315.8
-247440.6
-238165.72
-213958.51
-177961.74
-138970.9
-104235.43
-76055.484
-53318.464
-35075.403
-19107.885
-5670.2983
5358.4705
14054.912
20505.375
24842.274
27253.257
27971.378
27255.714
25370.81
22570.357
19086.978
15128.2
10875.439
6494.0376
2104.7354
11711.744
12069.45
11945.888
12455.953
12382.166
14013.927
13482.859
14974.232
11263.01
5411.0028
5756.1156
10520.391
17462.994
13536.737
11195.844
8504.8797
22544.364
24153.16
27820.016
25546.703
26788.199
28940.423
28819.251
28250.781
26935.834
25774.808
20459.628
17794.622
13605.445
13210.512
8458.0016
-2942.1469
-12565.85
-44636.035
-73022.346
-73544.213
-58735.279
-42846.234
-40077.498
-46854.607
-63096.345
-87452.934
-111911.09
-133779.96
-156066.57
-181493.42
-204657.92
-221146.45
-227492.03
-232020.38
-233029.86
-223187.93
-200587.87
-168174.61
-133125.88
-101357.72
-74906.388
-53097.87
-35664.53
-20213.966
-7248.4381
3408.4995
11843.009
18143.681
22438.288
24902.869
25753.899
25231.87
23583.404
21046.676
17841.952
14167.553
10198.449
6095.2888
1976.616
11513.108
11078.164
11737.105
11431.148
11927.675
13714.085
12565.816
14578.804
20323.991
8870.378
3476.1264
15182.38
12017.92
13699.439
14560.966
11832.112
26152.413
25674.032
26140.704
28640.147
25803.973
30083.337
30548.098
29233.234
25269.665
22769.367
19031.594
17630.814
14638.093
14027.071
7402.5075
-1970.3967
-12408.706
-42835.861
-63137.713
-65055.387
-55142.995
-44326.837
-43371.805
-50399.153
-65656.785
-87394.665
-109566.27
-130310.05
-151461.07
-174362.62
-194770.99
-209374.16
-215997.75
-219851.72
-219299.16
-209202.97
-188210.49
-159011.99
-127456.86
-98382.298
-73611.102
-52771.682
-36149.384
-21217.784
-8725.8979
1566.1391
9745.3465
15899.562
20150.812
22663.637
23638.794
23299.332
21875.015
19589.302
16650.603
13248.249
9550.794
5714.0911
1854.3721
11315.879
11475.104
11541.103
11959.825
12283.417
13260.551
12917.748
15830.686
3536.9594
-2789.0586
6289.0093
11217.462
5901.3059
16997.495
18156.269
13352.056
18504.335
24015.367
24860.321
23032.962
24398.197
26811.953
24136.586
25281.242
23307.658
21847.194
17649.994
14964.391
11118.285
8742.0848
3610.0943
-5357.9833
-15646.685
-39110.59
-55714.076
-58345.487
-52283.786
-45543.315
-46117.794
-53377.062
-67675.34
-87076.209
-107248.13
-126780.33
-146606.23
-167189.05
-185234.66
-198213.19
-204754.24
-207905.34
-206224.35
-196118.73
-176708.29
-150398.61
-121951.27
-95334.091
-72194.414
-52514.413
-36356.919
-22117.272
-10103.496
-170.69917
7758.5809
13768.781
17975.192
20530.933
21621.789
21454.367
20242.521
18195.723
15510.974
12368.835
8931.4666
5349.8455
1737.7962
11092.854
10956.193
11242.931
11235.828
11293.81
12877.582
11321.917
14699.787
3531.5429
-318.19626
6040.7829
6373.9816
7383.6854
19121.556
15164.81
15053.012
23969.04
20733.067
23917.691
22199.817
24743.043
24610.377
26763.11
24243.556
22180.57
19499.376
16211.49
13807.759
10618.726
7837.1712
1921.6162
-6439.3089
-16894.411
-36618.615
-49765.503
-53111.47
-49997.453
-46487.463
-48353.954
-55795.153
-69142.387
-86512.919
-104902.81
-123148.54
-141549.37
-160015.68
-176013
-187554.94
-193778.85
-196251.77
-193777.89
-183854.67
-165979.47
-142270
-116599.7
-92234.811
-70667.436
-52093.6
-36515.735
-22922.218
-11382.577
-1804.0102
5879.6419
11747.457
15907.149
18500.476
19698.898
19693.463
18682.962
16863.531
14421.179
11527.892
8339.4793
5001.9613
1626.6825
10854.786
10881.262
11056.579
11313.312
12036.677
12245.216
13029.012
13630.788
17291.208
6494.3119
1472.2818
2908.4247
10165.2
17472.08
18377.367
16455.25
17448.101
22764.006
20828.604
23035.586
21438.487
24558.098
20189.815
21954.027
19666.026
17794.213
14669.532
11992.683
8681.8442
5185.705
-318.32044
-8162.2867
-18246.875
-34138.489
-45124.703
-48996.109
-48158.256
-47161.04
-50106.654
-57662.573
-70077.6
-85705.13
-102479.61
-119392.3
-136329.79
-152874.38
-167078.77
-177327.56
-183091.69
-184940.29
-181932.7
-172338.21
-155937.97
-134572.76
-111395.79
-89099.967
-69039.928
-51537.409
-36606.04
-23635.112
-12564.423
-3335.6576
4105.7242
9832.0455
13942.755
16568.31
17866.41
18013.324
17193.531
15590.422
13379.396
10724.046
7773.8637
4669.8612
1520.8275
10591.3
10598.449
10677.522
10743.557
10519.972
11707.513
10290.806
11151.287
2448.7704
-2153.4069
4806.5235
10873.689
11567.901
17598.282
13894.423
14870.765
19846.261
16683.237
21988.207
17592.366
22725.641
19991.132
22993.139
20047.851
18268.603
15925.367
13103.613
10376.244
7077.6523
3307.5341
-2163.2911
-9572.4222
-19092.358
-32121.689
-41472.83
-45756.448
-46659.449
-47578.489
-51399.051
-58994.253
-70515.738
-84643.987
-99935.705
-115503.33
-130984.28
-145789.08
-158415.72
-167653.2
-172710.68
-174002.43
-170663.21
-161505.13
-146510.11
-127264.34
-106331.6
-85944.182
-67322.062
-50863.529
-36619.43
-24257.432
-13650.233
-4767.3754
2434.2663
8019.3135
12078.416
14730.791
16120.879
16410.859
15771.574
14374.2
12383.871
9955.9614
7233.676
4352.9818
1420.0275
10306.038
10321.013
10446.989
10574.224
11470.198
11034.276
12589.22
12186.722
13756.915
11529.941
10455.23
10769.437
12843.639
16140.266
15995.902
16460.815
16534.715
21067.331
17333.232
21849.624
17644.622
21068.66
17355.632
18060.704
16177.404
14106.65
11456.181
8657.7993
5344.802
1393.0827
-3895.1903
-10888.088
-19712.332
-30425.9
-38609.589
-43192.072
-45409.98
-47755.621
-52257.949
-59811.788
-70495.282
-83319.561
-97240.989
-111480.83
-125544.49
-138774.22
-149988.8
-158196.61
-162634.26
-163455.86
-159943.71
-151297.66
-137633.36
-120305.84
-101402.95
-82776.595
-65524.515
-50083.057
-36552.51
-24790.098
-14640.948
-6100.6831
862.98247
6306.3484
10310.862
12984.575
14459.112
14883.179
14414.586
13212.773
11432.922
9222.3468
6717.9997
4050.7699
1324.075
9993.0693
10003.171
10044.874
10133.674
9750.7647
10448.058
8711.8313
8597.6177
4255.2187
2036.7916
4751.9457
8056.123
9341.7844
13214.958
12740.702
13565.446
16355
13764.374
19113.205
14350.49
19508.217
16621.025
18236.692
16174.502
14434.312
12322.336
9790.5293
6972.8304
3653.1615
-351.37315
-5474.8812
-12059.498
-20100.062
-29062.58
-36362.374
-41144.971
-44328.746
-47704.681
-52709.255
-60143.928
-70054.185
-81725.324
-94377.237
-107330
-120037.77
-131838.38
-141775.35
-148994.55
-152874.12
-153310.45
-149748.54
-141664.03
-129253.88
-113666.68
-96604.377
-79608.733
-63658.534
-49208.888
-36401.793
-25234.189
-15537.864
-7337.3024
-610.45392
4690.3179
8636.9739
11326.49
12878.084
13427.538
13120.173
12104.127
10524.916
8521.9421
6225.9336
3762.6764
1232.7538
9642.3791
9646.4903
9702.1603
9759.2023
10501.063
9947.7774
11849.123
11129.952
12802.968
13456.892
13716.768
12456.953
13134.848
14568.645
14092.765
15080.587
14811.063
18378.778
14680.78
19049.149
14722.675
16804.804
14750.864
14036.348
12394.561
10373.324
7930.6403
5119.4622
1811.4975
-2170.9613
-7080.8552
-13196.938
-20348.722
-27848.874
-34350.984
-39251.676
-43203.137
-47393.709
-52788.622
-60013.5
-69091.69
-79546.401
-90801.06
-102281.18
-113440.7
-123654.76
-132159.92
-138265.31
-141420.73
-141412.5
-137834
-130404.6
-119385.44
-105714.03
-90707.695
-75587.512
-61188.755
-47961.058
-36085.549
-25687.462
-16582.518
-8837.2882
-2438.5019
2652.5483
6497.5361
9181.1567
10808.552
11500.476
11387.34
10603.414
9282.014
7552.2297
5536.4045
3353.1811
1098.7912
9265.5627
9258.3652
9273.5541
9291.674
9149.2218
9127.878
8104.1729
7621.6381
5757.458
5073.9483
5828.8403
7266.5002
8223.4419
10443.457
11444.066
12259.277
13549.294
12386.097
14733.399
12601.177
14656.447
13779.334
13115.288
11982.751
10389.312
8405.76
6026.9451
3251.3875
-6.3066318
-3888.4858
-8551.3652
-14156.471
-20436.467
-26869.758
-32724.633
-37642.318
-42061.714
-46738.376
-52308.279
-59210.582
-67454.714
-76723.987
-86584.359
-96557.912
-106143.35
-114787.71
-121881.82
-126873.86
-129272.78
-128859.47
-125354.43
-118643.49
-109011.23
-97202.135
-84215.559
-70992.8
-58228.22
-46338.907
-35524.472
-26019.988
-17597.889
-10391.8
-4390.5748
435.65995
4137.8341
6787.9689
8476.7196
9309.233
9400.1735
8868.8399
7835.0055
6415.9605
4724.0867
2869.275
941.65769
8890.8219
8875.0223
8881.0328
8912.045
9078.1557
8975.5537
9940.8125
9624.9772
10769.933
11314.309
11902.887
11467.486
11540.067
12070.702
11796.712
12180.254
12490.159
13633.342
12934.029
13928.175
12646.053
12240.142
11303.496
10133.045
8565.9966
6626.9036
4306.7261
1590.4933
-1584.5759
-5323.9452
-9745.9919
-14862.601
-20438.878
-26132.662
-31504.707
-36358.856
-40983.187
-45863.582
-51422.415
-57954.083
-65462.664
-73720.207
-82388.204
-91065.045
-99309.956
-106645.25
-112571.62
-116637.34
-118433.6
-117747.19
-114393.78
-108351.83
-99898.631
-89629.188
-78314.637
-66697.404
-55354.003
-44663.634
-34832.181
-26134.406
-18354.455
-11657.107
-6033.818
-1464.3055
2092.1234
4696.0061
6425.1921
7371.1573
7634.751
7322.0194
6540.5789
5396.9325
3994.1538
2433.7955
799.99599
8519.8859
8498.0497
8494.9003
8510.4095
8528.4124
8423.032
8074.2894
7698.9311
7052.2847
6756.0599
6980.7243
7615.193
8420.7136
9471.7578
10309.641
10926.581
11343.682
11413.586
11590.34
11243.06
11128.121
10575.638
9679.1454
8475.609
6927.4379
5028.8548
2769.4811
130.07484
-2940.6605
-6539.5495
-10693.074
-15373.715
-20395.339
-25539.001
-30526.762
-35256.116
-39915.363
-44817.72
-50242.849
-56382.238
-63229.562
-70611.06
-78253.22
-85817.069
-92922.683
-99161.038
-104115.32
-107425.58
-108741.2
-107877.69
-104715.39
-99283.747
-91836.034
-82852.473
-72939.666
-62689.726
-52585.359
-42968.538
-34059.374
-26042.185
-18886.356
-12668.916
-7404.2097
-3082.8305
326.37647
2873.6453
4625.5143
5661.4523
6070.147
5945.8805
5385.3383
4485.1652
3339.766
2042.8051
672.61898
8154.4623
8128.5936
8118.5413
8122.6734
8128.9292
8111.1607
8275.3762
8285.8712
8799.5494
9179.103
9544.7728
9552.4429
9614.0234
9793.8558
9855.889
10119.538
10341.434
10472.303
10400.216
10242.127
9778.799
9132.9172
8203.9917
6987.0093
5456.8568
3600.1704
1405.0447
-1145.2989
-4085.2769
-7564.1124
-11440.422
-15734.756
-20311.58
-25021.514
-29684.892
-34247.672
-38832.924
-43641.253
-48855.371
-54594.905
-60842.132
-67456.554
-74211.483
-80820.432
-86958.009
-92275.637
-96419.93
-99114.131
-100051.21
-99080.121
-96125.895
-91242.76
-84656.876
-76758.191
-68029.749
-58952.125
-49930.286
-41269.602
-33181.472
-25821.135
-19229.689
-13459.56
-8533.9227
-4451.6117
-1189.8358
1292.5295
3052.0589
4157.6621
4687.2932
4724.7669
4356.9259
3671.4082
2754.5672
1692.6415
558.4006
7795.8501
7767.4254
7752.3855
7748.5587
7746.4651
7738.5398
7740.8256
7658.3601
7511.2671
7427.5421
7528.8783
7838.2041
8281.684
8734.1336
9050.9768
9269.1742
9400.4041
9419.2444
9290.3026
9008.1077
8522.648
7822.8767
6871.8435
5651.0168
4141.5803
2329.0914
201.76136
-2251.2398
-5019.343
-8447.2941
-12019.421
-15977.071
-20186.838
-24537.92
-28913.08
-33282.771
-37724.479
-42366.09
-47323.849
-52666.121
-58366.112
-64304.07
-70288.703
-76077.045
-81391.442
-85935.029
-89399.085
-91599.641
-92238.389
-91208.612
-88465.409
-84072.215
-78228.083
-71251.361
-63532.485
-55465.351
-47391.686
-39581.943
-32233.189
-25484.1
-19411.29
-14057.571
-9451.7516
-5599.0534
-2483.8003
-72.8191
1681.7253
2839.4544
3468.8335
3644.3473
3443.9674
2947.1052
2232.654
1379.8879
456.27108
7444.857
7414.9571
7396.3749
7386.8433
7380.2163
7374.015
7373.9237
7358.7799
7426.2126
7562.9039
7738
7856.8672
7995.8784
8192.1828
8361.4957
8483.2416
8525.9629
8463.8652
8265.1504
7916.8691
7380.5778
6641.9193
5673.0141
4454.5984
2969.596
1203.9818
-854.56769
-3218.8131
-5909.1707
-9062.309
-12442.61
-16118.024
-20016.766
-24060.224
-28171.467
-32331.297
-36587.452
-41018.636
-45695.453
-50651.003
-55850.777
-61189.214
-66502.604
-71584.04
-76197.322
-80094.438
-83044.73
-84790.614
-85192.552
-84139.02
-81601.567
-77644.906
-72441.809
-66254.266
-59402.216
-52210.138
-44969.222
-37917.494
-31234.672
-25050.877
-19454.778
-14488.077
-10183.351
-6550.5571
-3579.9729
-1245.2935
493.68358
1688.415
2398.9708
2691.5103
2636.0041
2304.3536
1768.5525
1101.3655
365.22541
7102.0903
7071.4409
7050.3341
7036.7531
7026.8842
7019.8893
7017.6762
7019.7387
7059.9789
7127.8924
7222.7012
7338.2878
7467.1572
7599.0839
7697.7165
7744.0463
7712.8752
7580.7321
7322.3108
6918.3542
6342.5769
5576.0146
4596.692
3386.4921
1929.9603
213.63145
-1774.6951
-4048.1647
-6630.0782
-9567.3578
-12746.357
-16172.608
-19799.821
-23571.802
-27435.772
-31377.598
-35423.763
-39620.447
-44006.348
-48590.657
-53332.778
-58137.828
-62864.236
-67335.197
-71349.776
-74698.77
-77188.458
-78595.378
-78817.346
-77765.947
-75424.575
-71856.46
-67209.697
-61702.405
-55598.667
-49168.465
-42661.168
-36284.792
-30202.84
-24537.308
-19380.257
-14773.23
-10751.537
-7328.8168
-4500.2701
-2245.4722
-530.85787
687.86294
1463.3299
1854.2684
1923.4305
1735.8654
1357.1974
854.12303
284.32408
6767.7738
6736.9191
6714.0366
6697.3143
6684.6047
6675.6009
6671.6601
6676.1763
6703.6614
6751.5371
6816.8812
6891.3848
6968.3261
7036.6632
7070.9314
7052.0959
6958.0679
6767.2074
6457.8071
6009.9296
5402.3889
4616.4126
3633.339
2436.6317
1011.935
-652.99816
-2568.8463
-4746.69
-7214.4798
-9966.2059
-12950.077
-16151.466
-19536.259
-23062.675
-26692.702
-30413.732
-34237.994
-38189.255
-42284.128
-46515.575
-50839.052
-55168.41
-59380.398
-63322.695
-66824.18
-69708.068
-71807.028
-72944.577
-73030.889
-71999.633
-69842.87
-66620.641
-62458.74
-57541.117
-52087.197
-46323.155
-40463.311
-34689.67
-29150.41
-23958.537
-19205.566
-14932.556
-11176.571
-7954.0884
-5264.3275
-3091.8552
-1408.854
-177.31282
648.83294
1121.6687
1297.434
1234.9296
993.90903
635.42624
212.69299
6442.1185
6411.3898
6387.1677
6367.8991
6352.3499
6340.386
6333.0598
6333.3202
6347.2934
6373.9401
6410.0242
6448.8728
6482.4094
6498.9146
6479.0461
6405.3803
6258.2354
6018.5512
5666.7223
5184.3074
4552.7407
3754.729
2773.6389
1594.8544
205.36012
-1405.9247
-3247.7181
-5325.1035
-7684.7523
-10266.495
-13066.695
-16062.804
-19227.219
-22527.683
-25935.245
-29437.25
-33035.857
-36739.458
-40549.568
-44448.332
-48389.229
-52293.694
-56053.58
-59537.029
-62598.012
-65087.061
-66860.024
-67778.19
-67763.022
-66764
-64779.594
-61865.114
-58128.165
-53724.217
-48837.185
-43658.073
-38371.076
-33136.189
-28086.866
-23327.392
-18946.46
-14983.244
-11476.422
-8444.4353
-5889.7297
-3801.0729
-2155.6025
-920.79989
-56.413617
483.71053
749.93754
795.37433
674.37108
442.74658
149.52093
6125.2231
6094.8726
6069.5268
6048.0206
6029.4675
6013.8245
6001.6668
5994.7362
5995.3973
6002.4939
6012.577
6019.3501
6014.739
5987.4272
5921.8316
5801.9077
5610.5174
5330.4768
4944.3744
4435.2815
3786.6505
2982.8657
2009.173
852.35365
-499.07311
-2054.8451
-3823.0312
-5810.4411
-8042.0229
-10475.796
-13105.856
-15913.109
-18874.841
-21965.225
-25160.979
-28448.475
-31823.046
-35282.657
-38818.382
-42405.592
-45997.313
-49521.67
-52883.145
-55967.48
-58649.625
-60802.488
-62303.968
-63043.308
-62953.074
-61994.226
-60169.688
-57529.538
-54166.535
-50212.125
-45821.867
-41158.147
-36379.372
-31626.891
-27019.96
-22654.97
-18616.379
-14940.399
-11667.007
-8815.9525
-6392.2173
-4388.0712
-2784.9047
-1554.9933
-663.22169
-68.731181
273.54538
411.53054
394.60824
273.74956
94.056622
5817.1315
5787.2459
5760.9693
5737.3626
5715.7184
5695.8774
5677.935
5662.6359
5650.3171
5639.3266
5626.0668
5604.535
5566.9236
5502.6359
5398.3802
5239.9273
5012.081
4699.3128
4286.2118
3757.2728
3097.8106
2293.7986
1332.1231
200.94274
-1109.9865
-2609.1242
-4303.4405
-6201.6755
-8310.4363
-10605.208
-13076.269
-15708.447
-18482.099
-21375.923
-24369.81
-27449.455
-30605.388
-33828.372
-37102.64
-40399.598
-43672.976
-46856.8
-49866.473
-52602.9
-54958.603
-56824.862
-58100.229
-58693.56
-58548.613
-57634.872
-55957.993
-53562.925
-50530.047
-46970.836
-43017.503
-38809.48
-34483.179
-30162.887
-25956.044
-21950.646
-18227.045
-14817.268
-11762.402
-9082.9678
-6785.8735
-4866.2789
-3309.2087
-2091.1148
-1181.4155
-543.97737
-138.50851
78.196827
150.96402
126.28274
45.603755
5517.8386
5488.4367
5461.4
5435.7763
5410.9911
5386.6787
5362.5255
5338.4892
5313.7991
5286.2994
5252.3155
5206.0241
5139.9687
5044.5838
4908.0435
4717.7709
4460.2592
4121.6123
3687.859
3145.3342
2480.617
1681.1721
735.37636
-367.21664
-1635.6115
-3077.1099
-4697.4603
-6508.084
-8500.7955
-10663.498
-12985.818
-15454.479
-18052.509
-20761.471
-23563.333
-26443.118
-29388.113
-32384.223
-35411.464
-38439.156
-41422.456
-44300.9
-46999.43
-49431.911
-51505.755
-53128.043
-54213.356
-54687.982
-54504.249
-53638.369
-52097.537
-49921.809
-47181.276
-43971.027
-40403.615
-36599.515
-32676.637
-28744.833
-24900.006
-21222.261
-17788.7
-14625.443
-11775.046
-9258.2298
-7083.2939
-5247.7579
-3739.7392
-2539.3206
-1619.9175
-949.61037
-492.4084
-209.39373
-59.920234
-1.6358196
3.5124175
5227.2769
5198.4362
5170.6637
5143.1538
5115.2511
5086.4299
5056.0164
5023.4049
4987.164
4944.8005
4892.5475
4824.8592
4734.5975
4613.1155
4449.9681
4233.7977
3952.6702
3593.9966
3145.4322
2594.5793
1929.4502
1138.7951
212.34094
-859.17912
-2083.5061
-3466.5744
-5011.4669
-6740.6941
-8621.2902
-10658.547
-12841.08
-15156.415
-17589.773
-20124.532
-22743.953
-25432.729
-28175.867
-30956.336
-33751.586
-36530.228
-39249.364
-41853.79
-44276.782
-46443.116
-48272.921
-49686.942
-50611.923
-50990.446
-50780.523
-49963.644
-48547.892
-46569.044
-44088.145
-41186.84
-37961.845
-34516.732
-30954.716
-27372.325
-23855.466
-20476.328
-17310.178
-14374.982
-11715.888
-9353.059
-7295.7288
-5543.3323
-4086.6106
-2908.7964
-1986.8258
-1292.5342
-793.80198
-455.60547
-241.12569
-111.82903
-32.907135
4945.558
4917.3228
4888.9149
4859.5826
4828.6683
4795.4614
4759.0306
4718.3638
4671.557
4616.0035
4547.8041
4461.7364
4351.159
4208.1124
4023.2742
3786.4291
3486.9034
3113.5513
2655.1388
2100.5832
1439.2216
661.00955
-243.25097
-1281.6613
-2460.8837
-3786.0204
-5261.7784
-6900.3232
-8678.5034
-10597.609
-12648.383
-14819.69
-17098.083
-19468.393
-21914.835
-24421.822
-26973.03
-29549.728
-32128.098
-34676.937
-37155.642
-39513.929
-41692.376
-43625.264
-45243.371
-46478.686
-47268.471
-47569.59
-47343.23
-46575.253
-45274.367
-43472.716
-41223.106
-38596.439
-35675.871
-32551.316
-29312.538
-26045.042
-22825.75
-19718.994
-16799.011
-14074.799
-11594.795
-9377.6903
-7433.3683
-5762.8233
-4359.0163
-3207.9069
-2289.5281
-1579.058
-1047.8583
-664.43798
-395.47702
-205.94412
-63.92601
4534.7493
4507.4185
4478.2037
4446.3779
4411.1681
4371.6673
4326.7138
4274.7953
4213.7048
4140.7222
4051.9188
3942.4472
3806.4744
3636.9368
3425.9935
3164.9501
2844.8254
2456.1986
1989.5635
1435.6029
785.39117
30.572252
-836.55788
-1822.5303
-2932.6199
-4170.6736
-5544.3573
-7050.2001
-8680.3946
-10430.744
-12294.283
-14261.124
-16319.451
-18455.82
-20655.565
-22902.939
-25180.631
-27468.666
-29742.87
-31973.002
-34122.358
-36147.55
-37998.892
-39623.077
-40964.556
-41969.378
-42589.121
-42794.271
-42553.509
-41857.581
-40715.513
-39154.041
-37215.775
-34957.672
-32445.97
-29752.786
-26951.449
-24112.28
-21300.365
-18572.804
-15983.59
-13558.483
-11331.426
-9321.9701
-7540.9934
-5991.4101
-4668.9983
-3563.2646
-2658.3387
-1933.8771
-1365.9524
-927.89531
-591.19463
-325.65572
-103.46196
4026.0283
4000.1092
3970.2651
3935.8938
3896.1003
3849.8614
3795.8547
3732.3384
3657.0261
3567.2056
3459.2957
3328.9284
3171.0206
2979.7951
2748.6838
2470.721
2138.5473
1744.5948
1281.2745
741.2068
117.32396
-596.9882
-1407.5341
-2319.2957
-3336.1006
-4460.86
-5701.6624
-7046.7432
-8495.6137
-10043.507
-11683.991
-13408.406
-15206.348
-17065.938
-18973.565
-20914.093
-22870.576
-24823.449
-26749.563
-28622.06
-30409.457
-32075.808
-33582.011
-34886.386
-35947.445
-36725.999
-37188.693
-37305.955
-37063.337
-36455.674
-35490.766
-34189.185
-32583.83
-30717.945
-28641.865
-26410.695
-24081.228
-21708.96
-19345.61
-17037.957
-14827.128
-12742.548
-10809.911
-9047.3879
-7466.0024
-6070.1391
-4858.1548
-3823.0358
-2953.0936
-2232.6829
-1642.9235
-1162.4009
-767.92261
-434.70078
-139.63772
3551.3084
3526.8557
3496.941
3460.885
3417.8931
3366.9259
3306.5302
3234.9804
3150.1313
3049.3028
2929.3294
2786.4026
2616.1808
2413.8303
2173.9157
1890.7835
1558.4491
1170.8489
721.95021
205.8628
-383.02343
-1049.8011
-1798.9183
-2634.1013
-3558.2218
-4574.915
-5684.1536
-6881.4931
-8164.0585
-9527.9937
-10967.186
-12474.055
-14039.405
-15652.396
-17300.522
-18969.805
-20644.288
-22305.82
-23933.871
-25504.688
-26991.673
-28365.431
-29594.857
-30647.746
-31492.421
-32099.949
-32446.777
-32508.937
-32277.835
-31751.484
-30936.714
-29849.673
-28515.986
-26968.695
-25246.552
-23392.131
-21449.687
-19463.061
-17473.594
-15519.06
-13632.716
-11841.563
-10166.892
-8624.9335
-7226.2085
-5975.8054
-4873.7874
-3915.6689
-3092.9464
-2393.6618
-1802.9852
-1303.7929
-877.29927
-503.25045
-162.52598
3111.017
3088.2034
3058.7259
3022.0177
2977.2884
2923.4612
2859.2635
2783.0303
2692.7087
2585.918
2459.9025
2311.3055
2136.4843
1931.3797
1691.5875
1412.4277
1089.1077
716.72319
290.47516
-194.32472
-742.0177
-1356.5215
-2041.2558
-2798.8542
-3631.3793
-4544.3962
-5530.3765
-6589.5548
-7719.3125
-8915.5014
-10172.748
-11484.134
-12841.31
-14234.531
-15652.669
-17082.962
-18511.01
-19920.575
-21293.553
-22609.622
-23846.602
-24980.728
-25986.922
-26840.055
-27516.321
-27994.391
-28254.473
-28281.51
-28069.008
-27616.265
-26929.185
-26020.722
-24910.863
-23625.05
-22193.458
-20649.191
-19026.979
-17361.488
-15685.841
-14030.589
-12422.892
-10886.135
-9438.3254
-8093.7375
-6862.0767
-5748.6347
-4754.5496
-3877.1434
-3110.3192
-2444.9995
-1869.5921
-1370.4645
-932.46808
-539.12843
-174.6807
2704.0835
2683.0399
2654.5524
2618.1455
2573.0805
2518.3845
2452.8427
2374.9728
2282.9331
2174.6153
2047.5824
1899.0577
1725.9196
1524.8099
1292.1134
1024.0163
716.66206
366.1298
-31.41819
-479.65781
-981.98539
-1541.4131
-2160.5144
-2841.3325
-3586.3935
-4395.9105
-5267.1002
-6198.4544
-7187.5564
-8230.8062
-9323.1463
-10458.42
-11629.269
-12826.905
-14041.396
-15261.413
-16474.307
-17665.882
-18820.446
-19920.955
-20949.083
-21885.495
-22710.159
-23403.516
-23947.224
-24324.416
-24521.418
-24526.625
-24335.818
-23948.881
-23370.819
-22612.09
-21688.281
-20619.265
-19428.486
-18142.008
-16787.14
-15391.248
-13981.003
-12581.13
-11213.851
-9898.8885
-8651.4953
-7484.0764
-6405.377
-5420.5717
-4531.4249
-3736.5252
-3031.5785
-2409.7464
-1862.0165
-1377.5878
-944.30217
-548.82489
-178.21671
2329.0507
2309.908
2282.9605
2247.7664
2203.6852
2149.8724
2085.219
2008.3987
1917.8191
1811.6594
1687.8427
1544.0164
1377.5776
1185.7493
965.57837
713.98971
427.86057
104.06729
-260.43654
-668.50824
-1122.7734
-1625.5421
-2178.6638
-2783.5472
-3444.7613
-4156.244
-4918.936
-5731.3091
-6590.8888
-7494.2469
-8436.9019
-9413.3583
-10417.06
-11440.338
-12474.418
-13509.41
-14534.312
-15537.021
-16504.21
-17421.649
-18274.212
-19046.182
-19721.886
-20286.048
-20724.152
-21023.219
-21172.846
-21165.287
-20997.18
-20668.779
-20184.222
-19551.966
-18784.243
-17896.622
-16907.455
-15837.263
-14707.531
-13540.003
-12356.015
-11175.66
-10017.076
-8896.6312
-7827.2128
-6819.4617
-5881.1122
-5017.0222
-4229.2663
-3517.296
-2878.1541
-2306.7341
-1796.0716
-1337.6556
-921.78079
-537.71214
-174.88844
1984.4291
1967.2733
1942.285
1909.1121
1867.1906
1815.7781
1753.9158
1680.4404
1594.0052
1493.0734
1375.8878
1240.4626
1084.6807
906.24321
702.74775
471.7315
210.68286
-82.864389
-411.30058
-776.85792
-1181.5487
-1627.1071
-2114.976
-2647.7692
-3224.7491
-3844.0376
-4505.2412
-5207.0096
-5947.0612
-6722.2995
-7528.7537
-8361.585
-9215.0484
-10082.501
-10956.354
-11828.105
-12688.34
-13526.898
-14332.577
-15093.603
-15797.625
-16432.096
-16984.44
-17442.658
-17795.481
-18033.157
-18147.297
-18133.018
-17987.374
-17710.9
-17307.031
-16782.481
-16146.889
-15412.536
-14593.825
-13706.829
-12768.48
-11796.068
-10806.69
-9816.5548
-8840.4066
-7891.6939
-6981.2474
-6118.0717
-5308.8944
-4558.1357
-3867.9601
-3238.3831
-2667.4263
-2151.3146
-1684.7045
-1260.9332
-872.30321
-510.22924
-166.14925
1668.1653
1653.0673
1630.4284
1599.9636
1561.1858
1513.4532
1455.9589
1387.7372
1307.6604
1214.4329
1106.5836
982.48907
840.40955
678.48854
494.78722
287.34122
54.154688
-206.71831
-497.13669
-818.8217
-1173.2673
-1561.6551
-1984.6911
-2449.0355
-2945.003
-3476.4872
-4042.3085
-4641.0428
-5270.5858
-5928.1657
-6610.3212
-7312.8438
-8030.8125
-8758.5447
-9489.5739
-10216.704
-10932.086
-11627.154
-12292.756
-12919.232
-13496.646
-14014.868
-14464.05
-14834.631
-15117.915
-15306.352
-15393.618
-15376.73
-15252.671
-15022.245
-14688.369
-14256.336
-13733.742
-13130.2
-12457.011
-11726.74
-10952.755
-10148.701
-9328.2317
-8504.3404
-7688.926
-6892.9782
-6125.4503
-5393.8937
-4704.0563
-4059.8533
-3463.3871
-2915.0166
-2413.4684
-1955.9845
-1538.5008
-1155.8437
-801.9587
-470.03775
-153.20067
1378.0331
1365.0033
1345.0113
1317.772
1282.9256
1239.9329
1188.1267
1126.7115
1054.7455
971.15359
874.74046
764.20215
638.13096
495.05324
333.42556
151.67707
-51.748607
-278.37557
-529.64255
-806.87019
-1111.2298
-1443.706
-1805.3393
-2198.0396
-2618.5365
-3067.2746
-3543.5754
-4046.155
-4573.2397
-5122.3893
-5690.6486
-6274.4723
-6869.677
-7471.5282
-8074.5979
-8672.9226
-9260.0551
-9828.9326
-10372.135
-10881.888
-11350.211
-11769.18
-12130.991
-12428.177
-12654.101
-12803.149
-12871.146
-12852.558
-12748.497
-12559.022
-12286.318
-11934.507
-11509.537
-11018.832
-10471.231
-9876.5392
-9245.1929
-8587.9203
-7915.5104
-7238.2621
-6565.7246
-5906.7472
-5268.6391
-4657.6329
-4078.5478
-3534.7615
-3028.212
-2559.4401
-2127.6684
-1730.9113
-1366.112
-1029.2971
-715.75761
-420.15733
-137.03527
1111.4744
1100.5533
1083.4088
1059.8568
1029.5816
992.15698
947.03807
893.59152
831.06537
758.58879
675.20514
579.88129
471.51391
348.93024
210.93551
56.303811
-116.16623
-307.63455
-519.19911
-751.84855
-1006.4605
-1283.8324
-1585.5515
-1910.5459
-2258.2611
-2628.3713
-3020.2731
-3432.852
-3864.5469
-4313.3387
-4776.7448
-5251.855
-5735.2054
-6222.9194
-6710.5799
-7193.3694
-7666.0422
-8122.9965
-8558.2793
-8965.723
-9339.1289
-9672.2703
-9959.0632
-10193.816
-10371.448
-10487.645
-10538.945
-10522.202
-10437.298
-10284.6
-10065.892
-9784.3982
-9444.6821
-9052.4821
-8614.559
-8138.5107
-7632.3809
-7104.5042
-6563.2548
-6016.6944
-5472.372
-4937.2849
-4417.2958
-3917.4371
-3441.6574
-2992.7875
-2572.5331
-2181.5
-1819.2487
-1484.3759
-1174.6177
-886.97001
-617.82917
-363.0829
-118.47505
865.85475
857.01441
842.87484
823.3127
798.06693
766.8212
729.16152
684.57106
632.45236
572.14872
502.92349
423.98059
334.46521
233.48717
120.12992
-6.5254161
-147.38226
-303.30374
-475.0902
-663.4364
-868.88502
-1091.72
-1336.7352
-1596.4674
-1874.2727
-2169.6127
-2481.7675
-2809.7424
-3152.2521
-3507.6574
-3873.9823
-4248.864
-4629.5798
-5013.0201
-5395.7523
-5773.99
-6143.5983
-6500.2204
-6839.2789
-7156.0516
-7445.7522
-7703.6234
-7925.0786
-8105.8812
-8242.1702
-8330.7026
-8368.8659
-8354.765
-8287.7551
-8168.2136
-7997.6144
-7778.4475
-7514.1229
-7208.984
-6868.1012
-6497.1991
-6102.3676
-5689.9291
-5266.2259
-4837.4296
-4409.3639
-3987.3998
-3576.1267
-3179.4818
-2800.6
-2441.7692
-2104.4194
-1789.1368
-1495.7017
-1223.1468
-969.83387
-733.54538
-511.59181
-300.88581
-98.203946
638.50847
631.70077
620.66387
605.28559
585.39989
560.75921
531.034
495.86337
454.81492
407.39502
353.06085
291.22349
221.2593
142.52054
54.342648
-43.938494
-152.97502
-273.38579
-405.73997
-550.54426
-708.23434
-879.30654
-1065.3114
-1263.6232
-1475.0018
-1699.2302
-1935.7784
-2183.9044
-2442.5856
-2710.575
-2986.3613
-3268.1549
-3553.9038
-3841.264
-4127.659
-4410.2605
-4686.0283
-4951.6946
-5203.8727
-5439.0867
-5653.8648
-5844.7414
-6008.3651
-6141.6752
-6241.8921
-6306.6861
-6334.2432
-6323.3983
-6272.9564
-6183.4621
-6056.1893
-5892.9653
-5696.2366
-5469.1137
-5215.2923
-4938.8873
-4644.3331
-4336.2358
-4019.2302
-3697.8444
-3376.3626
-3058.7567
-2748.4542
-2448.3987
-2160.9614
-1887.8971
-1630.3334
-1388.7779
-1163.1429
-952.78662
-756.56802
-572.91381
-399.89822
-235.3017
-76.797916
426.25856
421.43526
413.52821
402.45764
388.09843
370.28832
348.82014
323.43261
293.83655
259.70146
220.66175
176.3202
126.25291
70.020459
7.1945205
-62.675152
-140.01999
-225.24362
-318.72848
-420.81721
-531.79096
-652.04129
-781.98422
-920.72842
-1068.3115
-1224.574
-1389.1467
-1561.4867
-1740.8958
-1926.4887
-2117.1938
-2311.803
-2508.8545
-2706.7838
-2903.781
-3097.929
-3287.13
-3469.1929
-3641.8214
-3802.659
-3949.3399
-4079.5347
-4191.0251
-4281.7165
-4349.8445
-4393.8864
-4412.7962
-4405.9111
-4370.0759
-4307.9554
-4220.2379
-4107.9849
-3972.7783
-3816.6686
-3642.1216
-3451.9079
-3249.023
-3036.5771
-2817.714
-2595.5168
-2372.8971
-2152.5819
-1936.9251
-1727.9657
-1527.3536
-1336.3241
-1155.6874
-985.83206
-826.73984
-678.01302
-538.91123
-408.39731
-285.1932
-167.82412
-54.754403
225.93527
223.03873
218.25822
211.53588
202.80137
191.96752
178.91172
163.48428
145.52108
124.83542
101.2243
74.463771
44.323181
10.568166
-27.055877
-68.785621
-114.84897
-165.47755
-220.87341
-281.20813
-346.62997
-417.35876
-493.47563
-574.62516
-660.78438
-751.80611
-847.47028
-947.45076
-1051.3295
-1158.5918
-1268.6268
-1380.727
-1494.0625
-1607.7227
-1720.686
-1831.8932
-1940.1305
-2044.1636
-2142.7054
-2234.422
-2317.9723
-2392.0789
-2455.4473
-2506.9405
-2545.5679
-2570.4592
-2580.8895
-2576.2356
-2554.4126
-2518.2585
-2467.5466
-2402.6738
-2324.4819
-2234.1328
-2133.0359
-2022.7932
-1905.1199
-1781.7982
-1654.6343
-1525.4016
-1395.7817
-1267.3393
-1141.449
-1019.2945
-901.84039
-789.81441
-683.70056
-583.7402
-489.94028
-402.08844
-319.77433
-242.41675
-169.29774
-99.593359
-32.474009
44.161148
43.100535
41.378756
38.961889
35.824407
31.941074
27.277141
21.793496
15.443272
8.1755372
-0.067167036
-9.3420961
-19.711288
-31.235412
-43.979079
-57.997424
-73.352796
-90.093338
-108.25932
-127.88111
-148.99854
-171.62726
-195.69832
-221.24373
-248.17013
-276.41084
-305.87744
-336.4664
-368.04408
-400.46194
-433.53851
-467.03229
-500.75302
-534.4137
-567.75991
-600.43693
-632.16218
-662.60117
-691.39627
-718.19244
-742.58738
-764.17936
-782.65929
-797.64
-808.73879
-815.6284
-817.9479
-815.29982
-811.32752
-801.32755
-785.97202
-765.8267
-741.36977
-713.0425
-681.29433
-646.62523
-609.56375
-570.66271
-530.48893
-489.59652
-448.51007
-407.72881
-367.68294
-328.75026
-291.23967
-255.38624
-221.34892
-189.21062
-158.98066
-130.59935
-103.94479
-78.841686
-55.073077
-32.391659
-10.562944
)
;

boundaryField
{
    axis
    {
        type            empty;
    }
    inlet
    {
        type            calculated;
        value           nonuniform List<scalar> 
30
(
19895.837
18436.252
16337.162
11881.52
8328.9893
4457.2641
1316.8033
-1773.2475
-4599.8162
-6283.5821
-8376.6919
-10108.213
-11813.662
-12767.032
-13575.489
-14278.774
-15106.835
-16035.984
-16839.452
-17469.223
-17810.613
-18095.194
-18535.356
-19568.346
-21583.662
-24004.325
-22984.453
-11929.725
8765.081
15493.677
)
;
    }
    walls
    {
        type            calculated;
        value           nonuniform List<scalar> 
70
(
6725.474
6646.7462
6815.4665
7151.7969
7482.2795
7886.3372
8274.7172
8722.0852
9139.5251
9563.9802
9916.1489
10279.945
10560.968
10908.049
11193.118
11460.94
11650.173
11858.964
11862.999
12373.122
12300.504
12551.781
12374.177
12471.841
12845.677
12335.304
12784.949
12195.912
12497.661
12055.287
12104.3
11852.743
11711.744
11513.108
11315.879
11092.854
10854.786
10591.3
10306.038
9993.0693
9642.3791
9265.5627
8890.8219
8519.8859
8154.4623
7795.8501
7444.857
7102.0903
6767.7738
6442.1185
6125.2231
5817.1315
5517.8386
5227.2769
4945.558
4534.7493
4026.0283
3551.3084
3111.017
2704.0835
2329.0507
1984.4291
1668.1653
1378.0331
1111.4744
865.85475
638.50847
426.25856
225.93527
44.161148
)
;
    }
    atmosphere
    {
        type            calculated;
        value           nonuniform List<scalar> 
175
(
-48.054554
-48.485685
-48.765654
-49.17847
-49.718895
-50.382515
-51.159597
-52.040629
-53.013687
-54.065477
-55.180649
-56.3405
-57.523232
-58.709379
-59.86935
-60.979379
-62.006767
-62.920035
-63.684992
-64.269753
-64.636991
-64.75227
-64.582789
-64.097834
-63.274012
-62.088411
-60.527368
-58.58185
-56.254922
-53.554673
-50.500845
-47.127066
-43.468679
-39.581345
-35.520213
-31.355998
-27.16153
-23.015635
-19.000176
-15.196154
-11.685162
-8.5409083
-5.8249122
-3.5942465
-1.8853366
-0.72195003
-0.10912663
0
0
0
0
0
0
0
0
0
0
0
0
0
0
0
0
0
0
0
0
0
0
0
0
0
0
0
0
0
0
0
0
0
0
0
0
0
0
0
0
0
0
0
0
0
0
0
0
0
0
0
0
0
0
0
0
0
0
0
0
0
0
0
0
0
0
0
0
0
0
0
0
0
0
0
0
0
0
0
0
0
0
0
0
0
0
0
0
0
0
0
0
0
0
0
0
0
0
0
0
0
0
0
0
0
0
0
0
0
0
0
0
0
0
0
0
0
0
0
0
0
0
0
0
0
0
0
0
)
;
    }
    front
    {
        type            wedge;
    }
    back
    {
        type            wedge;
    }
}


// ************************************************************************* //
