/*--------------------------------*- C++ -*----------------------------------*\
| =========                 |                                                 |
| \\      /  F ield         | OpenFOAM: The Open Source CFD Toolbox           |
|  \\    /   O peration     | Version:  2.3.0                                 |
|   \\  /    A nd           | Web:      www.OpenFOAM.org                      |
|    \\/     M anipulation  |                                                 |
\*---------------------------------------------------------------------------*/
FoamFile
{
    version     2.0;
    format      ascii;
    class       volVectorField;
    location    "1.2";
    object      U;
}
// * * * * * * * * * * * * * * * * * * * * * * * * * * * * * * * * * * * * * //

dimensions      [0 1 -1 0 0 0 0];

internalField   nonuniform List<vector> 
2268
(
(0.0246543 -0.014279 0)
(0.0589644 -0.00827581 0)
(0.0736873 -0.00303406 0)
(0.0824513 -0.00126175 0)
(0.08914 -0.00082513 0)
(0.0941409 -0.000544361 0)
(0.0971066 2.95291e-05 0)
(0.0965646 0.00122904 0)
(0.0906612 0.00321651 0)
(0.0773831 0.00594569 0)
(0.0549868 0.00916768 0)
(0.0230737 0.0123344 0)
(-0.0184613 0.0162099 0)
(-0.0700448 0.0181597 0)
(-0.123105 0.0164956 0)
(-0.162565 0.00852154 0)
(-0.169943 -0.0050303 0)
(-0.137095 -0.0195899 0)
(-0.0760917 -0.0292466 0)
(-0.00245691 -0.030952 0)
(0.0618261 -0.0234308 0)
(0.0985754 0.00206953 0)
(0.0707794 0.0218528 0)
(0.0173086 -0.0290223 0)
(0.0436362 -0.0168011 0)
(0.0565118 -0.00932624 0)
(0.0678103 -0.00621002 0)
(0.0768647 -0.00471432 0)
(0.0835133 -0.00324826 0)
(0.0870873 -0.00103772 0)
(0.0861667 0.00247745 0)
(0.0788873 0.0075203 0)
(0.0633896 0.0139386 0)
(0.0379637 0.0211837 0)
(0.00170288 0.0284152 0)
(-0.0440264 0.0354655 0)
(-0.0955459 0.0382366 0)
(-0.143194 0.0327331 0)
(-0.17358 0.016508 0)
(-0.177558 -0.00766285 0)
(-0.154115 -0.0327759 0)
(-0.106715 -0.0496555 0)
(-0.0476192 -0.0521094 0)
(0.00688148 -0.0375012 0)
(0.0438914 0.00061814 0)
(0.0597176 0.0513176 0)
(0.0113567 -0.0407146 0)
(0.0338578 -0.0241812 0)
(0.0466788 -0.0152819 0)
(0.0593703 -0.0111085 0)
(0.0696153 -0.00847722 0)
(0.0769111 -0.00558932 0)
(0.080316 -0.00141381 0)
(0.0783289 0.00470501 0)
(0.0692904 0.0131163 0)
(0.0516893 0.0235658 0)
(0.024337 0.0352486 0)
(-0.0131269 0.0467268 0)
(-0.0584892 0.0562561 0)
(-0.106792 0.0586307 0)
(-0.149851 0.0484452 0)
(-0.178141 0.023887 0)
(-0.1848 -0.010539 0)
(-0.167641 -0.0457415 0)
(-0.129469 -0.0698611 0)
(-0.0806015 -0.0742732 0)
(-0.0338352 -0.0565243 0)
(0.00237684 -0.0116068 0)
(0.0282795 0.0654028 0)
(0.00709997 -0.0500591 0)
(0.0268388 -0.0316284 0)
(0.0402662 -0.0218348 0)
(0.0540178 -0.016661 0)
(0.0651872 -0.0127161 0)
(0.0729678 -0.00809493 0)
(0.076175 -0.00158288 0)
(0.0732531 0.0075919 0)
(0.062675 0.0197484 0)
(0.0432206 0.0344705 0)
(0.0141714 0.0506349 0)
(-0.0241933 0.0660987 0)
(-0.0692177 0.077677 0)
(-0.11581 0.0791839 0)
(-0.156919 0.0645762 0)
(-0.184924 0.0323326 0)
(-0.193827 -0.0119401 0)
(-0.18143 -0.0571072 0)
(-0.150148 -0.0883723 0)
(-0.109058 -0.0950347 0)
(-0.068731 -0.0752505 0)
(-0.0337464 -0.025384 0)
(-0.00118133 0.0644861 0)
(0.00430523 -0.0571639 0)
(0.0221751 -0.0388677 0)
(0.036476 -0.0287848 0)
(0.0512038 -0.0227207 0)
(0.063293 -0.0173422 0)
(0.0716047 -0.010721 0)
(0.0747031 -0.00152081 0)
(0.070938 0.0110716 0)
(0.0588691 0.0272616 0)
(0.0375455 0.0463835 0)
(0.00669325 0.0669228 0)
(-0.0328241 0.0859934 0)
(-0.0780746 0.0992422 0)
(-0.124109 0.0996465 0)
(-0.164629 0.0807788 0)
(-0.192965 0.0413432 0)
(-0.203558 -0.0119192 0)
(-0.194926 -0.0661876 0)
(-0.169213 -0.104342 0)
(-0.134305 -0.113062 0)
(-0.0998886 -0.0924383 0)
(-0.0664659 -0.0418559 0)
(-0.0243257 0.0491394 0)
(0.00271058 -0.0628926 0)
(0.0197206 -0.0460954 0)
(0.0350996 -0.0361086 0)
(0.050866 -0.0292314 0)
(0.0639627 -0.0223233 0)
(0.0728944 -0.0134638 0)
(0.0759606 -0.00124792 0)
(0.0713826 0.0150998 0)
(0.0577694 0.0355875 0)
(0.034436 0.0592052 0)
(0.00155672 0.083985 0)
(-0.0394599 0.106315 0)
(-0.0854432 0.1209 0)
(-0.1316 0.120016 0)
(-0.172136 0.0970073 0)
(-0.200873 0.0509294 0)
(-0.212909 -0.010489 0)
(-0.207432 -0.0735732 0)
(-0.18585 -0.117889 0)
(-0.156396 -0.12817 0)
(-0.127649 -0.10756 0)
(-0.096795 -0.0610237 0)
(-0.044258 0.0221884 0)
(0.00225435 -0.0679862 0)
(0.0193836 -0.0536201 0)
(0.0360361 -0.0439115 0)
(0.0529605 -0.0362431 0)
(0.0671575 -0.0276935 0)
(0.0767741 -0.0163457 0)
(0.0798384 -0.000768606 0)
(0.0744283 0.0197001 0)
(0.0591731 0.0447843 0)
(0.0336758 0.073024 0)
(-0.00140439 0.101946 0)
(-0.0441137 0.127248 0)
(-0.0910338 0.142866 0)
(-0.137495 0.140465 0)
(-0.178065 0.113359 0)
(-0.206869 0.0611212 0)
(-0.220937 -0.00807684 0)
(-0.217605 -0.0799219 0)
(-0.199105 -0.129172 0)
(-0.174717 -0.140712 0)
(-0.151193 -0.120262 0)
(-0.124969 -0.0816954 0)
(-0.0680367 -0.0142448 0)
(0.00291692 -0.0732563 0)
(0.0209544 -0.0617493 0)
(0.0389921 -0.0523757 0)
(0.0571452 -0.0438774 0)
(0.0724822 -0.0335369 0)
(0.0828056 -0.0194122 0)
(0.0858723 -8.12402e-05 0)
(0.0796148 0.0249307 0)
(0.0626642 0.0549582 0)
(0.0349586 0.0879474 0)
(-0.00228459 0.120876 0)
(-0.0465319 0.148803 0)
(-0.0941367 0.16508 0)
(-0.14061 0.160878 0)
(-0.180754 0.12982 0)
(-0.209705 0.0719788 0)
(-0.224933 -0.00552193 0)
(-0.223186 -0.0848582 0)
(-0.208398 -0.138213 0)
(-0.188515 -0.15106 0)
(-0.168801 -0.13055 0)
(-0.146821 -0.103685 0)
(-0.100079 -0.0776973 0)
(0.0555045 -0.0407398 0)
(0.157937 -0.00805381 0)
(0.123124 0.0266612 0)
(-0.0422821 0.0442072 0)
(-0.190012 0.0184364 0)
(-0.182552 -0.0266399 0)
(-0.0667689 -0.0518765 0)
(0.0711454 -0.0413851 0)
(0.158566 -0.0148241 0)
(0.16096 0.00578516 0)
(0.128234 0.00642674 0)
(0.115028 -0.000601184 0)
(0.123303 -0.00516056 0)
(0.136776 -0.00357495 0)
(0.139103 0.00279073 0)
(0.121102 0.00819727 0)
(0.0903699 0.0100453 0)
(0.0539612 0.00790937 0)
(0.0371307 0.0115345 0)
(0.0265742 -0.0679567 0)
(0.108152 -0.00848908 0)
(0.0950766 0.0516611 0)
(-0.0331 0.0919859 0)
(-0.132922 0.0629142 0)
(-0.122446 -0.0367251 0)
(-0.0276777 -0.0885871 0)
(0.0934283 -0.0772104 0)
(0.174765 -0.0224357 0)
(0.17767 0.012868 0)
(0.148561 0.0151953 0)
(0.133236 0.00191741 0)
(0.135729 -0.00653405 0)
(0.140913 -0.00511568 0)
(0.141154 0.00413746 0)
(0.129366 0.014616 0)
(0.104872 0.0216974 0)
(0.0691327 0.0238737 0)
(0.0370741 0.0289136 0)
(0.01142 -0.0907315 0)
(0.0787137 -0.0176322 0)
(0.0795718 0.0665338 0)
(-0.00635982 0.126153 0)
(-0.0798871 0.0826543 0)
(-0.0733887 -0.0608157 0)
(0.00222939 -0.130362 0)
(0.100893 -0.123087 0)
(0.180361 -0.0406834 0)
(0.190303 0.0197618 0)
(0.162375 0.0239315 0)
(0.145986 0.0049904 0)
(0.143854 -0.00639782 0)
(0.142592 -0.00498272 0)
(0.138728 0.00603387 0)
(0.128864 0.0203536 0)
(0.10995 0.0321053 0)
(0.0791501 0.0406282 0)
(0.0334891 0.0505759 0)
(0.00703532 -0.107849 0)
(0.0676385 -0.0292106 0)
(0.083591 0.0734074 0)
(0.0268124 0.155499 0)
(-0.0337022 0.0953679 0)
(-0.0282466 -0.0762599 0)
(0.0278296 -0.160833 0)
(0.102855 -0.156186 0)
(0.170238 -0.0663247 0)
(0.193959 0.022259 0)
(0.174898 0.0331757 0)
(0.158313 0.00890468 0)
(0.151918 -0.00436829 0)
(0.144339 -0.00273664 0)
(0.135809 0.00903043 0)
(0.126402 0.0254086 0)
(0.112639 0.0411243 0)
(0.0873577 0.0575101 0)
(0.0350671 0.0732806 0)
(0.0111664 -0.122654 0)
(0.0690323 -0.0445392 0)
(0.0949649 0.0728017 0)
(0.063775 0.183772 0)
(0.011395 0.106329 0)
(0.0161282 -0.0853025 0)
(0.0534974 -0.18364 0)
(0.112017 -0.180492 0)
(0.157694 -0.0826801 0)
(0.17888 0.0170388 0)
(0.179775 0.0415335 0)
(0.171701 0.0136244 0)
(0.161552 -0.000141916 0)
(0.146695 0.00240564 0)
(0.131567 0.0137573 0)
(0.120595 0.0299487 0)
(0.111797 0.0473649 0)
(0.0943233 0.0700933 0)
(0.0480846 0.0896087 0)
(0.0247839 -0.142889 0)
(0.078021 -0.0624165 0)
(0.106495 0.0702096 0)
(0.0935259 0.200662 0)
(0.0594873 0.11063 0)
(0.0604423 -0.0902647 0)
(0.0821253 -0.201707 0)
(0.126379 -0.199553 0)
(0.146031 -0.0908315 0)
(0.155385 0.012098 0)
(0.163614 0.0399473 0)
(0.183297 0.016403 0)
(0.174589 0.00651803 0)
(0.149642 0.0109993 0)
(0.124463 0.0208248 0)
(0.108535 0.0342687 0)
(0.103254 0.0513296 0)
(0.101664 0.0839842 0)
(0.0780488 0.130705 0)
(0.0552298 -0.175991 0)
(0.0903808 -0.0810083 0)
(0.117714 0.0642888 0)
(0.123825 0.205305 0)
(0.113309 0.113966 0)
(0.108226 -0.091238 0)
(0.115042 -0.212764 0)
(0.143745 -0.21007 0)
(0.137 -0.0922248 0)
(0.133363 0.0102491 0)
(0.138694 0.027683 0)
(0.179774 0.00658431 0)
(0.191343 0.0142466 0)
(0.153792 0.0217791 0)
(0.111875 0.0285193 0)
(0.0823031 0.040565 0)
(0.0732132 0.0555507 0)
(0.0973916 0.0843264 0)
(0.131633 0.197933 0)
(0.101732 -0.204263 0)
(0.0989187 -0.09624 0)
(0.122893 0.0521718 0)
(0.150333 0.203762 0)
(0.16775 0.117286 0)
(0.159975 -0.0883475 0)
(0.152604 -0.21608 0)
(0.162131 -0.214097 0)
(0.138509 -0.088262 0)
(0.116965 0.0150146 0)
(0.123596 0.0131658 0)
(0.163623 -0.00703322 0)
(0.193309 0.0157764 0)
(0.158437 0.0426119 0)
(0.0833868 0.0434692 0)
(0.0145816 0.0529187 0)
(-0.022602 0.0391308 0)
(0.0580944 0.0462425 0)
(0.134192 0.244422 0)
(0.00539993 -0.0830227 0)
(0.025453 -0.0758691 0)
(0.0454278 -0.066987 0)
(0.0652849 -0.0570584 0)
(0.0822189 -0.0436296 0)
(0.0935644 -0.0246408 0)
(0.0966548 0.00126529 0)
(0.0891502 0.0341265 0)
(0.0696622 0.0724845 0)
(0.0387346 0.113031 0)
(-0.00142743 0.15184 0)
(-0.047319 0.183053 0)
(-0.095096 0.199559 0)
(-0.14086 0.192386 0)
(-0.179983 0.155786 0)
(-0.207964 0.0890305 0)
(-0.222574 -0.000937934 0)
(-0.224251 -0.0888849 0)
(-0.217861 -0.148142 0)
(-0.204631 -0.164043 0)
(-0.187629 -0.144012 0)
(-0.164148 -0.130194 0)
(-0.126602 -0.141675 0)
(0.00994763 -0.100379 0)
(0.0316226 -0.0972219 0)
(0.0522817 -0.0881874 0)
(0.0727692 -0.0761219 0)
(0.0904451 -0.0582892 0)
(0.10239 -0.0320505 0)
(0.105396 0.00399471 0)
(0.09665 0.0490586 0)
(0.0744337 0.100192 0)
(0.040302 0.151198 0)
(-0.00206391 0.197026 0)
(-0.0476514 0.230664 0)
(-0.0923729 0.245949 0)
(-0.134106 0.2343 0)
(-0.168054 0.188324 0)
(-0.189234 0.106952 0)
(-0.200957 0.00713365 0)
(-0.210461 -0.0844114 0)
(-0.22254 -0.151365 0)
(-0.22511 -0.176421 0)
(-0.20986 -0.163045 0)
(-0.174049 -0.163306 0)
(-0.132241 -0.185001 0)
(0.0128662 -0.122265 0)
(0.0330852 -0.119296 0)
(0.0519448 -0.109386 0)
(0.0712525 -0.0954579 0)
(0.0884229 -0.0735188 0)
(0.100417 -0.03983 0)
(0.103432 0.00735185 0)
(0.0941266 0.0659565 0)
(0.0698859 0.130706 0)
(0.0341413 0.190833 0)
(-0.00761083 0.241049 0)
(-0.047996 0.273115 0)
(-0.0822849 0.283843 0)
(-0.111076 0.266627 0)
(-0.131016 0.210355 0)
(-0.140184 0.117381 0)
(-0.144253 0.0184203 0)
(-0.16506 -0.0718021 0)
(-0.210376 -0.14454 0)
(-0.244261 -0.18065 0)
(-0.243854 -0.185827 0)
(-0.207956 -0.205416 0)
(-0.16537 -0.218967 0)
(0.0103767 -0.144965 0)
(0.0249445 -0.138402 0)
(0.0394888 -0.128231 0)
(0.0555595 -0.113451 0)
(0.0706928 -0.0883289 0)
(0.0819293 -0.0476382 0)
(0.0848581 0.0105322 0)
(0.0754366 0.0812586 0)
(0.0516097 0.157815 0)
(0.0171085 0.223944 0)
(-0.0196684 0.275349 0)
(-0.0493675 0.301635 0)
(-0.0663633 0.304691 0)
(-0.0728605 0.283108 0)
(-0.0694493 0.219939 0)
(-0.0619844 0.117423 0)
(-0.0472974 0.0270977 0)
(-0.0581856 -0.0380567 0)
(-0.166801 -0.0983201 0)
(-0.244031 -0.162137 0)
(-0.264368 -0.20536 0)
(-0.246832 -0.243781 0)
(-0.213768 -0.254963 0)
(-0.000878252 -0.157045 0)
(0.00430216 -0.148742 0)
(0.0121537 -0.140875 0)
(0.0220865 -0.126497 0)
(0.0322813 -0.0997428 0)
(0.0400841 -0.0542883 0)
(0.0429881 0.0110112 0)
(0.0377404 0.0931834 0)
(0.0206559 0.182419 0)
(-0.00681666 0.251819 0)
(-0.0349459 0.300404 0)
(-0.0520444 0.313185 0)
(-0.052731 0.304275 0)
(-0.0336111 0.278717 0)
(0.0071449 0.210777 0)
(0.0333865 0.0989615 0)
(0.0490334 0.0301944 0)
(0.064999 0.0719991 0)
(0.0213906 0.077293 0)
(-0.121374 -0.0848761 0)
(-0.23944 -0.191579 0)
(-0.247523 -0.266263 0)
(-0.232599 -0.29014 0)
(-0.0186286 -0.139199 0)
(-0.0249531 -0.144001 0)
(-0.0287162 -0.141244 0)
(-0.0309785 -0.127573 0)
(-0.0330263 -0.101109 0)
(-0.0339149 -0.0554995 0)
(-0.0342165 0.0119351 0)
(-0.0366622 0.102941 0)
(-0.0341497 0.209521 0)
(-0.0420648 0.284889 0)
(-0.053935 0.332398 0)
(-0.0661731 0.324432 0)
(-0.0662097 0.291831 0)
(-0.0423181 0.239535 0)
(0.0140868 0.151865 0)
(0.0551074 0.0492588 0)
(0.0735596 0.0181295 0)
(0.0781354 0.0483481 0)
(0.0840645 0.101165 0)
(0.0417133 0.0956566 0)
(-0.0615676 -0.0119845 0)
(-0.207099 -0.262161 0)
(-0.228158 -0.306787 0)
(-0.0355943 -0.102712 0)
(-0.0604481 -0.128208 0)
(-0.0888953 -0.129081 0)
(-0.114558 -0.114883 0)
(-0.145327 -0.0943524 0)
(-0.17327 -0.0507521 0)
(-0.187012 0.0194464 0)
(-0.193627 0.104783 0)
(-0.178106 0.193474 0)
(-0.145905 0.287482 0)
(-0.143521 0.343881 0)
(-0.158864 0.345545 0)
(-0.17009 0.28761 0)
(-0.161956 0.186522 0)
(-0.12131 0.091134 0)
(-0.092271 0.0237594 0)
(-0.06743 -0.000298503 0)
(-0.0342431 0.015187 0)
(-0.0172959 0.079626 0)
(-0.025296 0.129507 0)
(-0.072262 0.0954576 0)
(-0.139558 -0.135669 0)
(-0.179933 -0.308655 0)
(-0.0528035 -0.0742887 0)
(-0.127839 -0.0968406 0)
(-0.220651 -0.0899172 0)
(-0.314054 -0.0872597 0)
(-0.324298 -0.0746463 0)
(-0.330625 -0.0305111 0)
(-0.340216 0.0291531 0)
(-0.347344 0.102123 0)
(-0.345 0.174763 0)
(-0.31668 0.247226 0)
(-0.274971 0.317972 0)
(-0.260529 0.349267 0)
(-0.248647 0.27288 0)
(-0.231664 0.159321 0)
(-0.203189 0.0735685 0)
(-0.179731 0.00546728 0)
(-0.162382 -0.0152837 0)
(-0.148941 0.00782605 0)
(-0.137928 0.0800812 0)
(-0.141772 0.153335 0)
(-0.163849 0.0748583 0)
(-0.164912 -0.154478 0)
(-0.156552 -0.290331 0)
(-0.26281 0.0936771 0)
(-0.427048 0.116252 0)
(-0.463418 -0.02747 0)
(-0.44132 -0.0642575 0)
(-0.431674 -0.0508755 0)
(-0.432583 -0.0101803 0)
(-0.440286 0.0454537 0)
(-0.444588 0.105916 0)
(-0.439543 0.160958 0)
(-0.420793 0.220795 0)
(-0.389548 0.286341 0)
(-0.339258 0.319901 0)
(-0.283465 0.240911 0)
(-0.251972 0.137231 0)
(-0.226836 0.0599437 0)
(-0.208407 -0.00187284 0)
(-0.197922 -0.0259293 0)
(-0.20327 -0.00596341 0)
(-0.225222 0.0742252 0)
(-0.213636 0.155628 0)
(-0.172125 0.0349101 0)
(-0.149707 -0.165525 0)
(-0.15227 -0.293474 0)
(-0.313562 0.492514 0)
(-0.447889 0.167924 0)
(-0.464446 -0.00989076 0)
(-0.461567 -0.0643733 0)
(-0.465639 -0.0594162 0)
(-0.475746 -0.0193695 0)
(-0.501502 0.0398372 0)
(-0.509397 0.100895 0)
(-0.499172 0.148947 0)
(-0.479402 0.198682 0)
(-0.444494 0.249822 0)
(-0.378373 0.26958 0)
(-0.290518 0.204191 0)
(-0.244512 0.114343 0)
(-0.216454 0.0462103 0)
(-0.185835 -0.0168571 0)
(-0.229918 -0.0257062 0)
(-0.277935 0.0202488 0)
(-0.289554 0.0826718 0)
(-0.240633 0.116481 0)
(-0.169859 0.0218115 0)
(-0.122262 -0.160995 0)
(-0.148989 -0.287336 0)
(-0.273239 0.810975 0)
(-0.36039 0.26346 0)
(-0.378479 0.0223265 0)
(-0.413349 -0.0803091 0)
(-0.468332 -0.0705678 0)
(-0.517185 0.00336789 0)
(-0.549246 0.0539409 0)
(-0.554836 0.0979572 0)
(-0.541355 0.132734 0)
(-0.520947 0.173354 0)
(-0.475412 0.209894 0)
(-0.388577 0.204611 0)
(-0.280325 0.150608 0)
(-0.211673 0.0814065 0)
(-0.241718 0.0167393 0)
(-0.309573 -0.000137909 0)
(-0.328487 0.0265139 0)
(-0.338889 0.0466956 0)
(-0.319184 0.0563223 0)
(-0.265832 0.0381505 0)
(-0.205114 -0.0475542 0)
(-0.175639 -0.16818 0)
(-0.180901 -0.264285 0)
(-0.157239 1.01209 0)
(-0.183424 0.357372 0)
(-0.224761 0.04914 0)
(-0.307045 -0.0410893 0)
(-0.386888 0.0296651 0)
(-0.441843 0.0754538 0)
(-0.481467 0.0954981 0)
(-0.504444 0.0997426 0)
(-0.516589 0.0975092 0)
(-0.512342 0.103255 0)
(-0.474945 0.0883159 0)
(-0.426485 0.0499846 0)
(-0.389837 0.0130565 0)
(-0.366048 0.0221209 0)
(-0.359551 0.044768 0)
(-0.362303 0.0395272 0)
(-0.356789 0.0313906 0)
(-0.341566 0.0267059 0)
(-0.309092 0.0139754 0)
(-0.261081 -0.0202275 0)
(-0.214659 -0.0911409 0)
(-0.192134 -0.180678 0)
(-0.192172 -0.256989 0)
(-0.0272755 1.1291 0)
(0.0293961 0.447006 0)
(-0.0900078 0.11811 0)
(-0.217996 0.0938998 0)
(-0.292888 0.095401 0)
(-0.342777 0.109973 0)
(-0.377442 0.122181 0)
(-0.401049 0.125487 0)
(-0.415121 0.118406 0)
(-0.416533 0.104617 0)
(-0.404231 0.0829728 0)
(-0.389654 0.057759 0)
(-0.379869 0.0399051 0)
(-0.370836 0.0389639 0)
(-0.356689 0.0398017 0)
(-0.339739 0.0278617 0)
(-0.320572 0.0124168 0)
(-0.295577 -0.00337472 0)
(-0.262125 -0.0257649 0)
(-0.223049 -0.063189 0)
(-0.188878 -0.121193 0)
(-0.17149 -0.190475 0)
(-0.170418 -0.255817 0)
(0.0554129 1.03673 0)
(0.124506 0.535707 0)
(-0.016286 0.260718 0)
(-0.115478 0.179365 0)
(-0.180651 0.153565 0)
(-0.227649 0.149225 0)
(-0.259618 0.14927 0)
(-0.280851 0.14472 0)
(-0.294212 0.132785 0)
(-0.300305 0.113719 0)
(-0.300648 0.0886526 0)
(-0.299669 0.0621933 0)
(-0.298707 0.0411035 0)
(-0.29347 0.0300763 0)
(-0.28045 0.0210397 0)
(-0.262236 0.00601869 0)
(-0.241429 -0.0122017 0)
(-0.21723 -0.0326804 0)
(-0.189421 -0.0587673 0)
(-0.160877 -0.0945997 0)
(-0.138003 -0.142381 0)
(-0.127283 -0.197354 0)
(-0.12901 -0.252284 0)
(0.0928468 0.865093 0)
(0.152571 0.58906 0)
(0.0623018 0.351816 0)
(-0.0136246 0.251752 0)
(-0.0703453 0.207862 0)
(-0.112651 0.187526 0)
(-0.141407 0.174678 0)
(-0.159941 0.160945 0)
(-0.171526 0.142408 0)
(-0.178385 0.118752 0)
(-0.182339 0.0910784 0)
(-0.184999 0.063308 0)
(-0.186097 0.0394853 0)
(-0.182881 0.0214847 0)
(-0.173285 0.00551741 0)
(-0.159028 -0.0127114 0)
(-0.142413 -0.0330747 0)
(-0.123951 -0.0556842 0)
(-0.104476 -0.0823392 0)
(-0.08641 -0.115058 0)
(-0.0737734 -0.154613 0)
(-0.0703485 -0.198771 0)
(-0.0769128 -0.244306 0)
(0.0944549 0.711534 0)
(0.156775 0.598946 0)
(0.117072 0.411626 0)
(0.067116 0.309226 0)
(0.0236072 0.253509 0)
(-0.0101694 0.220526 0)
(-0.0335406 0.196866 0)
(-0.0483618 0.174837 0)
(-0.057213 0.150686 0)
(-0.0624186 0.123467 0)
(-0.0657879 0.0941025 0)
(-0.0682317 0.0649877 0)
(-0.0692767 0.0386412 0)
(-0.0673504 0.0160738 0)
(-0.0613588 -0.00453246 0)
(-0.0521989 -0.0255123 0)
(-0.0414736 -0.0474218 0)
(-0.0300522 -0.0707099 0)
(-0.0190254 -0.0964124 0)
(-0.0102703 -0.125548 0)
(-0.00636274 -0.158431 0)
(-0.00968455 -0.194104 0)
(-0.0212202 -0.231345 0)
(0.0783407 0.591705 0)
(0.144802 0.577037 0)
(0.143268 0.4393 0)
(0.120105 0.345695 0)
(0.0941753 0.285919 0)
(0.0722462 0.244981 0)
(0.0566501 0.213293 0)
(0.0470299 0.184934 0)
(0.0418313 0.156551 0)
(0.0392501 0.12694 0)
(0.0378036 0.0964498 0)
(0.036736 0.0665149 0)
(0.0362492 0.0386013 0)
(0.0371859 0.0133488 0)
(0.0401242 -0.0100004 0)
(0.0446426 -0.0326648 0)
(0.0497559 -0.0552407 0)
(0.0546759 -0.0782135 0)
(0.0584412 -0.102228 0)
(0.0596906 -0.127843 0)
(0.0567607 -0.155245 0)
(0.0480459 -0.184135 0)
(0.0325191 -0.214215 0)
(0.0607478 0.493457 0)
(0.127206 0.533971 0)
(0.149451 0.438913 0)
(0.148879 0.359995 0)
(0.140469 0.302349 0)
(0.1314 0.258412 0)
(0.124783 0.222284 0)
(0.121277 0.189923 0)
(0.120255 0.158818 0)
(0.120603 0.127838 0)
(0.121263 0.09697 0)
(0.121632 0.06694 0)
(0.121713 0.0386019 0)
(0.121909 0.0123728 0)
(0.122548 -0.0120158 0)
(0.123483 -0.0351661 0)
(0.124168 -0.0575379 0)
(0.124048 -0.0795322 0)
(0.122414 -0.101565 0)
(0.118335 -0.123965 0)
(0.110722 -0.146876 0)
(0.0984311 -0.170292 0)
(0.0804698 -0.194319 0)
(0.0481272 0.41062 0)
(0.110328 0.481156 0)
(0.144975 0.419471 0)
(0.160117 0.356106 0)
(0.165884 0.304042 0)
(0.168213 0.260862 0)
(0.170075 0.223489 0)
(0.172549 0.189526 0)
(0.175622 0.157343 0)
(0.178761 0.126094 0)
(0.181341 0.0956275 0)
(0.182959 0.0662764 0)
(0.183569 0.0384955 0)
(0.183377 0.0125463 0)
(0.182598 -0.0116459 0)
(0.181243 -0.0343654 0)
(0.179049 -0.0559148 0)
(0.175686 -0.0765735 0)
(0.170687 -0.0965962 0)
(0.163439 -0.116168 0)
(0.15322 -0.135388 0)
(0.139179 -0.154352 0)
(0.120406 -0.173299 0)
(0.0389481 0.340992 0)
(0.0950659 0.426584 0)
(0.135036 0.389447 0)
(0.159706 0.339899 0)
(0.175333 0.294531 0)
(0.186278 0.254238 0)
(0.194942 0.21789 0)
(0.202412 0.184299 0)
(0.20898 0.152542 0)
(0.21451 0.122079 0)
(0.218728 0.0927563 0)
(0.221445 0.0647062 0)
(0.22266 0.0381573 0)
(0.222522 0.0132602 0)
(0.221205 -0.00998973 0)
(0.218802 -0.0317133 0)
(0.215218 -0.0520809 0)
(0.210283 -0.071253 0)
(0.203715 -0.0893569 0)
(0.195118 -0.106469 0)
(0.18401 -0.122633 0)
(0.169742 -0.137946 0)
(0.151518 -0.152654 0)
(0.0306313 0.283623 0)
(0.0804754 0.374136 0)
(0.121925 0.354305 0)
(0.151789 0.316228 0)
(0.173571 0.277541 0)
(0.19027 0.241149 0)
(0.203698 0.207207 0)
(0.214811 0.175333 0)
(0.224021 0.145104 0)
(0.231428 0.116228 0)
(0.237006 0.0885983 0)
(0.240741 0.0622621 0)
(0.242704 0.0373311 0)
(0.243039 0.013893 0)
(0.241908 -0.00802808 0)
(0.239438 -0.0284614 0)
(0.235622 -0.0474749 0)
(0.230392 -0.0651272 0)
(0.223586 -0.0814435 0)
(0.214957 -0.096412 0)
(0.204183 -0.110016 0)
(0.190771 -0.12231 0)
(0.174055 -0.133497 0)
(0.0228359 0.237684 0)
(0.0665301 0.325486 0)
(0.107248 0.317157 0)
(0.139447 0.288409 0)
(0.164652 0.256035 0)
(0.184773 0.223971 0)
(0.20116 0.193179 0)
(0.214631 0.163807 0)
(0.22564 0.135772 0)
(0.234421 0.108964 0)
(0.241101 0.0833396 0)
(0.245781 0.0589223 0)
(0.248589 0.0357767 0)
(0.249677 0.0139663 0)
(0.249197 -0.00646381 0)
(0.247282 -0.0254846 0)
(0.243969 -0.0430871 0)
(0.239247 -0.0592487 0)
(0.233033 -0.0739149 0)
(0.22518 -0.0870035 0)
(0.215482 -0.0984408 0)
(0.203567 -0.108232 0)
(0.188908 -0.11652 0)
(0.0165653 0.201738 0)
(0.0542089 0.281502 0)
(0.0927132 0.280096 0)
(0.125222 0.258759 0)
(0.151863 0.232169 0)
(0.173676 0.204516 0)
(0.19164 0.177201 0)
(0.20645 0.15071 0)
(0.218563 0.125187 0)
(0.228281 0.100664 0)
(0.23581 0.0771588 0)
(0.241318 0.0547115 0)
(0.244964 0.0333795 0)
(0.2469 0.0132281 0)
(0.247269 -0.00567552 0)
(0.246198 -0.0232613 0)
(0.243744 -0.0394636 0)
(0.239929 -0.0541982 0)
(0.23472 -0.0673511 0)
(0.228041 -0.0787866 0)
(0.219772 -0.0883841 0)
(0.209639 -0.096103 0)
(0.197246 -0.102036 0)
(0.0123781 0.173507 0)
(0.0443619 0.242558 0)
(0.0796889 0.244706 0)
(0.111028 0.22902 0)
(0.137635 0.207517 0)
(0.159881 0.184091 0)
(0.17842 0.160287 0)
(0.19382 0.136774 0)
(0.206507 0.113846 0)
(0.216796 0.091644 0)
(0.224927 0.0702488 0)
(0.231096 0.0497312 0)
(0.23547 0.0301655 0)
(0.2382 0.0116326 0)
(0.239418 -0.00577666 0)
(0.239241 -0.0219616 0)
(0.237737 -0.0368153 0)
(0.234945 -0.0502088 0)
(0.230871 -0.0619851 0)
(0.225485 -0.0719701 0)
(0.218731 -0.0800086 0)
(0.21042 -0.0860248 0)
(0.200266 -0.0900727 0)
(0.00991491 0.150648 0)
(0.0370263 0.208531 0)
(0.0687276 0.212026 0)
(0.0979329 0.200456 0)
(0.123478 0.183225 0)
(0.145265 0.163633 0)
(0.163671 0.143158 0)
(0.179119 0.12253 0)
(0.191975 0.102134 0)
(0.202532 0.0821836 0)
(0.21103 0.0628171 0)
(0.217665 0.0441417 0)
(0.222603 0.0262575 0)
(0.225988 0.00926719 0)
(0.227943 -0.00671564 0)
(0.228577 -0.0215666 0)
(0.227962 -0.0351487 0)
(0.226152 -0.0473011 0)
(0.223173 -0.0578374 0)
(0.219037 -0.0665576 0)
(0.213731 -0.0732833 0)
(0.207135 -0.0779146 0)
(0.199051 -0.0804787 0)
(0.00846632 0.131433 0)
(0.0316241 0.178949 0)
(0.0596786 0.182529 0)
(0.0862694 0.17385 0)
(0.110126 0.160062 0)
(0.130869 0.143791 0)
(0.148651 0.126325 0)
(0.163758 0.108375 0)
(0.176473 0.0903553 0)
(0.187047 0.0725274 0)
(0.195697 0.055071 0)
(0.202605 0.0381271 0)
(0.207928 0.0218221 0)
(0.211801 0.00628109 0)
(0.214339 -0.00836189 0)
(0.215642 -0.0219639 0)
(0.215789 -0.034366 0)
(0.21484 -0.0453852 0)
(0.212841 -0.0548158 0)
(0.209827 -0.0624424 0)
(0.205825 -0.0680723 0)
(0.200765 -0.0715911 0)
(0.194517 -0.0730074 0)
(0.00749847 0.114829 0)
(0.0274792 0.153231 0)
(0.0521218 0.15627 0)
(0.0759756 0.14957 0)
(0.0978378 0.138477 0)
(0.117188 0.124985 0)
(0.134024 0.11015 0)
(0.148509 0.0946048 0)
(0.160843 0.0787581 0)
(0.171226 0.0628892 0)
(0.179839 0.0472039 0)
(0.186844 0.0318687 0)
(0.192382 0.0170323 0)
(0.196577 0.002839 0)
(0.199538 -0.0105598 0)
(0.201359 -0.0230072 0)
(0.202119 -0.0343279 0)
(0.201886 -0.0443242 0)
(0.20072 -0.0527791 0)
(0.198674 -0.0594689 0)
(0.195801 -0.0641942 0)
(0.192071 -0.0668319 0)
(0.187405 -0.0673778 0)
(0.00676081 0.100249 0)
(0.0241207 0.130834 0)
(0.0456869 0.133071 0)
(0.0668867 0.127708 0)
(0.086657 0.118687 0)
(0.104434 0.107471 0)
(0.120119 0.0948783 0)
(0.13378 0.0814446 0)
(0.145547 0.0675439 0)
(0.155564 0.0534527 0)
(0.163977 0.0393881 0)
(0.170923 0.0255321 0)
(0.176525 0.0120493 0)
(0.180893 -0.000901534 0)
(0.184128 -0.013156 0)
(0.18632 -0.0245464 0)
(0.187549 -0.0348863 0)
(0.187888 -0.043969 0)
(0.187404 -0.0515713 0)
(0.186166 -0.0574672 0)
(0.184244 -0.0614553 0)
(0.18164 -0.0634078 0)
(0.178311 -0.0633107 0)
(0.00617309 0.0873255 0)
(0.0213047 0.111298 0)
(0.0401399 0.112668 0)
(0.0588583 0.108205 0)
(0.0765549 0.100767 0)
(0.0926818 0.0913872 0)
(0.10709 0.080676 0)
(0.119785 0.0690633 0)
(0.130838 0.0568758 0)
(0.140348 0.0443737 0)
(0.148424 0.0317733 0)
(0.155176 0.019263 0)
(0.160708 0.00701619 0)
(0.165117 -0.00479837 0)
(0.168495 -0.0160095 0)
(0.170927 -0.0264412 0)
(0.172491 -0.0358999 0)
(0.173265 -0.0441743 0)
(0.173321 -0.0510397 0)
(0.172739 -0.0562707 0)
(0.171599 -0.0596675 0)
(0.169928 -0.0611002 0)
(0.16771 -0.0605462 0)
(0.00571021 0.0757791 0)
(0.0189163 0.094234 0)
(0.0353384 0.0947844 0)
(0.0517737 0.0909346 0)
(0.067472 0.0847088 0)
(0.0819352 0.0768027 0)
(0.0949994 0.0676502 0)
(0.106633 0.057585 0)
(0.116863 0.0468832 0)
(0.125752 0.0357813 0)
(0.133378 0.0244867 0)
(0.139822 0.0131871 0)
(0.14517 0.00205804 0)
(0.149505 -0.00872705 0)
(0.152909 -0.018995 0)
(0.155463 -0.0285645 0)
(0.157243 -0.0372388 0)
(0.158328 -0.0448055 0)
(0.158794 -0.0510408 0)
(0.158727 -0.055723 0)
(0.158214 -0.0586559 0)
(0.157301 -0.0597088 0)
(0.155991 -0.0588517 0)
(0.00534783 0.0653829 0)
(0.0168828 0.0793131 0)
(0.0311713 0.079161 0)
(0.0455209 0.0757498 0)
(0.0593249 0.0704619 0)
(0.0721535 0.0637343 0)
(0.0838514 0.0558609 0)
(0.0943679 0.0470937 0)
(0.103704 0.0376621 0)
(0.111889 0.0277771 0)
(0.118974 0.0176329 0)
(0.125017 0.00741026 0)
(0.130085 -0.0027175 0)
(0.134247 -0.0125788 0)
(0.137576 -0.0220013 0)
(0.140148 -0.0308025 0)
(0.142037 -0.0387854 0)
(0.143319 -0.045739 0)
(0.144076 -0.0514431 0)
(0.144395 -0.0556809 0)
(0.144369 -0.0582612 0)
(0.144055 -0.0590536 0)
(0.143473 -0.0580219 0)
(0.00505174 0.0559594 0)
(0.0151334 0.066261 0)
(0.0275298 0.0655673 0)
(0.0399818 0.0624974 0)
(0.0520125 0.0579467 0)
(0.0632686 0.0521605 0)
(0.0736165 0.0453272 0)
(0.0830004 0.0376351 0)
(0.091403 0.0292752 0)
(0.098832 0.0204347 0)
(0.105312 0.0112925 0)
(0.110882 0.00201902 0)
(0.11559 -0.00721981 0)
(0.119494 -0.0162593 0)
(0.12266 -0.0249306 0)
(0.125157 -0.0330534 0)
(0.127057 -0.0404334 0)
(0.128437 -0.046863 0)
(0.129376 -0.0521267 0)
(0.129963 -0.056014 0)
(0.130295 -0.0583394 0)
(0.130437 -0.0589739 0)
(0.130422 -0.0578763 0)
(0.00478473 0.0473822 0)
(0.0135945 0.0548537 0)
(0.0243064 0.0537986 0)
(0.0350396 0.0510229 0)
(0.0454307 0.0470623 0)
(0.0552025 0.042027 0)
(0.0642494 0.0360316 0)
(0.0725186 0.0292193 0)
(0.0799822 0.0217527 0)
(0.0866291 0.0137997 0)
(0.0924633 0.00552342 0)
(0.0975051 -0.00291901 0)
(0.101789 -0.0113741 0)
(0.105365 -0.0196874 0)
(0.108291 -0.0276967 0)
(0.110631 -0.0352267 0)
(0.112456 -0.0420875 0)
(0.11384 -0.048076 0)
(0.114862 -0.0529827 0)
(0.115612 -0.0566038 0)
(0.116185 -0.0587602 0)
(0.116652 -0.0593254 0)
(0.117059 -0.0582536 0)
(0.00451502 0.039571 0)
(0.0121998 0.0449109 0)
(0.0214091 0.0436704 0)
(0.0305952 0.0411698 0)
(0.0394892 0.0376899 0)
(0.0478842 0.0332528 0)
(0.0557042 0.0279257 0)
(0.062904 0.0218248 0)
(0.0694488 0.0150961 0)
(0.0753111 0.00789325 0)
(0.0804769 0.000363868 0)
(0.0849514 -0.00735255 0)
(0.0887601 -0.0151189 0)
(0.0919459 -0.0227941 0)
(0.0945635 -0.0302248 0)
(0.0966748 -0.0372425 0)
(0.0983472 -0.0436624 0)
(0.0996531 -0.0492869 0)
(0.100671 -0.0539125 0)
(0.101486 -0.0573427 0)
(0.102194 -0.059405 0)
(0.102868 -0.0599762 0)
(0.103563 -0.0590075 0)
(0.00422177 0.0324802 0)
(0.0109042 0.0362836 0)
(0.0187767 0.0350109 0)
(0.0265822 0.0327794 0)
(0.034126 0.0296986 0)
(0.0412625 0.0257375 0)
(0.047945 0.0209382 0)
(0.0541389 0.0154066 0)
(0.0598033 0.00928506 0)
(0.0648937 0.00271907 0)
(0.0693789 -0.00416191 0)
(0.0732539 -0.011241 0)
(0.0765412 -0.0184019 0)
(0.0792829 -0.0255189 0)
(0.081533 -0.0324492 0)
(0.0833525 -0.0390306 0)
(0.0848066 -0.0450835 0)
(0.0859646 -0.0504153 0)
(0.086901 -0.0548287 0)
(0.0876982 -0.058134 0)
(0.0884457 -0.060166 0)
(0.08922 -0.060806 0)
(0.0900794 -0.0600028 0)
(0.0039004 0.0260814 0)
(0.00969693 0.028838 0)
(0.0163925 0.0276547 0)
(0.0229793 0.0256933 0)
(0.0293168 0.0229526 0)
(0.0353129 0.0193722 0)
(0.0409514 0.0149856 0)
(0.0462103 0.00990601 0)
(0.05104 0.00428841 0)
(0.0553735 -0.00172606 0)
(0.059164 -0.00803365 0)
(0.0624054 -0.0145471 0)
(0.0651259 -0.0211753 0)
(0.0673735 -0.0278087 0)
(0.0692057 -0.0343135 0)
(0.070683 -0.0405325 0)
(0.0718673 -0.046289 0)
(0.0728225 -0.0513945 0)
(0.0736169 -0.0556569 0)
(0.0743262 -0.0588939 0)
(0.0750337 -0.0609478 0)
(0.0758135 -0.0617055 0)
(0.076727 -0.0611147 0)
(0.00357147 0.0203352 0)
(0.00861645 0.0224364 0)
(0.014295 0.0214387 0)
(0.0198154 0.019759 0)
(0.025077 0.017323 0)
(0.0300377 0.0140526 0)
(0.0347163 0.0099847 0)
(0.0391067 0.00526251 0)
(0.04314 7.6918e-05 0)
(0.0467164 -0.0054384 0)
(0.0497799 -0.011222 0)
(0.0523404 -0.0172277 0)
(0.0544452 -0.0233913 0)
(0.0561553 -0.0296166 0)
(0.0575326 -0.0357735 0)
(0.0586354 -0.0417048 0)
(0.0595188 -0.0472342 0)
(0.0602374 -0.0521751 0)
(0.0608496 -0.0563406 0)
(0.0614212 -0.0595555 0)
(0.062026 -0.0616704 0)
(0.0627333 -0.0625792 0)
(0.0636038 -0.0622298 0)
(0.00329399 0.015147 0)
(0.00776504 0.0169234 0)
(0.0125823 0.0162069 0)
(0.0171679 0.0148432 0)
(0.0214554 0.0127039 0)
(0.0254557 0.00969365 0)
(0.0292351 0.00586121 0)
(0.0328047 0.0014248 0)
(0.0360513 -0.00336009 0)
(0.0388283 -0.00838665 0)
(0.0410958 -0.0136738 0)
(0.0429098 -0.0192273 0)
(0.0443516 -0.0250037 0)
(0.0454973 -0.0309079 0)
(0.0464084 -0.0368037 0)
(0.0471333 -0.0425271 0)
(0.0477135 -0.0478985 0)
(0.0481891 -0.0527321 0)
(0.0486046 -0.0568461 0)
(0.0490123 -0.0600732 0)
(0.0494741 -0.0622734 0)
(0.0500511 -0.063349 0)
(0.0508002 -0.0632499 0)
(0.0031932 0.010336 0)
(0.00732761 0.0121385 0)
(0.0114078 0.0118326 0)
(0.015146 0.010852 0)
(0.0185122 0.00902974 0)
(0.0215757 0.00624081 0)
(0.0244807 0.00255277 0)
(0.0272446 -0.00164144 0)
(0.0296359 -0.00598017 0)
(0.0314957 -0.0104906 0)
(0.0328496 -0.0153094 0)
(0.0338487 -0.0204906 0)
(0.0346092 -0.0259866 0)
(0.0352068 -0.0316805 0)
(0.0356855 -0.0374153 0)
(0.0360709 -0.0430147 0)
(0.0363824 -0.0482941 0)
(0.0366408 -0.0530699 0)
(0.0368734 -0.0571666 0)
(0.0371178 -0.0604264 0)
(0.0374216 -0.0627196 0)
(0.0378353 -0.063958 0)
(0.0384077 -0.0640957 0)
(0.00355061 0.00569091 0)
(0.00757058 0.00795393 0)
(0.0109302 0.00824334 0)
(0.0138371 0.00774718 0)
(0.0162699 0.00630059 0)
(0.0183467 0.00372833 0)
(0.0203705 7.62182e-05 0)
(0.0222005 -0.00386395 0)
(0.0235536 -0.00763694 0)
(0.0242494 -0.0115895 0)
(0.0245847 -0.016043 0)
(0.0247701 -0.0210047 0)
(0.0249207 -0.0263781 0)
(0.0250691 -0.0319972 0)
(0.0252151 -0.0376771 0)
(0.0253487 -0.0432303 0)
(0.0254632 -0.0484721 0)
(0.0255598 -0.0532248 0)
(0.0256501 -0.0573228 0)
(0.0257571 -0.0606189 0)
(0.0259143 -0.0629943 0)
(0.026159 -0.0643708 0)
(0.0265303 -0.0647091 0)
(0.00447939 0.000341473 0)
(0.00853862 0.00414737 0)
(0.0111156 0.00527569 0)
(0.0131931 0.00543269 0)
(0.0146827 0.00454612 0)
(0.0156862 0.00240975 0)
(0.0165944 -0.00108145 0)
(0.0170894 -0.00486579 0)
(0.0168205 -0.00808908 0)
(0.0162503 -0.0116962 0)
(0.0156365 -0.0160474 0)
(0.0152489 -0.0210258 0)
(0.0150307 -0.0264435 0)
(0.0149379 -0.0320945 0)
(0.0149143 -0.0377819 0)
(0.01492 -0.0433215 0)
(0.0149317 -0.0485384 0)
(0.0149395 -0.0532666 0)
(0.0149453 -0.0573522 0)
(0.0149612 -0.0606589 0)
(0.0150069 -0.0630776 0)
(0.0151051 -0.0645378 0)
(0.0152765 -0.0650086 0)
(0.00121484 -0.00782619 0)
(0.00839649 -0.00144177 0)
(0.0111615 0.00223535 0)
(0.0129006 0.00363214 0)
(0.0138309 0.00368513 0)
(0.0138353 0.00255317 0)
(0.0131137 -0.000675852 0)
(0.00907528 -0.00297884 0)
(0.00737814 -0.00566894 0)
(0.00629243 -0.00983173 0)
(0.00556343 -0.0147753 0)
(0.00518016 -0.0202177 0)
(0.00499393 -0.0259442 0)
(0.0049108 -0.0317861 0)
(0.00487833 -0.037589 0)
(0.00486455 -0.0431992 0)
(0.00485358 -0.0484624 0)
(0.00483874 -0.0532271 0)
(0.00481965 -0.0573493 0)
(0.00480047 -0.0606998 0)
(0.00478843 -0.0631745 0)
(0.00479138 -0.0647036 0)
(0.00481363 -0.065247 0)
(-0.0568164 -0.130105 0)
(0.0165804 -0.112151 0)
(0.0754228 -0.100084 0)
(0.134557 -0.112759 0)
(-0.0974845 -0.17806 0)
(-0.072988 -0.165666 0)
(-0.0486573 -0.154879 0)
(-0.0266011 -0.15063 0)
(-0.14848 -0.202014 0)
(-0.138244 -0.187004 0)
(-0.124873 -0.181235 0)
(-0.108837 -0.182225 0)
(-0.190831 -0.222769 0)
(-0.178098 -0.208383 0)
(-0.163377 -0.225756 0)
(-0.147008 -0.22901 0)
(-0.210923 -0.261823 0)
(-0.179764 -0.246912 0)
(-0.16533 -0.259753 0)
(-0.151709 -0.26162 0)
(-0.213255 -0.286995 0)
(-0.185411 -0.27647 0)
(-0.16763 -0.289419 0)
(-0.156106 -0.291297 0)
(-0.178224 -0.310712 0)
(-0.163266 -0.306127 0)
(-0.158764 -0.311598 0)
(-0.156933 -0.311678 0)
(-0.143901 -0.32827 0)
(-0.134836 -0.339474 0)
(-0.131123 -0.354773 0)
(-0.127017 -0.371537 0)
(-0.154944 -0.324487 0)
(-0.152501 -0.325642 0)
(-0.149752 -0.33403 0)
(-0.148381 -0.34412 0)
(-0.166693 -0.319482 0)
(-0.172837 -0.331555 0)
(-0.173171 -0.342959 0)
(-0.172769 -0.351468 0)
(-0.193671 -0.303221 0)
(-0.195403 -0.323769 0)
(-0.195513 -0.339367 0)
(-0.195758 -0.349525 0)
(-0.196441 -0.300955 0)
(-0.197454 -0.323505 0)
(-0.198629 -0.339069 0)
(-0.200264 -0.347598 0)
(-0.174453 -0.298093 0)
(-0.177448 -0.319516 0)
(-0.181166 -0.333588 0)
(-0.185578 -0.340204 0)
(-0.135775 -0.290289 0)
(-0.141362 -0.309552 0)
(-0.148012 -0.321732 0)
(-0.155437 -0.326557 0)
(-0.0870839 -0.276995 0)
(-0.0952405 -0.29355 0)
(-0.104591 -0.303635 0)
(-0.114713 -0.30688 0)
(-0.034479 -0.258588 0)
(-0.044735 -0.272317 0)
(-0.0561806 -0.280343 0)
(-0.068354 -0.282251 0)
(0.0170686 -0.236345 0)
(0.00543253 -0.247359 0)
(-0.00731204 -0.253465 0)
(-0.0207191 -0.254256 0)
(0.0639655 -0.211896 0)
(0.0517554 -0.220456 0)
(0.0385406 -0.224848 0)
(0.0247276 -0.2247 0)
(0.103944 -0.186905 0)
(0.0919142 -0.193278 0)
(0.0789863 -0.19615 0)
(0.0655205 -0.195203 0)
(0.135995 -0.162869 0)
(0.124751 -0.167334 0)
(0.112716 -0.168862 0)
(0.1002 -0.167205 0)
(0.160088 -0.140866 0)
(0.150033 -0.143703 0)
(0.139298 -0.144067 0)
(0.128141 -0.141773 0)
(0.176829 -0.121533 0)
(0.168169 -0.123022 0)
(0.15894 -0.122404 0)
(0.149352 -0.119553 0)
(0.187153 -0.105124 0)
(0.179932 -0.105534 0)
(0.172249 -0.104117 0)
(0.164274 -0.100799 0)
(0.192091 -0.0916134 0)
(0.186241 -0.0911862 0)
(0.18003 -0.089146 0)
(0.173594 -0.0854614 0)
(0.192629 -0.0807978 0)
(0.188022 -0.0797434 0)
(0.18314 -0.0772405 0)
(0.178097 -0.0732902 0)
(0.189634 -0.0723867 0)
(0.186115 -0.070878 0)
(0.182394 -0.0680514 0)
(0.178568 -0.0639309 0)
(0.18384 -0.0660597 0)
(0.18125 -0.0642354 0)
(0.178519 -0.0612008 0)
(0.17573 -0.056995 0)
(0.17585 -0.0615016 0)
(0.174041 -0.0594715 0)
(0.17214 -0.0563234 0)
(0.170217 -0.0521038 0)
(0.166161 -0.0584203 0)
(0.164998 -0.0562719 0)
(0.163783 -0.053086 0)
(0.162577 -0.0489113 0)
(0.155183 -0.0565538 0)
(0.154548 -0.0543574 0)
(0.153893 -0.0511944 0)
(0.15327 -0.0471113 0)
(0.143256 -0.0556705 0)
(0.143045 -0.0534838 0)
(0.14284 -0.0503922 0)
(0.142685 -0.0464374 0)
(0.130665 -0.0555667 0)
(0.130785 -0.053437 0)
(0.130933 -0.0504556 0)
(0.131146 -0.0466574 0)
(0.117643 -0.0560609 0)
(0.118013 -0.0540273 0)
(0.118428 -0.051187 0)
(0.118918 -0.0475674 0)
(0.104381 -0.0569893 0)
(0.104925 -0.0550836 0)
(0.105528 -0.0524088 0)
(0.106216 -0.0489848 0)
(0.0910321 -0.0582017 0)
(0.0916813 -0.0564487 0)
(0.0924006 -0.0539581 0)
(0.0932105 -0.0507429 0)
(0.077722 -0.0595589 0)
(0.0784114 -0.0579764 0)
(0.0791789 -0.0556833 0)
(0.0800412 -0.0526868 0)
(0.0645573 -0.0609333 0)
(0.0652279 -0.0595311 0)
(0.0659808 -0.0574427 0)
(0.0668304 -0.0546709 0)
(0.0516394 -0.0622109 0)
(0.052239 -0.0609898 0)
(0.0529205 -0.0591059 0)
(0.0536973 -0.0565594 0)
(0.0390755 -0.0632941 0)
(0.0395609 -0.0622438 0)
(0.0401221 -0.0605546 0)
(0.0407724 -0.0582253 0)
(0.02699 -0.0641145 0)
(0.0273298 -0.0632134 0)
(0.0277327 -0.0616963 0)
(0.0282115 -0.059562 0)
(0.0155205 -0.0645604 0)
(0.0157073 -0.0637717 0)
(0.0159376 -0.0623841 0)
(0.0162229 -0.0603938 0)
(0.00486947 -0.0648553 0)
(0.00491594 -0.0641185 0)
(0.00497896 -0.0628172 0)
(0.00506456 -0.0609556 0)
(0.127244 -0.185023 0)
(0.0894351 -0.103785 0)
(0.104138 0.0301104 0)
(0.158432 0.184044 0)
(0.235493 0.115091 0)
(0.239264 -0.0746391 0)
(0.215543 -0.210627 0)
(0.1912 -0.210299 0)
(0.169721 -0.0703011 0)
(0.106033 0.0248338 0)
(0.107757 -0.00318103 0)
(0.131278 -0.0264807 0)
(0.154845 0.0157086 0)
(0.11497 0.11543 0)
(-0.0594109 0.15037 0)
(-0.148424 0.0855782 0)
(-0.101011 0.000598506 0)
(-0.0349097 -0.00183707 0)
(0.0352699 0.276243 0)
(-0.00152378 -0.154722 0)
(0.00202694 -0.0960606 0)
(0.0232823 0.00811085 0)
(0.103046 0.105842 0)
(0.240595 0.0429602 0)
(0.305168 -0.0791186 0)
(0.292863 -0.184846 0)
(0.216168 -0.182617 0)
(0.175295 -0.0154735 0)
(0.091275 0.0685559 0)
(0.0811321 -0.0184152 0)
(0.0696404 -0.038368 0)
(0.0586635 0.0346447 0)
(-0.0113532 0.230966 0)
(-0.180852 0.23426 0)
(-0.177179 0.0704998 0)
(-0.135066 -0.03647 0)
(-0.10208 -0.0489227 0)
(-0.0586968 0.233667 0)
(-0.0844634 -0.184107 0)
(-0.0671122 -0.128361 0)
(-0.0162187 -0.0511108 0)
(0.100416 -0.0302513 0)
(0.231299 -0.0758112 0)
(0.295469 -0.12149 0)
(0.309104 -0.136054 0)
(0.218213 -0.102935 0)
(0.103791 0.0587672 0)
(0.0860527 0.144035 0)
(0.0702011 0.012691 0)
(-0.00209183 -0.0274516 0)
(-0.0701986 0.0758675 0)
(-0.145304 0.337759 0)
(-0.215544 0.249199 0)
(-0.158901 0.0473659 0)
(-0.140909 -0.0609673 0)
(-0.125337 -0.0782599 0)
(-0.105407 0.132935 0)
(-0.118654 -0.223075 0)
(-0.0710381 -0.183739 0)
(0.00505141 -0.147788 0)
(0.099809 -0.140828 0)
(0.180842 -0.150433 0)
(0.230046 -0.144035 0)
(0.228038 -0.0980797 0)
(0.152879 0.0380896 0)
(0.0523349 0.0966958 0)
(0.0739563 0.110755 0)
(0.0819364 0.0929483 0)
(0.000970133 0.0678362 0)
(-0.171675 0.13604 0)
(-0.20131 0.405569 0)
(-0.16586 0.208149 0)
(-0.116913 0.0242018 0)
(-0.109632 -0.0711099 0)
(-0.101516 -0.0913666 0)
(-0.0695208 0.023492 0)
(-0.121382 -0.255088 0)
(-0.0684993 -0.227127 0)
(-0.00362715 -0.204763 0)
(0.0649818 -0.19557 0)
(0.117697 -0.182594 0)
(0.141343 -0.150758 0)
(0.115652 -0.0674907 0)
(0.0552227 0.0906785 0)
(0.0622179 0.0852068 0)
(0.0851739 0.0819293 0)
(0.101731 0.095066 0)
(0.0964342 0.16548 0)
(-0.0115855 0.28624 0)
(-0.0584432 0.399899 0)
(-0.0450586 0.186769 0)
(-0.0410819 0.0178457 0)
(-0.0582053 -0.0646917 0)
(-0.0728908 -0.101133 0)
(-0.0314628 -0.0351914 0)
(-0.12991 -0.284684 0)
(-0.0790688 -0.259929 0)
(-0.0199799 -0.238957 0)
(0.0324224 -0.22838 0)
(0.06629 -0.20177 0)
(0.0479127 -0.151002 0)
(0.0377641 -0.0338234 0)
(0.0570272 0.0790546 0)
(0.0799975 0.0674444 0)
(0.0888415 0.0680136 0)
(0.100223 0.0874242 0)
(0.118008 0.161348 0)
(0.125543 0.2946 0)
(0.0990009 0.416249 0)
(0.0821908 0.196031 0)
(0.039199 0.0383694 0)
(-0.0307754 -0.0326589 0)
(-0.0817445 -0.098861 0)
(-0.033363 -0.074727 0)
(-0.139075 -0.312187 0)
(-0.0945979 -0.296095 0)
(-0.0358567 -0.276549 0)
(0.00550061 -0.260975 0)
(-0.0230951 -0.218149 0)
(0.00332241 -0.14373 0)
(0.0218267 -0.0583315 0)
(0.0528656 0.0392069 0)
(0.0777362 0.0592873 0)
(0.0796543 0.0596522 0)
(0.0838055 0.0760311 0)
(0.0980413 0.148951 0)
(0.134825 0.267155 0)
(0.17999 0.395232 0)
(0.197628 0.237337 0)
(0.0853805 0.0765784 0)
(-0.0786866 0.028894 0)
(-0.123351 -0.11378 0)
(-0.0635092 -0.15074 0)
(-0.118084 -0.397593 0)
(-0.108983 -0.416979 0)
(-0.0922103 -0.39099 0)
(-0.0725055 -0.313815 0)
(-0.0540057 -0.228422 0)
(-0.0365097 -0.16393 0)
(-0.0281093 -0.0766835 0)
(0.00692252 0.0334286 0)
(0.0532399 0.0603378 0)
(0.0622573 0.0664912 0)
(0.0447086 0.0735691 0)
(0.0539201 0.134205 0)
(0.0841392 0.23836 0)
(0.14367 0.346186 0)
(0.195193 0.342883 0)
(0.0725121 0.195589 0)
(-0.122622 0.138361 0)
(-0.108903 -0.113764 0)
(-0.0744264 -0.175287 0)
(-0.14408 -0.358053 0)
(-0.14065 -0.363483 0)
(-0.139177 -0.34321 0)
(-0.13041 -0.291443 0)
(-0.112751 -0.230656 0)
(-0.0961813 -0.171851 0)
(-0.0917286 -0.100399 0)
(-0.0631541 -0.0206244 0)
(-0.0318384 0.0230836 0)
(-0.00270333 0.0548563 0)
(0.0253647 0.0822598 0)
(0.00202619 0.117271 0)
(0.0153566 0.207975 0)
(0.0743558 0.300162 0)
(0.0892081 0.376253 0)
(0.0597047 0.423483 0)
(0.00740495 0.263647 0)
(0.0474548 -0.127046 0)
(-0.0941633 -0.32612 0)
(-0.172692 -0.359681 0)
(-0.177073 -0.361921 0)
(-0.181062 -0.344085 0)
(-0.178746 -0.303999 0)
(-0.168359 -0.250793 0)
(-0.155668 -0.188658 0)
(-0.144186 -0.11683 0)
(-0.122927 -0.0446656 0)
(-0.0955394 -0.00312373 0)
(-0.0714032 0.0204638 0)
(-0.0481246 0.0640871 0)
(-0.0355566 0.107731 0)
(-0.0348024 0.162035 0)
(-0.00494893 0.257748 0)
(0.0196738 0.342838 0)
(0.0695483 0.369117 0)
(0.12751 0.205512 0)
(0.130173 -0.085151 0)
(0.0751095 -0.362194 0)
(-0.196845 -0.356945 0)
(-0.20429 -0.357352 0)
(-0.212311 -0.341472 0)
(-0.216272 -0.307411 0)
(-0.214153 -0.257899 0)
(-0.207558 -0.196435 0)
(-0.196965 -0.127012 0)
(-0.178401 -0.062012 0)
(-0.157434 -0.0222585 0)
(-0.144295 0.0054539 0)
(-0.136039 0.0531763 0)
(-0.128406 0.107866 0)
(-0.122566 0.154231 0)
(-0.0935665 0.218571 0)
(-0.0486631 0.285694 0)
(0.0233467 0.277496 0)
(0.104254 0.147064 0)
(0.117415 -0.0485308 0)
(0.0660707 -0.16087 0)
(-0.204457 -0.351823 0)
(-0.216056 -0.349292 0)
(-0.229179 -0.333808 0)
(-0.240404 -0.303397 0)
(-0.247064 -0.25839 0)
(-0.248581 -0.201322 0)
(-0.244331 -0.136799 0)
(-0.233726 -0.0763026 0)
(-0.222996 -0.0314012 0)
(-0.221833 0.00291252 0)
(-0.229184 0.04965 0)
(-0.230787 0.102861 0)
(-0.2204 0.148878 0)
(-0.188925 0.196485 0)
(-0.134798 0.226914 0)
(-0.0622218 0.201573 0)
(0.00866064 0.102635 0)
(0.0392001 -0.0347722 0)
(0.0157688 -0.116684 0)
(-0.194342 -0.341349 0)
(-0.211311 -0.335664 0)
(-0.230233 -0.319607 0)
(-0.248712 -0.291313 0)
(-0.263908 -0.250555 0)
(-0.27439 -0.198377 0)
(-0.279435 -0.138876 0)
(-0.280318 -0.0813388 0)
(-0.282712 -0.03205 0)
(-0.292532 0.0120842 0)
(-0.304851 0.0569852 0)
(-0.306637 0.0967749 0)
(-0.29385 0.130681 0)
(-0.264446 0.160814 0)
(-0.215482 0.173101 0)
(-0.151172 0.14242 0)
(-0.0902653 0.0598263 0)
(-0.0473218 -0.0524965 0)
(-0.0274198 -0.11793 0)
(-0.169088 -0.325169 0)
(-0.191684 -0.316717 0)
(-0.216129 -0.299755 0)
(-0.240719 -0.272553 0)
(-0.263092 -0.235144 0)
(-0.28137 -0.187225 0)
(-0.294768 -0.131902 0)
(-0.304491 -0.0756226 0)
(-0.314522 -0.0230726 0)
(-0.327709 0.0248213 0)
(-0.339451 0.0646957 0)
(-0.341037 0.0907056 0)
(-0.329117 0.112355 0)
(-0.304405 0.128188 0)
(-0.266869 0.129626 0)
(-0.218461 0.0930588 0)
(-0.164004 0.00651426 0)
(-0.107917 -0.113242 0)
(-0.0470201 -0.167517 0)
(-0.132735 -0.303561 0)
(-0.160218 -0.292965 0)
(-0.189172 -0.275204 0)
(-0.218183 -0.248712 0)
(-0.245733 -0.213744 0)
(-0.26962 -0.169624 0)
(-0.288862 -0.118385 0)
(-0.303638 -0.0645756 0)
(-0.315821 -0.0119706 0)
(-0.326814 0.0355932 0)
(-0.334182 0.0702089 0)
(-0.335663 0.0864922 0)
(-0.327171 0.0978646 0)
(-0.308474 0.102685 0)
(-0.277254 0.0946137 0)
(-0.23428 0.0481186 0)
(-0.182601 -0.0509752 0)
(-0.122762 -0.184596 0)
(-0.0531459 -0.238614 0)
(-0.0896809 -0.277553 0)
(-0.120699 -0.265508 0)
(-0.152711 -0.247306 0)
(-0.184377 -0.221589 0)
(-0.21475 -0.188467 0)
(-0.242023 -0.148112 0)
(-0.264397 -0.101355 0)
(-0.281482 -0.0515395 0)
(-0.293328 -0.00244971 0)
(-0.300297 0.0414548 0)
(-0.302201 0.0713104 0)
(-0.300499 0.0830018 0)
(-0.292385 0.0863136 0)
(-0.274448 0.0812663 0)
(-0.24282 0.0607245 0)
(-0.199539 0.00649261 0)
(-0.152506 -0.0955481 0)
(-0.106813 -0.240641 0)
(-0.0470838 -0.313537 0)
(-0.0440197 -0.248619 0)
(-0.0769635 -0.235754 0)
(-0.110443 -0.217555 0)
(-0.143188 -0.192862 0)
(-0.174144 -0.161731 0)
(-0.202393 -0.124629 0)
(-0.225957 -0.0826399 0)
(-0.243614 -0.0384097 0)
(-0.254703 0.00499235 0)
(-0.258487 0.0432553 0)
(-0.255881 0.0683357 0)
(-0.248913 0.0769835 0)
(-0.237006 0.0735552 0)
(-0.216594 0.0588233 0)
(-0.185593 0.0275037 0)
(-0.146916 -0.0314585 0)
(-0.10862 -0.13036 0)
(-0.0768269 -0.278661 0)
(-0.0310013 -0.375628 0)
(0.000802301 -0.218393 0)
(-0.0324405 -0.205171 0)
(-0.0658729 -0.187367 0)
(-0.0982896 -0.16401 0)
(-0.128571 -0.135091 0)
(-0.155679 -0.101346 0)
(-0.178464 -0.0642257 0)
(-0.195491 -0.0256612 0)
(-0.20557 0.0113297 0)
(-0.207746 0.0425051 0)
(-0.202814 0.062009 0)
(-0.192547 0.0668469 0)
(-0.177471 0.0580928 0)
(-0.156055 0.036074 0)
(-0.127606 -0.00232313 0)
(-0.0949915 -0.0637132 0)
(-0.0643854 -0.158082 0)
(-0.0438577 -0.300541 0)
(-0.0159264 -0.415728 0)
(0.0422038 -0.188418 0)
(0.0101225 -0.17514 0)
(-0.0219256 -0.15797 0)
(-0.0528348 -0.136172 0)
(-0.0814627 -0.109748 0)
(-0.106763 -0.0794687 0)
(-0.127662 -0.0468312 0)
(-0.143023 -0.0139699 0)
(-0.151824 0.0163474 0)
(-0.153312 0.040575 0)
(-0.147836 0.0543441 0)
(-0.136827 0.0547753 0)
(-0.121215 0.0415411 0)
(-0.100871 0.0144859 0)
(-0.0760593 -0.0280672 0)
(-0.0490254 -0.0900633 0)
(-0.0244429 -0.178815 0)
(-0.012647 -0.309194 0)
(-0.00373408 -0.434959 0)
(0.078491 -0.160022 0)
(0.0487755 -0.146827 0)
(0.0191639 -0.130392 0)
(-0.00930639 -0.110192 0)
(-0.0355421 -0.0863038 0)
(-0.0585406 -0.0595118 0)
(-0.0773088 -0.0312878 0)
(-0.0909032 -0.00372526 0)
(-0.0985066 0.0205903 0)
(-0.0996413 0.0385979 0)
(-0.0946208 0.0469182 0)
(-0.0845619 0.0430512 0)
(-0.0705279 0.0260974 0)
(-0.0531385 -0.00433524 0)
(-0.0331493 -0.0492386 0)
(-0.0124335 -0.110906 0)
(0.00554912 -0.193747 0)
(0.0116508 -0.30833 0)
(0.00761549 -0.435731 0)
(0.108728 -0.134224 0)
(0.0822481 -0.121113 0)
(0.0558404 -0.105399 0)
(0.0304582 -0.0867192 0)
(0.00713126 -0.0652186 0)
(-0.0132206 -0.0416902 0)
(-0.0297197 -0.017548 0)
(-0.0415957 0.00524312 0)
(-0.0482542 0.0243033 0)
(-0.0494369 0.0370004 0)
(-0.0454897 0.0406419 0)
(-0.0373768 0.0331132 0)
(-0.0262285 0.0133747 0)
(-0.0130598 -0.0190442 0)
(0.00100012 -0.0647642 0)
(0.0141352 -0.125108 0)
(0.0234439 -0.202576 0)
(0.0239676 -0.303355 0)
(0.0161169 -0.422968 0)
(0.132605 -0.11167 0)
(0.109862 -0.0985971 0)
(0.0871177 -0.0834993 0)
(0.0652222 -0.0661636 0)
(0.0451046 -0.0467963 0)
(0.0275754 -0.0261683 0)
(0.0133851 -0.00561073 0)
(0.00315062 0.0130631 0)
(-0.00274488 0.0277214 0)
(-0.00422524 0.0361051 0)
(-0.00167902 0.0360148 0)
(0.00400424 0.0257124 0)
(0.0116756 0.00423204 0)
(0.0201148 -0.0288459 0)
(0.0279279 -0.0738579 0)
(0.0331924 -0.131537 0)
(0.033489 -0.203656 0)
(0.0268996 -0.295488 0)
(0.0194798 -0.405482 0)
(0.150286 -0.0926414 0)
(0.131431 -0.0795653 0)
(0.112513 -0.06496 0)
(0.0942597 -0.0487381 0)
(0.0774643 -0.0311653 0)
(0.0628074 -0.0129899 0)
(0.0509022 0.00455634 0)
(0.0422169 0.0198414 0)
(0.0369792 0.030986 0)
(0.0351224 0.0360422 0)
(0.036209 0.0332027 0)
(0.0394057 0.0210694 0)
(0.0436034 -0.00115871 0)
(0.047542 -0.0337718 0)
(0.0497665 -0.0768496 0)
(0.0485176 -0.13079 0)
(0.0418075 -0.197561 0)
(0.0304773 -0.285686 0)
(0.021436 -0.385559 0)
(0.162255 -0.0771123 0)
(0.147159 -0.0640282 0)
(0.131974 -0.0498101 0)
(0.117298 -0.0344737 0)
(0.10377 -0.0183382 0)
(0.0919261 -0.00212929 0)
(0.0822361 0.0130208 0)
(0.0750271 0.0256601 0)
(0.0704058 0.0341431 0)
(0.0682116 0.0367993 0)
(0.0679768 0.0321325 0)
(0.0689242 0.0190253 0)
(0.0700371 -0.00313729 0)
(0.0701542 -0.0345134 0)
(0.0679881 -0.0750276 0)
(0.0621866 -0.124981 0)
(0.051269 -0.186989 0)
(0.0371034 -0.272944 0)
(0.0232651 -0.362406 0)
(0.169173 -0.0648465 0)
(0.157516 -0.051786 0)
(0.145786 -0.037884 0)
(0.134449 -0.0232366 0)
(0.123993 -0.00820633 0)
(0.114805 0.00650089 0)
(0.107214 0.0198501 0)
(0.101415 0.0305482 0)
(0.0974184 0.037155 0)
(0.0950022 0.0382389 0)
(0.0936919 0.0325534 0)
(0.0927719 0.0191999 0)
(0.0913447 -0.00228595 0)
(0.0884179 -0.031982 0)
(0.0829736 -0.0697944 0)
(0.0741025 -0.116097 0)
(0.0607447 -0.17385 0)
(0.0440201 -0.25566 0)
(0.0251621 -0.336118 0)
(0.171766 -0.0554876 0)
(0.163131 -0.0425079 0)
(0.154467 -0.028884 0)
(0.146121 -0.0147711 0)
(0.138439 -0.000562674 0)
(0.131674 0.0130569 0)
(0.126016 0.0251383 0)
(0.121552 0.0345229 0)
(0.118208 0.039944 0)
(0.115721 0.0401678 0)
(0.113623 0.0341455 0)
(0.111261 0.0211432 0)
(0.107853 0.000798158 0)
(0.102566 -0.0269464 0)
(0.0946019 -0.0620718 0)
(0.0833124 -0.105113 0)
(0.0679461 -0.159017 0)
(0.0493607 -0.234685 0)
(0.0280152 -0.306218 0)
(0.170746 -0.0486347 0)
(0.164687 -0.0358038 0)
(0.158659 -0.0224443 0)
(0.152904 -0.00875085 0)
(0.147646 0.00486436 0)
(0.14302 0.017743 0)
(0.1391 0.0290068 0)
(0.135877 0.0376087 0)
(0.133211 0.0424245 0)
(0.130808 0.0423795 0)
(0.128213 0.0365789 0)
(0.124832 0.0244109 0)
(0.119974 0.00557737 0)
(0.11293 -0.01999 0)
(0.103034 -0.0523736 0)
(0.0897463 -0.0922702 0)
(0.0725054 -0.142632 0)
(0.0531056 -0.212714 0)
(0.0308818 -0.272537 0)
(0.166764 -0.043893 0)
(0.162853 -0.0312773 0)
(0.159038 -0.0181821 0)
(0.155471 -0.00482521 0)
(0.152277 0.00837561 0)
(0.149492 0.0207888 0)
(0.147097 0.0315971 0)
(0.145007 0.0398438 0)
(0.143031 0.0445201 0)
(0.140853 0.0446768 0)
(0.138036 0.0395377 0)
(0.134033 0.0285808 0)
(0.128232 0.0115489 0)
(0.120016 -0.0116485 0)
(0.108814 -0.0411924 0)
(0.0941613 -0.0779347 0)
(0.075652 -0.125023 0)
(0.0555079 -0.190643 0)
(0.0319926 -0.236615 0)
(0.160393 -0.0409004 0)
(0.158245 -0.0285578 0)
(0.156256 -0.015733 0)
(0.1545 -0.0026534 0)
(0.153028 0.0102679 0)
(0.151797 0.0224268 0)
(0.150719 0.0330577 0)
(0.149649 0.0412783 0)
(0.14836 0.0461706 0)
(0.146527 0.0468838 0)
(0.143729 0.042732 0)
(0.139467 0.0332589 0)
(0.13319 0.0182322 0)
(0.124352 -0.00246713 0)
(0.112474 -0.029121 0)
(0.097162 -0.0627437 0)
(0.0781536 -0.106613 0)
(0.0570518 -0.167371 0)
(0.032291 -0.200238 0)
(0.152125 -0.039338 0)
(0.151406 -0.0273154 0)
(0.1509 -0.0147695 0)
(0.150624 -0.00192616 0)
(0.150569 0.0108137 0)
(0.150634 0.0228738 0)
(0.15068 0.0335328 0)
(0.150521 0.041968 0)
(0.149905 0.0473329 0)
(0.14851 0.0488519 0)
(0.145937 0.0459081 0)
(0.141727 0.0380949 0)
(0.13538 0.0251982 0)
(0.12639 0.00706994 0)
(0.114315 -0.0166705 0)
(0.0987872 -0.0472109 0)
(0.079825 -0.0880057 0)
(0.0586393 -0.14273 0)
(0.0333879 -0.163074 0)
(0.142378 -0.03893 0)
(0.142799 -0.0272646 0)
(0.143483 -0.0150078 0)
(0.144402 -0.0023751 0)
(0.145502 0.0102507 0)
(0.146641 0.0223211 0)
(0.147643 0.0331523 0)
(0.148295 0.0419692 0)
(0.148333 0.0479788 0)
(0.147444 0.0504612 0)
(0.14526 0.0488528 0)
(0.141365 0.0427889 0)
(0.1353 0.0320779 0)
(0.126579 0.0165636 0)
(0.114737 -0.00420684 0)
(0.0992647 -0.0316851 0)
(0.0807317 -0.0700443 0)
(0.0599168 -0.117091 0)
(0.0339517 -0.125189 0)
(0.131499 -0.0394384 0)
(0.132814 -0.0281606 0)
(0.134436 -0.0162067 0)
(0.13631 -0.00377342 0)
(0.138346 0.00877899 0)
(0.140375 0.0209302 0)
(0.142193 0.0320291 0)
(0.143566 0.0413359 0)
(0.14423 0.0480938 0)
(0.143891 0.0516209 0)
(0.142219 0.0513932 0)
(0.138846 0.0470835 0)
(0.133366 0.0385321 0)
(0.125327 0.0256065 0)
(0.114262 0.00783899 0)
(0.0993914 -0.0165055 0)
(0.0812842 -0.0526338 0)
(0.0598049 -0.0905276 0)
(0.0329425 -0.0876103 0)
(0.119775 -0.0406562 0)
(0.121767 -0.0297933 0)
(0.124114 -0.0181616 0)
(0.126738 -0.00593196 0)
(0.12953 0.0065635 0)
(0.132298 0.0188344 0)
(0.134816 0.0302584 0)
(0.136834 0.0401198 0)
(0.138087 0.0476796 0)
(0.138309 0.052274 0)
(0.137218 0.053406 0)
(0.134501 0.0507797 0)
(0.129811 0.0442712 0)
(0.122755 0.033797 0)
(0.112891 0.0189505 0)
(0.0992258 -0.00200324 0)
(0.0811765 -0.0343136 0)
(0.0573575 -0.0629725 0)
(0.0291643 -0.0518631 0)
(0.107434 -0.0423996 0)
(0.109913 -0.0319796 0)
(0.112795 -0.0206979 0)
(0.115998 -0.00869267 0)
(0.119395 0.00373907 0)
(0.122781 0.0161416 0)
(0.125905 0.0279203 0)
(0.128497 0.0383737 0)
(0.130291 0.0467581 0)
(0.131053 0.0524053 0)
(0.130552 0.0548356 0)
(0.128526 0.0537806 0)
(0.124676 0.0491547 0)
(0.118643 0.0409472 0)
(0.109953 0.0289002 0)
(0.0974929 0.0117365 0)
(0.0792215 -0.0140249 0)
(0.0526828 -0.0336816 0)
(0.0230474 -0.0195388 0)
(0.094659 -0.0445018 0)
(0.097449 -0.0345558 0)
(0.100698 -0.0236626 0)
(0.104324 -0.0119208 0)
(0.1082 0.000416882 0)
(0.112103 0.0129386 0)
(0.115759 0.0250822 0)
(0.118862 0.0361522 0)
(0.121138 0.0453714 0)
(0.122392 0.0520396 0)
(0.122447 0.0556952 0)
(0.121074 0.056105 0)
(0.117989 0.0532343 0)
(0.112805 0.0471921 0)
(0.104919 0.0379622 0)
(0.0931338 0.0250375 0)
(0.0748422 0.00757921 0)
(0.0480329 -0.00373013 0)
(0.020081 0.00830562 0)
(0.0815987 -0.0468075 0)
(0.0845338 -0.0373701 0)
(0.0879868 -0.0269152 0)
(0.0918925 -0.0154954 0)
(0.096127 -0.00330807 0)
(0.100464 0.0092948 0)
(0.104598 0.0217978 0)
(0.108163 0.0335092 0)
(0.110857 0.0435751 0)
(0.112545 0.0512225 0)
(0.11312 0.0560301 0)
(0.112359 0.0578255 0)
(0.10996 0.0566449 0)
(0.105469 0.0527847 0)
(0.0981334 0.0465257 0)
(0.0867248 0.0380747 0)
(0.0691196 0.0284687 0)
(0.0446508 0.0239769 0)
(0.0197203 0.0339912 0)
(0.0683823 -0.049169 0)
(0.0713003 -0.040276 0)
(0.0747947 -0.0303183 0)
(0.078828 -0.0192992 0)
(0.0833002 -0.0073491 0)
(0.0879947 0.00526381 0)
(0.0925731 0.0181023 0)
(0.0965731 0.0304922 0)
(0.0996321 0.041428 0)
(0.101715 0.0499894 0)
(0.102819 0.0558581 0)
(0.102706 0.0589655 0)
(0.101014 0.059443 0)
(0.0972069 0.057833 0)
(0.0904717 0.0546751 0)
(0.0796542 0.0506519 0)
(0.0633167 0.0473598 0)
(0.0416563 0.0482764 0)
(0.0195942 0.058692 0)
(0.0551363 -0.0514439 0)
(0.0578748 -0.0431257 0)
(0.0612365 -0.0337265 0)
(0.0652242 -0.0232046 0)
(0.0697876 -0.0116164 0)
(0.0747544 0.00088556 0)
(0.0797737 0.0140055 0)
(0.0842275 0.027142 0)
(0.0876298 0.0389982 0)
(0.0901098 0.0483474 0)
(0.0918402 0.0551331 0)
(0.0925063 0.0594576 0)
(0.0916365 0.0615898 0)
(0.0886304 0.0622588 0)
(0.0827281 0.0621838 0)
(0.0729182 0.0623242 0)
(0.0582297 0.0641901 0)
(0.0391246 0.0697813 0)
(0.0191737 0.0825253 0)
(0.0420003 -0.0534933 0)
(0.0443955 -0.0457615 0)
(0.047429 -0.0369702 0)
(0.0511541 -0.0270494 0)
(0.055604 -0.0159891 0)
(0.0607159 -0.00379691 0)
(0.0662009 0.00948235 0)
(0.0712097 0.023477 0)
(0.0750308 0.0363482 0)
(0.0779892 0.0462399 0)
(0.0805549 0.0537309 0)
(0.082202 0.0591677 0)
(0.0823342 0.0629451 0)
(0.0803619 0.065833 0)
(0.0756385 0.0686967 0)
(0.0673074 0.0726386 0)
(0.0545947 0.0789896 0)
(0.0378543 0.0891285 0)
(0.0191199 0.105575 0)
(0.0291422 -0.055174 0)
(0.031033 -0.047999 0)
(0.0335141 -0.0398272 0)
(0.0366898 -0.030592 0)
(0.040706 -0.0202581 0)
(0.0457081 -0.0087025 0)
(0.0516493 0.00439573 0)
(0.0574067 0.0192586 0)
(0.0620705 0.0331946 0)
(0.0657822 0.0432509 0)
(0.069571 0.0512897 0)
(0.072456 0.057822 0)
(0.0737847 0.0632391 0)
(0.0730754 0.0682542 0)
(0.0698456 0.0738278 0)
(0.0634415 0.0811872 0)
(0.0530921 0.0917455 0)
(0.0388128 0.106958 0)
(0.0204402 0.129701 0)
(0.0167957 -0.0562744 0)
(0.0180173 -0.0495542 0)
(0.0196932 -0.0419282 0)
(0.0219421 -0.0333771 0)
(0.0250023 -0.0239266 0)
(0.0292836 -0.0134691 0)
(0.0352769 -0.00142519 0)
(0.0417844 0.0134842 0)
(0.0491657 0.0280034 0)
(0.0544613 0.0380242 0)
(0.0600638 0.0469338 0)
(0.0643858 0.0548964 0)
(0.0669323 0.0621306 0)
(0.0674757 0.0692759 0)
(0.0657998 0.0773327 0)
(0.0615494 0.0876663 0)
(0.0540749 0.102096 0)
(0.0437251 0.123007 0)
(0.0247945 0.15195 0)
(0.00524785 -0.0570871 0)
(0.00567565 -0.0507197 0)
(0.00629705 -0.0434967 0)
(0.00718408 -0.0355169 0)
(0.0085235 -0.0270113 0)
(0.0107365 -0.0182792 0)
(0.0147398 -0.00914304 0)
(0.01986 0.0032271 0)
(0.0376996 0.0194317 0)
(0.0465381 0.0297856 0)
(0.0541793 0.0405884 0)
(0.059651 0.050592 0)
(0.0630123 0.0598986 0)
(0.0643342 0.069186 0)
(0.0636366 0.0795055 0)
(0.0608443 0.0923983 0)
(0.0556241 0.110549 0)
(0.048479 0.140408 0)
(0.0337438 0.202484 0)
)
;

boundaryField
{
    leftWall
    {
        type            fixedValue;
        value           uniform (0 0 0);
    }
    rightWall
    {
        type            fixedValue;
        value           uniform (0 0 0);
    }
    lowerWall
    {
        type            fixedValue;
        value           uniform (0 0 0);
    }
    atmosphere
    {
        type            pressureInletOutletVelocity;
        value           nonuniform List<vector> 
46
(
(0 -0.00828476 0)
(0 -0.00230264 0)
(0.0111615 0.00223535 0)
(0.0129006 0.00363214 0)
(0.0138309 0.00368513 0)
(0.0138353 0.00255317 0)
(0.0131137 -0.000675852 0)
(0 -0.00211355 0)
(0 -0.00556493 0)
(0 -0.00991093 0)
(0 -0.0149006 0)
(0 -0.0203444 0)
(0 -0.0260539 0)
(0 -0.0318732 0)
(0 -0.0376533 0)
(0 -0.0432412 0)
(0 -0.0484835 0)
(0 -0.0532286 0)
(0 -0.057333 0)
(0 -0.0606679 0)
(0 -0.063129 0)
(0 -0.0646468 0)
(0 -0.0651824 0)
(0 -0.0648076 0)
(0 -0.0640725 0)
(0 -0.0627699 0)
(0 -0.0609023 0)
(0 -0.0570025 0)
(0 -0.0506307 0)
(0 -0.0434111 0)
(0 -0.0354483 0)
(0 -0.0269894 0)
(0 -0.0184107 0)
(0 -0.00987107 0)
(0.01986 0.0032271 0)
(0.0376996 0.0194317 0)
(0.0465381 0.0297856 0)
(0.0541793 0.0405884 0)
(0.059651 0.050592 0)
(0.0630123 0.0598986 0)
(0.0643342 0.069186 0)
(0.0636366 0.0795055 0)
(0.0608443 0.0923983 0)
(0.0556241 0.110549 0)
(0.048479 0.140408 0)
(0.0337438 0.202484 0)
)
;
    }
    defaultFaces
    {
        type            empty;
    }
}


// ************************************************************************* //
